Tlcd1 6.28527974713714 0.623775499924021 0.66461818028208
Aldh1a1 5.94055285589014 0.446421629307674 0.425994057009978
Ntsr2 5.86802881558179 0.632826423822392 0.522913846452749
Itih3 5.82839413069124 0.294583629177565 0.204245685978662
Ttpa 5.73354182676469 0.730348641978794 0.638435411388736
Wif1 5.73092658078255 0.744173068475494 0.0818304253964671
Sox2 5.68833374594104 0.273900769264304 0.110967832165831
Gdf10 5.6377563307857 0.437088227138439 -0.0820101064062651
S100b 5.53319229862558 0.125168866208533 0.269074096618736
Elovl2 5.46545684266391 0.678540407481565 0.683881291172482
Gpm6b 5.36023742528712 0.0708368859632763 0.102951954511617
Efhd1 5.30284710754043 0.146660181161908 -0.258845413868987
Mgst1 5.30197053031875 0.516588408844091 0.347896761099334
Fxyd1 5.29134650124048 0.744658482987435 0.721578345430832
Tril 5.21766613597251 0.379259040773424 0.101951439075333
Cldn10 5.16787810724605 0.713391364179311 0.707308404626604
Gria1 5.16426837962761 -0.0138927212782183 -0.0459892483065755
Gjb6 5.14871534334072 0.618870079892376 0.549125781779557
Fabp7 5.11168974012578 0.243136658685088 0.0180069034509017
Vim 5.05214109451518 0.293498526785746 -0.0508450771637311
Aqp4 5.01790574854422 0.326966304354931 0.0738927601728026
Cyp2j9 4.99926305664144 0.436754711354439 0.454806509013289
Slc14a1 4.96627197790385 0.682857531305849 0.533007467600396
Cxcl14 4.9008020239853 0.606351548418943 0.427800044441641
Mal 4.88643899447944 0.0208631914884627 0.425490143420315
Gnb4 4.88290588097926 0.372164137302687 0.145236473875852
Cdc42ep4 4.85690571310272 0.576505336046319 0.541910789469113
Mlc1 4.84982131253639 0.45040208232114 0.369538108048318
Cebpd 4.80684582313557 0.534584990517661 0.475426197559389
Fam227b 4.80574304593233 0.724321748122542 0.67424428789086
Plekhb1 4.78877905002625 0.028869363223553 0.40138544730473
Pdlim4 4.78100110263629 0.69615824639587 0.651557242037281
Dao 4.77438349367355 0.705118005535414 0.630598258775523
Mt2 4.75525127029569 0.342619647127238 0.376676538810727
Lxn 4.74770767644332 0.507157268605023 0.526251126487406
Hk2 4.72960303003577 0.634994693722 0.173752438399486
Tnfaip8 4.70790978115194 0.629974086090745 0.48639312322354
Atp1a2 4.69760992737221 0.253875945078904 -0.14734233266709
Timp4 4.6847901683472 0.22932440420489 0.0947741948562905
Hsd11b1 4.67324524058816 0.583154127320187 0.726553962524159
Cacng5 4.57360347077751 0.456606378317284 0.0539897129600173
Id4 4.56877547455831 0.365702728989507 0.129781890020176
Gramd3 4.56704775422917 0.512933118965934 0.282452694379726
Acsbg1 4.55270314047611 0.575114175475449 0.166632387354656
Pltp 4.55104990556127 0.519405558450086 0.505602083307555
F3 4.54705703009929 0.478670077509954 0.337666420279338
Efs 4.54300456448184 0.392396853840531 0.024002910978486
Fgfr3 4.5310925570587 0.621564108086728 0.562788074849232
Plp1 4.52406319957182 -0.0481123371270179 0.316756780743656
Pla2g16 4.48145509420359 0.170862263068896 -0.113471375025412
Gpr37l1 4.47501885054343 0.232900801311098 0.270757827654679
Baalc 4.47141076013641 0.724325794790559 0.689573700482184
Cdc42ep1 4.44132930047555 0.420325702703658 0.418231326259958
Scrg1 4.43181159323707 0.321719952103182 -0.0844256837012418
Pmp22 4.4180025573097 0.239615230243579 0.135672786025281
Gas1 4.40053713323475 0.40719023346683 0.0410401554508754
Slc1a3 4.39608784432774 0.34495128566472 -0.151898197155048
Tmem30b 4.38648413954175 0.612356180049973 0.502989629874216
Aard 4.36730680698261 0.615833027383162 0.602587158003758
Cryab 4.36673837733132 -0.0640045264128622 0.421522517237162
Lcat 4.36289299740802 0.622646875048585 0.227157662223422
Gja1 4.34528988808877 0.126569391685866 -0.172594279496318
Rab34 4.34463663692813 0.500079697724691 0.469777521852722
Spag5 4.34091443268446 -0.160045407277206 -0.274101211683306
A2m 4.32568948610084 0.639192470165351 0.420151569809577
Sash1 4.31992887725021 0.267046866554212 0.317928948648392
Clic4 4.31678201227615 0.0516997023928711 -0.179700477154923
Kcnj10 4.29491150004452 -0.0364698423387876 -0.164750208969125
S100a11 4.28755377161011 0.749465862012984 0.764504408192204
Emp2 4.27255553698868 0.743841362492567 0.678656116652737
S100a6 4.26813035684194 0.280437543060736 -0.113710986072719
Metrn 4.2635595818906 0.500860545083002 0.487189505898923
Gstm1 4.25771543733669 0.376088916672634 0.271356400869033
Cd70 4.24708466050035 0.77001173447062 0.678650957003347
Mbp 4.21256428311738 -0.11683325675994 0.192541646882338
Pla2g7 4.1972430625744 0.427374407890332 0.16498387106143
Gabrb1 4.17790480792089 0.45683367295208 0.139492352292403
Casp12 4.17455709339227 0.77257856204484 0.502722893904409
Mmd2 4.1202926113908 0.226353703500908 0.0109472458434513
Apoe 4.11993935460441 0.235988628951358 0.0771392243404767
Hist1h2bc 4.08867885334156 0.187423252690655 0.403609528146015
Wwtr1 4.06650189700196 0.292009227720792 0.356880425463925
Npy 4.06151951595974 0.691832617447754 0.66714107386381
Sdc4 4.0611851381527 0.651679149569893 0.544770355967702
Evi2a 4.05252987558159 0.0809084619060269 0.187660996671594
Hpgd 4.04813543273372 0.617603324561276 0.715150768659891
Ramp2 4.03776424835844 0.673845774967135 0.437712094154284
Mpp6 4.03537019900484 0.461821032083417 0.476325940854646
Cbln1 4.02049828750003 0.109966734518028 0.187601070118043
Plce1 4.01119256014212 0.620358382834506 0.517733557924186
Itgb5 4.00577435382734 0.474754609622815 0.584457366218955
Plpp3 4.00466591242785 0.191089239310058 -0.174557832098637
Mdk 3.98931765321247 0.642860750286105 0.585008058856708
0610040J01Rik 3.97715757321903 0.552769655626643 0.317905413449888
Dio2 3.97603033465493 0.434229079655791 0.310311883802774
Hopx 3.9714310973322 0.286580648469733 0.506578797423852
Fam181b 3.97117253804889 0.67037358417908 0.502487408286491
S100a10 3.95834490400405 0.436427016852853 0.209423982084776
Hist1h4i 3.95347212701835 0.644815268052875 0.639352136095323
Rdh5 3.94798139247562 0.709890179371354 0.548517002895758
Slc7a10 3.92441184559822 0.668410503477325 0.640367325623258
Ucp2 3.91423068554336 0.765879330853848 0.76122467656052
Car10 3.90775961007783 0.446286133786916 -0.106900778001186
Rnd2 3.9012937187122 0.347928550489076 -0.0174038498213781
Rhoj 3.89587662892806 0.543229393819607 0.308722631044555
Cables1 3.88864455632695 0.642823494985896 0.115836321878105
Sept8 3.87347162746897 0.281734460377424 0.273357768959353
Bcar3 3.8692506212288 0.723754560577798 0.708731683358309
Acadl 3.86762810032922 0.380280688152926 0.579768589534707
Rhpn2 3.86676110400653 0.215940946553196 -0.0875400003269683
Ramp1 3.85452196285816 0.386914859774775 0.0797064755753212
Fmod 3.84507019683553 0.465639867837763 0.447083857519993
Eva1a 3.84285618851288 0.657679778925866 0.149758307703205
Ppp1r14a 3.8388844710894 0.0340783792888687 0.457677119549892
Ppp1r3c 3.83672393480567 0.515606392547649 0.428678603232649
Ntrk2 3.81808016073759 0.464901833606423 0.337376958611577
Zfyve21 3.80727908681969 0.286549996806411 -0.00514983190033508
Thbs3 3.79817750988071 0.328044041529919 -0.188770455082922
Gstk1 3.79778495414312 0.273795817437047 0.24799212410983
Scara3 3.78273859319417 0.667439164291154 0.435458697631131
Abi3bp 3.77813497319299 0.66192812920238 0.257350023477105
Cnn3 3.77492064803848 0.148621263497184 0.447396408824474
Pxmp2 3.76910781364779 0.674032847520563 0.720935426041297
Ttyh1 3.7413764308353 0.159344932588881 -0.0103933613803764
Rida 3.73830914897364 0.515221990889433 0.494442776595562
Htra1 3.73149796401595 -0.197685545648713 -0.41462319568374
Vegfc 3.72344390441651 0.749528259656204 0.713968423778805
Fkbp9 3.72005572806786 0.209607418680391 -0.239849789418778
Plscr1 3.71170033895011 0.772336036757479 0.774334014378901
Cyp2d22 3.68283140232132 0.675692472183233 0.674689349214926
Trip6 3.6823425611643 0.572490088905995 0.531272537946359
Smpdl3a 3.67648219618921 0.522944895596012 0.471858914427304
Lgi4 3.65746351569319 0.664029035516299 0.405365295409611
Rhoc 3.65484941315127 0.326905976658482 0.199799147581397
Chil1 3.64604287806346 0.759470273192834 0.767488686108998
Tesk2 3.6434126703942 0.364039182545745 0.262092771174724
Myl9 3.63648598904048 0.751196377930354 0.742100865681193
Aldh1l1 3.62470037660636 0.467285925558379 0.0348511919411654
Cd9 3.62308194268834 0.0423773006091768 -0.151540008634949
Serpine2 3.6208248746392 0.0785461677667466 -0.0794156246783246
Mfge8 3.61084364816541 0.461971339662926 0.243002673297646
Mob3b 3.59565839864095 0.680952487231399 0.566884669879636
Dock1 3.59350964612931 0.297094798609456 0.504849685300221
Sparcl1 3.58713154931444 0.305415297611765 0.069039645229337
Lrig1 3.58098736652985 0.424649471176191 0.327377654510841
Jam2 3.57132946887727 0.493287142874074 0.512053505050752
Ptgds 3.57055086261709 0.000754960004658552 0.282594829002004
Gabra6 3.55795147135505 0.163075599271349 0.267062064244014
Gstt1 3.55370227021129 0.527723122247458 0.26746202671913
S100a1 3.55045894510901 0.270222196404431 -0.187794279859085
Prkd3 3.54784427867683 0.157204177872014 -0.202732027373347
Slc13a3 3.54591890622581 0.431193565206961 0.389659994803042
Fbln5 3.54492648751383 0.777203710218193 0.639657454997594
Msx2 3.53665171692073 0.855957848033401 0.782850915712753
Fam81a 3.53356974103581 0.57220225041889 0.447109260828769
Cyp4v3 3.52865003655908 0.402644385625653 0.368432301392321
Igdcc4 3.51921669463428 0.471478775833323 0.426661953889115
Asrgl1 3.51788481179296 0.118308025130814 -0.0300420344221084
Sox6 3.5114547398213 0.403643550422159 -0.0286812330069248
Gabrg1 3.50383329954898 0.492994625276829 0.35002958136896
Cd151 3.49747507512051 0.605046084514327 0.544855391208663
Gpx8 3.49119275342058 0.50879705831275 0.147952510613818
Rras 3.48961007644022 0.523136418245497 0.383733549770654
2810459M11Rik 3.48104862197812 0.592737238071391 0.268465234841176
Marcksl1 3.47481302899209 -0.0946058420878908 -0.204787077460577
Soat1 3.47030288251865 0.588624931305659 0.682447554628486
Htra3 3.45220205966836 0.572402713404817 0.384499285832843
Olig1 3.44738600038053 -0.157159792095152 0.360876836559569
Prrx1 3.44600951893157 0.557090777004069 0.237760985475428
Tmem47 3.44194854821013 0.327917122970794 0.206604446505948
Btbd17 3.43529573757016 0.740562727688708 0.737849904306466
Ptgr1 3.42760540056956 0.66558293750549 0.648579783921878
Tcf7l1 3.4219164571239 0.592564273689152 0.428245902095178
Vcam1 3.41670652252816 0.39351892309386 0.0890464937940031
Ifitm2 3.41547473018812 0.69872843949442 0.657332364485495
Cmtm3 3.41390414066665 0.621838347230973 0.336712470462991
Cnn2 3.41198628080155 0.637329403878486 0.498730111052402
Csgalnact1 3.4086022901262 0.454431363862666 0.304170880659998
Glul 3.40561988815613 -0.0205953924362466 -0.217656884700932
Scd1 3.40085210885773 0.148466200700621 -0.235859313517761
Trib2 3.39452896910155 0.446118775119324 0.114257865732218
Zfp36l1 3.374252275062 0.282548342481678 0.119760937323609
Ndp 3.37231996915398 0.488724486687337 0.363900484403905
Cklf 3.37167409578695 0.375786386171013 0.118481002947494
Chpt1 3.36808115049488 0.361102301693946 0.102730251165805
Dbi 3.3673309588456 0.0363093959642372 -0.162923657884077
S100a16 3.35663623341162 0.127391864564584 -0.181860771735854
Cbr3 3.35405398830367 0.442581624649571 -0.00489492056680712
1190005I06Rik|Gm27021 3.34837252145285 0.320726547274941 -0.0232267263279246
Ccdc80 3.34451944013892 0.692619331620281 0.680122441723396
Atp1b2 3.33999686468491 0.494982146621868 0.634468228217474
Klhl5 3.33921899864004 0.257869749569218 -0.241655765065275
Gldc 3.33443709254965 0.296487374713759 0.136597981264491
Gpd1 3.32965329317896 0.399778918962236 0.473095062674059
Nfe2l2 3.32765895186499 0.253918455167621 0.318220339427544
Selenop 3.32396038896015 0.0986763278098704 0.21849934918025
Irx3 3.3230029570973 0.603206656037041 0.420025143306013
Pdk4 3.29339337178388 0.340770670300548 -0.108767055400862
Kcne1l 3.26724200903806 0.894178935258599 0.871712879645042
Sncaip 3.25971705512104 0.697582462948541 0.630192676891333
Irx5 3.25379062999941 0.64474011858225 0.496465632786603
Col9a3 3.22623649805489 0.169205601202541 -0.0809467593043464
Rftn2 3.18572586476334 0.385712965815697 0.127020377506274
Antxr1 3.1793057547106 0.423611805423297 0.150033347269202
Calml4 3.16582755639402 0.679093730803554 0.529588135562503
Selenbp1|Selenbp2 3.13937573160053 0.205282485597363 -0.0721274519284182
Nov 3.13718988741338 0.477102319769889 0.186332126095607
A630072M18Rik 3.06838590131522 0.554225479035638 0.364756282260154
Tmprss3 3.04620423262162 0.77079859153911 0.751858361165149
Pth1r 3.01174764633684 0.690011234197339 0.417573486257508
Eps15 3.00671698605128 0.385915757424759 0.0549792540084239
Rgl1 2.99214438732175 0.625797205346411 0.156050757263462
Gjc1 2.98234539487233 0.478439579277351 0.0609351728639503
Cyp4f14 2.94553657434396 0.65324881083435 0.641442456275545
Tom1l1 2.77272387492823 0.760653658174245 0.764934773870023
Axl 2.76031306752622 0.708877534982524 0.644042941179095
Gucy1a3 2.65890097681651 0.301272711732199 -0.200912217047174
Tnfrsf19 2.63572193232106 0.494161781978273 0.190718081251947
Evc 2.52252876575431 0.81647108648708 0.738057507627309
Irx2 2.50664636378779 0.735363521498023 0.646530589104223
Gpr137b|Gpr137b-ps 2.50029366517339 0.36667931402379 0.227191054083128
Nt5dc2 2.45332010687629 0.322780075954055 0.155245563169095
Nedd9 2.4285315572797 0.64692843338027 0.548067997409122
Gstt2 2.41393409505384 0.692355323494317 0.661947216220966
Gli1 2.38271336095885 0.706775130681773 0.674543366161811
Mdfic 2.37585717979215 0.388236670699607 -0.0180388418143424
Rai14 2.32293276278253 0.692701028854096 0.59762333874709
Sox21 2.26884134377094 0.502681706139628 0.121629508141774
