Gabra6 5.78309901765645 0.407580247856287 0.487187656967854
Cbln1 5.03595239754536 0.246692036083117 0.31256096967226
Cbln3 5.02264735558064 0.6341043602115 0.59486658461105
Crtam 4.85675884756527 0.635283539920212 0.650667428494574
Tesc 4.71073113407491 0.619667112321391 0.597882033398528
Patj 4.66114912537425 0.57240335990514 0.504905297432875
Uncx 4.66103270468504 0.74507709832591 0.722051566855331
Calb2 4.36223326722212 0.641513882936437 0.623076472737238
Cadps2 4.35543914720852 0.457043684323548 0.479593360885653
Rbfox3 4.3494027069607 0.485234905834976 0.439477057364568
Chn2 4.2155688753755 0.286628184208028 0.494135118445013
Car4 4.15027704745643 0.555040837067258 0.437376179173666
Irx3 4.04832555356791 0.662444840834388 0.420025143306013
Tmem163 3.9726449639369 0.191426726239997 -0.181043823748388
Car10 3.97075105458396 0.453980573791342 -0.106900778001186
Neurod1 3.91578768735063 0.282352935210435 0.490062735257137
Ak4 3.88185178214636 0.543744023758839 0.560541081446871
Wnt7a 3.82410097369374 0.619834460699127 0.514378069240191
Mapk12 3.80221027436314 0.647507251552465 0.590677529488151
Eomes 3.77852298392319 0.743555232469101 0.72153814073995
Arpp21 3.63553262997019 0.482272212060232 0.382679356831242
Fam131b 3.6326107996349 0.346972194977852 0.587321750130369
Tiam1 3.60508442481672 0.476967136676565 0.667106089758928
Dleu2 3.59181283150038 0.598142397351903 0.654530449693988
Gabrd 3.57383673454068 0.502005563025237 0.404571238773017
Il16 3.56215805216418 0.7018027928421 0.787128878296533
Shf 3.5354679191338 0.743576802467473 0.733862578451049
Rps6ka1 3.53267521101669 0.68497385013779 0.677028490549209
Gap43 3.53117584760244 0.172976116583185 0.253313595877525
Trim62 3.51865245707573 0.503424973943887 0.535026725871649
Olfm3 3.51473075885377 0.319137246343155 0.530271997125303
Pcbp4 3.46782851401849 0.159837515332991 -0.091359278492007
Neurod2 3.42725678610966 0.50371807137744 0.616561964924015
Pax6 3.40541897603571 0.633618587553021 0.598584867132417
Rnf112 3.39737135670148 0.570736470815555 0.523682961947101
Otx2 3.37241118195118 0.718718931341277 0.681743545767397
Tmem51 3.35725884234446 0.577785412381993 0.47926389392616
Stard4 3.35096460397007 0.531238315251501 0.644771310413059
Sptssb 3.19135830470587 0.64765571198481 0.588840416084852
Tbata 2.90611077799612 0.841097810055698 0.842756567577786
Fzd7 2.83036875295724 0.530434891802346 0.388676736071569
Boc 2.65643898066996 0.620206545810938 0.593326627922494
Ccne2 2.52120036552471 0.0502338181318693 -0.224075932931532
Clec10a 2.3799436097456 0.737524179475319 0.738053425505972
