Mal 6.95924803471039 0.64659983325595 0.71388167306103
Mog 6.65441670053533 0.735064328590743 0.717531831099282
Ppp1r14a 6.49875093722621 0.695620618359359 0.679103470722013
Olig1 6.38179843788724 0.642217542191608 0.715065444526552
Gsn 6.26739606553728 0.661590380792364 0.659491460500185
Ugt8a 6.19986676055504 0.48639764024866 0.657788872249588
Plp1 6.15547098040996 0.562349867466981 0.636747998867449
Mobp 6.03492961610757 0.728368272630596 0.489535435210204
Tspan2 5.96862239755993 0.501588456822755 0.78885070295456
Cldn11 5.93606627558467 0.613628706070924 0.549769729001132
Gpr37 5.71553122257741 0.751690163159528 0.653240245236724
Olig2 5.45280654997903 0.839303023501185 0.789112171232504
Plekhb1 5.37117900296875 0.591131861605454 0.40138544730473
Mbp 5.32696600520713 0.473765924992735 0.583674853328421
Aspa 5.3021142294806 0.778030198267877 0.632392632497605
Cryab 5.19496733164693 0.4910728535993 0.608099085872201
Ndrg1 5.14254155277947 0.594188490905544 0.624992605585089
Evi2a 5.11900990245406 0.632976084765769 0.187660996671594
Efhd1 5.1084084991676 0.594689683054685 -0.258845413868987
Ptgds 5.04748157038427 0.470582802344981 0.282594829002004
Anln 5.0409926345037 0.760545731085688 0.383400870869527
Apod 4.88195050027441 0.5642681892742 0.412008346143383
Pou3f1 4.74122131389227 0.811992925686278 0.788522457061667
Ddc 4.73615895183553 0.822216737190562 0.806453072853646
Gatm 4.72716888845906 0.643171068805255 0.51226724074895
Trf 4.71209557010282 0.497487635038182 -0.146496361946024
Grb14 4.65471306104662 0.686126357126187 0.809016372403026
Pdlim2 4.58683181229592 0.732683663954942 0.469883450520244
Fa2h 4.57080776447023 0.778795649282072 0.670578709611706
Pla2g16 4.52009498750071 0.627187284154452 -0.113471375025412
Pllp 4.48704398465466 0.739185347801047 0.691234303638382
Carhsp1 4.44820001730733 0.716345124319933 0.554031606461511
S1pr5 4.44249828599492 0.620703881006516 0.564701225452318
Gpm6b 4.37078679663889 0.361078399476887 0.20489590300714
Il33 4.34119672581419 0.636908531612922 0.207112173938173
Tmeff1 4.33404633798303 0.640260549288014 0.573428838657809
S100b 4.30307539241151 0.293440831452257 0.155086243048655
Tmbim1 4.23122775690219 0.566636516424335 0.310626778069158
Lpar1 4.21928963300788 0.626155852480768 0.500546414012147
Sox10 4.20616636238267 0.834970967115112 0.817054207945665
Trim59 4.1861580898247 0.790819753876289 0.764944193090504
Enpp2 4.17818803916912 0.603489541923938 0.503682679635438
Mag 4.17366758080959 0.691396824924613 0.542558566979673
Nkx2-2 4.14009457682184 0.615900281606341 -0.0720864213665357
Slc44a1 4.13761289839627 0.783380578749483 0.70630278571389
Tmem98 4.11312211175768 0.75516368103639 0.61406392411001
Gamt 4.09873571387273 0.789351555600763 0.5894982155279
Clic4 4.09461001627778 0.459942789359872 -0.179700477154923
Tgfa 4.08927983722924 0.688753852144825 0.0824201206490005
Slain1 4.08050650247513 0.617335540402265 0.738760466789899
Kcnj10 4.0367704908783 0.392149768755111 0.0041364419952998
Elovl1 4.02682555097829 0.590123962074808 0.0118106273829604
Rhog 3.98479705820638 0.685142940336052 -0.189479048855305
Gab1 3.9708732945781 0.663355432821818 -0.086514231810135
Adamts4 3.91118914389627 0.0951682919232113 0.11065017000067
Cd9 3.90569778241414 0.473894916510992 -0.151540008634949
Glul 3.88635646616854 0.435907925421946 -0.217656884700932
Psat1 3.85738930856403 0.614113794226913 0.399899485894697
Tmeff2 3.85396293542381 0.443271998520607 0.683153871439581
Foxg1 3.84290920442194 0.733513938025622 0.193382998271421
Marcksl1 3.82726942917279 0.311214729362834 -0.224895353142164
Pcolce2 3.81481198009101 0.639724431649921 0.167644547515395
Sox2 3.80457221620283 0.278889779900311 0.0845051101896481
Wipf1 3.78527574162179 0.667292075047968 -0.181095797791928
Nkx6-2 3.76565054959952 0.61429871503197 0.524480949324604
Lims2 3.74293388803452 0.735738952124776 0.512894247782151
Ptprd 3.73149503213029 0.536321901626887 0.260389896262435
Efnb3 3.70758261469141 0.672225207738871 0.556053671940238
Etv1 3.68578074823868 0.507876141089896 -0.153394672035909
Car2 3.68414550112069 0.528816670271803 0.480825627991323
Cers2 3.66971764051508 0.656688273840303 0.0492357204114931
Efs 3.66567689543841 0.510297495075568 0.024002910978486
Gltp 3.66416968391003 0.644785951074783 0.2540964485057
Zeb2 3.63900374659539 0.432063748949946 -0.186718829468306
Pdgfra 3.63389275172144 0.525620645027309 -0.0231857869964466
Elovl7 3.63206978638706 0.71786614740518 0.648631825059398
Gal3st1 3.62272352580167 0.677426789660749 0.225691667821542
Sh3gl3 3.61095280080334 0.494781391146033 0.410502435376868
Gng11 3.59022558382822 0.641590143468553 -0.225136462450535
Serpinb1a 3.56738951161309 0.60142700138891 0.0613569874650419
Plekhh1 3.52975531183144 0.744198927341589 0.419928634809981
S100a16 3.52927114524977 0.562565219003329 -0.181860771735854
Stxbp3 3.51356008236497 0.572250837512754 -0.0786038972422047
Jam3 3.50398286304148 0.790201712434636 0.609385889775215
Rapgef3 3.4813824329651 0.565640625508325 0.408911067741076
Tmem163 3.46952215787182 0.553476733487063 -0.181043823748388
Josd2 3.46389212261971 0.553203667842841 0.121257555163269
Cd82 3.45889223391323 0.722288297712503 -0.213453013615784
Ninj2 3.41025122421754 0.752070109961643 0.485167062391909
Kctd4 3.40745653363273 0.859573845806646 0.797840168668741
Litaf 3.4027124757761 0.668736813079375 0.238697397960746
Pmp22 3.39033481999288 0.431233823625223 0.135672786025281
S100a1 3.37284216093847 0.55794991881667 -0.187794279859085
Slc12a2 3.37021235894571 0.572545507086359 -0.199936358152832
Tnfaip6 3.36387762343286 0.737565715788583 0.207038667799616
Gnb4 3.36043731767641 0.401231921255082 0.145236473875852
Vamp3 3.34877735551517 0.584012820005526 -0.203024250460749
Gstm7 3.34415958159354 0.461790857822073 0.273189366226177
Hapln2 3.33602798248272 0.697265115528585 0.285009749316818
Arhgef10 3.33354840665997 0.632007714236772 -0.182166316682794
Sspn 3.31510964649931 0.58985028552058 -0.345088454396183
Tyro3 3.23074931276914 0.540205077197931 -0.0589505666959983
D16Ertd472e 3.06701075195163 0.582384694925501 0.516882720066611
Limd1 3.04110431078492 0.638082064679271 -0.183579438322229
Klk6 2.97585597055071 0.60255843271788 0.265018403397971
Pex5l 2.94044115161823 0.660604108708142 0.204866289212765
Gjb1 2.90946430034473 0.719352219905404 0.346303835033145
Il1rap 2.88338504173165 0.797467394795564 0.521420306435439
Kazn 2.865496830354 0.514852747740629 0.163897219575514
Fbxo32 2.72893171536838 0.752032772021926 0.187263581241476
Pdgfc 2.69750419510295 0.600637899087946 0.0768206771132194
Gjc3 2.65920943793428 0.643671195245321 -0.0523409873481358
Ifit2 2.654535389512 0.571077581063993 -0.0666229731587013
Gpsm2 2.57888609649743 0.682708703789535 0.253454165280181
Ick 2.55132023752899 0.731069728282658 0.538746294372201
Stk39 2.5288701383911 0.305397930933631 0.0323679829825595
Dock5 2.36622620319495 0.589989586083618 0.364692176737702
Rab40b 2.2519923522824 0.348535725291385 -0.12943627264207
