Astrocyte	Microglia	Microglia_activation	Microglia_deactivation	Noradrenergic	Oligo
209378	110956	18035	70839	12311	21952
225998	12655	57444	69922	93843	67801
75541	27056	17210	72560	17957	66066
12406	192232	547253	16792	20974	17196
12444	14594	20491	246177	59093	71529
20682	14270	12259	17305	140723	69993
21859	74048	17534	15170	12484	56363
27360	170791	14130	68964	19417	14618
23972	26377	19766	76088	69908	74559
107747	15439	12524	30955	12554	14912
76187	107769	18787	64099	75745	70747
67896	58805	19073	54445	14528	17433
13998	105348	20308	50934	18549	17988
104174	12514	16172	14991	17755	14745
52538	18826	17970	17110	68567	20665
102644	23849	171531	230787	23964	66949
17304	12010	11796	56708	17263	17153
98660	329154	21928	14960	235281	68743
12759	54396	12260	16819	64242	227753
30956	15163	18037	70031	23969	11484
11541	18707	69774	21812	94332	192657
210126	67448	20321	16155	20194	53897
13175	63986	12774	53945	15569	240913
14184	80281	16978	12489	13723	67516
53896	64209	80859	224860	20450	105439
20511	16197	67742	17952	14706	103743
58807	233186	73690	12978	53886	72287
14813	15277	16176	11629	57740	22239
70097	17084	16193	66824	21823	338521
72014	16477	12394	69178	12653	50915
16007	17001	56706	14998	11928	227580
104776	20375	21354	19141	100503659	29862
53412	94094	12702	21898	11440	18417
107869	22177	12522	13051	16511	17441
14633	14961	15216	15985	108013	19215
29820	100182	22228	23871	20538	211945
18508	230257	70110	216445	17161	100434
18760	14159	26410	102545	14432	13643
22601	26943	73656	74039	229706	73940
26362	140497	20310	13713	103768	66124
14314	18591	19354	16154	13166	17136
18994	19079	72512	19735	114886	19337
19206	11906	80285	67865	72269	18991
21808	58809	22324	227929	12564	11815
16779	14129	12508	27060	26949	68458
13618	14537	66102	114249	20257	18088
56448	16164	74734	99543	20965	11565
97064	21788	15894	17476	56526	213019
54403	16414	56193	171207	170571	20408
16011	17258	17969	80877	56808	50913
20971	23880	16822	19253	66797	16979
13649	70719	20963	11576	13829	27219
56741	58861	65972	239217	65255	225341
13371	60504	65221	11727	16728	94226
55963	27355	23921	16988	20927	
229534	15936	74760	52855	12310	
27494	21391	24014	74096	78593	
56188	12262	16190	54613	80883	
14230	17948	17874	107373	246048	
20512	20305	14127	54486	20983	
12950	11690	22019	217333	19240	
108052	17096	13654	98365	14419	
14114	17886	14131	56644	20452	
192216	13036	15945	223433	13483	
76257	216991	67547	20202	22152	
20678	16768	24088	15212	14783	
81879	21803	21847	16970	14226	
11829	64138	14605	16331	14867	
74519	234779	170743	15242	56523	
68385	17951	20293	12335	75352	
58187	50498	21899	21810	11516	
13123	11656	20732	107321	229722	
22329	14824	22695	20201	100303646	
83925	23845	17972	17684	110876	
15483	108101	16145	231633	19662	
13004	229499	16175	12506	12294	
19125	106512	15937	14247	18082	
12411	110006	12608	218203	22342	
13731	219140	108829	16170	60597	
22350	171285	208104	12796	57775	
66873	12628	21817	16658	69574	
57738	67477	80910	13593	545192	
12830	227612	20303	12229	65254	
16870	76681	12363	20345	17758	
14221	16194	207818	233328	12652	
56473	56744	75234	192193	20908	
18128	16598	68774	217303	226180	
19038	15939	15162	16952	67451	
234356	20469	99100	16912	18481	
243914	13040	671535	19731	67295	
57265	226594	56437	16909	20618	
12494	54199	20128	54153	12933	
18682	12267	15284	14282	319317	
54326	17921	18793	21815	23934	
16816	269823	12984	72691	170677	
14623	74131	21926	83433	18548	
16206	19264	13025	11555	20254	
19283	224109	58801	18054	110058	
50500	227696	20296	213002	104886	
12505	20852	14595	17060	18616	
57319	13732	12475	56485	27220	
68607	100127111	67951	268903	17116	
18596	216869	18626	11513	13056	
20255	18173	55942	22320	11859	
81840	17533	233571	104759	11423	
110078	11745	19332	18753	80334	
98396	12493		56857	14077	
22339	225027		17002	14778	
232146	21813		22379	380684	
14560	107350		231931	19275	
14405	16859		15900	13386	
116847	192654		68487	19711	
329828	54353		106952	83766	
16008	12960		74153	21419	
11932	11810		70497	12716	
22421	66775		21938	60510	
29815	105855		11554	104010	
27273	80719		107375	13426	
27226	114584		67712	243328	
216739	12490		12986	52331	
140492	94176		23890	50782	
69239	12495		15446	20733	
12496	78816		381319	18039	
19013	20302		68891	66815	
13850	17872		259277	71733	
219151	217353		26888	19894	
16525	20540		12606	23893	
170790	13057		11910	53870	
223254	19696		17095	20606	
20893	74211		21682	14570	
26938	54354		20111	53322	
11761	14972		76408	103098	
14261	17087		11857	12659	
106648	50778		26382	22065	
13609	21897		14676	13180	
14756	67220		104681		
64385	23833		211550		
94180	12370		24099		
69538	12362				
14066	80891				
13602	19128				
19309	16854				
	17698				
	192187				
	15979				
	15001				
	16456				
