Astrocyte	Ependymal	Microglia	Microglia_activation	Microglia_deactivation	Oligo
209378	108000	12655	547253	72560	21952
225998	57444	27056	17534	246177	67149
75541	12316	192232	14130	17305	74257
214359	140723	14594	12524	15170	67801
21859	12484	14270	18787	68964	18557
23972	75745	74048	20308	76088	18762
107747	17755	26377	17970	30955	71529
76187	108907	107769	171531	64099	14038
67896	24001	58805	11796	54445	11735
104174	13395	21356	21928	50934	56363
14164	73804	105348	18037	14991	18952
19737	15569	12514	69774	230787	14618
98660	20450	18826	12774	56708	74559
12759	14417	23849	80859	14960	14912
30956	75426	329154	67742	16819	70747
210126	240726	15163	73690	70031	17433
14600	17932	18707	16193	16155	17988
14184	107932	67448	16391	53945	14745
53896	111970	63986	12394	12489	20665
20511	93686	80281	12702	224860	68743
14182	107995	70415	15216	17952	67557
58807	170753	16197	70110	11629	11484
14813	68014	233186	26410	66824	192657
72014	27528	15277	73656	69178	53897
16007	20666	16477	20310	14998	70025
107869	142682	17001	19354	21898	252864
14633	66953	20375	72512	15985	105439
29820	13392	94094	22324	23871	13195
26362	13193	100182	66102	216445	16485
21808	20419	14159	74734	102545	338521
16779	58208	26943	17969	74039	50915
56448	215387	140497	16822	13713	84004
97064	68612	18591	20963	16154	17758
54403	217653	14129	65972	227929	29862
142980	74194	433256	65221	27060	18417
13649	12479	14537	23921	114249	17441
56741	13390	16164	74760	171207	211945
57257	229473	16414	16190	19253	73940
13371	66686	17258	17874	11576	66124
50781	12890	23880	14127	239217	83671
55963	17345	70719	22019	11727	17136
14230	107934	58861	15945	17159	19337
20512	229841	60504	67547	16988	66959
12950	68616	27355	24088	52855	18991
108052	12458	21391	21847	74096	11815
192216	13008	17948	170743	54613	68458
76257	20878	12721	20293	107373	213019
81879		20305	20732	54486	72160
11829		17096	22695	217333	22153
195733		17886	17972	98365	50913
74519		13036	16175	56644	27219
11606		216991	15937	223433	225341
14619		16768	12608	16970	14431
68385		21803	21817	16331	94226
58187		234779	80910	15242	
13123		17951	12363	12335	
22329		50498	207818	21810	
15483		23845	75234	107321	
19125		229499	68774	12506	
12411		106512	15162	14247	
14400		219140	671535	218203	
13731		171285	56437	16170	
66873		12628	20128	12796	
57738		98878	15284	16658	
12830		67477	12984	13593	
16870		76681	21926	12229	
14221		16194	13025	233328	
56473		56744	58801	192193	
19038		15939	20296	217303	
57265		20469	14595	16952	
12494		226594	67951	16912	
18682		12267	233571	16909	
54326		17921	19332	54153	
16816		269823		21815	
14623		22368		72691	
16206		74131		83433	
22330		224109		11555	
50500		20852		213002	
57319		13732		56485	
18596		216869		22320	
16404		13733		104759	
20255		18173		17002	
81840		17533		231931	
110078		11745		68487	
98396		12493		106952	
22339		107350		74153	
14560		16859		70497	
14405		192654		21938	
116847		12960		12986	
329828		80719		15446	
16008		114584		381319	
11932		12490		68891	
27226		94176		72324	
216739		56470		259277	
140492		12495		26888	
69239		78816		17095	
12496		217353		21682	
19013		20540		20111	
13850		13057		76408	
219151		19696		11857	
16525		74211		69780	
170790		54354		26382	
11761		17087		14676	
14261		21897		24099	
106648		67220			
13609		23833			
14756		12370			
64385		12362			
94180		19128			
14066		192187			
19309		15001			
18217		16456			
66725					
