Dio2 7.34468943093755 0.736204221892171 0.787741905742206
F3 6.82198729288599 0.717711499423815 0.722398737542403
Fabp7 6.76058020003095 0.15870455930694 0.176965330793772
Slco1c1 6.68819815561654 0.850647975934105 0.872970173978193
Cyp4f15 6.62750046736547 0.896186339940826 0.894524592459208
Tnfrsf19 6.51183951467916 0.853219768689611 0.883137539903969
Foxg1 6.3447489827952 0.159770048644849 0.100317791044696
Lhx2 6.32132386711081 0.582280900943437 0.610056775433524
Elovl2 6.27876223738624 0.859248972677424 0.869360761140378
Slc7a10 6.24746030343252 0.856375860755901 0.851797101965907
AI464131 6.21553458809543 0.829138852633197 0.873111388533711
Tril 6.21155327625646 0.701826247449647 0.805661431824548
Aldh1l1 6.20234792208812 0.809094005607867 0.846832595979502
Scara3 6.1944426201473 0.770917607836736 0.78826019010128
Mlc1 6.16590085370871 0.768700524744307 0.825176295642938
Adhfe1 6.14946831417968 0.657246548281997 0.712392385421288
Fgfr3 6.11217147086769 0.784613411693219 0.802643436225161
Ezr 6.08108640662609 0.838303852312517 0.88054974450058
Plpp3 6.05176935461495 0.59579561429875 0.811409116318443
Acsbg1 6.02115511381298 0.837653304309732 0.847992649544217
Cldn10 5.97951462632597 0.739624196942142 0.725824710776182
Gpr37l1 5.96429936457028 0.425728226080564 0.732762038858991
Sox2 5.94450345222187 0.196729134514113 0.256502273046404
Ptprz1 5.90113658468078 0.821886245437626 0.861614423135459
Slc1a3 5.79342983502321 0.770835043151579 0.807227800093745
Grin2c 5.68545650377549 0.885725353950724 0.876490375339464
Mertk 5.68203535654254 0.569201287998807 0.023616097947432
Gldc 5.65812749842986 0.71949751998917 0.734069209013029
Fzd2 5.65731426668698 0.780422256186086 0.80244136315242
Gjb6 5.62976384357912 0.698396624928082 0.734174711121178
Cth 5.62437612170131 0.807080834706253 0.815472595985684
Slc38a3 5.59179905539011 0.854721779608523 0.862929803572819
Slc15a2 5.56149049782335 0.860271349494004 0.920877267804802
Fjx1 5.54071938504243 0.858987133701682 0.905520759202425
Pdgfrb 5.53765171843132 0.820960530154822 0.799965435605529
Cyp2j9 5.52220372962469 0.602269870064967 0.715988047172526
Slc1a2 5.51534743490564 0.870210800339575 0.882902953600854
Ntsr2 5.46702630344664 0.670865956266976 0.728514178056241
Fmo1 5.3890868231962 0.894346507356079 0.883170428191991
Cxcl14 5.37212118471401 0.50734235490526 0.475071717175078
Bcan 5.36370771113362 0.57205599365555 0.74587796908394
Slc6a1 5.34920022038344 0.504409807862554 0.798923159189307
Wwtr1 5.33559122205583 0.749547751070843 0.756883370360999
Gpm6b 5.33486496558363 0.21899045076388 0.32781385650888
Car8 5.33256567662003 0.251191382951955 0.14790114510697
S1pr1 5.32312296296304 0.753913605124821 0.758084570794129
Dtna 5.30816102344728 0.661300511519112 0.804306958227351
Ncan 5.26087958171355 0.77574621943708 0.819650601018293
Cyr61 5.16060913691099 0.886096010528258 0.857814268177357
Cbs 5.14701475740694 0.865873459393104 0.872131668726798
Nrarp 5.11912406771275 0.515304128794807 0.482462120109468
Ttyh1 5.11611465302622 0.485120000828045 0.680882169421705
Cyp2d22 5.11193891527788 0.866199679891197 0.859159500184344
Cyp4f14 5.09764296901725 0.8484291764552 0.85868424702626
Slc14a1 5.0712349723995 0.82365323245681 0.814784058229655
Atp1a2 5.0707817283736 0.782931779274715 0.869568149772906
Ccdc80 5.06543920797364 0.818638324947697 0.856081505706314
Cspg5 5.05544333965033 0.575280556509899 0.593614008319116
Pla2g7 5.04853697520572 0.68926344944853 0.725074911129329
Prkd1 4.9951120002681 0.614413136948818 0.678488085136365
Aqp4 4.98559095058749 0.79735602813194 0.883821070039165
Prodh 4.98048266878002 0.858126050861918 0.848381221215723
Pbxip1 4.97971629318611 0.705785757046894 0.721219446308713
Rlbp1 4.97465320836997 0.221025371703518 0.15172412401797
Papss2 4.94352854676783 0.731775014312257 0.734481894347144
Gdf10 4.9351545772106 0.85581808809909 0.86238014952221
Egfr 4.91580865178853 0.922289485621473 0.893202178946941
Gabrb1 4.91536956704481 0.771923445778962 0.82096406115791
Igfbp2 4.914681945537 0.800145172515823 0.777587296242546
Ttpa 4.9123721235572 0.769672541677378 0.772369804703734
Axl 4.89533213727719 0.830194132146886 0.806905573283577
Emp2 4.88800151492718 0.852333598572124 0.831577988261558
Hes5 4.87894966994288 0.337335692425047 0.269068118860258
Mfge8 4.86750686846587 0.718318769486702 0.776453128209076
Ndp 4.86705033276821 0.56477637750052 0.631657444709025
Vcam1 4.86641590096126 0.708570801120985 0.735209874280494
Phkg1 4.85092214062107 0.831735593011894 0.813472871204969
Id3 4.81404769279704 0.486374493125498 0.455377769249416
Tlr3 4.80910969428403 0.680972910713881 0.858371459801115
Atp1b2 4.74372508872602 0.72728400216801 0.7656635668771
Hapln1 4.71438621952273 0.776666985932414 0.758786598523242
Myo6 4.70306786020363 0.575643910854381 0.540338316099749
Slc1a4 4.69478581417349 0.826485240482459 0.87532754628554
Tlcd1 4.67812707088787 0.730819184335161 0.744261110495016
Hsd11b1 4.67570779934583 0.86630898015856 0.876291129722887
Gli2 4.66040039285217 0.76891254524867 0.758762905145804
Eva1a 4.66014983720745 0.577769549238716 0.738089793192592
Asrgl1 4.61803704913946 0.102484146219074 0.287757514664353
Il33 4.6145275705035 0.20714677659751 0.108539584370652
Dclk1 4.61022069152604 0.689325551526902 0.697266334030634
Entpd2 4.60976561027753 0.876840005156923 0.887620445152948
Igfbp5 4.57840021525416 0.80305549708265 0.822535469061064
Cyp7b1 4.57216753327621 0.773768806190828 0.815459345245038
Ccnd2 4.55510214137294 0.607898375398363 0.592529320250839
Lcat 4.55358937517072 0.858260750449608 0.8586288051589
Ptpn13 4.55127848428764 0.43534116695979 0.427017109987406
Acsl6 4.54507160537971 0.680173405856067 0.82995352342455
Fgfr2 4.5274903549038 0.210831911818742 0.223740682976029
Slc4a4 4.4907454243394 0.855781958470318 0.873639038788031
Col4a5 4.48544559989586 0.95027741255886 0.92647765380904
Scrg1 4.47579945185336 0.0641503031964076 0.111733237102384
Itih5 4.45985293774672 0.773422156089265 0.761088167317219
Gpm6a 4.45829144952895 0.431608496003134 0.516787034743407
Timp3 4.44993879205671 0.832762295259352 0.834837558543847
Xist 4.43466217374547 0.182023837939812 0.043416087245151
Gabrg1 4.43261596573818 0.631401312743591 0.757034371575311
Tmem51 4.40305102286417 0.691878085704976 0.657131822864043
Mmd2 4.39866473803619 0.189806155169826 0.523779668369458
Ntrk2 4.38687910753483 0.597493023234369 0.728654270938923
Timp4 4.37610966952098 0.327972468905939 0.323149282830749
Sorcs2 4.34778814745726 0.899168107182031 0.867585700094597
Vegfa 4.3447012047869 0.804425738790502 0.792169639715317
Amot 4.32452182292368 0.844340104470266 0.891958421261625
Fkbp10 4.28665429099486 0.884227825527717 0.899460547772398
Gpld1 4.27961158710382 0.7482113294271 0.808615650369874
Arx 4.25747400808448 0.50985128550888 0.485665082660312
Lrig1 4.2339142532808 0.792041373206398 0.849463362198399
Abca1 4.21715137773922 0.563715380589259 0.131832799862662
Nat8f4 4.2043502280509 0.745481924254987 0.7743439980923
Oaf 4.20395943569094 0.678348068263115 0.798924010593506
Cd38 4.19052328534883 0.804182195815421 0.735113928405955
Rftn2 4.1665150006559 0.528809483453364 0.580449122026446
Kcnk1 4.11543087528841 0.5760009592525 0.644915996151621
Pdk4 4.09791171460914 0.60076750918839 0.598105321891196
Spon1 4.09784092041115 0.514174934956932 0.554603389348559
Ednrb 4.09585993952743 0.588764818162592 0.520275299017579
Itih3 4.09324179443633 0.145634564873883 0.183031662938551
Ptn 4.09055408345437 0.283901773461584 0.351797663216632
Fads2 4.08966851303369 0.823465411434035 0.846335873009285
Serpinh1 4.08154530786984 0.632367191151189 0.609302292534063
Pygb 4.07597708217807 0.781133515524509 0.843089698053504
Sash1 4.0704480908365 0.600419706033981 0.787113228992318
Pdzph1 4.06661092325401 0.672037855026243 0.682707232270952
Sox6 4.06517808820658 0.209783703263122 0.118282586897786
Gas1 4.06430803798072 0.48830466630855 0.433439958017736
Farp1 4.06344970549015 0.707349774927545 0.687749406305262
Tmem47 4.05272438162091 0.693209810852432 0.733873812325582
Abat 4.04840785838903 0.663802808032563 0.801051902453973
Sox21 4.03628704143855 0.489027526344941 0.428857404995959
Id4 4.03090620926768 0.474498012659195 0.51011396077996
Dkk3 4.01325894460985 0.542257314279196 0.633190898898946
Dag1 4.01097468993806 0.775778230646745 0.731516346368485
Prom1 4.00615764384627 0.303528293426325 0.27979622418856
Btbd17 4.00295897876741 0.863458045900502 0.848505534586669
Rapgef3 3.99797829805223 0.266093710219834 0.334656524905923
Lpp 3.98562086514149 0.760166771805179 0.688921781759529
Sdc4 3.98445047687845 0.71641627798295 0.757350529451156
Nkain4 3.97181855220723 0.566723106812371 0.57779170699844
Kcnn2 3.96910638779329 0.717952736813137 0.798795988448945
Efemp1 3.96293432009837 0.474958170383018 0.399513458666335
Slc41a1 3.95629325975066 0.863386855669447 0.847688213537219
Ptch1 3.95164713425084 0.676895810872498 0.758969615693986
Igdcc4 3.94985035248422 0.601079373228561 0.742881987111353
Klf4 3.93415955862812 0.306895809923857 0.471143080807738
Clu 3.92912925888779 0.665179897708856 0.779868403562126
Heph 3.92590293330753 0.876004241267531 0.864165013509311
Gpx8 3.92084663148603 0.447175670686312 0.406774942759366
Gpd2 3.90975199013778 0.54408120611341 0.592659055643547
Antxr1 3.88261456182575 0.674982790572149 0.819471457279681
Ak4 3.87792257098509 0.591528761208693 0.632820423649998
Ccdc88a 3.87326049704633 0.726798032349388 0.774538670815979
Aox1 3.85978222587892 0.775480679652594 0.588978045718104
Yap1 3.85963018299624 0.706374288894633 0.744937954986877
Gja1 3.85340169118281 0.430788616141109 0.552614598890637
Grhl1 3.8249277262924 0.767689375278418 0.805915855121437
Macf1 3.82076113838958 0.545478074379824 0.435328931003112
Metrn 3.81938485574495 0.354751331127154 0.304457197700496
Ephx2 3.81734095377076 0.763627683225333 0.775965356955259
Tgfb2 3.81465802969059 0.717111857110348 0.709978612316966
Cdh11 3.81327164218089 0.226968308001672 0.336881919291606
Mboat2 3.8103909394236 0.301865732095052 0.335989641001681
Ghr 3.79013972440409 0.565008187773562 0.452780915386394
Aldh6a1 3.78918539007264 0.582570780013728 0.766679105945631
Car2 3.78036118021829 -0.0278209639016278 0.0011712971800959
Scg3 3.77944897042295 0.708370035214615 0.927234353312818
Eps8 3.76725827319473 0.399188052019744 0.327457667331203
Fstl1 3.75953403507147 0.503548146611417 0.621128779705238
Acss1 3.75592194000004 0.558553644821086 0.681042353164821
Myo10 3.75378649021903 0.647247113034355 0.648946417759912
Aldh1a1 3.73646136934352 0.664362098863483 0.598510423020847
Add3 3.73344929002111 0.629908573027898 0.705446716413169
Notch2 3.72039248190245 0.548288309158502 -0.0435635125582493
Notch1 3.71690578371778 0.733763149729288 0.764811788641146
Arap2 3.71266741794198 0.214015331761719 0.281808519728684
Dmd 3.70351091197498 0.586344316287869 0.627199340565555
Gramd3 3.6831946792327 0.130898351460519 0.0798885210836513
Pygm 3.6788749978848 0.835512995270244 0.777426708054994
Mfrp|C1qtnf5 3.67213770265669 0.742111370198256 0.76044648223801
Celsr1 3.67166837390318 0.839866172117454 0.786875697729392
Pax6 3.6679606066709 0.741722026608719 0.744010544387134
Bcar3 3.6620189138305 0.807903843919596 0.8076786116458
Fmn2 3.6558307913074 0.746860514942057 0.752439086728971
Gstm1 3.6555585530043 0.527149892163209 0.549499653273446
Ndrg2 3.649206433456 0.47033150321013 0.507898133513764
Fxyd1 3.64700914528787 0.686905304752831 0.660393183845603
Psat1 3.62869342346885 0.029840009917697 0.0988967160612217
Fgfr1 3.61466441440152 0.638509579052907 0.502852305173122
Phka1 3.61373301332825 0.874205414119092 0.875052914472279
Hip1 3.60513192919979 0.149296918652649 0.329985589461602
Ppara 3.60183326834533 0.803238246618399 0.79916449531982
C4a|C4b 3.59961560319612 0.758319002427462 0.555701143195219
Sept8 3.59442025140149 0.34781222139493 0.25469801136639
Oplah 3.59344742827793 0.884325098891444 0.87251183449592
Ngef 3.58579509692516 0.463625641581933 0.48285851949803
Sema4a 3.56455448838229 0.652491714685054 0.596289559446054
Trps1 3.56148935620449 0.700489410598003 0.731756000175544
Smpdl3a 3.55866758002098 0.853897605138341 0.856410920592703
Aass 3.5577890699678 0.851816658222387 0.804387807125301
Hnrnpa2b1 3.55134543414224 0.494212361835302 0.0245561234797803
Prdx6 3.54721409716891 0.615187190795072 0.656137061832776
Prelp 3.54431690401055 0.793466413716573 0.625263395073292
Pdpn 3.52847287910786 0.45227081742952 0.404509544599853
Stk17b 3.52586743900772 0.522797709207923 -0.0324488707098534
S100a1 3.52196856364948 -0.0136689189669489 0.0430599170682172
Adcy2 3.51443031989982 0.589149797637218 0.763151678426877
Mgst1 3.51109347904104 0.579840661772133 0.570170569396731
Fam13c 3.50349283362159 0.229248853830018 0.399785628144276
Lgi4 3.49907230072724 0.853222788116976 0.805753739160832
Phlpp1 3.49698220883572 0.238628182591929 0.3257105666492
Rorb 3.48536353507557 0.777529639221658 0.770544428793091
Ppp1r3c 3.47966270386584 0.658718207281148 0.735501062017654
Klf15 3.47558401765775 0.542608751220126 0.617413540250173
Sox9 3.47084511174492 0.862323021890559 0.829801352339316
Cd44 3.46764474198535 0.761774470448952 0.687006323780837
Ppic 3.46019358916853 0.729185628670959 0.499145758009251
Nr2f1 3.45984060761409 0.338491318927147 0.390522708685509
Mmp14 3.45316678166913 0.677240706482206 0.650674483266838
Txnip 3.4512160829002 0.373601349255107 0.534275457018026
Wnt7a 3.44877551199765 0.626701516582295 0.632285444728108
S100a16 3.44852402996883 -0.0269062725157666 0.146090766335559
Kctd5 3.429362701941 0.420122395194618 0.539004667372079
Tenm3 3.42489853922385 0.713039253083294 0.834678861416348
Adgrg1 3.40673563968202 0.623610613305214 0.382063240950214
Sparcl1 3.40048925106403 0.639955227518592 0.805372812462862
Cyp4v3 3.39373406415777 0.616004868302896 0.610527089597412
Efhd1 3.39245285192153 0.0288372144333582 0.388459360248184
Ddit4l 3.39150369856905 0.413687529326239 0.335282366034117
Tspan7 3.38297442241003 0.59144162821345 0.395320321068062
Acot1 3.35184456412924 -0.0327807692560639 -0.061021936594642
Crym 3.35008978921603 0.225143523624298 0.119070509067858
Wnt7b 3.34860296958579 0.755231341638083 0.739249793400231
Fam181b 3.33106713980893 0.487287063955673 0.512384561825193
Astn1 3.32963291005884 0.680139091604394 0.802222819077804
Snord47 3.29893573108674 0.368731408862166 -0.175710667643384
Tfcp2l1 3.28307764900816 0.865832494384077 0.857321486633184
St6galnac5 3.28157206419609 0.787358960296548 0.775749765709176
Tnc 3.27578069802824 0.830659796241343 0.675048848760794
Fgd6 3.26715600127084 0.803174723770154 0.771131705161557
Itga7 3.26531484488069 0.750009040013485 0.709686414951925
Sox5 3.19479147078378 0.600349980869189 0.594333789117626
Rgs5 3.18002774855365 0.620226006597334 0.489471258158734
Swap70 3.08166291594716 0.585724744038319 0.199442355226874
Fbln1 3.00818295731231 0.877883894585639 0.879604326623315
Clcn2 2.96176322109678 0.502565632091804 0.462834049063183
Vim 2.95648928147366 0.401239455829824 0.0776505957231112
Acot2|Acot1 2.9032632895972 0.14510602486124 0.175776370015335
Adora2b 2.88178831897041 0.707948929927382 0.695118475954484
Gdpd2 2.82727553926463 0.857647592481115 0.838078289479238
Prrx1 2.75467182297668 0.327306185746967 0.200274669157894
Arhgap18 2.75227407805004 0.578027552428277 -0.161090717500903
Gjb2 2.74340151724485 0.821155758411576 0.810750708211648
Tst 2.70921040145934 0.559992212877829 0.532363258971928
Tcf7l1 2.67560923911014 0.199542478352756 0.364540790220893
Pou3f4 2.66267892841059 0.774087898578845 0.728470871971113
Suclg2 2.53272828713955 0.479773625508264 0.160146644714179
Pcdh8 2.52554627339399 -0.0298820017249733 -0.0176648475792
Gabra2 2.49785146256246 0.43161396128741 -0.109987580384
Slc16a2 2.49249113184006 0.729190613635405 0.751850568396219
Itsn1 2.47505934969533 0.606670234413008 0.541580429036272
