Calcb 8.28255618397783 0.897393149226519 -0.182634817429445
Sncg 7.78471133087029 0.492604705523905 0.182748148601393
Slc18a3 7.20762041716297 0.821970548796073 0.124119923938689
Spp1 7.00225324471198 0.724091191601046 -0.00543384582909462
Calca 6.79226191852327 0.684868501006726 -0.0478117321517456
Kcnj14 6.07041699814104 0.871292777779433 -0.026088356807916
Prph 6.02773329604594 0.873603260713751 -0.24407111550324
Sh3bgr 5.99908011167018 0.781232463674595 0.180926826253689
Hspb1 5.78331440248469 0.619944348857516 -0.0784064877611513
Cd24a 5.58171474237226 0.513630536614394 0.202657998249642
Chodl 5.51382626012395 0.761161194159143 0.210059798174354
Pmp22 5.47679222706297 0.401464139926355 -0.0873266985122019
Lgals1 5.24126658393908 0.495732245323278 0.0907189704179309
Hspb8 5.13700446314493 0.600253628408365 -0.235033774409095
Isl1 5.12937252819077 0.502273433550082 -0.140559330499969
Fgf1 4.99944070815035 0.4162065776842 0.181523220733622
Irx3 4.88202782176932 0.704049581880332 0.419805510045079
Lcp1 4.84270938477835 0.534432329778651 0.498490135502746
Hebp2 4.78155669281407 0.518242487896919 0.112748761440614
Uts2 4.71266066974437 0.859513501712407 0.443463922233278
Anxa2 4.70905527283874 0.757696160115409 0.15152794235894
Nts 4.65715498686899 0.674515421897475 0.337691649248149
Tppp3 4.57250696751525 0.414900028630842 0.090784699467097
Pcp4l1 4.28379063348314 0.210821190814215 -0.132947918775607
S100b 4.22582870544345 0.148366347399868 -0.237067073192577
Slc29a4 4.18639916712195 0.637346080355165 -0.103061878550706
Susd2 4.12699070038074 0.484076936415226 0.315141472603494
Ttr 4.11951995815423 0.185732376719831 -0.230922955656229
Rspo2 4.00362738428019 0.373298341951024 -0.0399077600949358
Cda 4.00039322717777 0.638893743485414 0.13640592123436
Fxyd7 3.9791842360089 0.560794066703758 -0.070411472066789
Anxa4 3.97478829120152 0.737752895863763 0.109772902800818
S100a10 3.88950465563326 0.211949948249049 -0.142708812013596
Patj 3.81381100910084 0.495558132512119 0.211495915453259
Mcam 3.8049170800538 0.589484041111003 0.0492027596946888
Cela1 3.75089220313576 0.618165953203902 0.11567590509592
Htra1 3.75075519555311 0.0475987099003554 -0.405101262626259
Vamp1 3.69517572982162 0.469626916567324 0.276749326068991
Dcn 3.54664666346153 0.572388071341288 -0.134897058306052
Prss12 3.53947547134935 0.464444628380574 0.230184974719792
Ecel1 3.53196517897532 0.700821652014774 0.267725081169917
Slc17a6 3.53007208037696 0.327860787012439 -0.126563240981597
Lxn 3.52839581371286 0.396268114176823 -0.00656975851792344
Kazald1 3.50882302699387 0.474571206740006 -0.00174536085476595
Nefh 3.4946097198564 0.304004061036281 0.257512092752166
Cartpt 3.46382647626737 0.361721908052186 -0.119396614176089
Pvalb 3.46156593862261 -0.0894454194826038 0.1962059777863
Aard 3.44873928906167 0.451685471336897 0.418024835260518
Ddc 3.44131577468774 0.0507615693956909 0.156492314847803
Nefm 3.36855309426938 0.385621252670772 0.443492880393371
Cabp1 3.09569308720271 0.355047289100158 0.0419501009057365
Fgf18 3.09388851051534 0.584372071872827 0.471729892301554
Pctp 3.07445895423781 0.770693871742586 -0.121638081628529
Cyp39a1 2.77248658699362 0.638958994482865 0.185729646447916
Hoxc4 2.54494424768104 0.69126065601784 0.253040720696726
Ppcs 2.41869239605215 0.557038032771996 0.0825948145977655
