Lhx8 8.0111205318758 0.882318748092859 0.815268067314626
Slc18a3 6.52158984660952 0.839024211170196 -0.0198282595612698
Isl1 6.22076515539212 0.602325345215828 0.193374105974916
Sncg 5.91539661483906 0.404967103194217 -0.210837238312115
Cxcl14 5.30998007981724 0.548796798434849 0.0103941846813673
Arx 4.94655760513038 0.338508916486559 0.186890765422997
Ecel1 4.94367321062425 0.818141493870833 0.676040557150507
Mme 4.91133058842882 0.446743190124399 0.148491652698017
Serpinb1b 4.48049242147093 0.681417256705027 0.643153146531656
Crabp2 4.42808532855213 0.744458050393264 0.0752941561852217
Crabp1 4.42448970944607 0.576809066752412 0.145904556959886
Zic1 4.41713837057394 0.216137785031726 0.104512447556728
Popdc3 4.35695265830255 0.726207665545114 -0.0285139154374332
Gdnf 4.17763859211426 0.800377788205828 0.0364754869440133
Trpc3 4.14402037930032 0.296664304817122 0.11700449328281
Tacr3 4.10368354893173 0.52282497762486 -0.206087291445886
Hspb1 3.9858673137711 0.455154077659056 0.157894763012046
Cd44 3.83986269765268 0.661126992141083 -0.0348962972964855
Ttr 3.82459547999743 0.212557789059513 -0.0904943238444122
S100a10 3.76193128420341 0.213644091980559 -0.155214302251262
Ache 3.69707032362265 0.427319387299982 0.0990541811268593
Lhx6 3.66350780630187 0.544161216455274 0.673453365874714
Hspb8 3.63749774221 0.465513866604446 0.35973801715249
Cartpt 3.61948428322072 0.400605513095097 -0.0319762717685991
Rcn1 3.59165120421545 0.189870464356735 0.027781986739195
Ptger2 3.50279622590743 0.567126535882511 0.577571217037966
Rasd2 3.45524434682972 0.225009346030405 -0.0628753504782891
Hopx 3.4366054971235 0.0492668042432766 -0.215313776871992
Slc5a7 3.31839687622889 0.75949170998609 0.651793919573622
Fxyd2 2.31281599260613 0.303470118294012 -0.0713039220573791
