72560
246177
17305
15170
68964
76088
30955
64099
54445
50934
68507
14991
230787
56708
14960
16819
70031
16155
53945
12489
224860
17952
11629
69178
14998
21898
15985
23871
216445
102545
74039
13713
16154
227929
27060
114249
171207
19253
11576
239217
11727
17159
52855
74096
54613
107373
54486
217333
98365
56644
223433
16970
16331
15242
12335
21810
107321
12506
14247
218203
16170
12796
16658
13593
12229
233328
192193
217303
16952
16912
16909
54153
21815
72691
83433
11555
213002
56485
22320
104759
17002
231931
68487
106952
74153
70497
21938
12986
15446
381319
68891
72324
259277
26888
17095
21682
20111
76408
11857
69780
26382
14676
24099
