Ctss 12.7671761533695 0.91709276401165 0.654643286885475
C1qb 12.178274908601 0.91915869772032 0.650003530432808
P2ry12 11.830018726659 0.870632003251094 0.477004300092546
Tyrobp 11.4899548894739 0.896537162707087 0.660844548282888
Fcer1g 11.1077624181491 0.934210855316925 0.662377270182917
Gpr34 10.9646222088989 0.909483622389601 0.664945164614175
Fcrls 10.9261305969989 0.94490338458238 0.662571444443628
Ly86 10.8046731847153 0.946514157405035 0.664979601848684
Fcgr3 10.5895473160873 0.946449117944492 0.663843454003621
Laptm5 10.3484880481259 0.899175112495862 0.263719274833202
Olfml3 10.3292601498337 0.813444572183212 -0.117183260791506
C1qc 10.0811227511504 0.958705473054568 0.663187894205729
Rnase4 10.0202996576861 0.799065207909502 0.239244481478756
Csf1r 9.95695947276926 0.951323185114473 0.664188871652306
Cd53 9.86341512169373 0.936657319818228 0.665541670289706
Zfp36 9.78199884032331 0.734289997194482 0.0943017895589993
P2ry13 9.68197125591223 0.928141259158408 0.664511247737576
Ccl4 9.56925772878667 0.963072695631499 0.660732622583895
Susd3 9.47985207769807 0.957158644137069 0.666041799371825
Trem2 9.47769308525648 0.909544247709687 0.664405159034363
Cx3cr1 9.40420015111878 0.944119437099588 0.638275394064188
Aif1 9.39954846940557 0.911138784813922 0.661041610067672
Cyba 9.29150192306434 0.736915577394174 0.343772443002374
Sparc 9.18986006623823 0.630038616936075 0.404022670611803
Rgs10 9.14310965663105 0.600053071728968 0.450607688770016
Cd68 9.13138645379061 0.734897540681912 0.587731412993032
Alox5ap 9.11796897039525 0.780401978940426 0.664886836356767
C1qa 9.10750117298403 0.958081894825464 0.659144035181841
Rgs1 9.07080877686477 0.959710735048441 0.662487312964549
Ltc4s 9.04922767367377 0.895620308171047 0.0146150471309362
Ccl3 9.03905184972349 0.946729848094405 0.664231390078885
Pld4 8.97021778616782 0.953561128135298 0.664420732694399
Ccl12 8.89814828947815 0.940994611871404 0.665611307523807
Cfh 8.86812226472999 0.777402305316293 0.136229809815932
Siglech 8.79508836884542 0.930610558824296 0.624032771190829
Tmem119 8.78996176352743 0.965357271493229 0.663445416033296
Ecscr 8.69093725605205 0.77622627614747 0.252523939724192
Cd14 8.66191134058947 0.941358857634967 0.66623593783753
Arhgdib 8.55078838655323 0.643430353460232 0.272113290330773
Coro1a 8.51929379497643 0.12165039375261 0.54428298267381
Txnip 8.50643505349038 0.769871949788306 0.63597410470924
Selplg 8.43729934904829 0.938844531431418 0.631047863581888
Atf3 8.41474088173645 0.902133710827237 0.451359240555924
F11r 8.25416970148576 0.75295552923367 -0.270744746373824
Ctsh 8.15158392469712 0.699913632677812 -0.333333333333333
AF251705 8.01533230017649 0.928522742225394 0.665314301842421
Cd37 7.99963441746045 0.960451109941659 0.664285787591399
Lgals9 7.99339330652609 0.68721138009253 -0.302853463274859
Gngt2 7.98710857753367 0.90768356668739 0.342111693638808
Clec4a3 7.90300507754186 0.952905712481834 0.665369402884545
Adap2 7.8893193752372 0.867874494934648 -0.184406022176917
Ccl6 7.87251075745257 0.957674136547489 0.662976344421331
Evi2a 7.86399719276369 0.731605755591977 -0.333333333333333
Anxa3 7.84398520049231 0.683333821917823 -0.333333333333333
Cd52 7.82318927361195 0.889742847387107 0.663756387078887
Bcl2a1b 7.81408135713866 0.948436846455888 0.664887111945104
Lcp1 7.77232476289244 0.904153924386122 0.42700161236344
Fermt3 7.76778315775279 0.934326806616655 0.497357136884449
Itgam 7.73984894431044 0.9586980664589 0.639016622487875
Hpgd 7.67576281861411 0.884935527714427 0.665655512952925
Fcgr2b 7.67177953806454 0.966221859059132 0.665501224263711
Vsir 7.63512198479465 0.881391561816323 0.338510653572796
Fyb 7.58551257364659 0.963667117550448 0.666598739443515
Tgfbr1 7.58427039956621 0.817354109043213 0.470079720590551
Fgd2 7.57632776439025 0.961851566692033 0.665571309750993
Adgre1 7.55490118747612 0.959840994930673 0.664203104392806
Ptgs1 7.5134294095836 0.678890231332377 0.627377641222725
Ctsc 7.47779174245143 0.782286452828484 0.44971408953574
BC028528 7.46296455146186 0.65212543097863 -0.293716236894921
Ang 7.4429801624877 0.822175682839033 -0.190998129754378
Hexb 7.43755613397353 0.816142748997305 0.500820893234129
P2ry6 7.40802821418786 0.947295459412801 0.665343085830781
Fli1 7.39614059231422 0.760515099586138 -0.333333333333333
Lyz2 7.39203998481609 0.897452986542954 0.666522953888429
Phyhd1 7.38224695036215 0.816776662411378 0.400220776109989
Hpgds 7.35664418564684 0.885904825841789 0.634286370565586
Lpcat2 7.33277292623359 0.809500337020646 0.301068014055992
Cd48 7.32046035894339 0.96610775750322 0.664319272350823
Bco2 7.30978475993844 0.906860547009826 0.195399499142801
Nckap1l 7.30309986160415 0.950686412200962 0.665983544711858
Pon3 7.29247776100238 0.89376733588359 0.274184084532107
Sla 7.29187275928925 0.687839023186471 0.563083535646599
Lyn 7.24196671774854 0.817965685015784 0.174674480347595
Cd86 7.23314382212561 0.964356886299942 0.664686912054245
Tnfaip8l2 7.2295922922068 0.947605143635914 0.666666666666667
C5ar1 7.19913901352934 0.965200683180445 0.663413079664287
Ccr5 7.16866812889674 0.966270511740324 0.665065924341366
Rab3il1 7.16337991791842 0.883379497503391 0.34837777677484
H2-DMa 7.12986010076881 0.639574121937528 0.264804624911759
Rgs2 7.08970647693119 0.634800427023433 0.568296992437838
Xlr 7.08158025786477 0.843867832408725 0.402113597768259
Tbxas1 7.07046884108118 0.95586569738627 0.664701252214256
Lair1 7.05265890087076 0.857816674093403 0.66489842667141
Il10ra 7.0140610590189 0.955894772567008 0.66426095084074
Tmem173 7.00704073594327 0.907549305572213 0.173555586911762
Blnk 7.00606443885936 0.541047733020716 0.388652958764983
Gm14023 6.95495911375175 0.931613751914024 0.664862439774469
Selenop 6.95410527122283 0.558124583430362 -0.0853776312202568
C3ar1 6.93808788668474 0.899111370266525 0.457320739728211
Ms4a6d 6.93720757919084 0.956589041906505 0.664646498393112
Slc2a5 6.92475087238218 0.92115461245142 0.664053684617337
Grap 6.91296820653991 0.838212046646421 -0.234385894525121
Mpeg1 6.89907250372151 0.941655345320591 0.66518822279446
Gpr183 6.89083314582289 0.892927858853816 0.662361082603736
H2-K1 6.85828766902877 0.664811185998678 0.29016691749078
Crybb1 6.84571812699273 0.965639101750372 0.662610589085996
Casp8 6.83914321963833 0.830608507554738 -0.333333333333333
Plek 6.83797359461707 0.828549817928825 0.523274410706587
Mertk 6.8367563042884 0.733893671378016 0.125826733996945
Havcr2 6.8277084387814 0.944451867235976 0.643144586311595
Lcp2 6.81565370431727 0.950250824940864 0.665988061767224
Arhgap25 6.79982445596941 0.289102966600509 -0.125026221388538
Adrb2 6.77809291555832 0.805152110653208 0.380936525045506
Slco2b1 6.7700949919031 0.805781372789741 0.365094605079756
Itgb2 6.76456026985911 0.946417763101174 0.666602345605833
Gmfg 6.75494296735781 0.954564612337588 0.666666666666667
Cst3 6.75397747002443 0.768837684716336 0.454010696253962
Apbb1ip 6.73175050003642 0.912018594146833 0.451378440583521
Inpp5d 6.70956363859226 0.88469983221531 0.665487561094461
Gm10790 6.68252588527065 0.948346450150192 0.666177074551832
Ucp2 6.6703896564375 0.750430346832533 -0.307505935830775
Il1a 6.65485468163387 0.931802708274499 0.664990292249023
Tagap 6.65390192466275 0.84807233293557 0.246894967863824
Lat2 6.6488978511528 0.860191014099862 0.508959906089231
Cyth4 6.64632397954901 0.935509329685564 0.494931428472555
Hk2 6.64261163293827 0.872379855004652 0.439439348125304
Psmb8 6.63816186784354 0.877489703796708 -0.0116784403858199
Fcgr1 6.63505841809525 0.961344015481527 0.664318159623296
Golm1 6.63335028507761 0.725238279552051 0.411224927937554
Srgn 6.62492635584037 0.666581867566177 -0.19155079456775
Vamp8 6.58454605536237 0.632288250260664 0.171110511299787
Ebi3 6.58092882515834 0.845190573233222 0.665405497379616
Tmem37 6.5578742586676 0.718317125173051 -0.292020699729013
Bst2 6.54493367739705 0.781331481695223 -0.228926646747866
Lst1 6.54071792979346 0.811131174574337 0.661414327824179
Fam105a 6.53402832169044 0.78204235987422 0.300199166506936
Mafb 6.52490865551173 0.614988813583351 0.43140791026329
1810011H11Rik 6.5230130002552 0.966568622987585 0.665686229875849
Ms4a6b 6.51238445597793 0.950387783342107 0.665792611050646
Hist1h2bg 6.49937563039406 0.9088186862787 0.656009655336234
Unc93b1 6.49543759614895 0.855061234308737 0.271642954290146
Lmo2 6.46966345233328 0.731729788384949 -0.29925338961915
Itgb5 6.46410837754425 0.833316742268527 0.344718499894184
Clec5a 6.43882855828375 0.959103867862653 0.66636816608842
Tlr4 6.4351897966757 0.937745388657709 0.383553871443641
Cd33 6.43074089103688 0.943963155476581 0.606161154154512
Slc25a45 6.39147686747766 0.895269133443615 0.00466860545116826
Apobec1 6.36505630302792 0.965391717619858 0.663730151197694
Fcrl1 6.36491821683268 0.966400730042403 0.665161483143916
Maf 6.36197626427439 0.438991578645402 0.0887236665511222
Ptprc 6.35108703138446 0.952091536185863 0.665477193922479
Agmo 6.3447058539456 0.787514976699461 0.298928489302965
Gpr84 6.34289647150117 0.963051538528497 0.664356912744353
Itpripl1 6.34081133424778 0.710558303374714 -0.271702000463906
Prkcd 6.28704454616484 0.808048871390688 -0.117400305971002
Fcgrt 6.26711732982289 0.606555258820129 -0.295808921554691
Msn 6.26394022711734 0.657742426634021 -0.333333333333333
Entpd1 6.24267489116757 0.738416533574278 0.43087894016056
Dapp1 6.21876093019957 0.827142980502703 0.201275472755011
Tgif1 6.16392316558138 0.867110225117631 -0.259333326659552
Gpr77 6.15230595918886 0.936609733721397 0.619476569753652
Cryba4 6.14932219155524 0.964129693351248 0.664708656590828
Abca9 6.14286674578994 0.864411391493653 0.160151917124674
Casp1 6.11590907852044 0.677895923358888 0.54481811934615
Klhl6 6.08933757750243 0.872359365939382 -0.130117228438913
Samsn1 6.08893557971253 0.958581659412673 0.666036094431567
Ptpn6 6.06737660386237 0.920637419743277 0.665823455229454
Irf8 6.06021511069537 0.89693219856358 0.665402876847268
Abi3 6.03331647585467 0.962826624708957 0.665871418963995
Uba7 6.03131385029547 0.911235838962602 0.555393987285523
Icosl 6.02419993870289 0.866461587661072 0.34444675737355
Sall1 6.02048902564956 0.872934912254709 0.504479860991725
Arhgap4 6.0197113041824 0.901340801644321 0.369574396945777
Gcnt1 6.01741932798483 0.959586777631253 0.598452229388896
1700017B05Rik 6.00505729917247 0.871113682958596 0.663331264671491
Sash3 5.98915332943557 0.941573221558164 0.665173304609825
Hcls1 5.98710624038879 0.965829925316506 0.665211478340334
Ier5 5.93911735135497 0.585828098540634 0.291027403909281
Kctd12 5.9351294166336 0.750714989959589 0.462101720205517
Stab1 5.9322286282165 0.944410596126765 0.447570268319601
Gm3264 5.9078516848827 0.52926229565751 0.660909657986177
Filip1l 5.90225435242686 0.748196686112506 -0.182212035730779
Fmnl3 5.90005249020146 0.778153546774258 0.0944476688072465
Trim30d 5.89536125972807 0.907450365733747 0.103556127787496
Rhog 5.8735104460815 0.677536858218316 -0.333333333333333
Mfng 5.85877354840313 0.870853646618321 0.169504911882434
Csf3r 5.85559579576449 0.938151031008899 0.566861075464888
B4galt1 5.85188035030075 0.693596648988325 0.47174055387256
Rab43 5.84508854795494 0.849674201334257 0.397205728963616
Klk8 5.83408643053113 0.870892226224002 0.0194122567951513
Slc40a1 5.81727934227851 0.616558016187953 -0.333333333333333
Nrros 5.80358511365289 0.786938437098 -0.0305970392080812
Nfam1 5.79999934109681 0.876497195947654 -0.137070229757461
Pde3b 5.7677103436089 0.8250619978796 0.471823418502149
Rhoh 5.75514282033719 0.956285703071831 0.648236817136
Vrk2 5.74712744432265 0.702735291680297 -0.102137606534469
Hspb3 5.74622539608637 0.287036754205314 0.0690188212071952
Tfpi 5.74544821863852 0.706530754705476 -0.28395075716889
BC046404 5.73954209199765 0.591820806508079 0.655373375865501
Rac2 5.71772275228934 0.936783136022436 0.561786501124986
Igsf6 5.70274419522331 0.925989007707067 0.560583403446994
Renbp 5.69437091600406 0.699616697344771 0.497353724360833
Hk3 5.68426217397761 0.966032188522095 0.665878887079944
Lag3 5.68241620222083 0.924844599456442 0.611351937923697
2610203C22Rik 5.67417424199086 0.906452894849352 0.587806716598634
Capn3 5.65388079987095 0.836500807425954 0.665704721910851
Syk 5.65063785309217 0.954045062131462 0.664938625697691
AW112010 5.64239147515152 0.678427147895957 -0.124286519818009
Ncf4 5.64107304016217 0.959314497790364 0.664798802346553
Ggta1 5.63853366228002 0.803814749337242 0.393443663303069
Ncf1 5.63265056543493 0.908175180945955 0.511320965153522
Gal3st4 5.62800006187463 0.81728926726204 0.666666666666667
Tlr7 5.61700989787188 0.965545451161973 0.665611999929021
Myo1f 5.61197711113652 0.966480704095251 0.666355271674035
Cysltr1 5.60457007600631 0.966401221868037 0.666599435420832
Pla2g4a 5.58156483138299 0.72669533755756 -0.333333333333333
Rasgrp3 5.57241055138169 0.67505897539675 -0.333333333333333
Mylip 5.55495464472971 0.663823525120276 -0.154506282487285
Rbm47 5.55308720837629 0.966517593427237 0.666172394938571
Tnf 5.55221496393348 0.962030358136399 0.664539868470604
Vav1 5.54291277429123 0.948507620096127 0.631445862456775
Dock2 5.53771962924441 0.96662561414914 0.666666666666667
Nfkbie 5.53435679478103 0.825112326316007 0.0414120650821355
Psmb9 5.52427677528113 0.809312402818279 -0.333333333333333
Tmem140 5.52021625552614 0.708789077891361 0.202345246083906
Ikzf1 5.51581450397376 0.965450074371994 0.665406535506714
Tnfaip3 5.51403753954251 0.803869979378393 -0.0372868982192561
Slamf9 5.51107315459827 0.95246743307579 0.66550688132562
Ccrl2 5.50772505103057 0.741944378962799 -0.233429376131342
Gm4902 5.49184466146973 0.965278275086724 0.655936671032739
Scamp2 5.49152112788679 0.626534185387625 -0.0721803829946715
Bank1 5.47757257717445 0.931981434928157 0.665935770819259
1700110I01Rik 5.473075922523 0.933885803277242 0.644988578356148
Mlxipl 5.4694113487649 0.961290693651179 0.662776585051222
Hvcn1 5.4638178869822 0.952894978120715 0.666482217718037
St3gal6 5.45770053613855 0.33161316251952 -0.333333333333333
BC035044 5.44401343701578 0.966430683333218 0.665738783859948
Lrrc25 5.42798703007655 0.966455114295917 0.665429494723881
Glipr1 5.42026044547606 0.932430757382008 0.665899400426764
Ubash3b 5.38478857328026 0.362195990542541 0.384407058113599
Sgk1 5.38290037713321 0.663039313811626 -0.0443658445893981
Gpr160 5.38155554295429 0.828303488110709 -0.333333333333333
Adora3 5.37829091438601 0.965919020556912 0.666490470479931
Pld1 5.37172479452783 0.745890137972508 -0.145079440201588
Skap2 5.36743547332784 0.670677413531893 0.0817831047992722
Gm10406 5.356304476888 0.634340241415008 0.417903933228537
Il16 5.3494828741062 0.93426291997108 0.570642175779864
Lsp1 5.33669447911573 0.714543324889009 0.560634290106024
Srrd 5.33304804045522 0.751646147663817 0.611561634313308
Ceacam1 5.32649710066916 0.691589767481434 -0.333333333333333
Gm3002 5.3122578620129 0.76923282706055 0.484412341478213
Trf 5.31178739756561 0.641798964028275 -0.333333333333333
Ugt1a6b 5.3007962786412 0.890263036364683 0.66583952087369
Fam46c 5.2985583470899 0.915641009220421 0.666666666666667
Cttnbp2nl 5.2962333700055 0.704724042708508 0.429962754551228
Gm4070 5.29487706080602 0.808926758434506 -0.227436191525862
Cd83 5.29449083725467 0.561425946197614 0.098775148510479
Pnpla7 5.29415691289599 0.699748490884807 0.456058317442875
Lgals3bp 5.28569810987151 0.525179511783992 0.121493476837194
Tlr5 5.26213067150905 0.966137236210587 0.664416881989516
Arl11 5.25904988458703 0.935555913054246 0.666666666666667
Lrmp 5.25623944595056 0.966483659568306 0.666300993056606
Tec 5.23329101878036 0.804143221996329 0.0380789763692216
Gimap6 5.2308598528685 0.680482668890934 -0.110070471566747
Gna15 5.2215599682392 0.962319643313483 0.66366373331585
Arpc1b 5.20922307595221 0.669315746716869 -0.107070195981188
X99384 5.2053509553017 0.778397174179176 0.35852338802984
Cmtm6 5.19089672561601 0.651611558855575 -0.0531523773016433
Lpxn 5.17855168514056 0.872073611586577 0.666666666666667
Btk 5.17376343425212 0.966050764616911 0.666109572214179
Snora41 5.17236386227365 0.763781323892325 0.666666666666667
Arhgap30 5.16105605175727 0.946768503822808 0.649039949371777
Dhrs3 5.15535566878697 0.364347267860858 -1
Stat6 5.14932083912325 0.627261690456059 0.566278985494943
Sqrdl 5.14869727440221 0.731556297136589 -0.333333333333333
Gp9 5.13647851834917 0.966457323700191 0.664862852474775
B2m 5.13095266648855 0.562245613876485 -0.267677313159037
Btg2 5.1214845206385 0.628325144815033 0.387180371505389
Rnaset2a 5.09592303847844 0.721246795274899 0.236003636274791
Tifab 5.09327564604708 0.966432629312768 0.665719395985784
Hhex 5.0856420756712 0.789035203638722 -0.297498666881831
Rp2 5.08346446576831 0.802829883830509 0.0320149784454267
Clic1 5.08004732514834 0.615328642121122 -0.229257974682101
Tspo 5.07192179970412 0.631561068717167 0.420576170947237
Tlr3 5.06847517606509 0.783997551082712 -1
Gm3020 5.06616101691485 0.723638997203242 0.365880175085792
Slc29a3 5.06253092950587 0.739360042558594 0.515595613699839
Hcst 5.05808436250918 0.866114587141926 0.663212123617704
Camk1 5.04539639497127 0.648074605296575 0.283337045662829
Tnfrsf13b 5.04423513593872 0.966666666666667 0.666666666666667
Lefty1 5.03889904176358 0.96579198366233 0.666666666666667
Arhgap45 5.03576687328858 0.966503197118959 0.66571341750704
Ccl2 5.01909479875682 0.848934205161055 -0.333333333333333
Tnfrsf1b 5.00537323725302 0.850636948982234 -0.290309838719248
Tnfsf13 4.99289633873557 0.797855156259331 -0.0887086239709934
Marcks 4.99128169216343 0.347673854477919 -0.31927124328935
Epb41l2 4.98921354206422 0.709875187340152 0.22617219337391
Mrc1 4.98357406100235 0.962117454835926 0.666188997417423
Ets1 4.97687107788428 0.522649441802948 -0.202014547209602
Cd74 4.97421641096209 0.750659627786746 0.63510582805677
Rapsn 4.96569534142575 0.838868446146696 -0.106170196797707
Gmip 4.96465061005707 0.870265913278875 0.537758233848487
Cebpa 4.95805986624857 0.88150320450625 0.254226064134523
Cd82 4.95680367986478 0.742627351439065 -0.333333333333333
Il10rb 4.94195836143619 0.584924342958472 -0.071289953120274
Rnase6 4.9373871963764 0.966497523291173 0.666666666666667
Tm6sf1 4.93694329635587 0.39548964781945 -0.251676741644138
Ier3 4.93629874304446 0.494482629998807 -0.111445305487834
Ppcdc 4.93287344993638 0.795548901812925 0.322106009519664
Ccl9 4.93154053967501 0.932420226132331 0.589701181026037
Smpd5 4.93061043917798 0.846565914733478 -0.247847488384697
Rps6ka1 4.91620728823124 0.754701534269428 0.157127908019683
Sult1a1 4.90084824082022 0.606996755275691 -0.333333333333333
Cxcl16 4.89914138734937 0.925365334546697 0.663724135223298
Arl4c 4.89637458593566 0.391382471006552 0.44984377316322
Gm3383 4.89383814019524 0.731667387598646 0.473773623986929
Zfp90 4.87905869692104 0.762542299854561 0.522036158419025
Gm8348 4.87787932261809 0.609267236899227 0.394686865714176
Akr1b10 4.87625341369147 0.42611175714551 0.0974230353117124
Tnfrsf17 4.86892915737321 0.965317752446559 0.666666666666667
A630033H20Rik 4.86153247562331 0.861035420891618 -0.100061435468548
Cyp4v3 4.8590680356869 0.751216313986775 -0.333333333333333
Pdgfb 4.8580340528636 0.337683133572379 -0.167836339178049
Lpar6 4.85756064155592 0.616933084084857 0.0523444797181588
Plcg2 4.85352957046267 0.862967932242455 0.126545721490138
9930111J21Rik2 4.84783750909302 0.966012920933297 0.660129209332969
Zfp3 4.84669394412205 0.478803215650435 0.256072281230784
Tlr1 4.84608297368897 0.966386797557072 0.66501505494422
Emp3 4.84593402789323 0.773043771308678 -0.333333333333333
Zfhx3 4.81936487504972 0.751005101693055 -0.0579527357236327
Nlrp1c-ps 4.81569186068283 0.966507334871883 0.665073348718831
Ifi30 4.81324137431198 0.687001450269583 -0.193972046928274
Tes 4.81148289470357 0.793072055418814 -0.198622485215568
Dennd1c 4.80840845412341 0.956050298395575 0.666666666666667
2900060B14Rik 4.80475423026774 0.743268874272888 -0.0265836280484364
Itga6 4.80356086974471 0.663997602026674 -0.333333333333333
Zfp36l1 4.79533405635673 0.642989274557024 -0.115777349088562
Sft2d2 4.79511050687271 0.767452858179259 0.393097651644588
Ncf2 4.78954907060632 0.742562739573187 -0.280372195603623
A630001G21Rik 4.78283594960558 0.944868177731504 0.624032520916987
H2-Ob 4.7679195858018 0.966628811166807 0.666666666666667
Traf3ip3 4.7679195858018 0.93676728809008 0.666666666666667
Tspan4 4.76062775363257 0.552618934404376 -0.132792233874934
Snx29 4.75630908575005 0.715810359436358 0.611123239177442
Ptpn18 4.75460694488248 0.936218403681668 0.37514579982417
Syngr2 4.74901001273251 0.64454756648967 0.13742705017517
Dock10 4.74729905858842 0.63867649256579 -0.333333333333333
Whrn 4.7319385727859 0.482308146265234 0.356225607202351
Gvin1 4.72926730675583 0.838758911935899 0.603177534264761
Irf5 4.72735118298526 0.933354212161821 0.666666666666667
Lgmn 4.72048603535894 0.828190724859377 0.31104874671769
Plxdc2 4.72042109236533 0.659165629855838 0.0189859619883967
Fblim1 4.71948730823008 0.859757855303819 -0.154923653258333
Hrh2 4.71918714112176 0.542935510418328 0.269482246482311
Cd1d1 4.70596528302304 0.760427263818019 -0.189772325717622
Pik3cd 4.69925142385701 0.734436047302375 0.596178529723228
Cish 4.69894721772038 0.610346254503304 0.530927267118856
Gem 4.69516468756064 0.72412895174277 0.631799826818481
H2-D1 4.6910962413023 0.519532001674836 -0.333333333333333
A430071A18Rik 4.68530507486424 0.864554818295624 0.659253962874315
Il13ra1 4.68043356783457 0.802559457143991 -0.204799935255254
Tnfaip8 4.67217118550458 0.598606407083179 -0.305365262672579
Mgat4a 4.66899386815129 0.664558212516463 0.414199344587608
Zfp710 4.66649114410353 0.772796623168841 0.381296791972319
Hck 4.65892224965065 0.950318553840383 0.664705426411952
Nfe2l2 4.65481240031595 0.577903218233488 -0.333333333333333
Olfr1030 4.6515214204128 0.966666666666667 0.666666666666667
Slc11a1 4.64859713094723 0.876010624885097 0.280771019176946
Nfkbia 4.64529999219654 0.618113186650643 0.0107154923597285
Clec4a2 4.6435940869593 0.945937012590813 0.62342028472472
Smpdl3b 4.64081020151602 0.962823481120674 0.663573863690254
Mvp 4.63844205364197 0.891715919448785 0.494122795144862
Spint1 4.63128951637023 0.966617261029141 0.666666666666667
Rcsd1 4.60913533259097 0.770093234053483 -0.333333333333333
Hist1h4c 4.60664382899306 0.784937517022965 0.666666666666667
Gm5086 4.60528623635112 0.810266459260801 0.571162574125786
Nfkb1 4.60488882170266 0.736607680631845 0.35251873764094
Rcor1 4.60207148352872 0.69667695007247 0.511626509033967
Cables1 4.59651610868974 0.713765974315862 0.293663118381929
Ppfia4 4.59257917680452 0.680574041513659 0.0617744580378615
Capg 4.58200851143568 0.750791415656471 -0.333333333333333
Spata13 4.57941597585552 0.802337043510513 0.0721950635223885
Rnase12 4.57580737445644 0.966666666666667 0.666666666666667
Trim47 4.57352817740183 0.86863548645074 -0.295687839286929
Evl 4.57207721347153 0.588549068739535 0.25236254041392
Cmtm7 4.56606788022549 0.954629736936491 0.666666666666667
Inpp4b 4.55944443181205 0.497855656237796 -0.0585546719672335
Il6ra 4.55878089110661 0.806111947628986 -0.157610769366362
Pik3cg 4.55646565479548 0.939336925133284 0.666398453235173
Igtp 4.55619899063857 0.444969505072792 -0.333333333333333
Tmem204 4.54891504828614 0.536328232548276 0.529763431262493
Siglece 4.52971977437073 0.958101850876831 0.645137009125816
Slc15a3 4.52687125921016 0.959178803467611 0.665158783429743
Nrm 4.52366950732561 0.615517337181515 -0.0789993029489967
H2-DMb1 4.51842068933388 0.915936090623738 0.666666666666667
Dok3 4.51679349244659 0.843864928485986 0.666666666666667
Kcnj2 4.51671772584226 0.460073696827211 0.367429541411706
Irf1 4.51135024923602 0.574317144730334 -0.333333333333333
Gm5129 4.50712518726842 0.82065594840833 -0.0836239907807808
Irak4 4.50108238544857 0.699614003437468 -0.284739108014291
Spata46 4.49996181974622 0.630568532176169 0.539699412637532
Ripk3 4.49944091469087 0.947265365824749 0.484572330070117
Gsdmd 4.48776477949992 0.69091242019297 -0.333333333333333
Plxnb2 4.48484611153791 0.752105220026788 -0.0297766951781714
Adgre4 4.47897180503294 0.962493613435147 0.666666666666667
Ctsz 4.4773096845879 0.562110743314289 0.312088343515648
Icam1 4.47270445344456 0.780081097512721 -0.290707817767346
Dffb 4.46468943040775 0.50366451363631 0.450895730451614
Fmnl1 4.46428880183979 -0.163999683987932 -0.263387131440807
2610020C07Rik 4.4626560154193 0.864213640043269 0.632867844950777
Elk3 4.45660808085747 0.677937367693673 -0.216380030530891
Aldh3b1 4.45245217259604 0.730518200164291 -0.333333333333333
Matk 4.45006856497713 0.302225361641273 0.0580735142738094
Il4ra 4.43465414259372 0.771203062562916 0.080680323972173
Gm3317 4.43102077455961 0.764988905760322 0.532040940750253
Gm3494 4.43102077455961 0.764988905760322 0.532040940750253
Fez2 4.41858161985347 0.764111081727329 0.320462574043521
Cd34 4.41693057821074 -0.331516160034707 -0.111544002186028
Rab27a 4.41513190932649 0.685527937994284 0.406862955368475
Ptgr1 4.40544338221726 0.794524608915558 0.265970763259431
BC049352 4.40453726107023 0.888850985439635 0.663630743308537
Cd84 4.39954821546359 0.859051490870655 0.456967207814778
Abcc3 4.39761629784987 0.964836890336982 0.666666666666667
Cyp27a1 4.39426430746522 0.794673036555722 -0.273380633260248
Erap1 4.38769999375309 0.680274312907924 0.25075172125327
Rreb1 4.38743553957482 0.791055589487802 0.521895205380651
Hfe 4.37990857475842 0.730722148632904 -0.333333333333333
2610528A11Rik 4.37614512640145 0.926391527994833 0.666666666666667
Lrrc34 4.37413859347761 0.919271267182563 0.665497075042888
Ehd4 4.37298694076154 0.721975231605694 -0.244493344631953
Upk1b 4.36648118014768 0.966666666666667 0.666666666666667
mt_AF093677 4.36240965422067 0.588915059270887 0.310542785108339
Eva1a 4.3620529789104 0.810557495093367 -1
Slc9a3r1 4.35953179354917 0.721473235935599 -1
Dnase2a 4.35896349488828 0.728476978822156 -0.16763021304567
Nfatc1 4.35500787454861 0.82540865689322 -0.0770763340966377
Oas1a 4.35438163211332 0.956557542466273 0.666666666666667
Dcxr 4.35072305209016 0.79045712341967 0.655836480217195
Pycard 4.34175196379098 0.815391056812897 0.412641850796898
Man2b1 4.33688938740327 0.720408528601418 0.20684900209227
G530011O06Rik 4.32388315894624 0.781417959978809 0.106969641639561
Ctc1 4.32241700768309 0.777652309895367 0.031074674149618
Gm216 4.31199381180016 0.696532952478146 -0.333333333333333
Rnf130 4.31051324153794 0.694989974836546 -0.0420405227975011
Sat1 4.31013762185735 0.677101610784047 -1
Ifngr1 4.30953870359816 0.686731740338907 0.214848214173204
Ivns1abp 4.30559261806331 0.825926201700393 0.584191508470997
Hist2h2aa1 4.29355153632696 0.645096088260213 0.23587656989896
Arap3 4.2921210964555 0.772833207957813 -0.333333333333333
Il6 4.29137584197913 0.96644328245931 0.666666666666667
Snx5 4.29014991502953 0.807603725610047 0.267115068271355
Btg1 4.28477230080265 0.577115881839297 0.533644995703375
Ptpre 4.28231020906904 0.451897755538783 -0.18823986770964
Trim12a 4.28162391879988 0.681817138802798 -0.333333333333333
Ctso 4.27975348859131 0.55602839879774 -1
Tcirg1 4.27663524123595 0.571505984664058 -0.293145828181828
4933406I18Rik 4.26681877017667 0.81299106065715 0.078152551673813
Gpsm3 4.26236636604144 0.95836612350101 0.648869662031133
Tmem106a 4.26177567544383 0.829580276823526 0.66160857653917
Gm15880 4.26173975229645 0.916961307570294 0.617014684477112
Litaf 4.26115717839913 0.619236055128192 -0.333333333333333
Junb 4.2596885979072 0.709269674093794 0.0579702808549671
Mtus1 4.25854788435238 0.462532124916537 -0.304979548480097
Tgfbr2 4.25146296866229 0.592461644445966 0.576555053271221
Gm20257 4.25004017597172 0.655222476386802 0.211870441243808
Slc7a7 4.24915988239939 0.882193677758329 0.114920588335024
Ttf2 4.24053031671797 0.925572693495295 0.492594266869437
Rasl2-9-ps 4.23549665722734 0.91742025644695 0.659929183464079
Heca 4.23069504314597 0.676130934848083 0.627085694047364
Csk 4.22319304562201 0.679847603066868 0.397877162146958
Pkib 4.22195387062255 0.551228997563173 0.407337816706564
E230029C05Rik 4.21826244975874 0.859993096943166 0.663423882418695
Pros1 4.21547736781284 0.639404739996096 -0.0554680136671909
Slc16a6 4.20925147747115 0.777383674113999 0.664016301240365
Atp8a2 4.20665940317347 0.645793467169389 0.447644726173904
Tmem63a 4.20501818416547 0.752897548698349 -0.333333333333333
Parvg 4.20266704241584 0.934014957533476 0.665480118093546
Prr14 4.20245737185358 0.641314341831861 0.150239011339454
Nubp1 4.19826194981547 0.688627165038937 0.549916594645744
Psd4 4.19279008569735 0.912175431609235 0.665750924501722
Mir5129 4.19162007254163 0.893399527872571 0.666666666666667
Ptpro 4.18905985318817 0.539495760358224 -0.20546616792412
Hist2h4 4.18563901539663 0.643513512443231 -0.0289131502996121
Eno3 4.17339127364356 0.695917652263385 0.440799080017829
Sema4d 4.16453135560277 0.732027666082385 0.569859552302206
Tspan32 4.16419385714644 0.966506523292321 0.665130217557159
Tmem176b 4.16376753198701 0.383916605310605 -0.333333333333333
BC013712 4.16086153131131 0.944919426965597 0.662377787939932
Ninj1 4.16079963117388 0.54627156775293 0.603997679251279
Rassf5 4.15789192646205 0.648623996696511 0.586497800085924
Fam212a 4.15487576149047 0.743140056478102 -0.333333333333333
Hps3 4.15126501937346 0.767992676198383 0.198386299190108
Galnt12 4.14974711950468 0.905194295651679 0.666666666666667
Trip6 4.14762847837868 0.733761010093786 0.12465240817517
Rab32 4.14665221278276 0.876692766952929 0.666666666666667
Spg21 4.14038295193062 0.681836435635251 -0.181212163712815
Fgd3 4.1375757498253 0.716718374085916 0.429769810837255
Pfkfb4 4.12548058755003 0.636042028721746 0.615922501411836
Tmem8c 4.1197334409839 0.758932849288555 0.621058828363332
Rbl1 4.11906912158639 0.764014799976866 -0.170921839189248
Ccng2 4.11770859437044 0.540102808440416 0.565138479358139
Nfkbiz 4.11633398806011 0.761957611181295 0.16406198573953
4930594C11Rik 4.11531834109434 0.790791460135544 0.651921311611678
Frmd4a 4.11390480139803 0.731582308461275 0.316317495384727
Nagpa 4.11230312975053 0.676942835422116 0.454156775352799
Abcg3 4.11179452000011 0.863312778730119 -0.215077530748567
Pcsk7 4.10608460720404 0.638101598147886 0.583404735344372
Ndst2 4.10435916495322 0.705702688522263 -0.142364243339745
Htatip2 4.10306803990919 -0.363809452709165 -0.227175716979303
Soga1 4.10074224525098 0.810988904346478 0.528670561789314
Zdhhc14 4.09627335900859 0.650541241967353 0.223070797668001
Spi1 4.09492609967685 0.966490716883052 0.66588463665275
H2-DMb2 4.0913921084297 0.920027352228805 0.666666666666667
Cd180 4.09027605219036 0.965625246538573 0.665805499052818
Ppp1r18 4.08990162136878 0.789985424305496 -0.122833184448443
A130040M12Rik 4.08947310839343 0.699524677354564 -0.326440252894717
D11Wsu47e 4.08753401008483 0.564843576446326 0.52403636471183
Tifa 4.08722184638993 0.701793363655368 -0.280231572019127
Gm10052 4.08677708952381 0.542814044326029 -0.245753499135569
Prkab1 4.08466093276997 0.632803803922949 -0.242307541519102
Il17ra 4.07296553295305 0.635924630322573 0.616596658913482
Gbp2 4.07223202408453 0.701581604249876 0.467379184813233
Stambpl1 4.06993215412993 0.203505056421057 -0.227523454892942
Rptor 4.06937877416483 0.667028844510754 0.456896230927221
Myc 4.06703123579137 0.605611291601756 0.0556615734491427
Usp18 4.06628357357556 0.679499387199586 -0.0102993412683271
Zfp59 4.04903652732112 0.686371704596634 0.565313200022847
Lrrk1 4.04289519913402 0.779039794576582 0.132299107900216
Rrad 4.03971818798594 0.835073783247361 -0.148062915475578
Hist1h1c 4.03964015881494 0.787454792568546 0.217781711956088
Lyz1 4.03394839961236 0.930992189416525 0.664928801389956
Bnip2 4.03306603021093 0.528136941443935 -0.240114780950575
Gbp3 4.02282491935997 0.682378223125549 -0.317718295083231
Sirpa 4.01775800990425 0.548975130074935 0.0594974459850879
Arrdc1 4.01075694809787 0.504601020881244 -0.333333333333333
Egr1 4.00694143177206 0.443298940027681 -0.119941251724934
Siglecf 4.00633076258613 0.965712287109322 0.66558726771069
Heatr5a 3.99671831016616 0.739438610368157 0.174583842502421
Fcgr4 3.99589560166726 0.966442682547118 0.664426825471177
Tjap1 3.99247737814108 0.742954986731461 0.021809209602003
Tnfsf12 3.95306749434302 0.616273337749634 0.110206414382584
Rel 3.94906199045927 0.780350872471383 0.665087664754384
Fam102b 3.94652960590473 0.716752790358174 0.0402234846257541
Cyp4f13 3.94078380305895 0.698637349622641 -1
Serpine1 3.93575706848525 0.937687513444237 0.665447840183958
Naip5 3.9331241875143 0.87356120735812 0.555410215919668
4931431C16Rik 3.93201288532981 0.94220310412524 0.66496038201991
Mef2c 3.92752963051616 -0.395847401474306 -0.222620084300335
6530439I21 3.92739780706529 0.907770917355083 0.334666582601879
Grn 3.92316580629996 0.749454838224504 0.536187677450336
Gucd1 3.91461913666233 0.450418438908456 0.444649630485823
Bin1 3.90433815984009 0.708489969924992 -0.0926723046789566
Ntpcr 3.90391038784066 0.69011857164321 0.33229090188064
Klf4 3.9016457040883 0.64778337140281 0.455165929563265
5031414D18Rik 3.89719780033343 0.895081653742443 0.666256127150572
Npl 3.89666629254291 0.513634944319694 0.434374683338754
Gna12 3.8965320616385 0.744923997049813 -0.116181663196859
Gimap9 3.89308653148954 0.74926358529429 -0.333333333333333
Zfp429 3.89280679793103 0.661504879411143 0.571920779999702
Tex12 3.89151671413033 0.803379663560223 0.378022721156941
Gbp7 3.88999400538771 0.561145722748608 -0.0964949606256921
Pik3r5 3.8838528099835 0.852760329154706 0.440885529303124
Tgfbi 3.88379885342634 0.811825737874094 -0.333333333333333
Pik3r6 3.88264758670282 0.491167392256306 -0.333333333333333
Thrsp 3.88048853727384 0.126112542274746 -1
Socs3 3.8796067759142 0.834619234149389 -0.333333333333333
Dock11 3.87900864371124 0.747807040473514 0.307290962625135
Tlr2 3.87858437879942 0.966349792183984 0.665871622630857
Ttc7 3.87586405701014 0.803344560368817 0.665295229353931
D030028A08Rik 3.86705385278301 0.412766173919725 0.400458522863939
Card19 3.86573727988712 0.612235902981427 -0.333333333333333
Il7r 3.86356514093021 0.964709201134079 0.664685876077339
Snora81 3.86071593296083 0.712457262807833 0.147497190349812
Frmd4b 3.85783824021035 0.631027795943814 -0.161850964572922
Mob3a 3.85642869784031 0.690544063520477 0.433462620596828
Cd79b 3.85286143506992 0.966048940187052 0.666666666666667
Smad7 3.85251211445681 0.660295779809908 -0.0832838547304271
Map3k8 3.84697265098249 0.605100609037412 -0.333333333333333
Snn 3.83963076925942 0.534531468599515 0.193006103948615
Piga 3.83436507325956 0.588711708741926 0.431558084354483
Gm5796 3.83426411336677 0.571712450767558 0.381443420593428
Ncaph 3.83348870334552 0.76388154456065 -0.333333333333333
Hcar2 3.83270592649818 0.966603979344187 0.666666666666667
Fkbp7 3.82928154107789 0.410661943285463 0.385490030771879
Idh2 3.82788115199356 0.689610067914574 0.553085574832923
Antxr2 3.82717491042523 0.734222021191254 -0.333333333333333
Rfc5 3.8216006619874 0.601213614304365 0.173491563908932
Plekho1 3.82054130414868 0.593355162944894 0.245091749932693
Serinc3 3.81708778926295 0.676369807889768 -0.267430176431174
Tap2 3.81158449380112 0.814755523590942 0.652325131006801
Phf11 3.80922187394002 0.911229730773732 0.18489666758821
Nat2 3.80526366101895 0.766591168737509 -1
Bcl2a1d 3.80454173616611 0.964582046717872 0.666666666666667
Tlcd2 3.80290052893552 0.816253931166505 -0.0534253422128051
Srgap2 3.79783602618635 0.776345995515001 0.252880344888664
Gm3500 3.7974481406455 0.598812606884808 -0.0250314738831435
Olfml2b 3.79648505709675 0.520499379304605 -0.126849930364619
Pag1 3.79603246486397 0.770552562618231 -0.00188047127847568
Mafk 3.79269390635889 0.806827180528577 0.557144487080603
Ctsd 3.78782492901931 0.783549275625763 0.61822958229222
Accs 3.78608047396695 0.6574689078564 -0.244101608333723
Gramd1a 3.77943647403047 0.733593973478022 0.0647968007450795
Slc29a1 3.77648463180044 0.197520166399312 -0.280088833005565
6030468B19Rik 3.77252608644832 0.963330200466301 0.661256641715239
Card9 3.77085003016197 0.948879757200224 0.665311820736217
Elf1 3.76747286906537 0.712160490917499 -0.333333333333333
Hmox1 3.76524444729863 0.45075113808953 -0.170690993530314
Tmem86a 3.76252515335422 0.5436686742484 -0.333333333333333
Xlr4b 3.75836936455801 0.879136657717775 0.66522061306176
Pyroxd2 3.75780669675057 0.726706596399243 -0.333333333333333
Ly96 3.75660701265314 0.569340293493943 -0.107340260489058
Man1c1 3.75106872046037 0.421787145825531 0.0703707458269268
Mir3101 3.74708767848435 0.72565674658551 -0.0985548196076351
Rtn4rl1 3.73685701603637 0.12292577558505 0.0272526075795097
Lrrc3 3.7363537284282 0.807181883650502 0.492050808807242
Cmtm8 3.73363649001901 0.784750088188703 -0.333333333333333
Tln1 3.73311157953741 0.726691840928512 0.516290166726767
Rhob 3.72755360182006 0.650618052538211 0.296051852220943
Abcd1 3.72493364153428 0.711859124155146 0.0710612977267335
Vwa5a 3.71988942208425 0.657560034467761 -0.185849704167974
Vps9d1 3.71935555300707 0.269709289879678 0.313084477169874
Sp140 3.71641893402841 0.823097611343147 -0.333333333333333
Slc46a3 3.71623490151529 0.529699467785054 -0.333333333333333
Cntd1 3.71592472900598 0.852669068592037 0.376961078434906
BC029722 3.71458746735666 0.275711178221324 0.495039185990351
Galnt10 3.71051986189833 0.814608998014588 -0.193576839042667
Creg1 3.70631679680038 0.603540760227017 0.41326786208147
Kng2 3.69457632892173 0.96658244688412 0.666666666666667
Gns 3.69172820869433 0.786580798460765 0.298755538396176
Frmd8 3.68253606959677 0.603128164618185 -0.0798959522319707
Leng1 3.67590921270961 0.825973650397998 0.438634945746578
Hist1h1d 3.67450971147927 0.956099923883038 0.628523371049951
Mr1 3.6687147836037 0.835717065565258 -0.0508280931094993
Ppp1r3b 3.66626667373441 0.908600878784685 0.625966571953244
Tlr6 3.6648965163649 0.865600865887872 -0.333333333333333
Adamts1 3.65730107304516 0.628568398684794 -0.273533630245882
Zfp658 3.65242666003686 0.727626195219054 -0.0505331311860937
Ovca2 3.64438999524643 0.332519175734987 0.301795343580268
Sfxn2 3.64350945730813 0.745852779677975 0.448569600708052
Prcp 3.63865126442463 0.407182960605789 -0.333333333333333
Ccnyl1 3.63798451304068 0.584004212487371 -0.0455078110524641
Hspa1a 3.63479517875195 0.782393909146343 0.142422314543297
C1rl 3.63305901993132 0.899928773761005 0.591987936319751
Qrfp 3.62970374844101 0.924469201684061 0.563938170105233
Sco2 3.62757874936872 0.500424426795027 0.0854320496744709
Nhlrc1 3.62718881930039 0.693025451575478 0.666245880945079
1700013N18Rik 3.6210600079758 0.610937950691295 -0.304991443088448
Reep4 3.61985506239495 0.868241349281438 0.577579655378781
Plekha2 3.61790108796215 0.389321864845282 -0.333333333333333
Col27a1 3.60933731254214 0.883584099057941 0.0612786640712665
Tgfa 3.6065103067219 0.608608921605578 -0.333333333333333
S100a4 3.60618577180816 0.695608057399945 -0.333333333333333
Trim65 3.59881096353889 0.777670981934318 -0.21062757330919
Dnajc13 3.5976507959352 0.739089627697382 -0.0153129977172443
0610039K10Rik 3.59425466836846 0.921774187969665 0.658187983549177
Osbpl11 3.5933554401757 0.776445608791237 0.515671460060805
Khk 3.57748127470373 0.666455205688909 -0.0631445473917259
c5_SSU-rRNA_Hsa 3.57481073009463 0.778610468049888 0.250556231349972
Lyl1 3.57469830708542 0.901483299092828 0.0428406921839303
Plxnb3 3.56976091555293 0.741809256773036 -0.191746743478166
Tmem154 3.56875072982327 0.749604997435201 -0.333333333333333
Abhd1 3.5624619731776 0.515653581112734 -0.333333333333333
Tmem219 3.55844160395491 0.630213343115979 -0.0657971397967454
Zfp52 3.55505406940345 0.662123553717762 0.281149575569389
Tuba1c 3.55379594401901 0.491592914602292 -0.328151868772578
Zfp385a 3.55375791172796 0.465667380364963 0.450003699735213
Chst12 3.55200780327226 0.407239788116699 -0.323849019934941
Tbl3 3.5485687225966 0.649335220735426 0.418502004910181
Sapcd1 3.54502478070112 0.81006659969625 -0.203015460135592
Uchl4 3.54448842320351 0.754670037775332 0.645141033566523
Ppp1r15a 3.53978860195153 0.591844759826292 -0.177358927747391
Cenpn 3.53237648219798 0.612671571652646 -0.321871932471364
Maml2 3.53126158435846 0.553117842600679 -0.333333333333333
2310040G24Rik 3.53078582709243 0.129685974483371 -0.0851664558263049
Arrb2 3.52824838169033 0.749188967801613 0.562196907514288
Slc37a2 3.52823392047511 0.921515992265888 0.666214556397434
Mcur1 3.52791106040118 0.606016995325423 -1
Gm10248 3.5271499723381 0.966666666666667 0.666666666666667
Srpk3 3.51858407103835 0.512685042718888 -0.224544034544684
Fchsd2 3.51589490513913 0.577782761509264 -0.275482758457673
Rgs19 3.51516353968082 0.564703744298267 -0.033697242747995
Fgd4 3.5100832640542 0.477548241774857 0.584276924373748
Sp100 3.50838685975697 0.649761440400223 0.14825957625983
Arsg 3.50697528058199 0.558333402362027 -0.333333333333333
Uhmk1 3.50572510115611 0.445879741075459 0.485039309518794
Heatr1 3.50272873607585 0.705841657862646 -0.0174587688840025
Batf3 3.50271248596606 0.787334690013094 0.666666666666667
Rras 3.50251808071306 0.567481671754297 -0.138208655197517
Mctp1 3.5021085126856 -0.373224440548057 -0.365421359900511
Zfp619 3.49973925631978 0.722565261092259 0.64163989085117
A830052D11Rik 3.49884259896397 0.675459383866882 -0.118955593433971
Dhx58 3.49179647289891 0.708004395872529 -0.333333333333333
March1 3.49172410502044 0.108896632198877 -0.166160576357692
Smad4 3.49164221789911 0.614350377941158 -0.231309180291753
Cd300a 3.48808100466464 0.867206597796847 0.51588896287083
Eif3f 3.48788724718891 0.56775014317264 -0.193557128695469
Slc26a6 3.48093440989935 0.631083766042087 -1
Spidr 3.48080613133747 0.684363705368897 0.106046807136458
Mcl1 3.48051768085214 0.602751208126743 -0.315516514651906
Ptafr 3.47844238644765 0.966614255672454 0.666666666666667
Tubgcp5 3.47681295210539 0.781076481381968 0.41971457072194
2510039O18Rik 3.47570287757118 0.684677774915718 -0.00693780616214142
Khdrbs3 3.47393025128327 -0.193058921375064 -0.475408954955111
Fhl3 3.46690328777155 0.755649505490221 -0.333333333333333
Slc7a8 3.46474079063793 0.239462409039123 -0.125524135404089
Myl2 3.46466826700344 0.824967512750576 0.431309282942117
Borcs6 3.45950879123654 0.534759132725099 0.305524058062465
Gm13139 3.45699334616106 0.613599625693175 0.508117579775776
Hyi 3.45258438445031 0.660051005867825 -0.0174352130375057
Arhgap22 3.45029034005588 0.792217049144721 0.578840770352292
Dusp1 3.44896814987076 0.578611661124285 0.334001650338234
Rrp8 3.4485937868515 0.565127088141269 -0.25222825839118
Tpm3 3.44769208890121 0.743387979468035 0.231474931256771
Rfx1 3.447591757332 0.646781159329585 -0.205485356920703
Cd80 3.44553045113624 0.941265449020474 0.652053156784231
Sh2d4b 3.44482962551418 0.902648586524548 0.6647190706245
Fam107b 3.44094070322336 0.699671909363776 -0.323246451063448
Slc9a9 3.4362881605832 0.446119554311715 -0.0176774711344237
Il15 3.43628658413147 0.657210862595156 -0.321645235004631
Slc38a7 3.43351308121173 0.656689576627996 0.557542047648918
Cln5 3.43219094468484 0.688169310888172 0.255110984913686
Mir24-2 3.42949423832916 0.950346990777832 0.666666666666667
Slc25a37 3.42944180083779 0.599146043968011 -0.0647661131130734
M1ap 3.42870276971557 0.966523665022235 0.665732522851588
Pon2 3.42664398411098 0.513085129412608 -1
Hapln4 3.42601739638356 -0.144823285841642 -0.33162349810558
Zfp229 3.4246898974071 0.72583855627778 -0.0460779369522114
Cotl1 3.4180036351592 0.692161588038731 0.32963670486199
Dnase1 3.41529429925393 0.717796101654535 -0.125423528297416
Lrch4 3.41102004938609 0.759338211794283 0.0123616351609726
Cklf 3.40945475949711 0.568034659120471 -0.280065982112689
Gm11545 3.4089295857191 0.964968698848761 0.664863354547929
Gm9320 3.40706892842498 0.743421634344085 0.0762422987047397
Tom1l1 3.40421187299073 0.320391379296852 -1
Fes 3.40406937125007 0.816355437453061 0.408266722685116
Slamf6 3.40283378248057 0.963473599782111 0.666666666666667
Notch2 3.40183002020281 0.619636465950884 -1
Ubtd1 3.40162879390245 0.74019344363544 0.664230193066572
mt_BC081549 3.39965358041761 0.47178159334913 -0.179823058889061
Cyb561d1 3.39740526246064 0.468115713990302 0.551000017184247
Gng10 3.39201153885507 0.602804117716937 -0.150581733954876
Parp12 3.38767514420559 0.702249882225672 0.511197838875787
Stk40 3.38647160802552 0.698554542462279 0.647090961312748
Myo1g 3.38423823428069 0.965441303211941 0.666666666666667
Cryl1 3.38285079694732 0.324960436723725 -0.258204380837167
Map3k14 3.38115211884128 0.737741189381442 0.597075531045016
St5 3.37961000554532 0.651560821351868 -0.278200466759109
Kcnrg 3.37609327014889 0.68968775836282 0.0628000041381067
Bid 3.37608897138747 0.324351734453127 -0.16259941017732
Ltbr 3.375428649892 0.59635591688007 -0.333333333333333
Sec16b 3.37154907723815 0.823985036607121 0.663072465849634
Fhit 3.37121444342179 0.0535137581867926 -0.360723690293837
Gm16861 3.36688871803994 0.753432227653197 0.46739380559044
Bcat2 3.36530091631914 0.423703086370277 -1
9930111J21Rik1 3.36470803480399 0.692297470651586 -0.333333333333333
Ctsa 3.36375203886752 0.767745904364836 0.15721851888374
Slmap 3.36011807192448 0.562767422802369 0.424819629142371
Kcnk13 3.3598934949981 0.837155913645823 -0.333333333333333
Gp49a 3.35486243964553 0.966562972886278 0.666666666666667
Stoml1 3.35167268046223 -0.338472623548741 -0.245004879347816
Phc2 3.34817273467517 0.585757092149225 -0.139169756356086
E130215H24Rik 3.34800448937061 0.773378619655621 0.666666666666667
Engase 3.34740754963119 0.839162226433147 0.584332356658484
Asph 3.34638953554949 0.477834635565495 -0.192668831658427
Mknk1 3.34473589494157 0.736980749588091 0.42574020475564
Acer3 3.34259877478796 0.627875346240764 -0.127541105149862
Ly6e 3.33811818586221 0.271678661591818 -0.333333333333333
Calcrl 3.33806752234538 0.557194114545036 -0.333333333333333
Sh3tc1 3.33804313907523 0.785883428392735 0.181165603767789
Gm10825 3.33623449926877 0.9436137628831 0.663516244853698
Mcat 3.33184398486268 0.575129609201257 -0.0156118761141592
Nav3 3.33176022546795 0.518654115946581 -0.0612096130074418
Tnfrsf22 3.33099572324698 0.766669799134599 -0.202825460669285
Skil 3.32675775970529 0.237986805058249 -0.285575888850034
Irak2 3.32492123161035 0.683714686389329 0.0122940026559137
c1_tRNA-Ser-TCA(m) 3.3248331539793 0.768900209129394 0.427165450086876
c2_tRNA-Ser-TCA(m) 3.3248331539793 0.768900209129394 0.427165450086876
cm_tRNA-Ser-TCA(m) 3.3248331539793 0.768900209129394 0.427165450086876
Dhtkd1 3.32433042621846 0.691537853559533 0.114851056125567
Trpv2 3.32427133113244 0.276467509463009 -0.0656386159573841
Rnf135 3.32321164917684 0.606177288851605 -0.252204437654771
Nr0b2 3.29785837374148 0.966666666666667 0.666666666666667
Clcf1 3.28405642115189 0.882177035134982 0.666666666666667
5730435O14Rik 3.22769907455696 0.814491921653263 0.666666666666667
Nlrp1b 3.20113595214891 0.957807402217642 0.632305494458135
Epsti1 3.17849736237172 0.966603661892762 0.666666666666667
Ankrd13d 3.17588945262619 -0.223246818866067 -0.207506797203515
Ldlrap1 3.17352001032458 0.956700721175409 0.664377861348751
Usp50 3.16753807095089 0.86044422510842 0.665053510396729
1700011I03Rik 3.16240048433655 0.902337977039979 0.666666666666667
Plcb2 3.13265543691905 0.909848943006251 0.666666666666667
Comtd1 3.13050421692697 0.342799842428722 0.133888132823791
Kcnd1 3.10236954559846 0.727979643320445 0.567481313624758
Myo18b 3.0971300585077 0.934477437439932 0.666459705976727
Haus4 3.07895945096867 0.709841534511114 0.570375352357716
Mir425 3.01881218574282 0.772381543475031 0.594123995309518
Runx1 3.01304538205027 0.89565007783751 0.127969575478427
Slc24a1 3.00816523859756 0.909800323571635 0.666590802701737
Fam78a 2.99420104315392 0.796303594438655 0.666131745872022
Rab19 2.9888912138702 0.956026747459584 0.666666666666667
Smo 2.98776441617739 0.845178335879094 0.37382467542143
2610020H08Rik 2.97705749822017 0.67115873489667 -0.333333333333333
Cahm 2.9747766843557 0.900179800315555 0.65253680864668
Trim30a 2.9612910172996 0.825043162896067 -0.333333333333333
Mir1894 2.95250300615388 0.897257574589428 0.666666666666667
Icos 2.947411136018 0.966509976949503 0.666666666666667
Mir133a-2 2.92211133254729 0.965032262893071 0.666666666666667
Ccdc88b 2.89283255462102 0.961958009094503 0.666666666666667
Fgl2 2.88264771887317 0.920047470230374 0.665477179808068
Tslp 2.86275745326277 0.791330426620625 -0.333333333333333
Klrk1 2.86185574030462 0.929490538424646 0.665085277647964
Card6 2.85109459296172 0.789911296879358 -0.333333333333333
Nlrp3 2.81816972074476 0.96539215050744 0.665984478744846
Klrd1 2.78307561902204 0.966589910418346 0.666666666666667
Snord83b 2.78240856492737 0.892971703602543 0.666666666666667
Tlr9 2.78125322875408 0.956888324210773 0.665975728908255
Elf4 2.7733693578878 0.962920792269313 0.665858415524605
Gm10413 2.76937098470742 0.837561667167292 0.628969133663556
F9 2.73469299974256 0.964174962314686 0.661177654466037
Tnni2 2.70627937384763 0.966666666666667 0.666666666666667
Guca1a 2.70336250066899 0.964084022769656 0.666666666666667
c10_tRNA-Asp-GAY 2.69983749757563 0.933597638452157 0.571522315326822
Plxdc1 2.67125192612228 0.00951683597128249 -0.260063185015393
Parp14 2.66005437927381 0.856285942406876 -0.333333333333333
Hist1h2ac 2.65664036135895 0.964069534722562 0.661535446546723
E130317F20Rik 2.63637064343874 0.85891048825539 0.663241146960495
Cnga2 2.62360038296472 0.717793921547622 0.43147058728411
Mettl7a3 2.6106569932713 0.952110026669979 0.663725431932683
Cmklr1 2.61039904249135 0.922293137307501 0.358300822352996
Fndc7 2.59751374102209 0.950281786467207 0.610093472678387
Rcc1l 2.57795060336578 0.364481241614422 0.291528222289089
Mir142 2.55548153948763 0.966666666666667 0.666666666666667
Slco4a1 2.54473265593262 0.801465948663573 0.665785214155299
I830077J02Rik 2.54158241985718 0.934100022341829 0.666666666666667
Scarf2 2.52120684232411 0.96031670232535 0.664637494094688
Cryba1 2.51417965688217 0.901020222075508 0.666666666666667
Csf2rb 2.47956659551131 0.954061145523465 0.615727558837133
Cdca7 2.46895830848923 0.430588273638662 -0.428079681604871
