Plp1 8.34441794110347 0.741858814369594 -0.333333333333333
Pllp 8.18718079678249 0.764539722221564 0.582655730672012
Cmtm5 7.84892413594291 0.765034509802276 -0.333333333333333
S100a16 7.54956241491633 0.626725379743413 0.123594424817158
Cnp 7.27918862545137 0.71335858855944 -0.290081210173069
Ugt8a 6.613650340632 0.782916935803136 0.0303788018901367
Gjb1 6.6075754706478 0.900418249728313 0.0835916411267413
Tmem98 6.56689200166677 0.678971525418068 -0.316901358177148
Ptgds 6.51902744293403 0.622337136789088 -0.34355349907149
2810468N07Rik 6.28464007346765 0.588649977119361 0.495128349249239
Lims2 6.18207896235095 0.667343723178818 0.0298071186520264
Cyp2j9 6.16320041642085 0.768988486117953 -0.312621406252115
Plekhb1 6.09048124915079 0.640795492812281 0.209024276808274
Mog 5.88259335131727 0.828638586777466 -0.333333333333333
Olig1 5.84437711752442 0.860092978575768 0.27116003660378
Enpp2 5.81848924514818 0.573557476440903 0.312404658824066
Bcas1 5.8100165972852 0.86569422270336 0.385514265771508
1700047M11Rik 5.80726457764134 0.925831589324589 0.297347372752882
Gsn 5.78705715018677 0.687714016332019 0.108378669770337
Cdc42ep2 5.7363414463966 0.398348778021643 0.221925356329776
Gpr37 5.7243554286601 0.745725664107671 -0.333333333333333
Tnfaip6 5.69316159174492 0.638317297279557 0.0807150398254292
Kcnj10 5.67489422615917 0.804191192324424 0.193254112479642
Pls1 5.63508590861213 0.742267442025442 0.238703204263958
S100a13 5.61105622661233 0.592686994267405 -0.333333333333333
Dusp26 5.58712016572726 0.147613099244457 0.346706825614847
Tmeff2 5.49662974975516 0.343372394359394 0.155012445346854
5031410I06Rik 5.47010097319721 0.965929282304127 0.502373912373253
Fa2h 5.46522042474101 0.952604525298963 0.320506489018138
Cryab 5.46078400325193 0.221580779108741 -0.267099258143812
Ninj2 5.45280141357376 0.882152839073491 -0.209085200512112
Opalin 5.38220849397373 0.845727812190575 -0.333333333333333
Tmeff1 5.32503565436896 0.52410230911888 0.436605271239907
Gatm 5.31459235642958 0.617494333712099 0.000487427062621414
Psat1 5.30610242211337 0.482530807574361 -0.333333333333333
Scrg1 5.29123559697832 0.587870776447479 -0.333333333333333
Mal 5.13876957305621 0.652081548473344 -0.333333333333333
Cldn11 5.09225813007802 0.824603424077018 -0.333333333333333
Sox2ot 5.06719239644598 0.564717663710328 0.506554182435746
Tspan2 5.05498246957564 0.577217560369373 0.0558292668387888
Prrg1 5.04667398283668 0.585947086509635 0.0785080705883135
Il33 5.01786694523935 0.735277938849574 -0.333333333333333
Sox10 5.01336551212852 0.962580892568389 0.617470054502703
Edil3 5.0075583832592 0.018384609344996 0.135039275486156
Fam234a 4.96321833047155 0.739584515279657 0.627535418028657
Apod 4.91267435353498 0.603008866953159 -0.333333333333333
Prkcq 4.90456445658235 0.81219298845269 0.141812794050229
Frmd8 4.87998656706569 0.778335143982282 -0.0798959522319707
Gng11 4.87172806994286 0.591764781542867 -0.329999399055749
Tubb4a 4.86838263893265 0.24280628085709 0.0716442012344929
Ttyh2 4.8531721757765 0.559594404297803 -0.333333333333333
Efnb3 4.84733043868944 0.729379680075496 0.363089040762256
Bfsp2 4.8347732067424 0.946282358792382 0.285938714375344
Plekhf1 4.81885252075938 0.902730393558898 0.314318207121258
Ermn 4.78039761243568 0.813829417890131 -0.333333333333333
Aspa 4.76461109751609 0.858850519759844 -0.333333333333333
Slc6a1 4.70799365625772 0.160579810502914 -0.0469073640861679
Carhsp1 4.70303574665816 0.741617528984932 -0.0482807655989046
Il1rap 4.68337208548601 0.443523376808687 0.394180619531762
Gal3st1 4.67510021174401 0.894141582117232 0.601217939101184
Grb14 4.66153769498812 0.641200042185644 -0.276335677923178
Olig2 4.66142385477131 0.900527796742942 0.288591723738006
Anks1b 4.65909498823322 0.114466388489699 0.348574113673245
Cdh19 4.63214189776916 0.883271292504312 -0.333333333333333
Serpind1 4.61434535981727 0.729754051228683 0.619091923793179
Abhd4 4.56630852226486 0.60060074431074 -0.333333333333333
Gria4 4.50017694173003 -0.160150482258946 0.0480893854358509
S100a1 4.48671029356262 0.490102924538813 -0.333333333333333
Qpct 4.43758040304036 0.3506086363515 -0.106198829204723
S100b 4.43499000742827 0.418568218883956 -0.333333333333333
Serinc5 4.426300065635 0.742963168350642 0.558699419404564
Trmt10c 4.39580319067456 0.262534470229609 0.215518685547236
Creb5 4.39401983508246 0.874158727367529 0.569136092563716
Speer7-ps1 4.39096148677956 0.796005279597425 -0.144886962274334
Evi2a 4.38552954797554 0.586663851580974 -0.333333333333333
Stmn4 4.37692488544947 0.157148965701818 0.0489998030268011
Dbi 4.37414189531133 0.725273915288343 0.42854586598699
Pstpip2 4.37202884903924 0.611465378077248 0.626533946409379
Jam3 4.34470683197222 0.574739285823672 0.0222095480429328
Rftn2 4.2850764418553 0.830258095946602 0.168899362691541
Gab1 4.273453116588 0.750316462449422 -0.178213355477537
Rhog 4.26509529106328 0.653634592439654 -0.333333333333333
Olfml1 4.25858127457241 0.780887096667705 -0.333333333333333
Dock1 4.23288913313144 0.650671209767135 -0.335242114552239
Prox1 4.21093190721328 0.862416408028722 0.399693332757288
Elovl6 4.20016650107199 0.464620076237166 0.616516660699276
Fbxo7 4.18463117660537 0.811045861989246 0.476540471758623
Litaf 4.17309913597493 0.68848739790988 -0.333333333333333
Trf 4.13943450519051 0.653872118302266 -0.333333333333333
Sorcs3 4.13658438311846 0.0860609365860474 0.00753842474918115
Sema3d 4.11446380297398 0.788732962358356 0.117604560502947
Aif1l 4.11019463460415 0.749638327385855 -0.333333333333333
Cd82 4.10667249412932 0.731530382361501 -0.333333333333333
Prkcz 4.1004696618187 0.335662660136633 -0.01112265051128
Wipf1 4.08275881892816 0.748291055528192 -0.333333333333333
Pdgfra 4.07121596619134 0.718316199704154 -0.400464764704154
Sorbs3 4.07098516594136 0.630732586139427 -0.377256663482441
Nt5e 4.06591313127367 0.66970952059856 0.269916042637395
Car14 4.06504541181425 0.772046269146124 -0.345828153920186
Zfp688 4.05950143034677 0.434623664487314 0.332101981092237
Cyp2j6 4.05537229151877 0.545933368677371 -0.333333333333333
Sema6a 4.04512095157002 0.64647102405475 0.310631680221766
Mag 4.04381228483765 0.874008586694481 -0.333333333333333
Tsc22d4 4.01691009524999 0.731601437998221 -0.333333333333333
Srsf12 4.0158087158249 0.0458572385276792 0.0220871767666955
Chn2 3.98995464742865 0.387517587394932 -0.333333333333333
Dock10 3.96583735905076 0.662000065408324 -0.333333333333333
Hepacam 3.96118015092808 0.804948632882777 0.334294350054402
Efna1 3.9539881813024 -0.239735550682455 -0.324767384789461
Cdr2l 3.94810623626104 0.437521786527503 0.479361479693781
Wdr55 3.94809542855097 0.211979658212016 0.410118993971786
Phgdh 3.94362086339472 0.488290301182603 -0.333333333333333
Phldb1 3.94268401668674 0.895957205927553 0.483907648196181
Mobp 3.93992073266255 0.778438768544888 -0.333333333333333
Kcna1 3.93437249808122 0.116479897338525 -0.0571017939913867
Srd5a1 3.93341880176015 0.466557080606891 -0.131295373484611
Btd 3.89823857858323 0.481905800851922 -0.333333333333333
Fen1 3.88176743917946 -0.019743874116721 0.0350219364465283
Rlbp1 3.87205369917639 0.654981837921481 -0.390459096530032
Ank3 3.86718847335481 -0.434790574793032 -0.124812119574697
Sh3tc2 3.86189444535217 0.992518381618202 0.605264410087018
Gstm7 3.86005073382876 0.435762359427652 -0.333333333333333
Arhgef10 3.85591174576578 0.814478288581348 0.409141863659766
P3h4 3.85400331842289 0.883263175478598 0.460459023164811
Tgfa 3.84394526002781 0.688199183447228 -0.333333333333333
Serpinb1a 3.83392436342448 0.708267581004828 -0.333333333333333
Trim13 3.83115953433169 0.546203124404396 0.558561884382734
Sez6l2 3.81694231024768 0.358958686570286 -0.105766108196979
Gpr37l1 3.80285983751504 0.660689739610509 -0.333333333333333
Fdxr 3.78922655538925 0.738891442626477 0.386134626580136
Zdhhc12 3.78836725501677 0.425913673693422 0.41944945771781
Slc6a9 3.78246174452029 0.703839741332057 0.509362083364103
Plxnb3 3.78028790628515 0.872287746253585 -0.191746743478166
Gjc3 3.77422820473851 0.932901794808795 0.655455637150896
Vps37c 3.76999066007824 0.436464673803908 0.442780525581223
1700024F13Rik 3.74139868146596 0.78665339317091 0.576426177663944
Tma16 3.73480591693964 0.237450662124043 0.562846122587043
Plekha2 3.71532017888793 0.483457898626019 -0.415653977916847
Dusp10 3.71250846125163 0.392752251590213 -0.0818083315920453
Lrrc4 3.69757505832903 -0.0485664900295646 0.114727981468427
Pde8a 3.68669905169742 0.774647698519405 -0.333333333333333
Neu4 3.68608659452528 0.827107812679385 -0.333333333333333
P2rx7 3.6467284148267 0.581190929181025 -0.333333333333333
Fgfr2 3.63625008436855 0.650191908714979 -0.333333333333333
Cdc42ep1 3.62615600304724 0.86625638165132 -0.24758639509627
Epas1 3.62351529673444 0.55663299805484 -0.30434867365215
Spry1 3.61805540331791 0.63929270180574 -0.328932077496329
Kank1 3.61674649584156 0.720416191225739 -0.333333333333333
Cacnb4 3.60527453651504 -0.110468651469048 0.342266568157746
Ptprn 3.60358971429313 0.0655217935571115 0.00129429556209505
Stau2 3.59992109570121 0.198025424971972 0.518298983169075
Ugdh 3.59927049232974 0.449801911815342 -0.36961951074427
Kcna6 3.59711787905254 -0.115325814968997 -0.0360696301381494
Cdk5rap2 3.592421828856 0.821703675854539 0.405518781495935
Epb41l3 3.58743992689676 0.431030504427233 -0.154049520671115
Plpp3 3.58438139290095 0.562958820419889 -0.372542088289479
Nmral1 3.57334135030479 0.622382972118362 -0.280475195104117
Apbb1 3.57224570076773 -0.10224254158042 0.163235671842435
Adam22 3.5557018577747 -0.491593127615107 -0.141999941286222
Fign 3.55384615614921 0.686831608219105 0.275886443673951
Slc26a11 3.54949314680063 0.633028177281863 0.386196455344058
Gpt 3.54639039785746 0.600767455317978 -0.333333333333333
Acot7 3.51411642534709 0.157011601326362 -0.0591278951802221
Gpr17 3.51268780192641 0.747709396024698 -0.333333333333333
Tnni1 3.50819378641533 0.885632821290652 -0.330263132698483
Pla2g16 3.50665501562652 0.740492962623571 -0.333333333333333
Cacng4 3.48415651953102 0.691155162990459 -0.333333333333333
Ncald 3.48253268458494 -0.282205975186057 -0.211746985270432
Cercam 3.47588549634633 0.822277090621364 0.417470827855657
Ndufaf1 3.47067525989892 -0.310037850349824 -0.126504728478827
Cdc7 3.46985258189524 0.31014592605996 0.0432345849065436
A230001M10Rik 3.46941428740641 0.879880028953217 -0.320805692749646
Fam70b 3.46911487889214 0.772496829864269 -0.460147423121846
Erbb3 3.46514463862294 0.982422188875819 0.541065579966301
Akip1 3.45277146562369 0.539599880880645 -0.00611348093265921
1700063D05Rik 3.44247218668913 0.804742162845039 -0.214042217748281
Scd2 3.43286123545528 0.720322254640226 -0.309612851211451
Speer8-ps1 3.43137394235668 0.838040480596009 -0.155487937342099
Adm 3.41940562863007 0.422595971042088 -0.332020556357351
Cyp2j12 3.41822929367876 0.899324202304667 -0.333333333333333
Abca6 3.40813462574991 0.623821115793073 0.333645946060489
Bend4 3.40642002583869 0.242502090793993 0.0482605655862831
Lrrn1 3.39274827900851 0.625678259926383 0.546536624555536
Rnf43 3.38714635340203 0.86921194197632 0.0874953666708498
Lrp4 3.38564923258227 0.695881552714743 -0.333333333333333
Smco3 3.38229156510432 0.528154317195735 -0.333333333333333
Epn2 3.38200024851542 0.722973662639761 0.306699869187993
3632451O06Rik 3.37312176738211 0.54367648014397 -0.275535158231304
Snx22 3.36908356919439 0.750436307352636 0.202307588093132
Car2 3.35978694229235 0.50485796067747 -0.333333333333333
Adam9 3.35583984668289 0.459856454913097 0.0209063484236382
Ube2d1 3.35102354103017 -0.334836758925493 -0.215493456008203
Gpr85 3.34844469657182 -0.106854055309573 -0.00174263006945233
Ankrd39 3.3477373460211 0.671325539723373 0.517557954040502
Gpm6b 3.34335767659942 -0.193933097737826 -0.333333333333333
Pwp2 3.33962763607135 0.160886163771312 0.277482754502119
Smoc1 3.33044660467217 0.770454312097139 -0.176326342396351
Arhgef28 3.31956987654197 0.404642609606663 0.278095458261835
Lrch2 3.30523056550009 0.570403985046951 0.494422661921411
Ctsk 3.2752397811376 0.610670818961023 -0.333333333333333
Adamtsl3 3.25184170563346 0.90718279169661 0.0117450843459794
Mir1931 3.19291128182795 0.538366506686841 0.480005438598043
Cspg4 3.10918287717771 0.763728701785823 -0.377686452272424
Ly6g6d 3.09415783166698 0.98078325323956 0.494947607830121
Pnlip 3.09253093668743 0.788399065316125 -0.42819399838798
1810044D09Rik 3.07268909359975 0.652034259240012 0.566438858605332
Pcdhb6 3.07058521972599 0.763042788909758 0.524074774163756
Folh1 3.06890296347187 0.836566375968778 -0.333333333333333
Gm10471 3.03009235632809 0.901853844535557 -0.084450108983586
Zfp536 3.00053752793184 0.482969042888766 0.359995764010172
1110015O18Rik 2.98535048218889 0.865795896818205 -0.333333333333333
Gm10220 2.9827094798303 0.833749214476343 -0.272244689886097
Pter 2.97606237327537 0.100884356814538 -0.333333333333333
Sympk 2.96326434720496 0.584275906909885 0.408091301378092
Myrf 2.96153824959443 0.878397795887975 -0.251678276768639
Tmem125 2.94518916594473 0.680341538978701 -0.333333333333333
D16Ertd472e 2.91789941191488 0.597545138270777 -0.000297471167938601
Sgk2 2.88655439432088 0.877052124070358 -0.331291809248184
Tmem163 2.84351780028549 0.271246899900769 0.0121467332680705
A930009A15Rik 2.84324654054463 0.822926718672643 -0.333333333333333
Derl3 2.82084855818392 0.662960770486897 -0.0620420382804079
Enpp6 2.78793693413744 0.838735489884608 -0.333333333333333
3010001F23Rik 2.78133409873512 0.301121694587978 0.124612522423769
Pmel 2.77732454149145 0.887196082649442 -0.329739068511433
Klk6 2.74584391821182 0.899322733253707 -0.333333333333333
Egr2 2.74456815211395 -0.139539047257646 -0.286649589735344
Metrn 2.71406850366393 0.841622478584538 -0.333333333333333
Mkrn3 2.67807741045119 0.806354015492397 0.540104977557727
Ano4 2.66081434169309 0.402216534236243 -0.305017074335238
Gas2 2.65807524139751 -0.185756204089915 -0.199524256521759
1500015L24Rik 2.54066981372597 0.9 -0.333333333333333
Galnt3 2.52807702200248 0.830322015138333 -0.333310492940606
Kndc1 2.51569779451624 0.573529341206964 -0.332901050804396
