76261
74211
67477
216991
13733
100182
11656
11690
329154
70719
216869
107350
12010
229600
12227
12262
12267
63955
12362
12370
20302
20305
54199
140497
12490
12493
23833
12514
12628
12633
12655
75458
23845
114584
12752
12946
433375
54394
12960
19025
13036
64138
80281
13057
58861
110956
26377
81489
94176
50498
98878
12495
80898
16456
210998
14129
229499
80891
108101
14159
14231
23880
14537
14594
63986
78816
106512
110355
14824
110006
14961
14972
15001
171285
15163
64209
15277
15439
15936
15939
15979
80719
16164
60504
16194
16197
27056
54396
16414
16477
16598
23849
16768
18826
16854
16859
17084
17087
17096
26401
58805
338467
17533
17698
17948
17951
105855
64685
224109
223433
94212
27355
243771
18591
56744
227696
192654
18783
234779
67220
67448
269823
17872
19128
230257
19224
54354
170791
226594
19696
50778
56470
74030
58809
81910
74131
26943
71514
20397
54673
233186
20469
54353
18173
20540
100127111
54607
20375
59010
225027
192187
20852
16430
21356
21391
21452
21803
21813
21897
217353
67706
208263
227612
22022
76681
94094
22177
329908
74048
67776
11906
66869
