Xist 8.79560995636699 0.600146243604582 -0.351921641660071
Dsp 8.28813766878849 0.90105143741843 0.75868458102757
C1ql3 6.16020836030244 0.487724371099891 0.00545035636359905
Epha7 6.15404293305904 0.609900668446919 0.646355352418374
Lct 5.92251133326099 0.912285608518585 0.852078781981304
Lmo7 5.63127869340439 0.285579504288171 0.321200585018681
Pkp2 5.51356535800361 0.670183970254099 0.490462846444666
Npnt 5.39113965944063 0.620559564745903 -0.0376653242693636
C1qb 5.28507969369822 0.614029868282525 0.201134677867559
Ogn 5.28115106962486 0.773439727206784 0.430624688254675
Mcm6 5.26884359691139 0.663842345016342 0.536707054604483
Rreb1 5.2556615647123 0.279102311997379 -0.338670856228375
Kalrn 5.23931792104899 -0.0392906471430694 -0.19466615790538
Bhlhe22 5.12292494926274 0.388050044511288 -0.262391626188145
Pcdh20 5.02235952493971 0.536048324643575 0.223764538663685
Neurod1 4.97897014946588 0.406472818863017 0.379447223707162
Kctd4 4.78449327416052 0.544030320836651 0.32080102502198
Rasl10a 4.7243021757815 0.495749300652977 0.353086912766468
Trpc6 4.71888480846697 0.616743630099429 0.00385000667284075
Rbm5 4.67634500490874 0.261060701865693 0.00145193999091063
Notch2 4.67408709329472 0.483953230793514 -0.00249168581301142
Ptk2b 4.65864844578415 0.212929788123283 -0.195116374232269
Sema5a 4.63568775172544 0.650342716974714 0.391217179600664
Nrp1 4.63005237668136 0.400246219605439 0.022371059593853
Rab40b 4.60190692786958 0.262146001560151 -0.0852538149715886
Npy2r 4.56586456431137 0.825580676085316 0.39888160392441
Cebpd 4.5486223913414 0.528874920154782 -0.169468632266885
Pter 4.54037243639252 0.681519185002193 0.420808031137452
Nfib 4.46744724099512 0.340557556596128 -0.299380203506123
Matn2 4.46249821307882 0.514318385677348 0.270728991160313
Npy5r 4.45993971547607 0.670119588795414 0.497449585300579
Cdh9 4.45423427766788 0.564403756211682 0.378963805066388
Pcdh8 4.24871150942006 0.475106371408726 0.523659182535685
Nptx1 4.23767672491048 0.0583449342477618 -0.249083183301384
Iqgap2 4.23630808066447 0.517622706239163 0.276420431102035
Tdo2 4.21465302411908 0.729031094709928 0.419892175362141
Rnf112 4.20018707704325 0.565398415600227 0.608959447487195
Frmd4b 4.18338328317162 0.287042977417032 0.205254430576643
Ptprk 4.15968908097939 0.335295419837766 0.261277216353241
Igfbp5 4.14733542352891 0.369732962193468 -0.278933224542932
Tgfb2 4.1446943814749 0.300321982824469 -0.179238114242052
Zbtb20 4.13369635118875 0.556335602852561 0.329005205433035
Crym 4.13025098892334 0.0790269456653447 0.0125306638081339
Laptm5 4.1280670496621 0.327684920697274 -0.194257055379401
Rpl41 4.11919295941195 0.537112748348602 -0.108003601124464
Itpka 4.11913829156076 -0.0987400836865613 -0.145097367172548
Ryr2 4.07780146897694 0.548303711991585 0.519897920423732
Snord47 4.0241762808158 0.377128233800716 0.269416554775867
Cxcl12 3.98088339623538 0.440321934331558 -0.149195372241037
Tanc1 3.96953798807849 0.429725686708561 -0.0768580812717963
Ptgr1 3.94937235321348 0.657000792016892 0.0811863735181136
Ryr3 3.93139743390518 0.287072220200241 -0.412143281265117
Spata13 3.92751889203345 0.377741730229972 0.325581369018804
Slc4a4 3.82331853176126 0.264640662508225 -0.0688965602123872
Icam5 3.79799450669876 0.37767888485947 -0.133899821634681
Bdnf 3.7882651259201 0.654577420400744 -0.012734676743544
Cyp7b1 3.77514785467515 0.559207370874013 0.644679990232962
Lpl 3.7644404462625 0.0501821636557008 -0.129309542061125
Foxn2 3.75167691674961 0.335289138255185 0.276555542064159
Mbp 3.75047154521967 -0.162496461942874 -0.290190623120967
Lrrtm1 3.70917765512236 0.381099599739433 0.379097854978111
Bcl11b 3.69825454390997 0.0696018560980838 -0.109803197719537
Mef2c 3.69604492370911 0.00264019793565194 -0.226398987790228
Epha4 3.67166770348091 0.375319608898667 0.237581230126622
Mal2 3.65620329740581 0.164759541632724 -0.117790155594055
Plekha2 3.64224811844435 0.518177408796857 0.0431848614180077
B3galnt2 3.63472068267559 0.382542927423449 -0.201441484091508
Syt13 3.63471785691072 0.570729847043401 0.0256597644210014
Csf1r 3.62192060380907 0.415394576192756 -0.153499349250983
Sfswap 3.60176803694591 0.396071925070878 -0.0505817282209131
Dsg2 3.59253609537483 0.786776581054997 0.649581243871551
Grhl1 3.58970942844147 0.551694316219056 0.066884111972418
Bcl6 3.57351445295067 0.383305605484825 0.266420459118559
Slc15a2 3.55094529377177 0.393203833745498 -0.0781474316464108
Plppr4 3.53616187991162 0.237565423092512 0.137462231551015
Ackr3 3.50724328602585 0.453092054460801 -0.0451519768907711
Myh9 3.4963419816759 0.408482106272868 0.112950671751974
Slc26a4 3.49378703161365 0.602874608175123 0.0878689947866851
Ctss 3.47352342739277 0.231067337426099 -0.303889082657625
Slc4a7 3.46937281903219 0.471497449250012 0.0742448962032838
Ccdc85a 3.43499072055107 0.518988646903147 0.406485378194261
Synpr 3.42074584312735 0.172783017528965 0.0408952497530986
Phf20l1 3.4092832906761 0.695647457940295 0.46451140620475
Prkd1 3.3881011756687 0.318010594620904 0.340673850837309
Enc1 3.38767325541865 0.0792815210555318 0.0406518094640134
Mmd2 3.3872196031364 0.2201119411632 -0.166895976565127
Foxg1 3.38390874161672 -0.0645655986501153 0.00870787215713239
Nrgn 3.37707848026819 0.12542616499603 -0.220355110454785
Klhl2 3.33327965468389 0.232805962593425 -0.0271847156786416
Nfia 3.31825314203696 0.414279318139354 0.137766178842024
Stxbp6 3.31761000924139 0.5065605460683 0.135196944594497
Pkdcc 3.09839039713895 0.431880271403595 -0.141136387760987
Iigp1 3.08558106082891 0.732720642445695 0.464334043734093
Car12 3.07958765390555 0.355762479765982 -0.179093121655276
Nhsl2 2.94962703923304 0.375712247802975 0.175101056359603
Itsn1 2.80677121516632 0.431056777889487 -0.232355010720068
Anxa11 2.77486385337667 0.802635497797214 0.744399197759655
Rwdd3 2.66908232195847 0.481378476214467 0.568797267501766
Robo1 2.51010032967382 0.0697244130528 -0.171764986633967
B3galt6 2.46645563819545 0.233293614903584 -0.188393702256471
C77370 2.31862248516151 0.62288072092436 0.393839094690726
Cpox 2.13354760473668 0.36061433490154 -0.229113437062351
