Lhx8 8.0111205318758 0.882318748092859 0.815268067314626
Slc18a3 6.49837214070519 0.839024211170196 -0.0198282595612698
Isl1 6.32085502214813 0.602325345215828 0.193374105974916
Sncg 5.87698118554095 0.404967103194217 -0.210837238312115
Cxcl14 5.30998007981724 0.548796798434849 0.0103941846813673
Ecel1 4.94367321062425 0.818141493870833 0.676040557150507
Mme 4.90103961068036 0.446743190124399 0.148491652698017
Arx 4.82665127739825 0.338508916486559 0.186890765422997
Serpinb1b 4.48049242147093 0.681417256705027 0.643153146531656
Crabp1 4.42448970944607 0.576809066752412 0.145904556959886
Crabp2 4.40624272949492 0.744458050393264 0.492052493927066
Popdc3 4.35695265830255 0.726207665545114 -0.0285139154374332
Zic1 4.29586135219334 0.216137785031726 0.104512447556728
Gdnf 4.17763859211426 0.800377788205828 0.0364754869440133
Trpc3 4.08690684107878 0.296664304817122 0.11700449328281
Tacr3 4.00645061522692 0.52282497762486 -0.206087291445886
S100a10 3.91832373927814 0.213644091980559 -0.155214302251262
Hspb1 3.84090874835012 0.455154077659056 0.157894763012046
Cd44 3.83986269765268 0.661126992141083 -0.0348962972964855
Lhx6 3.76342352256167 0.544161216455274 0.673453365874714
Rasd2 3.65321505134664 0.225009346030405 -0.0628753504782891
Hspb8 3.63749774221 0.465513866604446 0.35973801715249
Cartpt 3.61948428322072 0.400605513095097 -0.0319762717685991
Rcn1 3.59165120421545 0.189870464356735 0.027781986739195
Ache 3.57003607577102 0.427319387299982 0.0990541811268593
Ttr 3.54970747714197 0.212557789059513 -0.0904943238444122
Ptger2 3.48157962384562 0.567126535882511 0.577571217037966
Serpine2 3.40959755091469 -0.0875244497829884 0.0753365959524276
Mcub 3.40232873572393 0.494796841856405 0.0514297066699089
Slc5a7 3.35197987781344 0.75949170998609 0.651793919573622
Ngfr 3.33060149543668 0.562755023195053 0.2938581319848
Rbp1 2.90286355955187 0.306381359892998 0.0830136703858487
Fxyd2 2.46570221125181 0.303470118294012 -0.0713039220573791
