Mog 5.82847635332736 0.745931177314132 0.743866758876196
Mobp 5.64880442109345 0.681151683772067 0.548871125502933
Ppp1r14a 5.45140586536467 0.720546193284604 0.708589820943823
Mal 5.22549990627152 0.526676403996153 0.61206010785725
Ugt8a 5.0793926696028 0.618560293767111 0.706232390063401
Cldn11 4.967897637649 0.401713710417054 0.372965114685896
Tspan2 4.9277460106891 0.678790006519107 0.673027344309397
Foxg1 4.88565168975055 0.275029703071872 0.100317791044696
Olig2 4.84177545438639 0.690411128786672 0.698161855023154
Fa2h 4.74127890681548 0.465856573725875 0.520851358845223
Pdlim2 4.73589041539474 0.788083876071846 0.744524284168248
Sox10 4.70949316985865 0.467616976817081 0.469695380397261
Gpr37 4.70368241149586 0.544408645868204 0.340074477451517
Olig1 4.55154058825472 0.476247023766678 0.776461144764042
Evi2a 4.45594045342971 0.587483493383441 0.122083941499024
S1pr5 4.42661061990141 0.542371591253915 0.468673600073349
Efhd1 4.27891767238954 0.48459173814312 0.388459360248184
Trim59 4.27431481658431 0.690378512972158 0.692833992675551
Gal3st1 4.26143604364507 0.762246088865849 0.664407440544182
Lpar1 4.25575454411214 0.290813899641655 0.31761802397885
Pllp 4.23654324064807 0.523852089930503 0.561894389600455
Mbp 4.22953423131566 -0.0655395078210743 0.127560251050697
Cd9 4.20374750606828 0.453806387382469 -0.20040857485584
Scrg1 4.02271503382864 0.463373854974399 0.111733237102384
Gab1 4.01906703605291 0.491767514459845 0.417306326483263
Pou3f1 4.01751088058234 0.423250755989751 0.403848635949571
Gsn 3.96520020171045 0.64008883247291 0.58702953787809
Aspa 3.92920692376098 0.680375861841063 0.658257897369218
Slain1 3.89954570379175 0.641313944122105 0.597950514326101
Mag 3.89655602668406 0.630207315378897 0.542118156611122
Sgk2 3.89129396302385 0.43878761649258 0.421945550298817
Anln 3.80705569477804 0.705600523351154 0.509029154397773
Plekhb1 3.80694553506329 -0.00664923528242189 0.347823548045935
Apod 3.80640188273727 0.19404475293234 0.237037783977293
Adamts4 3.79036130578251 0.343261220637268 0.209320034966372
Rab33a 3.76383663843095 0.61819247139016 0.601670279510399
Sox2 3.74504745246461 0.321268858731931 0.256502273046404
Lims2 3.74312744313532 0.721118622706956 0.666503021976029
Clic4 3.73735399118342 0.439127170066356 0.517049759324162
Gpm6b 3.72865322469254 0.245752806171604 0.32781385650888
Elovl1 3.70053201643297 0.547765123175499 0.268788881262009
S100a16 3.69934839780004 0.22280809472665 0.146090766335559
Thbs3 3.68807254313631 0.612831122496723 0.497067833057062
S100a1 3.67732612084045 0.396887778555203 0.0430599170682172
Gamt 3.67464101400899 0.767267018974337 0.669910042434938
Josd2 3.63757582075572 0.697813099208923 0.478824241682362
Phldb1 3.62192984898152 0.654202895847736 0.614508105718084
Rab31 3.61677645274394 0.426556315744933 0.236261379575026
Gltp 3.6154411170864 0.587958949607078 0.631921654745136
Trf 3.61489348945199 0.37110047781432 -0.0912677242073283
Gpr37l1 3.59955831606238 0.193378776691068 0.499324018338203
Ninj2 3.5842240920166 0.689047610914609 0.598169820673733
Itih3 3.56434973530256 -0.124221279626625 0.0352191505235189
Efs 3.55242959584835 0.341292196583063 0.0147712996578795
Chn2 3.53746899485754 0.346843139019961 0.46515914394627
Pla2g16 3.52687761681184 0.587455607195265 0.554604684661062
Elovl7 3.52411756647624 0.598187662870513 0.107737181755356
Reep3 3.51669736934513 0.0217677657371147 -0.119268836499372
Acot1 3.50094362228689 0.495282388316462 -0.061021936594642
Brca1 3.50005283095658 0.600080316671891 0.413008014900029
Nkx2-2 3.49943615953197 0.601454390061275 0.565031205330368
Rhog 3.49572837835026 0.491965206393706 -0.0900373870533999
Ptgds 3.4914583918537 0.159046234041134 0.0913035656938119
Carhsp1 3.48650693343222 0.568296950464559 0.585812836476302
Litaf 3.46273507026396 0.453082262388513 0.443693772192225
Jam3 3.45429529894613 0.690260121897504 0.514267178640969
Fabp7 3.42192913870483 0.235321211500898 0.176965330793772
Nkx6-2 3.42021929568595 0.666559305120994 0.603494602044681
Plp1 3.41194232973339 0.060284268649741 0.502221720953419
Prkd3 3.41065956296663 0.380829333508002 -0.155987928564746
Plekhh1 3.40425567747841 0.729764000493857 0.472534598350503
Adssl1 3.35816716673731 0.710820662047261 0.613991218568548
Sept4 3.34177811951781 0.543299685166183 0.543091072768991
Rffl 3.33602555319464 0.452573420696017 -0.0512880321046809
Car2 3.32882830875962 0.243477305350176 0.0011712971800959
Pdzrn3 3.13238933288464 0.303692496496379 0.00355285415751438
Pdgfra 3.12616842384304 0.435655398099234 0.11844955132188
Ezh2 3.06439586337958 0.409165417094511 0.125771425490792
Gjb1 2.98025461355746 0.744864702005842 0.456190056737239
Tnfaip6 2.83420238406779 0.65417356894242 0.443528880457223
Rhpn2 2.78252296016163 0.494229398926692 0.366601028299514
Bmp4 2.59224464703333 0.558252581015709 0.393873170110389
Kazn 2.54107147774929 0.586964543866419 0.47724069373539
Ptp4a1 2.40575764801016 0.505291391865016 -0.087375657675317
Tjap1 2.18610544093115 0.336255932273164 -0.0189511484868998
Pex5l 2.16442073481194 0.433685006257819 0.10965250286364
