Slc1a3 8.09094137931677 0.65771104244354 0.215136120851033
Slco1c1 7.6735244996741 0.843673266977433 0.760559792547276
Vcam1 7.46214404637207 0.741734542906935 0.726011514594129
Dio2 7.34967878794073 0.720381093394346 0.545221280399009
Mlc1 7.24109249012774 0.680345298705939 0.570191559018631
Aqp4 6.92362929359027 0.60197724381011 0.609882603373067
Slc15a2 6.85101878857926 0.740681490888763 0.687420481068035
Bcan 6.71139102029307 0.771174072938983 0.587893323887757
Atp1a2 6.66041626139095 0.508626068157178 0.446867983456497
F3 6.65423095025604 0.722233031780747 0.646049808158227
Mertk 6.60426275290458 0.800634767906106 0.023616097947432
Gjb6 6.50732998682781 0.726479302226276 0.519505922583608
Fgfr3 6.48194046618195 0.733835285203912 0.775379111267642
Tril 6.46952753665992 0.657170072962251 0.48004871131489
Ntsr2 6.45633416875785 0.697809330362418 0.672845623364372
Tnfrsf19 6.45412421127923 0.809392179752449 0.841180265281879
Apoe 6.42422307696911 0.486121880553816 0.434411679522156
Acsbg1 6.35871481156478 0.773090121387231 0.507018331243973
Scara3 6.32974465716774 0.797803847474549 0.722734298778932
Ezr 6.32586561296572 0.806342762196947 0.585748970595218
Cyp4f15 6.28889919857559 0.895435902671439 0.840614428986309
AI464131 6.27896188555092 0.880433676717174 0.863218770369382
Aldh1l1 6.20303360714184 0.765898176950714 0.596164060032025
Slc7a10 6.16185495997833 0.808116948533701 0.7635425208713
Gpm6b 6.15286313096912 0.333877747369748 0.165072896683553
Plpp3 6.10570055343592 0.559161958535597 0.371249800317856
Acss1 6.06495499468054 0.73295989179057 0.681042353164821
Gpr37l1 6.02173890507118 0.442283386860985 0.0984024211050558
Xist 6.00337068430494 0.576861922087215 -0.163109063403822
Lhx2 5.99481229671943 0.716133829641737 0.619305574917647
Tlcd1 5.88693800736839 0.663495675858599 0.378126582538142
Igfbp2 5.85800030178532 0.805859461447615 0.608519571531481
Grin2c 5.85157927366963 0.802230835634346 0.691842181365567
Cldn10 5.84975662304757 0.807045345819671 0.188461641965044
Eva1a 5.84021721990419 0.811647863741771 0.606401853285774
Pla2g7 5.81637706456644 0.653563669873155 0.407724898629124
Adhfe1 5.80972985093752 0.793478245541671 0.743437967165181
Elovl2 5.80137275625527 0.73758869885207 -0.0166048838640354
Mfge8 5.71249879481277 0.636066737837647 0.626661091435354
Tlr3 5.70585197146111 0.774871204507765 0.613259345282609
Cyp2j9 5.6652722808127 0.662096808004582 0.37231710328986
Fzd2 5.65731426668698 0.834545008552584 0.724579554681848
Cyr61 5.64348554091835 0.871945650751622 0.71269844544657
S1pr1 5.61760827252612 0.773850074882018 0.639142779831834
Pdgfrb 5.59208884897195 0.708857589371842 0.437108651725583
Itih5 5.58975958960745 0.654458810912151 0.595354362094145
Zfp36l2 5.58419258445048 0.675589610184945 -0.0438182143146671
Pbxip1 5.56198736300739 0.795465823691672 0.721219446308713
Slc9a3r1 5.54442810136218 0.607766580171948 0.652890691676742
Pon2 5.53746270968009 0.49328523109177 0.554073495869538
Itih3 5.53369426231509 0.378189928511159 0.0557153787777716
Slc1a2 5.51534743490564 0.693921159805896 0.435342888414688
Fabp7 5.50140149841501 0.438940126725254 0.0708767326917909
Ccdc80 5.49507000694986 0.784172775705575 0.8137219097349
Cth 5.46807784813443 0.83210682804128 0.811269496275827
Wwtr1 5.44063326937644 0.561805533359755 0.449259273718383
Oaf 5.39455587122898 0.846462104168269 0.781786736286091
Myo6 5.3862940060603 0.613572701769478 0.318947648018798
Glul 5.35926545365927 0.510052892592356 0.301677158683562
Cxcl14 5.34711922468757 0.583976350543542 0.0103941846813673
Prodh 5.34625044558916 0.838444050602712 0.767657275081613
Gldc 5.33790382911662 0.672354790568367 0.441957660318006
Htra1 5.30331525751764 0.349432896506279 0.52839804587161
Scrg1 5.28964061494926 0.584583147524738 -0.16509816396913
Selenbp1|Selenbp2 5.28309324105828 0.662677571555292 0.562497936157879
Slc14a1 5.2724158203328 0.789013431360199 -0.0847351281960839
Cyp4f14 5.24570911906083 0.844203360984339 0.788009834487215
Ptprz1 5.23171710959695 0.491397072122157 0.13048181821311
Gja1 5.22915446260058 0.288340456365368 0.207930712714284
Cyp2d22 5.22393883988308 0.774650550009234 0.595025502584487
Ttpa 5.21814855044666 0.763837904066741 0.401933095470111
Smpdl3a 5.19410304313456 0.70750967728718 0.732733007928169
Kcnj10 5.1702781765459 0.369803913995785 0.200469019913239
Emp2 5.16787979216382 0.771341416223064 -0.0867581219995684
Phkg1 5.08924984916039 0.882127376892293 0.820524570101042
Itgb5 5.08880297138295 0.576734701522533 -0.10621937235529
Slc38a3 5.08642283853124 0.777442924436866 0.725997510489504
Zfp36l1 5.05354004019205 0.506491083066888 0.0104152085679018
Ctsc 5.01760346576189 0.693942925885351 -0.0406570279861941
Notch2 5.00256025853273 0.579318523167371 -0.0435635125582493
Aldh1a1 4.99627306985714 0.222492211517266 0.131142133713324
Lrig1 4.99230057074144 0.55561256707786 0.063690962823702
Notch1 4.98741500066415 0.763519568054905 0.181182491720143
Fmo1 4.98418658395023 0.75786510697058 0.732893383173691
Rlbp1 4.97465320836997 0.735037617861851 0.174905803726923
Cd38 4.94818126250242 0.854346515853275 0.735113928405955
Itga6 4.92269553764378 0.723025457424282 -0.12839271730186
Mgst1 4.92184774707051 0.555807549932539 0.0715157206136194
Il33 4.90548175784631 0.395965766268256 -0.0905616103586932
Axl 4.89606259944142 0.808710744085783 0.640043100015651
Ttyh1 4.89427347905618 0.392442917806125 0.276370800650606
Pdk4 4.88336922637453 0.65243450072954 0.398977284453797
Cyp7b1 4.87858319974121 0.708784243027934 0.648095119858015
Stk17b 4.87070331774214 0.278669155384264 -0.0324488707098534
Papss2 4.86996018079127 0.833538864508608 0.706548145015349
Klf4 4.85681370750151 0.650491098951899 0.376939847238578
Reep3 4.84945898175001 0.288528324730473 0.140999251489108
Egfr 4.81643237259824 0.871950853659001 0.686437964462659
Id3 4.81159312997042 0.64141263349194 0.336429028902415
Hapln1 4.8069553871917 0.770695829249102 0.180691539861885
Sox2 4.80381137553311 0.372986925903717 -0.147500651551719
Lcat 4.78728450724139 0.726579104053966 -0.102812231660918
Hes5 4.78571684982016 0.488318213084959 0.390358989854658
Tmbim1 4.78280660522844 0.364840648632721 -0.0886938913117814
Crot 4.76332577158575 0.698458648064764 0.598034748457258
Cbs 4.75757642566845 0.818307958646959 0.725846175582477
Msmo1 4.74409561218352 0.58772128169182 0.491904682040201
Sept8 4.70556545319975 0.538902377713073 -0.0928975559802032
Ssfa2 4.70124644997484 0.7359674118518 0.159445505663991
Ncan 4.69477418918998 0.546751276907415 0.561836548101587
Nrarp 4.66147649799048 0.745424116199936 0.55590335369525
Tnfaip8 4.65832110500498 0.663962737878896 -0.0685184420173606
Pdlim5 4.64445676389749 0.619262778873919 0.656494441946823
Prom1 4.64218512034962 0.468257888363667 0.307573457768381
Car8 4.60591535463948 0.0749521346406231 -0.162879434346565
Gabrg1 4.59091105936316 0.59126492569476 0.674375188226294
Pmp22 4.58559697222505 0.422162063251771 -0.0873266985122019
Itpr2 4.58177712399793 0.723514312353552 0.125989773983375
Abca1 4.56813855477875 0.67737273179315 0.131832799862662
Hsd11b1 4.5245292378496 0.632099986202755 -0.0728375074942628
Ntrk2 4.51383010121508 0.634301040707855 0.584565236800886
Tmem100 4.49963478272635 0.718597432123047 0.134646414055406
Galnt4 4.49675729963951 0.772928168106467 -0.0862625467877269
Antxr1 4.48196396874822 0.678120009647389 0.687641023928477
Ppp1r3c 4.48146555784642 0.663419270385073 0.66374422336745
Prkd1 4.47897843194003 0.580739088917347 0.630283600760275
Pdlim4 4.47572572063289 0.744246181516893 -0.107626616301089
Timp4 4.46881008929973 0.318703732887396 -0.0305473354805155
Timp3 4.45125067298531 0.575971657050349 -0.0727266972251775
Selenop 4.44312335281412 0.267892827319406 -0.0299910695984123
Entpd2 4.44307543082462 0.710828683699417 0.741201164181125
Asrgl1 4.4427137655024 0.462238531178388 0.201886004270216
Cebpd 4.43849725992078 0.557335196582948 -0.169468632266885
Rapgef3 4.43514327715036 0.355138966557509 0.0483607062239172
Cd9 4.42607231497255 0.429467878351879 -0.0522385767755224
Gstk1 4.42532154869501 0.531320876867285 -0.0664942935011353
Slc12a4 4.4119247082499 0.766882284649944 0.602511427657249
Fads2 4.40799650589507 0.764435235216372 0.711203768732584
Lmcd1 4.40362286695456 0.688029505944549 0.415298894729828
Trps1 4.39811171723066 0.59408824049258 0.597270325621286
Txnip 4.37249806153605 0.674211702399302 -0.129754197830502
Adgrg1 4.36177562908124 0.792176101412988 0.382063240950214
Col4a5 4.36077731110014 0.74515240166668 0.444581471753062
Slc4a4 4.35757184487742 0.412071907797068 0.105251710085741
Olig1 4.35720843066734 0.152072512977025 0.504345474010218
Nfe2l2 4.35123039677543 0.564133840105868 0.0899060831454191
Gdf10 4.3127992783297 0.545379139160143 0.0409519595889022
Scd1 4.31107869161696 0.45972064969259 0.36907354531519
Ndp 4.30358273813386 0.700188111026037 0.197783402790246
Fermt2 4.30040017930396 0.492388259254363 0.652310799715455
Soat1 4.29951934574559 0.685327671612311 0.0462246228246642
Nat8f4 4.29504510589675 0.785470756713242 0.448935804523992
Oplah 4.2943155451681 0.800688072905663 0.753238467644273
Rhbdf1 4.28757401540174 0.582512047079836 0.361775773681582
Slc1a4 4.28474311348282 0.534523870169617 0.274922062415132
Amot 4.26755329407934 0.487510540900672 0.355073411298873
Acadl 4.26677443576396 0.504618295121948 0.471707250156975
Psat1 4.25726933127034 0.34944146887987 -0.0397734823441066
Selenbp1|Selenbp2 4.25459659401981 0.662677571555292 0.562497936157879
Cspg5 4.25309290389253 0.69902685384353 0.55895627415414
Add3 4.23868627061856 0.668917310964008 0.658506542486141
Gli2 4.23356735554567 0.779757651665806 0.131969736584486
Dock1 4.23004043618939 0.567153319287952 0.299614041336489
Igfbp5 4.2282835386362 0.438165124955513 -0.202861467629242
Foxg1 4.20464421325645 0.0610348735999473 -0.14086629554355
Btbd17 4.20084189357662 0.793069261749166 0.289807172974173
Sdc4 4.19248004571442 0.663008875398353 -0.148992586198429
Fkbp10 4.18629999609766 0.858377154116229 0.797764807789443
Mical1 4.17801111492276 0.637767158899891 -0.105471603556883
Gng12 4.16952861286255 0.485992593146989 0.0061630918253063
Kif1c 4.16520759929468 0.552470666430992 0.34081649418298
Smox 4.16062153391478 0.553669345769731 0.231170818693544
Tjp2 4.15740649953136 0.554855989505948 -0.0722185289236321
Efhd1 4.13810524377639 0.332499458860277 0.38457883995805
Fgf1 4.12577205061049 0.334687961351102 -0.081565220656805
Clu 4.11571506541815 0.63195618685339 0.758429597646865
Cbr3 4.11519828963032 0.414403463953863 0.0875122571878651
Epb41l2 4.11224382702924 0.580949444731857 0.502574553225531
Mmd2 4.10086871016481 0.39022146365844 0.251977777843995
Rftn2 4.09949276334605 0.672106230339207 0.320563411306649
Fjx1 4.09756191143179 0.749491702475292 0.827376203876458
Cyp2j6 4.07837992690448 0.659974530574808 0.27520972436916
Id4 4.07590142107965 0.228455399251455 0.195701557026208
Qk 4.07255856236474 0.149808704295482 -0.108549548550546
Nde1 4.0719940026244 0.561066902769774 0.0131241160997526
Dtna 4.06792333983101 0.574918282484693 0.23058592210167
Tmem51 4.0676905202643 0.642033919157843 -0.0829259498890753
Fam181b 4.06577940032049 0.695438848744134 0.214148240598646
Jam2 4.06243672742999 0.59978409778994 -0.0542019180670954
Heph 4.05991186891772 0.856476352753317 0.620743909084962
Gna13 4.05407160888222 0.56351249203776 0.366104904727677
Sparc 4.04959314853867 -0.0331071459511066 -0.141663831788685
Appl2 4.03889572419045 0.500766239299099 0.564247357501802
Serpine2 4.02624034130111 0.0486261073707574 -0.184725734219262
Lpp 4.02291264411956 0.818093358276416 0.496153388986173
Efemp1 4.02278540413107 0.578422516729544 0.206154424766418
Pttg1ip 4.01880025992701 0.495166807789496 0.0558812596933961
Zfyve21 4.00803569190907 0.493503211430317 -0.085737972986149
Smpd2 3.99483039208367 0.715724791005174 0.685583295334889
Sox6 3.994451510973 0.367909839819029 -0.00855776960843892
Gpld1 3.99421307110702 0.581191412802255 0.528867177310337
Gpx8 3.98829999590156 0.659015765208542 0.0381440199153989
Itgav 3.97135844437706 0.517748909224142 0.525219416037941
Pdzph1 3.96524202065582 0.864347825813298 0.701429322446835
Ppic 3.96139239012148 0.743379981266323 0.251920335479413
Atp1b2 3.95752954281727 0.462989683792423 0.402226548622266
Slc41a1 3.95629325975066 0.74807593378581 0.726130266818565
Prdx6 3.95280559154988 0.673465137532302 0.67108289841059
Phka1 3.94736593576658 0.601550570916002 0.596423836845545
Il18 3.94242734140903 0.486030692992252 0.490976760061262
S100b 3.93922922907822 0.152110326382086 -0.0206622083179812
Smim3 3.92669923685527 0.735766056714698 -0.139425537719329
Tgfb2 3.92630602172166 0.315476422020731 -0.179238114242052
Gas1 3.9261828275643 0.510606979038689 0.024356222968293
Ednrb 3.92238108467822 0.703153399539562 0.301515655106866
Ptn 3.91114129728683 0.30096721134811 -0.072364602098686
Cyp4v3 3.90730792123614 0.456235022249107 0.0420415419236722
Pnpla7 3.90195323996821 0.689029934810765 0.454028729854378
Sash1 3.8916390104351 0.510776691587973 0.605776825182263
Wnt7a 3.88346803014976 0.63133992958928 -0.111180489697893
Sorcs2 3.88055021130553 0.583120144667144 0.4909889637951
Stxbp3 3.87892185104559 0.382423125258563 -0.109895971118971
Lgi4 3.87637722832405 0.740525969894949 -0.189898116693018
Aldh6a1 3.87326462025961 0.601245447321175 0.570361243819768
Lamp2 3.8695330938393 0.534799983711634 0.127384404431192
Ptpn13 3.86928486135462 0.64619940995524 0.498930459787997
Lrp4 3.86777179113788 0.738161463529034 0.614554329813904
Scd2 3.86496937433603 0.474210094857858 0.0489262800755702
Vcl 3.85973924165409 0.617889692913939 0.718877125795226
Fgfrl1 3.85843838011501 0.767103703135045 0.586093050525345
Farp1 3.84633850694774 0.56924916639712 0.500234988558191
Pnp|Pnp2 3.84210246923242 0.519937576749065 0.662418833497212
Fgfr2 3.84202744531245 0.415694009260158 0.061133346766848
Klf15 3.82218729726446 0.682180077609521 0.0483229467763416
Fxyd1 3.81689321020613 0.649754364071257 0.415973961976816
Mmp14 3.81436318253191 0.639335425421299 -0.0248073316814145
Ndrg2 3.81135707295449 0.355393515914171 0.295978071105004
Myo10 3.80524425586383 0.476885274606668 -0.147499409394366
Car2 3.80454469435302 0.302391558491527 -0.117812481086699
Aox1 3.80451973126216 0.815650826057073 0.46884480407337
Acaa2 3.79827496502298 0.750060992277188 0.724761478760182
Nhsl1 3.79330834770045 0.566691776229682 0.231162309736708
Vegfa 3.78630571766177 0.787557573961911 0.587080536546193
Hacd2 3.78339569104125 0.715237842142171 0.704716415683473
Smo 3.78232292429008 0.256052358130406 -0.127028548388963
Serpinh1 3.78051438026249 0.602547764653797 0.464784107773168
Dclk1 3.77623781161394 0.552593255487315 0.129876281939194
Ephx2 3.77442613786584 0.782530738382058 0.690044617968617
Sparcl1 3.76941208934547 0.411012408814555 0.408640544052153
Cmtm3 3.76895646914625 0.72596372996204 -0.192500910905091
Eps8 3.76725827319473 0.436281202117584 0.261229058543201
Srebf1 3.76636681957752 0.621977924014344 0.595153001720188
Slc13a3 3.74018340016485 0.432464276896762 -0.00134156701956652
Ak4 3.73929546081303 0.325820465715292 0.155912913967442
Mt2 3.73197622779845 0.428954433862117 -0.158910626424698
Cdc42ep4 3.72773370284581 0.530057205588846 0.263175697052777
Ngef 3.72571962481065 0.159479160081274 -0.0756684055048798
Hnrnpa2b1 3.72548316381407 0.495300543026389 0.0245561234797803
Pnp 3.7237374896159 0.541930615385259 0.451730005874043
Lpcat3 3.72284605774836 0.654549957774579 0.368487033446007
Jun 3.72193385175642 0.518181495528372 0.212718164945405
Kctd5 3.71924774985325 0.656265225812888 0.175644554571647
Suclg2 3.71632732318866 0.772896999225578 0.160146644714179
Pdgfc 3.70434116785627 0.551286287357417 0.355434135022451
Sema4a 3.6981274576841 0.59170595259786 0.371814699335849
Sspn 3.69181139676178 0.500844184555335 -0.0303016031693207
Acsl6 3.69042379381072 0.629579166884215 0.676737931579474
Ptch1 3.68818599932585 0.376825387053377 0.0247203803407899
Gstm1 3.68727961363661 0.456697579968936 0.270718365191872
Abhd3 3.68696821388813 0.314464598103208 0.206933867096334
Gpr37 3.68574482047122 0.373795865679918 0.293238687811073
Naaa 3.68391139413014 0.737184980048173 0.706655046308821
Prelp 3.68269725904056 0.845870101349264 0.492163238015813
Pygm 3.68062098674068 0.760725078838398 0.454056591637091
Cpq 3.67276880078362 0.581436328229521 0.641350640601116
Celsr1 3.67166837390318 0.850518156541072 0.608577181485044
Sox9 3.66719349530818 0.772946755088499 0.424061626510638
Adamts1 3.66544234935106 0.489601262230615 0.363789659080997
Aass 3.66532399351911 0.819015744104843 0.507604908214723
Klhl5 3.64964965814895 0.487008370482815 -0.0223078007606622
Nrp1 3.61743993484487 0.329017791970076 -0.0714879850028579
Bcar3 3.60518442318434 0.569753193625453 -0.0900654796995564
Slc6a1 3.60400700451277 0.253043374619476 -0.0126547440330303
Elovl5 3.60223769572639 0.595012513656503 0.614491549514496
Mfrp|C1qtnf5 3.59593200778412 0.668304769333551 0.602602746314983
Dennd4c 3.59481945409844 0.616666478479656 0.499747506016246
Prkd3 3.5912320187987 0.447425455081891 -0.0669490747401846
Adam17 3.58934234357475 0.618636801270369 0.534874303227731
Sox21 3.58686428179475 0.716259391203416 0.364633689656461
Ptger4 3.58614762431479 0.523093493096719 -0.098625333861336
Carmil1 3.58350132462601 0.656288295255958 0.503864559842338
Rab31 3.577763444244 0.315740114442794 -0.04741725233832
Sat1 3.55961900251981 0.417593631755674 -0.0924840264438666
Rgs5 3.54521760624208 0.374585833965743 -0.0524906246062805
Plekhb1 3.54247022322236 0.119344107264394 -0.130774741675777
Ccnd2 3.53926318101718 0.339408188723973 0.059992490883056
Nfib 3.52841862462724 0.286756208349991 -0.0426855930343923
Fkbp9 3.51809302584764 0.289585263586787 -0.0205444353424985
Pygb 3.51621032702805 0.674982260322659 0.646615317198644
Retsat 3.50722662956214 0.771726882590583 0.735759756138319
Serhl 3.50418514016848 0.667021203354613 0.61344637713836
Ppara 3.48144520921928 0.868928079041858 0.767116292756229
Acot1 3.47697781297499 0.376912225790895 -0.111021729017794
Metrn 3.47442772715954 0.495766484330697 0.185462474052548
Chst2 3.46696500313935 0.258679290655867 0.0111630060603632
Limd1 3.45531127369574 0.52393753277087 0.00628868115828069
Nkain4 3.45520714621718 0.65932870543937 0.321535817326863
Glud1 3.45112171796719 0.559232186300258 0.457128299418617
Dusp1 3.40806666052851 0.580877895980865 -0.0759476561353733
Fcgrt 3.40504438059729 0.657266260951968 -0.0875450334054097
Tspan7 3.39841151736563 0.3748369814407 0.0618357945199082
2810459M11Rik 3.39183751453815 0.697276650696151 0.0448083444891847
S100a16 3.39060342559171 0.318261366976893 0.00895674288148906
Lxn 3.37705490452333 0.393430812281695 -0.00656975851792344
Fads1 3.37557847435735 0.558828342631723 0.572913809092681
Tulp3 3.37429008408101 0.710757564364012 -0.0302225756821735
Asph 3.34473368613029 0.227928163136252 0.204044268100301
S100a1 3.34330040760706 0.418880095593671 -0.0472262402073189
Rb1 3.33560972574217 0.557557876950967 0.298226069357826
Sox5 3.33216899025253 0.404790003782211 0.21107916379794
Cnn3 3.32602115777173 0.303398042115148 0.322525443402661
Lap3 3.32417042794516 0.446550776227695 0.108300995357211
Itga7 3.3033933756126 0.791013872602618 0.685471527842131
Fgd6 3.29708262242284 0.859699741376648 0.671167866514365
Mdfic 3.29625638295922 0.50126845568006 0.24826858344212
Tfcp2l1 3.25023838417521 0.814609901650921 0.678973992147633
Gfap 3.2338587094633 0.617994188223421 -0.0725074191854371
Swap70 3.22858747112063 0.727743737488815 0.199442355226874
Elavl1 3.18891369143639 0.21982941474673 -0.190590295852722
Agl 3.12087305849349 0.590634474536245 0.287390696613677
Hmgcr 3.10713218413591 0.455867510554981 0.21639230001213
Inhbb 3.08557675158146 0.351771820289493 0.138580723648705
Tnc 3.04550677982778 0.71328297750062 0.312686893301191
Tor3a 2.98458679163326 0.735290829992785 -0.189135329545833
Rorb 2.9828853509216 0.71467115952827 0.48110128282642
Lamb2 2.96799434855938 0.678520861936953 0.551369094148668
Fbln1 2.8671432561575 0.723822238569931 0.462082258252849
Arhgap18 2.85911167660269 0.74427926067579 -0.161090717500903
Fzd4 2.850092672653 0.580628046428679 0.191665869036815
Plin3 2.79357410252436 0.55514535562132 -0.063475583623518
Adora2b 2.76385127046349 0.550432961582624 0.136078637328007
Gdpd2 2.75385324476247 0.647238216415782 0.236810427831919
Tst 2.68401084970094 0.561256772491817 -0.153065311900533
Aldh1a7 2.67537173743001 0.532047262704872 -0.101149146290638
Clcn2 2.62572915558279 0.651952730775737 0.493001244186162
Rnft1 2.61674659282541 0.579502516269761 0.352563390412915
Pgghg 2.23763226064543 0.659595587069208 0.158516585470691
