Il22|Iltifb 6.1670650456704 0.437644554508059 0.661896338044617
Tfap2b 6.08946312544881 0.799799509413908 0.25074929623349
Xist 5.90382911576556 0.629270431967621 -0.409576273753637
Pvalb 5.88541661426996 0.194332576436679 0.0941537916132021
Sla 5.85688378453677 0.778970946242715 -0.267188652605411
Kit 5.61454299069032 0.713076551431517 0.138025171655272
Car8 5.39318210747834 0.16817128663483 0.0585443490799322
Zic1 5.25052771270972 0.395702662197479 -0.0435991877244145
Ptprk 5.0343043389479 0.564381821567777 0.261277216353241
Slc1a3 5.02341911406884 0.477225687163707 -0.151898197155048
Bhlhe22 5.0221986669894 0.496174858512098 -0.262391626188145
Sparc 4.85736026848805 0.139451608093033 -0.245266716173591
En2 4.78103238532355 0.568461638468044 -0.0273121101646903
Socs2 4.77912070744289 0.649639644322873 0.517185174301005
Cxcl12 4.59335479481515 0.608164886777607 0.188825240221957
Gdf10 4.53782013870124 0.596187601802152 -0.0820101064062651
Tfap2a 4.3650329032615 0.629569408383227 -0.18441452737037
Neurod1 4.24420517931432 0.44222044503711 0.265575328678205
Gldc 4.21135601616277 0.65153092515701 0.136597981264491
Eml5 4.20791297951477 0.62440302196529 0.269462128880286
Nfix 4.13739536386149 0.137233706687605 -0.0915205298269664
Lamb1 4.07861949421352 0.493852947746659 0.164063274537556
Ntn1 4.0584117404375 0.607050122241463 0.278792956099765
Slc32a1 3.94886533338341 -0.059355757623737 -0.0477650596757727
Ptprz1 3.90041207173604 0.401479349460318 -0.147752271212982
Nfib 3.87492812663174 0.390498619947623 -0.299380203506123
Sorcs3 3.7603871423663 0.639977785326834 0.18313611139115
Sp5 3.74194629042201 0.858449137315031 0.481399203943062
Timp4 3.7366462242956 0.29081653082766 -0.0305473354805155
Mpp7 3.70330475208689 0.695030038434027 0.491783569754044
Pcp2 3.66718319958056 0.327078419459059 0.394120514115272
Hcn1 3.64388772880404 0.337626543588769 0.263790385343586
Slc6a1 3.59132782818569 0.310188624481028 -0.0126547440330303
Itih3 3.55660552777871 0.195187127115234 0.021106158959911
Cidea 3.49653284978975 0.702324136717447 -0.200492944096395
Rora 3.49063592498937 0.305595261011404 0.0112755333902628
Lrrn1 3.43588404364342 0.253572195887095 0.182058354650004
Mia 3.38589668000002 0.79077294938134 0.405371100141857
Smo 3.37002352769351 0.235624892837991 -0.271858694212387
Gpr37l1 3.33309255185463 0.16316145051871 -0.0406960272051039
Adamts15 2.63732046238681 0.557316253980921 0.105954373236934
Tsks 2.45584444534547 0.471466466801754 -0.0402799040226256
Pax3 2.40893458737921 0.504682108591908 -0.122998517681688
