Gabra6 8.56349330031385 0.690206375676393 0.487187656967854
Crtam 6.50059479733942 0.783798432971471 0.650667428494574
Cbln1 6.37342808408191 0.407859735002428 0.31256096967226
En2 6.09287000197869 0.580764684155 0.424850206596324
Neurod1 5.98972438870705 0.50883008163118 0.490062735257137
Cbln3 5.93498629380619 0.750702022475826 0.59486658461105
Patj 5.19022267149774 0.63007731913641 0.504905297432875
Zic1 5.12618365170775 0.266356834641477 -0.0435991877244145
Mab21l1 5.05455151977851 0.486995485627085 0.600872951634697
Uncx 4.97271216515034 0.733374088948067 0.641247780046079
Chn2 4.93993040431439 0.443085058022092 0.494135118445013
Car4 4.87726359972827 0.622359547763073 0.432685019034466
Dleu2 4.36195423562594 0.647864839490217 0.594801227111159
Pax6 4.35293832129893 0.674945323049105 0.470587962063181
Irx3 4.33136392838112 0.676680000296272 0.419805510045079
Ak4 4.27106426115056 0.389813884440544 0.155912913967442
Eomes 4.25324951653223 0.844057122467502 0.72153814073995
Pkib 4.15656628946758 0.401920778290214 0.3477174897057
Car8 4.14619431779871 0.0103520493629344 -0.162879434346565
Calb2 4.13933871343062 0.404233444564873 0.364482858889717
Vamp8 4.07073082866614 0.526146038487575 0.427532453332945
Cadps2 3.93686733777502 0.118015709241944 -0.178756017261541
Tmem51 3.92352811050336 0.558724150411492 -0.0829259498890753
Il16 3.92173457323426 0.788058055648326 0.778815300290026
Atoh7 3.8261619222602 0.643335626544368 -0.106132777545523
Tmem163 3.82116727090427 0.372399518752637 -0.181043823748388
Meis1 3.81836588070723 0.400702416951089 0.115867874750443
Rps6ka1 3.7990629785503 0.678765524951603 0.594435614836231
Trim62 3.75140589361811 0.562168531875294 0.535026725871649
Zfp521 3.74266961638248 0.296931843648685 -0.045924283532004
Mapk12 3.73219241025655 0.585985670900017 0.590677529488151
Nfix 3.73044576390172 -0.0360469588873606 -0.10860988348888
Zic2 3.69198177708284 0.530890010014756 0.308361573959314
Wnt7a 3.67427861446941 0.542751096020993 -0.111180489697893
Gabrd 3.66487039462343 0.155071258643801 -0.230875764001531
Sptssb 3.624145283567 0.706595626599812 0.588840416084852
Etv1 3.50906260854386 0.337052825794472 -0.117964654867095
Shf 3.46726822749375 0.729878718656649 0.733862578451049
Grin2c 3.46362489002125 0.571826744242114 0.231576270894369
Neurod2 3.44266152648474 0.454878718346931 0.312112400007299
Slc9a3r1 3.36100913430818 0.279377586147316 -0.0056069255541352
Thrsp 3.34811409875505 0.286917155452014 0.250927902613779
Gas7 3.29622934439852 0.105357467650924 -0.0577992602206917
Tbata 3.21244902792188 0.845126744434913 0.759730094540894
Rgl3 2.82050877094736 0.663210841621312 0.129537229626121
Ccne2 2.78849137342926 0.33139731637849 -0.224075932931532
Boc 2.66588430978915 0.602800858007532 0.04697476458599
Clec10a 2.37379742863926 0.74585871800433 0.593935072357611
