Vip 7.58067952591572 0.786940201815421 0.588847914839235
Npy 6.7877983201593 0.668947381307305 0.0739326762818236
Dlx1as 5.92600960910458 0.664654182505062 0.0715593219402025
Lamp5 5.75680471456095 0.286657734545211 0.164078592322983
Cxcl14 5.72058285255181 0.578936384131444 0.0291240982510786
Col19a1 5.56264624309653 0.636190397839213 -0.0976066977919323
Tac2 5.49902565554229 0.838849680242654 0.376135618918547
Arx 5.47528006208458 0.395260556513044 0.273230387570437
Reln 5.39158950987372 0.500600616365198 0.00230284557686303
Kit 5.15613657502323 0.584432423019128 0.138025171655272
Cck 5.07175707850622 0.280089317445533 0.121921096416646
Igf1 5.05199282307745 0.414203529385197 0.239858236098205
Pnoc 4.90077273323319 0.741480287755761 0.195706168775503
Nov 4.86563311827559 0.486200417115739 -0.0184963340542963
AF357355 4.79927942417409 0.0543810323051654 -0.104806562800083
Sst 4.77032387172954 0.509054139258729 -0.0519100498807884
Htr3a 4.7223317600301 0.765833222301616 0.710632252298516
Grik1 4.63732276734038 0.20976450459124 -0.110440132378276
Gad2 4.50048192618791 0.17111698492288 -0.11900144872996
Kctd12 4.47347691067347 0.263129715104695 -0.255906413559383
Nfix 4.46282415581554 0.108168787189151 -0.0915205298269664
Cadps2 4.4472807716558 0.212286521985944 -0.0880494459516091
Bcl11b 4.37207889611389 0.159233556470067 -0.129664955723808
Dlx1 4.31566132579282 0.606414185055514 -0.0514268037646551
Wnt5a 4.27126214763178 0.736146149137689 0.584190395044957
Cplx3 4.11873059605234 0.682526991673293 0.397211395966426
Snhg11 4.1080448935807 -0.166412144264353 -0.235829529626446
Parm1 4.10148575950779 0.232611473586426 0.0216092445137414
Sln 4.02659001394471 0.694289465012702 0.0447152334979494
Col14a1 3.93558912687658 0.730419134731077 0.428937303840419
Fxyd6 3.84984280752759 0.414800242608825 0.187580616909814
Egln3 3.77195019747181 0.624897315960441 0.177018007438096
Cntnap2 3.73846891963016 0.210223522708357 0.0806848675951915
Cnr1 3.60562291232342 0.548184460718845 0.162842687109703
Meg3 3.58270077301872 -0.0541229275216589 -0.160066349847183
Sorcs3 3.53546600372254 0.535999260807264 0.18313611139115
Nectin3 3.52122745129548 0.526034566947455 0.414471512087264
Slc32a1 3.48355188548765 -0.222547231411262 -0.224797441139873
Etl4 3.42854511872971 0.0920285689344843 0.0418808602789563
Pclo 3.41134383096933 0.159085149676687 -0.022354147930003
Tenm1 3.34184808787043 0.2592295244432 -0.131320620423786
Npas1 3.33234600659343 0.78603039542367 0.47880248436001
Abca8a 2.35732180129348 0.331279725850816 -0.195045765628744
