Sst 6.88150525964664 0.646769865938169 0.384901528615102
Npy 6.23352031850064 0.608255335567078 0.437218969196976
Col19a1 6.15112979825398 0.637817668678371 -0.0976066977919323
Arx 5.94685831497563 0.406213857302561 -0.103820208069192
Moxd1 5.40497475081618 0.713011071328592 -0.118699512605783
Reln 5.19856322774829 0.450118185085673 -0.216741474656471
Lhx6 5.19855733434133 0.617529133829434 0.0403673609145215
Grpr 4.81019195989756 0.873903689789886 0.797323154004172
Igfbp4 4.75830422967996 0.36027721771877 0.30673484012459
Ctsc 4.73735992419669 0.616927237150261 -0.0406570279861941
Timp3 4.70044737883195 0.535422745277138 -0.0727266972251775
Pnoc 4.35658960668674 0.671028429974477 0.195706168775503
Lgals1 4.27839519174761 0.399731159912781 0.220122481948071
Ptprt 4.21771796303063 0.593984691570467 -0.018214533902015
Kcnmb2 4.10559052530926 0.599747760004857 0.581317171145548
Dgkg 4.07811502535336 0.284605377184781 -0.172221128213188
Klf5 3.98826516837391 0.452497090100985 -0.121277635863981
Rpp25 3.79053259715681 0.269488047966657 -0.0486701261464952
Golm1 3.75660641238813 0.528013123886869 -0.231569855906864
Cort 3.73605966228865 0.623127285231447 0.211213845788306
Ramp3 3.71638500026265 0.598483280660776 0.390645796970616
Pvalb 3.71135404400538 -0.0394404776534924 -0.151819849377666
Slc32a1 3.70099191314054 -0.216285371281475 -0.330152340819629
Rab3b 3.69441575535818 0.3650531400855 -0.136310943895474
Gria1 3.6756576944186 0.293971201982771 0.0627599391677264
Meg3 3.65594467536814 -0.0715720092281179 -0.277916085755818
Gad2 3.6312620633768 -0.00803375765961159 -0.340945352026404
Cdh13 3.57656544269297 0.391811053053984 -0.0233338301308646
Tenm4 3.54554801724935 0.253187910159797 0.050721005110833
Gp5 3.53363363884371 0.74965415997652 0.565181920721471
Cacna2d2 3.5224351924928 -0.205616561983351 -0.175771614183859
Kcnc1 3.49553132586964 0.426742850643949 -0.0838717813139521
Satb1 3.44504445150539 0.357713745687458 0.209765444184939
Postn 3.37259033074153 0.743265417698411 0.448709535944036
Rgs8 3.33408598288603 -0.0247172469102226 0.189171169284116
Pappa 3.33097822446566 0.680567760813232 0.109781281489515
Alk 2.95733566222917 0.482100569930166 0.207965812567986
Col5a2 2.73541299031901 0.592317529685377 0.0228357413141269
Il34 2.60961497491731 0.526288837106938 0.147440298165058
