Arx 6.09858316018881 0.513874228826469 -0.103820208069192
Lpl 5.63930866603499 0.325123638783441 0.065787982903064
Rbp4 5.57932325553886 0.627546750687547 0.418817165910828
Col19a1 5.43469054685746 0.698698278015743 0.202486171773728
Pvalb 5.34395107735398 0.133575330097958 0.197930227418298
Tac1 5.29658144554009 0.338638512617897 -0.157358097473967
Lhx6 5.20712780482947 0.718774160441827 0.0960352067556162
Prss23 5.16057121157806 0.609296538483824 0.456755114519005
Grik1 4.80532101192949 0.282330867050426 -0.138382231477089
Mef2c 4.55805488348197 0.259333222849434 -0.129517364503239
Gabrd 4.3944464766897 0.344036797646237 -0.0014114830556331
Npy 4.34325441299543 0.560691515486829 -0.00240925229336467
Cox6a2 4.28916214539877 0.819170630058714 0.779020649180018
Satb1 4.07067674752717 0.532396035475705 0.261251651057742
Slc32a1 4.03648655416749 -0.0751297328973821 -0.0477650596757727
Myo5b 3.96524493132108 0.209586635981229 -0.0756794224583393
Moxd1 3.89191298434141 0.703823611001228 0.084220589498554
Sox6 3.87099848866932 0.364707267887577 0.091551601455189
Akr1c18 3.71340629912521 0.686238546934613 0.388417430512052
Cacna2d2 3.68733740352643 -0.11169332558019 -0.227044039582563
Ahr 3.66210859295688 0.555049258603013 0.532633724936811
Rspo2 3.66118830261976 0.362606927958823 0.137217087703147
Cntnap2 3.59817848866031 0.243149827765732 0.184282426639935
Snhg11 3.585139908804 -0.176926691400819 -0.103756243811149
Etl4 3.57518451172128 0.184580918674188 -0.0390504620083331
Sst 3.54141645550432 0.432844809476503 -0.0519100498807884
Meg3 3.49622157118396 -0.00576745673232374 -0.190157389562297
Crtac1 3.44340124339165 0.50888829626216 0.015951800917312
Amn 3.44261074882753 0.638652912474788 0.195591970481635
Lgals1 3.4157737938218 0.364062772052027 0.220122481948071
Igfbp4 3.41053636722868 0.177616609434806 0.0504672950186289
Parm1 3.34528794241976 0.168442506458099 -0.134850663538216
Pip5kl1 3.31772692201456 0.713534730908278 0.070607402619327
Cps1 2.58271789789409 0.528991307382666 0.0642058092652619
