Serpinb1b 6.50696925408135 0.776356972081545 0.793468575614804
Sgcg 5.95500807270516 0.947370380507648 0.905088015078159
Gabra6 5.69816532872716 0.548970496684882 0.177144349221366
Zic3 4.91564186275215 0.513530145051377 0.0412809999182605
Scrg1 4.88630600645034 0.50264770921564 -0.156252100378787
Tfap2a 4.86236318921701 0.557634193331768 -0.18441452737037
Penk 4.81408299380115 0.320352076914445 0.00945104356070126
En2 4.62407611020634 0.433145036979597 -0.0556005353813426
C1ql3 4.42751533877327 0.320586310719051 -0.242671883176594
Ceacam10 4.36096952946299 0.781793771971447 0.273216732371314
Zic1 4.22054775705289 0.183015377055673 0.104512447556728
Serpinf1 4.13168790646173 0.494689487512332 0.0415000588526998
Bhlhe22 4.11935850693724 0.277244081722914 -0.0475457928685239
Cbln1 4.00105620514781 0.136173692021597 0.0136260741918875
Lypd1 3.97666827557366 0.282972563100502 0.270942640697126
Hspb8 3.95618585750556 0.479259670429858 0.35973801715249
Pvalb 3.65946239591392 -0.0429364329261906 -0.151819849377666
Rasgrp2 3.59276955919878 0.567027841482662 0.568459842178901
Pdlim2 3.39711298157845 0.363416367572748 0.469883450520244
Id3 3.39640808978684 0.448950944001015 0.227325088634168
Ccl19 3.36275492461836 0.582315792264043 0.127179411316385
Gsta4 3.36084190423913 0.370567789976276 0.402804351745028
Ccnb1ip1 3.25989418848587 0.72043955800584 0.172944114754961
Cacng3 3.2598561611386 0.397302925861347 -0.106096914678895
Flt4 2.93056518705662 0.699109436101013 0.582703288284712
Dapk2 2.60484770916026 0.613189343382106 0.352033770638997
Actn3 2.50994497802929 0.798611883561259 0.676399942741976
