Crym 6.07396858061972 0.363801277565253 -0.0357829127705312
Neurod6 5.53224936094544 0.644134525134244 0.495984633544931
Nov 5.44334613662182 0.608085429907549 -0.0184963340542963
Fezf2 4.73427168131736 0.734384245799527 -0.00675272369520797
Itpka 4.6754561829306 0.0252797825803616 -0.216288700464062
Kalrn 4.53815864118613 -0.0477410602040133 -0.146222669609645
Grp 4.11068649032896 0.496425307926515 -0.0680816917869377
Ptk2b 4.09322154339483 0.24696237451521 -0.143618666392592
Rspo2 4.03013845722875 0.423041267855976 -0.155953067974989
Arpp21 4.01204111224507 0.40930057428046 -0.15609091707085
Pde1a 3.88854860569749 0.487535135740105 -0.133206179563867
Icam5 3.86388576639499 0.486393373841356 -0.133899821634681
Ldb2 3.73190954617195 0.469855143635976 -0.214901734742245
Bcl11b 3.72076699800014 0.162789297106247 -0.109803197719537
C1ql3 3.62770600334662 0.384191411572251 -0.257518806633228
Nrgn 3.48176186124705 0.244630370775858 -0.139388559517742
Ngef 3.44575577156814 0.167438162422202 -0.184794166300502
Rasl10a 3.38792653826221 0.368351116255653 -0.195665574318001
Mal2 3.36876372513991 0.209909733925803 -0.117790155594055
Nfix 3.36414347760184 0.00343730369035256 -0.168185501415704
Cnih3 3.2603846760435 0.545211870198056 -0.135755801586781
