Ddc 7.64677281167766 0.390714481394021 -0.272237606808387
Slc6a4 7.29836391580008 0.901875132650025 0.796628479973826
Sncg 6.90586488426149 0.436954373001103 -0.0766331961365878
Gch1 5.91682417285686 0.636228986269207 0.0549064376313268
Fev 5.57944443719567 0.81651459190965 0.726790936618066
Slc22a3 5.23275487791084 0.763339880578083 0.782588051694648
Tac1 5.21706465965504 0.245161904143835 -0.304605341758092
Ttr 4.92249765464093 0.265965485901694 0.0165093151506778
H2-Q1 4.62759861647538 0.833836325536952 0.728363811263849
Ctla2a 4.61751937278678 0.804560396693189 -0.0789559650831312
Klk1b27 4.49549740360053 0.807850844480643 0.175878996033416
Trh 4.14466483532905 0.77570295056726 0.577278928068732
2010204K13Rik 4.08335836246681 0.3759884544285 0.678638271952234
Gata3 4.07321861799025 0.881919865079561 0.135134771785926
Mal2 3.99313883230203 0.222260375220423 -0.116343397058433
Myh7 3.9685058258341 0.215048129532188 -0.101152327988438
Ptger3 3.95672670779443 0.732697890414247 0.361770302782473
Ctla2a|Ctla2b 3.95276436648501 0.809851495018472 0.110980558437742
Gpx3 3.76306199307511 0.477847483750105 0.477785500957463
Cited1 3.7617308083079 0.726598919834577 0.570977526666832
S100a10 3.74166894386249 0.15467350019875 -0.0482792800326085
Mal 3.66533688414728 -0.0965340592478745 -0.0570691052276306
Lor 3.44029820166904 0.358751281986334 0.235792888614791
Gata2 3.43418130130846 0.560148967148381 0.146632909485735
Apol9a|Apol9b 3.39511151410974 0.816135271073937 0.62927712557661
Crct1 3.05319391313501 0.866746312272634 0.870768297390691
Myh7|Myh6 2.90452678683539 0.291171309488245 -0.234653633555255
Prr15 2.64537077795462 0.493819961459126 -0.233104653961879
Pcdhac1 2.48433284754678 0.444268599485753 -0.0348595574808668
