Gpr88 6.66777270246754 0.861264476498548 0.831743729272797
Ppp1r1b 5.56620163034152 0.617307854592582 0.715996438795893
Ido1 5.42054416123102 0.887563395157727 0.840800175596424
Pou3f1 5.34830460583091 0.441925152771347 0.163735798242429
Sowaha 5.15846355815415 0.573132411570743 0.121338571590886
Crym 5.13484006436543 0.468952474986335 0.0264741608284163
Tac1 5.12141754184578 0.425194914991805 -0.304605341758092
Lpl 5.03255187684382 0.381147996031406 -0.129309542061125
Meis2 5.0123472573248 0.53884604642651 0.256184068309154
Bcl11b 4.90894573295651 0.446626224642312 -0.135233201231113
Lamp5 4.81689254060739 0.40950992504914 0.0899916195337078
Rab40b 4.80529232495032 0.517953061811402 -0.0852538149715886
Itpka 4.68336369693492 0.175290540707465 -0.145097367172548
Ptk2b 4.60873907499768 0.489122921967002 -0.195116374232269
Foxg1 4.49057649636426 0.29976588509953 -0.122161791522325
Pde7b 4.48741111289645 0.749732467489388 0.315166376048593
Kalrn 4.37841948912722 0.122470870971057 -0.19466615790538
Gcnt2 4.33141857260449 0.564958766528949 -0.16524765436404
Rasd2 4.33043935168926 0.537546189105791 -0.0628753504782891
Foxp1 4.31942141119195 0.594843726234581 0.636485992346318
Myo5b 4.28210821582211 0.445435497199178 -0.0756794224583393
Rin1 4.27007415641633 0.678750289950786 0.587120125333341
Tiam2 4.19406484429534 0.597128675586178 0.364125365202117
Ngef 4.19159112649887 0.393836485421896 -0.143964384402437
Penk 4.10368240015955 0.431342144604256 0.00945104356070126
Rarb 4.02951030434817 0.587750563475589 0.101138984973459
Isl1 4.01442013010211 0.628530240193251 -0.186647707177854
Lmo7 3.99757413548333 0.112978918083182 -0.148307443286847
Npas2 3.93310242166805 0.776303336619669 0.760728809359663
Camkv 3.92143658140182 0.459610131790403 0.421642543163762
Pde10a 3.92010842005156 0.777954608882369 0.684711968505067
Rerg 3.91344676511105 0.439750656982666 -0.214070794523809
Pde1b 3.85771074431617 0.678510796056698 0.744432040844162
Myh7 3.84610512495057 0.509610738717862 -0.101152327988438
Coch 3.82717342196824 0.602708583510155 -0.214076856198207
Carhsp1 3.78278726989077 0.397697796297396 0.322153238877362
Foxo1 3.75334144310612 0.661217366808389 0.535357150909961
Prkch 3.67761494597793 0.805788907738873 0.0806863938302459
Dmkn 3.66942105055364 0.794773903195447 0.301305022944288
Gabrd 3.61276390861785 0.427768596051055 -0.230875764001531
Kcnip2 3.58337281316332 0.76910120065438 0.310062838722049
Stk26 3.54847834647314 0.501795087993337 -0.161875043408328
Baiap2 3.54074326789653 0.271846116215357 0.208777878905301
Hpca 3.51674762726531 0.372132090230712 0.539818254010954
Kcnq5 3.51171330321722 0.56095195335623 -0.026466746974326
Rxrg 3.49774793760191 0.638569735441722 0.456717581765277
B3gnt2 3.47758215955809 0.531870621784066 0.28455458246175
Rgs9 3.47141128235149 0.625732663373999 0.620383113682909
Tpm1 3.45091287979145 0.468313321315149 0.136160816438849
Nrgn 3.36923501399324 0.442236121677699 -0.220355110454785
Rasgrp1 3.36635386571821 0.603442303588351 0.125823687005904
Chst15 3.36049332321884 0.41520349977238 0.126468702292681
Mast3 3.33649872997527 0.502461690988628 0.411294930917511
Kctd1 3.33557672630791 0.397678752436158 0.159143047448814
Tpbg 3.30901494284195 0.580550349936252 0.162804957642857
Arg2 3.01473702594958 0.685714385914617 -0.212588648927101
Homer1 2.99455172628542 0.65027760588948 0.213569823294025
Cacnb2 2.87953208687653 0.548526146669113 0.155765487549103
Rgs20 2.7728300432058 0.647876697146917 0.0922619121636215
Fbxl3 2.68659034871768 0.423743596130341 -0.027609164131432
Pcmtd1 2.10883392812328 0.45147688870653 -0.0506006972932631
