Tac2 6.97120178768111 0.850929936496516 0.376135618918547
Lhx9 5.96942023438436 0.84864574810358 0.637741782124294
Htr5b 5.96070635372818 0.868778534608756 0.722624268531515
Necab3 5.95035472625369 0.791737517058701 0.802385542331607
Syt9 5.77302216808761 0.661888391920154 0.784724759499515
Nppa 5.71109432013614 0.935169263696251 0.897492760898607
Slc18a3 5.6962400600791 0.793379499958992 0.0512317901045495
Irx3 5.68966363623307 0.74359655847309 0.380809828201273
Cytip 5.55071455804468 0.822658579438253 0.804464470585993
Slc17a6 5.54840157620466 0.53653646623717 0.188721356224852
Tnfaip2 5.2377528501667 0.763943802026929 0.418044252948909
Kcnip1 5.06753343677447 0.352191462187515 0.390824532026767
Sncg 5.06014012924317 0.335631441206633 -0.290662857410612
Zic1 5.02695635359822 0.257319843407077 0.115241610603089
Vav3 5.02100411828972 0.561990533964663 0.67434769237254
Mcub 4.87685779366361 0.608971018228766 0.565656828180901
Tcf7l2 4.83907404745151 0.54199379075242 0.194499625288362
Pou3f1 4.72302960339848 0.0758762136651163 -0.321865760339019
Neurod1 4.70971171427328 0.377507430597992 0.265575328678205
Cxcl11 4.66051248719437 0.889194463656617 0.80990109244473
Necab2 4.64250432376908 0.466884032072703 0.692913413956307
Irx2 4.55242357656134 0.843648311747657 0.82813988999553
Irx5 4.51465820929037 0.775819872017704 0.656212663846192
Nr4a2 4.48353651985315 0.484530467481576 0.183245994166717
Tyrp1 4.44831430120756 0.875444951364246 0.623415419117829
Chrna3 4.33641100372316 0.679546848266718 0.474905136565148
Sostdc1 4.24398199921147 0.782299988344703 0.777546996974542
Copz2 4.18150543902765 0.715767166464567 0.491977312022365
Sh3bgrl2 4.06218448884904 0.654995558496074 0.735670107887928
C130026I21Rik 4.03415758330845 0.894760038151682 0.800402173276172
Synpr 3.93945649703655 0.269838532364892 0.43889471155831
Zic4 3.91604291590808 0.715774010874762 0.666814045813262
Cadps2 3.86604701774709 0.108516772303507 -0.178843545780359
Fzd7 3.84550021126568 0.626193571654895 0.525044935132225
Fgf1 3.7736379413626 0.250158932947676 -0.081565220656805
Nptx2 3.73501469594012 0.644052640806845 0.400993295169029
Nnat 3.6951767542374 0.219528082449396 -0.102135891818576
Sstr2 3.68053915785231 0.491644508257486 -0.00484265960397646
Tesc 3.67718048504757 0.210111002373648 0.0496140542957365
Kitl 3.61776153602829 0.18594555320752 -0.151880190436246
Prkcq 3.58794646483619 0.593364820293605 0.317500703882308
Cacnb3 3.56729127950217 0.531657702094054 0.564721366716497
Eno3 3.51875474786254 0.703390956692269 0.674946761344964
Myh7 3.515960475314 0.149546994426587 -0.117372336977401
Map3k6 3.49614542529278 0.787095185655158 0.741806588449873
Lrrc3b 3.47776218052457 0.648348936963599 0.651187205457224
Ctnnbip1 3.45098528767466 0.690020464242714 0.755353660891693
1190005I06Rik|Gm27021 3.39015883443228 0.454683728758641 0.143090260483923
Rab40b 3.32812190275797 0.0952819529658375 -0.0992074784784383
Galm 3.30855053753439 0.671845682491452 0.457466279683602
Tspan12 3.24164047871377 0.442736589502963 0.0804914886910991
2310030G06Rik 3.21062208650696 0.584709557070085 0.0773208843696929
Sema3e 3.19373735037223 0.406412992148341 -0.084518496839465
Tcf7 3.08818742614735 0.658961609012776 0.602270509960193
Tex15 3.07074945886976 0.729269179940552 0.560602180979025
Ifit1 2.91026467600061 0.692830365224939 0.407881771272709
Spa17 2.79746582780912 0.55561961490278 0.32909902376053
Gpx2-ps1|Gpx2 2.79656326072497 0.730238124056116 0.404004832036847
C1d 2.7872120389683 0.253131311150834 0.351836386587993
Igfbp7 2.63087478974759 0.506126624229461 0.0439901214139109
Chrnb4 2.62415858423208 0.868821855679084 0.776623909915483
Ints3 2.55998782015043 0.551279645578632 0.348703449903723
Pcgf1 2.51873302795421 0.305964356772051 0.147123501467755
