Aqp4 8.62848881726284 0.804028557763462 0.882415115443352
Slc1a3 8.27353534478373 0.819706373604228 0.807293456785459
Mlc1 8.0489289429029 0.806849872108542 0.825378370026054
Vcam1 7.80371981806752 0.743967065355355 0.735221645514732
Gja1 7.57069932162327 0.499340666740967 0.553656114820993
Slco1c1 7.54352701854815 0.887039964407495 0.87299018999373
Fabp7 7.53137371650208 0.571467021858119 0.177649719014433
Bcan 7.51371838787479 0.72521052844506 0.745927732045758
Dio2 7.44995540595539 0.771325243409682 0.787471722733219
Timp4 7.28207354044055 0.624716097111481 0.324236408148064
Gjb6 7.14658877500301 0.784705521875216 0.666649778537499
Ntsr2 6.96042739597483 0.802888823042571 0.728002606316933
Atp1a2 6.87340832043554 0.734372177012578 0.612428022252208
Slc15a2 6.84795435919475 0.799365549984367 0.880663713883188
F3 6.82204441941146 0.799409400555084 0.722474428275171
Plpp3 6.79844403180088 0.66567119783099 0.811978819760046
Tril 6.78004275195784 0.806660665423725 0.806142741710318
Gpm6b 6.72433853862611 0.286506526815305 0.257411148277759
Acsbg1 6.66816686807734 0.875171115684791 0.839556108211014
Scara3 6.6580765626059 0.808637699653844 0.722685204287689
Fgfr3 6.63725177642549 0.851980550592401 0.802723370783223
Mertk 6.60214703115455 0.838882074747277 0.0261893883636564
Apoe 6.54874693747464 0.554317597888361 0.596179149408302
Cyp2j9 6.46054119027368 0.772840829579382 0.716019828295686
Tnfrsf19 6.44930877615881 0.839994091006957 0.867810712721932
Olig1 6.44859848804283 0.320810491208668 0.598710351563469
Pon2 6.43246014295398 0.609118399327346 0.559229481171783
Pla2g7 6.38873223056899 0.798563985402021 0.76681796750778
AI464131 6.37675764762984 0.905377833538998 0.873227347698636
Aldh1l1 6.37165107749819 0.832431195240039 0.770080778705831
Qk 6.27309256127128 0.283549222405264 -0.0744423450645135
Gpr37l1 6.20820588126392 0.694527644600234 0.733083747780239
Cyp4f15 6.19005626082171 0.895537943002568 0.878396240699784
Htra1 6.1553148050065 0.57413761251631 0.622722836961478
Ezr 6.14977379142204 0.856795853638091 0.851666256904325
Tlcd1 6.12469291948905 0.839168032446605 0.744216793632352
Slc7a10 6.10244278503291 0.882858987032584 0.852061872672263
Igfbp2 6.07914027627812 0.813640900145946 0.608593880994855
Itih3 6.07608670959809 0.662499274028147 0.183021296056439
Cldn10 6.06289431454486 0.867616311487793 0.725881227177818
Tlr3 6.00768882526604 0.837397294546181 0.858261417080183
Elovl2 5.99614735096676 0.839754854094414 0.86953099495067
Kcnj10 5.95741890086246 0.59199609530658 0.460499408511415
Xist 5.91546748351938 0.681400235041272 0.0438292083858103
Glul 5.8835808885627 0.564516005102811 0.483954526692674
Fzd2 5.88320861943151 0.827417852638545 0.791394004597324
Aldh1a1 5.88214129419835 0.59864307805071 0.426900521001785
Reep3 5.88063186746534 0.442915420537748 0.158575198262574
Grin2c 5.86938903638386 0.905415246801656 0.865285144605541
Eva1a 5.86707475149652 0.822210815290711 0.738276592709824
Mfge8 5.85504770652034 0.76014064635212 0.776185206189974
Car8 5.84756692832573 0.694598245752078 0.147790851630843
Slc9a3r1 5.81740179076957 0.686991299939567 0.646284895513653
Itih5 5.81208497436884 0.712699441904378 0.717616284579652
Zfp36l1 5.77209705406166 0.546295738206005 0.240107344389942
Adhfe1 5.73942247119414 0.799028739122547 0.712598130426396
Lrig1 5.7146142946416 0.673266978624997 0.721465009421995
Acss1 5.67273968485323 0.738921360582533 0.68089049441288
Pdgfrb 5.66758494671785 0.826776508850069 0.692889322526657
Smpdl3a 5.65429805562396 0.787690535002046 0.844363535469986
Crot 5.60371124450079 0.65043493423774 0.598351629663525
Itgb5 5.59433079975068 0.685535591790675 0.73439783258758
Zfp36l2 5.58156912834156 0.658344486906471 -0.0397896095159471
Pbxip1 5.56799890936769 0.859290602677724 0.720814282442406
Ccn1 5.56776467588799 0.869842890828711 0.712624727690518
Wwtr1 5.56242236283618 0.747990390435388 0.571637896569719
Cyp2d22 5.54830995067803 0.875595962428638 0.859198077982984
Il33 5.53708197022427 0.502981970504051 0.108817894612257
Pmp22 5.51651625562011 0.550737138440876 0.102555722127942
Psat1 5.48364917277006 0.356553216485705 0.0998992642256209
Cxcl14 5.47160629939994 0.481344777123994 0.0108285046614075
Scrg1 5.44220895117733 0.611067021638475 0.112704087755725
Prodh 5.43981320069557 0.893204174682097 0.848159221691957
Slc1a2 5.4337931887235 0.781726859175113 0.715811655248828
S1pr1 5.42013151307003 0.853902141553542 0.758346552535745
Lhx2 5.41316629569083 0.646385148165776 0.610148485900611
Cth 5.41112936856863 0.81879088118916 0.815719197888649
Rlbp1 5.39925745279844 0.665210290521745 0.151462428712924
Myo6 5.3850371938207 0.75036966584539 0.540453592895223
Mgst1 5.38383547156703 0.660268991906451 0.57022102100166
Slc14a1 5.38193760225284 0.911718801743816 0.81487755164395
Ttpa 5.37933176258635 0.85055771821136 0.772672191450678
Id4 5.37686734237344 0.204242029262693 0.510556664812665
Selenop 5.36753294220768 0.436767521330578 -0.0216241545472818
Cyp7b1 5.36491907607727 0.718738972500896 0.648734185390207
Cyp4f14 5.35524214723412 0.892485257582984 0.858832994772507
Tmbim1 5.3417780928 0.514089697397242 -0.0109066754384885
Gldc 5.33906407996048 0.849070657140143 0.734191753881614
Emp2 5.31799623098746 0.880450294437111 0.788005963783574
Hes5 5.24881793314384 0.395844851649948 0.269336182674246
Pnp2|Pnp 5.24306574688366 0.541669667113388 0.717571443896628
Ccdc80 5.23049901763647 0.808780167166557 0.837613680312337
S100b 5.23007229915705 0.403761126542602 0.122987472536489
Lcat 5.17923300678418 0.893342714143838 0.858793961130153
Stk17b 5.16086711069237 0.705175815984153 -0.0309181338982068
Tnfaip8 5.14073801300785 0.629461442324208 -0.0687511326400445
Pdk4 5.12403835559611 0.738034298643017 0.59812531115307
Msmo1 5.1178195601312 0.629526548668756 0.410188295635445
Cd38 5.09699443706939 0.899534809134343 0.780415940143321
Phkg1 5.08976552183166 0.896178085102022 0.813405923972753
Sept8 5.08560960706443 0.665997347765405 0.255090336416462
Abhd3 5.08254897590235 0.583295662748896 0.803518542113938
Notch2 5.06047279508316 0.559974275710688 -0.0431145382667697
Selenbp1|Selenbp2 5.0445925647872 0.663330387138737 0.64852638077638
Oaf 5.04253995481516 0.802356626839817 0.798644918569623
Ctsc 5.01783154773593 0.609055176245861 -0.0424799009362405
Itga6 5.00933815650409 0.789489090991269 -0.124700103526212
Ppp1r3c 5.0085801021808 0.731237002369447 0.735751623222543
Scd1 4.99537171703621 0.627224448751188 0.364739874341661
Notch1 4.98617418658658 0.813189955147135 0.764167174464022
Cpq 4.92300510201085 0.720739006882991 0.803021083384037
Itprid2 4.91810590045281 0.69709888780718 0.159678465284474
Gabrg1 4.91786091976946 0.716478721079681 0.756990714669715
Egfr 4.89993919024828 0.914848363296743 0.826145671569454
Axl 4.8953385910971 0.887216275958076 0.80705582270249
Vim 4.89417429656531 0.472132774674376 0.0738604009165216
Slc38a3 4.88822777006474 0.811885316791536 0.859169094456355
Klf4 4.85684796769361 0.617202351694439 0.386802958018614
Adgrg1 4.84418295044534 0.802638137533506 0.381297856642244
Fermt2 4.84377623227153 0.585527371117652 0.798588653067009
Prom1 4.83823433974062 0.605645606801732 0.280166162214014
Fgf1 4.83293430352578 0.562297859188387 0.572419768991554
Id3 4.81410256285294 0.604650106864987 0.455648052233081
Gstk1 4.81299326255206 0.609852149204821 0.616503516821624
Soat1 4.81063754296106 0.730652732435601 0.305472115319303
Cebpd 4.80036726570054 0.513447820153281 -0.1693990092924
Stxbp3 4.79536068501194 0.379774563650563 -0.0631832247857387
Papss2 4.79387473825823 0.828777177325543 0.734667449623514
Gpr37 4.78547661812049 0.398817378462077 0.339781304561819
Asrgl1 4.76415160458701 0.575228074540198 0.290279942573485
Igfbp5 4.76044127248731 0.613673643841711 -0.109766465055627
Pdlim4 4.74003830496901 0.725684468457858 -0.10726267715303
Abca1 4.73906850981285 0.710252936895986 0.134537026901349
Btbd17 4.72666742508034 0.86268849043994 0.848551679387617
Pttg1ip 4.72645842319293 0.474668701164621 0.0536159734314513
Tjp2 4.7237387074624 0.573103500303887 0.298894276727576
Nhsl1 4.71163699570726 0.676594381823607 0.231482751976275
Acadl 4.70012116961461 0.486243661395334 0.69286920736609
Cbs 4.69515037236976 0.885441701534089 0.872145789365819
Car2 4.6937519874143 0.453029543974901 0.00128426818812924
Antxr1 4.69248497951637 0.711624175728421 0.806304735270026
Ttyh1 4.68883144343956 0.425212104279153 0.275706769553271
Ptprz1 4.68842273143173 0.719878525473766 0.766969415554545
Cd9 4.68609013379243 0.502549594241253 0.163936514707816
Timp3 4.67219762610002 0.68505683646348 -0.0726833106123869
Itpr2 4.66218128944617 0.709324302988423 0.125444356554589
Pdlim5 4.6441259852939 0.647372521238647 0.689095577245787
Tmem100 4.60788447268855 0.663620383433835 0.0974590490891886
Hsd11b1 4.59809691658439 0.744417965113636 0.837631263041934
Nat8f4 4.59353694759246 0.792940669188897 0.774272554907464
Fmo1 4.57304141124616 0.731230248247941 0.759338444429383
Galnt4 4.57290039260871 0.78161052781489 -0.0888496445825484
Trps1 4.56219431975846 0.520010838942208 0.597722596170511
Ntrk2 4.54096724432223 0.771195952696375 0.728940262777291
Gna13 4.53960591934165 0.612830545011371 0.365976995374097
Pnp 4.53053057228898 0.610287213321947 0.711749559477843
Ndrg2 4.52475934934568 0.597661700372698 0.508374393640426
Slc13a3 4.51759294410365 0.58986746495959 0.522168971308684
Mmd2 4.50230508652453 0.411375790285553 0.520948834756598
Gng12 4.50185016183521 0.502383799207448 -0.00783775289348381
Fads2 4.49867932700087 0.853775688076028 0.84631677585485
Sparc 4.49602615714142 0.549541597089923 0.528080333192331
Sat1 4.48670870255215 0.584782139523234 0.00672742670191776
Ndp 4.48121386474343 0.776247253662577 0.631767424613954
Ptch1 4.47143345856885 0.335230428966574 0.45187878770473
Prdx6 4.46830752999069 0.693517001459804 0.656825804103533
Hapln1 4.46209018334318 0.785477129016654 0.758635480881868
Mical1 4.45538644961816 0.666552701281543 0.0144764755355462
Gprc5b 4.44984879427424 0.499296787911278 0.620463981128328
Lmcd1 4.44684465776808 0.802941435822291 0.54919992736903
Entpd2 4.44558770463316 0.801588168586852 0.839896950398149
Rapgef3 4.43468445856047 0.527781410740007 0.335395972496605
Zfyve21 4.43204160587551 0.450517169279908 0.356912998920361
Gpx8 4.41965784160293 0.668377924094073 0.40611633808638
Col4a5 4.41404949309484 0.930336649586264 0.832099047048948
Nfib 4.40558069473596 0.326916382358682 -0.0428810186794035
Fam181b 4.37705896681019 0.720795214151372 0.51287461459383
Add3 4.37041162885475 0.72118864110464 0.705829514370196
Smox 4.3662733106001 0.528712235012791 0.498146154257842
Elovl5 4.34918241042527 0.660459630429257 0.56619220792534
Slc4a4 4.34676385536951 0.42696900112949 0.105182251701148
Lamp2 4.34578418058855 0.501354686604746 0.13123191019055
Nrarp 4.32684447147113 0.757710499776753 0.482849134485129
Nfe2l2 4.32510019107926 0.572033741051815 0.453204696832214
Gstm1 4.3230583980997 0.668939904568741 0.54981590680719
Gdf10 4.29662321049325 0.771462379110207 0.726740177993015
Slc1a4 4.28529976309679 0.707635608151679 0.725390396326719
Nde1 4.28388497193052 0.576362044573675 0.0728356395863586
Thrsp 4.28122246320528 0.455678563308179 0.486240857155612
Kif1c 4.27230225020244 0.644533614145501 0.589613741459378
Jam2 4.26911735045445 0.647504140958747 0.573135742514549
Rftn2 4.26889986763572 0.75309807071128 0.580022633254166
Efhd1 4.26117565273259 0.499169299480633 0.38748675074385
Amot 4.24899270549591 0.808518753499778 0.836174366155162
Aldh6a1 4.24544515577445 0.622196619266335 0.704258359499215
Txnip 4.24169929819291 0.689348203883525 0.530665392071817
Efemp1 4.23526784846914 0.66879399608532 0.399241132194746
Dock1 4.22960644016357 0.623115417501501 0.700167376680665
Cdc42ep4 4.21872610584159 0.640380528902057 0.600273260452822
Oplah 4.21614773374171 0.820805171090853 0.815464596352275
Tmem51 4.2129598687368 0.802010313709607 0.65718091844381
Tgfb2 4.20919294963522 0.602801913509395 -0.179312149690573
Atp1b2 4.20811704420295 0.654476057892238 0.760984297049107
Ptpn13 4.20494993251778 0.703780318561245 0.426598513895313
Slc12a4 4.18716555130899 0.776463696813592 0.703455991387444
Fkbp10 4.18602879966282 0.907533459690396 0.891714881080895
Gpam 4.17824943429513 0.780094559255781 0.840968110497017
Cyp2j6 4.1726380439231 0.604494889391182 0.220474368610902
Pdgfc 4.14251534421941 0.492415319968293 0.299818840465675
Gas1 4.11692340414757 0.633632593621369 0.433860113387943
Clu 4.11469442308722 0.762452945083185 0.7798997051574
Selenbp1|Selenbp2 4.10708564257664 0.750520490974666 0.688631861422232
Gli2 4.10342125307683 0.814090532189368 0.739372936323296
Cyp4v3 4.09568298122298 0.725338290408347 0.610980030295918
Plekhb1 4.08742223825082 0.413770324162543 0.544142483318154
Zfp521 4.08572118377943 0.167051114383526 0.24150899631715
Heph 4.08345667354035 0.926413880559396 0.864086925561756
Prkd1 4.08320502772489 0.604185447399212 0.67864565889689
Mt2 4.07935387082752 0.637047141111 0.308782290398383
Dtna 4.0665409118269 0.726814046936745 0.725244411877045
Hadh 4.06171915707814 0.443066229591784 0.0904872712437231
Kctd5 4.03714475814152 0.622589200190862 0.539425238475373
Appl2 4.03416425667607 0.645235551823897 0.830199670253211
Fgfrl1 4.02479843820384 0.772323888612808 0.592152786115701
Pnpla7 4.02338371856544 0.779045172169479 0.453948081481576
Acsl6 4.02114602233202 0.697965116178085 0.83016356117573
Ppic 4.01370015113616 0.802045639916623 0.336091636252986
Aldoc 4.00815505656381 0.489393531105036 0.511244256596329
Gpld1 4.00657374211585 0.812857575535703 0.808736437227135
Lgi4 4.00308082405116 0.911444340153622 0.841493115620949
Dkk3 3.99826417726704 0.412812749179151 0.0267228528126467
Sox6 3.99542970035311 0.311433531345441 0.0484381774047638
Sdc4 3.98567643397014 0.788370504216045 0.757489124014108
Lpp 3.98430673454572 0.855115595250361 0.688617377779324
Rab31 3.98388201340435 0.416771832317037 0.237256674681233
Myo10 3.96886006255759 0.800980408059045 0.648873162901774
Il18 3.95344264664058 0.540986912011449 0.648888538704206
Phka1 3.94658989003226 0.703590269787541 0.875128869026012
Sox9 3.9424763037789 0.849098931674126 0.799707881114306
Klf15 3.92765485155067 0.695733490992677 0.617622827277866
Tspan7 3.92545974596344 0.308598625816063 0.0617676545795384
Pdzph1 3.92415228072154 0.8363518472188 0.682676867270913
Lrp4 3.91762188867779 0.789542115434845 0.804610416030568
Cbr3 3.91173968963461 0.224566073991486 0.0882705113668557
Fxyd1 3.89312747958263 0.770899346028451 0.660596061160108
Suclg2 3.88800312712257 0.736055355892597 0.154705569909139
Cmtm3 3.88399023800246 0.718157032864633 0.350685265855695
Acaa2 3.87524459793691 0.771069661732167 0.724753727353525
Glud1 3.87487054198999 0.569406928072125 0.513679812651654
Sox5 3.86206397628875 0.459018184050753 0.373826391493204
Vcl 3.86060782152709 0.66115716286754 0.745853878569619
Smpd2 3.85187607571334 0.691637295295897 0.795528071005179
Ak4 3.83758477863417 0.44505464788145 0.22346263890641
Sash1 3.83721020613787 0.637974087564819 0.787702825121012
Aox1 3.83465567429982 0.881837390713924 0.697228932974175
Mmp14 3.81362285310343 0.790644498500725 0.649927060941807
Wnt7a 3.80940205380009 0.633633871008872 0.317296096564778
Celsr1 3.80038895947413 0.817373273717371 0.71729656892025
Smo 3.79738081446995 0.675829590240268 0.411357834583786
Cnn3 3.79686492307656 0.442156131223992 0.406596768592915
Chpt1 3.78908439953056 0.44018703944271 -0.00496917454014009
Vegfa 3.78283806085834 0.811428923459801 0.606939072247134
Slc41a1 3.78173584383188 0.747787358136944 0.726473948591494
Jun 3.77982326210252 0.534805468423534 0.407492586906477
Adam17 3.77381396597644 0.576965688971031 0.393398933002628
Eps8 3.7660199544152 0.518337264507967 0.274340052452792
Dennd4c 3.76335240174034 0.620062712498363 0.506901935824868
Ptn 3.75996478579138 0.186239876242722 0.11003966012837
Sox2 3.75459721053415 0.419669191535506 0.2568584868296
Gab1 3.74570850299816 0.360780497254297 -0.130425239108194
Srebf1 3.73858303637303 0.716174141374691 0.82717151806916
Adamts1 3.7375237638004 0.652015909608214 0.649974795533904
Ednrb 3.73078013684455 0.794832181367035 0.520434038689209
Hmgn5 3.72524663068667 0.501972612515818 0.247853153429823
Rhbdf1 3.72284182843489 0.707807038488151 0.744347241411024
Lpcat3 3.72192660615849 0.658643133679466 0.370986664449744
Smim3 3.71474581641633 0.663465122004943 -0.139194413983646
Fam107b 3.70850386449535 0.307451460854261 -0.100554427397097
Prelp 3.70608457721935 0.841712981598484 0.492037881245723
Cspg5 3.70055515083124 0.710891366893341 0.594014793965842
Sema4a 3.69836228440312 0.632090763429324 0.371592884299677
Dmd 3.69386745308806 0.614731792881834 0.523113700464616
Aass 3.6937419461801 0.903934899027185 0.804450685738106
Agl 3.68662711712722 0.711175969394119 0.56053745396565
Hmgcs1 3.68433244040391 0.249857400462945 0.0172317321348694
Pygm 3.67950063094971 0.822738268544128 0.736305621749791
S100a1 3.66219757087339 0.522178027147971 0.0427421537797832
Kcnn2 3.65845334126953 0.618568148398331 0.0865752001585932
Fjx1 3.6554483962813 0.742052174030427 0.827508322320732
Bcar3 3.64888676459322 0.490296130773695 0.645691148569069
Fgfr2 3.64704235562482 0.582671714814476 0.224298672133077
Slc16a1 3.64407941023587 0.61069732230748 0.258266413583417
Hspa1b 3.63680727291181 0.391145575137709 -0.0261114582219375
Lxn 3.6322726895773 0.475363585182511 0.473524129983363
Hacd2 3.62654851729103 0.700523491450247 0.729068448649397
Inhbb 3.62494096623606 0.65006537417679 0.321554331602304
Serhl 3.61929505548587 0.717849075801597 0.722306919543469
Plp1 3.61514213032234 -0.183786956042506 -0.133250433383331
Naaa 3.61146694258697 0.786709267841183 0.692756615237975
Idi1 3.60792775836607 0.263074718892867 0.0110287271495652
Prkd3 3.6008994111456 0.454345005340991 0.00165773678475784
Lap3 3.59574143994813 0.584098788045076 0.427194014143894
Mfrp|C1qtnf5 3.58340179881747 0.710493001599588 0.760653565725895
Rb1 3.58061403320397 0.60079892972487 0.550024345091782
Retsat 3.57621330059433 0.768470521143395 0.734791503390898
Pax6 3.57364434547254 0.815531472484982 0.744023487542505
Sox21 3.57113533511104 0.728306449985555 0.428564846108335
Acot1 3.56878825393125 0.497898420056744 -0.0615653343210839
Rgs5 3.56481152700168 0.535645200422488 0.223593524068954
Hnrnpa2b1 3.55217018020451 0.659148235393286 0.024113012278018
Metrn 3.54764246036851 0.726762522404022 0.304947926651721
Agt 3.53945733816244 0.870588832786557 0.641787613051294
Ephx2 3.53154771638927 0.782443579812819 0.690178933330548
S100a16 3.52919316745841 0.556616432281784 0.145495965397372
Ppara 3.52795151809209 0.871567780607014 0.799276126241346
Klhl5 3.52684638311776 0.469364541996438 0.0690668132570423
Mdk 3.51841746742588 0.701591148929997 0.285362125560138
Serpine2 3.51829971064234 0.103253053884657 0.319041687143218
Meis2 3.51379393055232 -0.147725561217335 -0.0289993478112313
Hus1 3.51336799492179 0.572858447111948 0.245314713788238
Pygb 3.51227373915623 0.770827314004161 0.85410003910281
Fcgrt 3.50486802433529 0.751709150496798 -0.0875959106266034
2810459M11Rik 3.49729546934755 0.726289484046394 0.318754240791455
Tulp3 3.47084035196861 0.74103552111521 0.735732656748849
Asph 3.4702474601147 0.675056282049477 0.205598381384253
Gng5|Gng5-ps 3.46975177211414 0.102331489727425 0.130084465586824
Itga7 3.46355645361037 0.796169786542411 0.684940822269612
Idh2 3.46113202077738 0.697572363860528 0.204094889476717
Rdh5 3.45865510800093 0.836419954014225 0.735891528466972
Npc1 3.45416172065993 0.423780023036103 0.0821102829203294
4931406C07Rik 3.45369551636541 0.632319521678656 0.680497049092668
Limd1 3.45363112398626 0.501463327380276 -0.00483480497206597
Mid1ip1 3.45258199669681 0.507112954045174 0.532781196633441
Tmem176b 3.44493650104222 0.370056913486352 0.23411514229127
Bhlhe40 3.44117724982279 0.472343601158435 0.137044440213253
Cat 3.43715904307271 0.430446656611704 0.290829011162728
Cyp51 3.43181906716681 0.588771005563362 0.297086766087935
Scg3 3.43169836030597 0.592671645364935 0.668682067936646
Trib2 3.43117441793301 0.16779108934645 0.143931600546313
Nkain4 3.42694148161272 0.703011961961746 0.578598975017792
Tmem47 3.41833547224769 0.639238498393717 0.683656174132189
Rdx 3.41740294250755 0.365416561050113 -0.00528497391743664
Ghr 3.40874524239618 0.682404868108466 0.457758275848801
Ncan 3.40742717447055 0.656964044078212 0.613084583359495
Dusp1 3.40635439546933 0.639618090520683 0.349844153941768
Cpne3 3.40599026129025 0.598163995189849 0.0939876757225989
Sparcl1 3.40295748518538 0.428153909811389 0.780409148770925
Derl2 3.39920718873634 0.321187395845339 0.157240195705354
Dhcr7 3.38650611341201 0.618520986295184 0.204773566838275
Carmil1 3.38313119945834 0.644694293843258 0.508799072343809
Plod1 3.38213446903568 0.583169588104177 -0.180238367792256
1190005I06Rik|Gm27021 3.38091038829823 0.403254854670789 0.193042079486854
Lrrc58 3.37977854306399 0.506208857027225 0.528577265415537
Kcnk1 3.37751720600488 0.55336113932695 0.533779663857066
Itgav 3.34775156551534 0.602943309100754 0.754050874493661
Hrh1 3.34160136835959 0.617515873868605 0.449834587146335
Gpt2 3.32299288339717 0.169147575156071 0.153942685027975
Lamb2 3.29712324379387 0.793981146401579 0.767882632320763
Mdfic 3.29626922828959 0.443529263153716 0.313406092796586
Fgd6 3.29269068763815 0.86532950893584 0.737808856618808
Neat1 3.27286537515226 0.695365699845226 0.0357790901123398
Gfap 3.25520093362735 0.75106917791687 0.399038087669066
Tor3a 3.21419958317093 0.796687536029305 -0.189967036375195
Prrx1 3.18324804425355 0.544468761604711 0.20026669389718
Tnc 3.16357934725201 0.808880435004201 0.442396491284207
Hmgcr 3.10665135285538 0.453877572830498 0.202499512603673
Elavl1 3.08291107092874 0.130133957123457 -0.19332220557639
Tfcp2l1 3.05846664414719 0.837685140025786 0.698739917410879
Swap70 2.9994291137656 0.720937384423054 0.193880719358242
Slc31a1 2.95742493438421 0.542486912544106 0.388430367856497
Ginm1 2.91925582667682 0.589011442115127 0.555373105264646
Plin3 2.88671796009295 0.593393452858416 0.141377108240452
Vasn 2.84458636193336 0.513576457036708 0.349098550572181
Hsdl2 2.83237014917207 0.411519766692441 0.183606468730613
Ddhd1 2.82101129346951 0.50171999291855 0.409823339593902
Hacl1 2.81314159116392 0.656656800729292 0.482951376189229
Fzd4 2.8073529252871 0.74979347144339 0.543831054952889
Rnft1 2.80573122095233 0.56448957690581 0.482145102824029
Rorb 2.78893469334572 0.773366283321154 0.718300296607207
Cavin3 2.77352756184766 0.506603542368226 0.0879496305312675
Gdpd2 2.76578435801298 0.854808993151153 0.654760472838863
Clcn2 2.75491748634961 0.639241293195088 0.462441553143367
Arhgap18 2.75088493642484 0.739480489320489 -0.162287053575659
Trim37 2.7396440262099 -0.0221901711480759 -0.0965885976732298
Mvd 2.67009147878291 0.540949184941601 0.131469451248897
Tst 2.66820441655569 0.721054370269616 0.452542411042973
A2m 2.65586388445694 0.861928213710421 0.634011997453123
Aldh1a7 2.63055507239167 0.641301389727117 0.217328202401645
Vav3 2.47655727132076 0.421374963655072 -0.174489988579956
Lppos 2.47500660314843 0.750975160749364 0.580625765798297
Ikbip 2.45937394572075 0.563271354371134 0.426648619560743
Pou3f4 2.389105232171 0.347196411459886 0.164931061859832
Metrnl 2.04255200853361 0.600465744297761 0.486935533670256
