Xist 8.70918971618027 0.675840391419753 0.0680947984543158
Dsp 8.36802112107184 0.955892415481049 0.953475849010791
C1ql3 6.30808393366423 0.426572432976486 0.00553265240655234
Pkp2 5.9623851724449 0.661340057320715 0.490166830596991
Epha7 5.94384235333405 0.564135408632375 0.665381926965471
Lct 5.90566793204295 0.922492206322601 0.851910992955819
Neurod1 5.88031965493297 0.744794800658363 0.451112021414838
Bhlhe22 5.8539155796673 0.518692802414814 0.416746931718238
Mbp 5.50398533149192 0.0340425568159904 0.41938090685174
Npnt 5.4193284760579 0.550882571602727 -0.0380967232734738
Pcdh20 5.38806464732461 0.578737207398809 0.223476888667761
Rab40b 5.38531538139443 -0.0576467618676365 -0.0855850163040695
Ogn 5.38000577970979 0.839152280139283 0.430605320378192
C1qb 5.3435013091886 0.674960733423184 0.567979229762687
Nfib 5.34267258705276 0.352192477604013 0.227814395196522
Gja1 5.33881120614646 0.136980382864807 -0.255404068352016
Rreb1 5.25481413871236 0.684407086417716 0.620849922185871
Lmo7 5.20948147316565 0.313824107006094 0.322501272160566
Cebpd 4.91021114563864 0.428699315009604 -0.1693990092924
Kctd4 4.88935951690955 0.465234922718667 0.319522244054671
Nptx1 4.88547372756658 0.397198246985192 0.238495849403052
Mcm6 4.8473988885995 0.686581988363604 0.438812158446869
Sema5a 4.80738390335301 0.632678148586926 0.161522542396586
Notch2 4.73020036188439 0.399848010555688 -0.00219748374488245
Laptm5 4.70880439773417 0.490018113184645 0.35263224647007
Igfbp5 4.67852517564411 0.48144058569391 -0.109766465055627
Rbm5 4.67600358279486 0.378185192241525 0.142621968075581
Trpc6 4.56268641537456 0.684356759992 0.332762759687234
Pter 4.48900983091374 0.821370887780252 0.713382229655192
Foxn2 4.45240583204024 0.324111720004249 0.373191235119899
Tdo2 4.44799177828225 0.837312129929367 0.674758382060331
Npy2r 4.44238537096983 0.7874015144047 0.398464999310365
Tgfb2 4.42686684009734 0.510408245088997 -0.179312149690573
Kalrn 4.34736996557492 -0.177906789195104 -0.193358067196138
Rasl10a 4.33876479997864 0.383654936266186 0.352969084071482
Spata13 4.33717646208461 0.127179074594935 0.325876152776819
Npy5r 4.33670551467849 0.58939232593147 0.497710292541707
Nrp1 4.32428993467121 0.419717883883621 0.022132754282741
Rnf112 4.30981639057525 0.506857734940927 0.730475778849399
Cxcl12 4.30259516636277 0.58160502276874 -0.148995894313941
Cyp7b1 4.260351133906 0.498672379126114 0.648734185390207
Tanc1 4.18039334279507 0.67048749155555 0.418018415591936
Ctss 4.14332609141451 0.43848939531775 0.233922841373858
Cald1 4.12668106761182 0.501579325025339 0.382903837454508
Plp1 4.12262943288078 -0.227039266884003 -0.133250433383331
Ccdc85a 4.04418226767815 0.581515880567765 0.406238830155043
Frmd4b 4.022105188013 0.322240144754315 0.181291019303445
Bdnf 3.97834320663177 0.606446232984976 -0.0130396403538099
Ryr3 3.96925232959381 0.247315681860923 -0.151543915336453
Ptgr1 3.95111809225462 0.644871509290042 0.0841776826428077
Lhx9 3.94690856253644 0.91480490633371 0.900580209355221
Ptprk 3.91844825074601 0.470516189257134 0.495921751655965
Zbtb20 3.91160296587825 0.566410534983107 0.327320716318187
Klhl2 3.89324412095663 -0.0699466727156233 -0.0267080684505266
Nfia 3.88573597975143 0.541842295731851 0.429755958752891
Ehd1 3.8779816304743 0.329102029805371 -0.0818129039315808
Myh9 3.86478603199985 0.359938485397614 0.113400427374455
B3galnt2 3.84870246252753 0.682379826501769 0.556301418609503
Slc4a4 3.81165463641595 0.199932296592235 0.105182251701148
Itpka 3.80894794452809 -0.229201672482955 -0.144823112155094
Mmd2 3.79384770262935 0.195599176602437 -0.0615590082117893
Ddr1 3.78177620378591 0.154704600055456 0.0411617882967342
Reep3 3.76235236899602 0.152759164118079 0.321599343093777
Iqgap2 3.73019507526516 0.325421457697567 0.276789787949648
Lrrtm1 3.70760025649493 0.357351952199277 0.379467703357999
Ntng1 3.61761137584861 0.436976626459775 0.105288123602547
Grhl1 3.58868400201197 0.378281413544368 0.0664030756703798
Dsg2 3.58492338523341 0.725024323121482 0.649305440508759
Slc15a2 3.54923072077356 0.432410960443976 0.091623814503394
Epha4 3.54363047072625 0.22697610132138 0.23637754995539
Qk 3.51746504499396 -0.214968770081287 0.0756369296700978
Pnrc2 3.5070979399854 0.326337329908426 0.458359133603077
Rpl41 3.47168386091844 0.68306312185985 0.658031983822792
Csf1r 3.46889057253398 0.592217210224241 0.273462087390675
Bcl6 3.46616131942149 0.328932027820966 0.266472576377536
Mobp 3.4552250798706 -0.102714646993085 0.039471509669963
Cdhr1 3.45518789384377 0.766834993347633 0.814565637035949
Acp1 3.43115168894694 0.0285758234265932 -0.133430812391762
Synpr 3.41873029773645 0.026540610689112 0.0346361004562323
Pkig 3.41732695571071 0.185227707946142 0.0153790890456066
Sfswap 3.3634484175465 0.288778720674975 -0.0504263187559193
Lrrn1 3.34775998091227 0.343331283147524 -0.187291401011812
Hnrnpu 3.28620916110772 0.471567042776603 0.0548046017569604
Ackr3 3.18224772417894 0.523035261790537 0.10721404007845
Car12 3.15314169196399 0.0563041712608975 -0.179075996120258
Pkdcc 3.1418280044908 0.449136166871318 -0.141355700312698
Rwdd3 3.12630990180497 0.479442796271782 0.559370387704288
Ryr1 3.0311629179381 0.290867460421907 -0.0994732260389042
Syt17 2.96432444965604 0.577097034700814 0.270707086845785
Skp2 2.90984703882864 0.44402148508909 0.422801637779688
Stxbp6 2.87949164466692 0.491145482921131 0.0985457829742877
Itsn1 2.85893518441931 0.435272106680806 -0.0697767623272844
Slc29a4 2.81862440429807 0.666384348561693 -0.109208272291925
Anxa11 2.77472253543525 0.816270598515846 0.752469165102058
Iigp1 2.72090893956251 0.764927637783139 0.587381428428724
Prpf40a 2.67667504743719 0.495522065380002 0.428914669743876
Cpox 2.64957506910143 0.440640635519032 -0.152792369570961
Zik1 2.63316739962483 -0.0229551869254747 -0.23604110498736
Bcas2 2.57910482464714 -0.0342459322481924 -0.107530848401537
Nexmif 2.54169824954577 0.637171292827081 0.666306979557247
B3galt6 2.46512905726157 0.102182146527807 -0.18868843668321
Spag1 2.43910628971892 0.568108010123635 -0.159923219440408
2810002D19Rik 2.33836064257738 0.335858987016349 0.244490467912999
