Lhx8 7.98050778507894 0.822281045370124 0.815354040772911
Slc18a3 6.54363779431057 0.923260774381443 0.893492217591166
Sncg 6.18860443562816 0.799876947160857 0.412991953997438
Isl1 6.07271173478074 0.423441013143245 0.19415991122475
Ttr 5.79337543780763 0.35705705657229 -0.0579133756914923
Zic1 5.64612523187257 0.63760728542987 0.510943012854751
Cxcl14 5.43479437839152 0.412902129461076 0.0108285046614075
Ecel1 5.07710916932181 0.874232042087379 0.8770398875332
Zfp521 4.78487272520121 0.249436791447533 0.375065198569727
S100a10 4.76774673260061 0.332111574858295 0.41205147932633
Serpinb1b 4.76605388177429 0.677012788638349 0.643281481223548
Snrpn|Snurf 4.71441667085207 0.133100103697933 0.0345350331869162
Mme 4.70194333223504 0.138915006095049 0.148541332987856
Crabp2 4.55871926760361 0.772087926038505 0.49204726793643
Crabp1 4.49901971878851 0.407083318455165 0.146277373869271
Hspb1 4.42155262718863 0.720304812730259 0.408386068606356
Popdc3 4.33617669530935 0.790743098376484 0.614047692879492
Zic3 4.32451515775639 0.688435287122621 0.356139230392652
Ache 4.26522191885193 0.679635895700473 0.314781092838386
Gdnf 4.11600774972606 0.764966260116793 0.672955000049855
Trpc3 4.08763297280027 0.679558026073853 0.638979468249987
Tacr3 4.07484448304799 0.863900294257362 0.86115495668863
Hspb8 4.03750463838857 0.63556273395138 0.533817740552284
Cnot7 3.95400771166324 0.175236894186737 -0.162001764574489
Cd44 3.84003406940268 0.655965583631962 -0.034173367678125
Rcn1 3.80337417352486 0.0388983300690259 0.0292830425087706
Socs2 3.79093009326351 0.294066302720811 0.402085754479152
Cartpt 3.73774134689419 0.596430656588313 0.184940019246515
Rgs10 3.71659734181097 0.25333796797156 -0.117601611686931
Cbln1 3.69018640834816 0.365370961936135 0.0103651842044053
S100a11 3.67597818051729 0.714778735892889 0.406260469245547
Tppp3 3.67481638916685 0.464580845702339 0.151732593112885
Nhp2 3.58308276074959 0.079311793187131 0.314314893158609
Mtfr1 3.51725642305764 0.365232937102727 0.21976692996262
Mcub 3.51537156632013 0.637488430721837 0.551498652671067
Ptger2 3.50407191123488 0.784221225613496 0.754880456941982
Sult4a1 3.48186705337357 0.427294440362129 0.450092494323166
Gpx3 3.47151791391214 0.73852608150662 0.77546219447113
Hopx 3.43653725184294 0.553320185230614 0.223039878911818
Mea1 3.43526757432445 0.355755691984703 0.129389010376458
Zbtb8os 3.41512651494326 0.461514807282228 0.481344864672959
Plp1 3.40789804995995 -0.237865154346731 -0.0693816716141732
Flywch2 3.40490283491658 0.497221502418673 0.258901681839716
Slc5a7 3.37902193505524 0.831765786058204 0.758163198079762
Acadl 3.32448337402329 0.159383778013579 0.473509895659304
Mt3 3.32411863161104 0.553478885392963 0.255998818480506
Rbp1 3.23845117780379 0.185097307948645 0.0834403980824782
Cda 3.23167027224298 0.822198306977368 0.756500001517673
Pkib 3.19297024841697 0.512645728117868 0.122542963377712
Coa5 3.14039767710077 0.295846345326616 -0.0747617827922866
Gal 3.03127211341551 0.811676738932131 0.762239728186731
Racgap1 2.91071541242139 0.507447576993342 0.311064245427352
Qpct 2.82727209799054 0.193967479650194 0.00115518020885828
Zfp423 2.70306215467668 0.537962772394724 0.565260775943026
Ntsr1 2.70145659088133 0.610669070038846 0.500281601393517
Fxyd2 2.66874089649204 0.131300915454383 -0.0711636810484343
Mrps23 2.51146433783153 0.156123942942805 0.263888860707334
Sh3bgrl2 2.50703339972586 0.466244665403736 0.346850386263191
Ciapin1 2.49394437615948 0.424568078211677 0.305657748031109
Rpe 2.18479435637516 -0.0529017657286513 -0.0675535840183135
