Tac1 5.73892302893999 0.114825682120441 -0.0894380518115716
Pvalb 5.72985090439627 0.78719848674063 0.618902715982285
Slc32a1 5.25486891352661 0.0213256354168921 0.241583615933155
Rbp4 5.15929532925275 0.646179498620328 0.418265341497245
Col19a1 5.11106325915482 0.628890362745452 0.20265679423624
Prss23 4.8661499986237 0.475522914896928 0.455045303345365
Grik1 4.82785441317689 0.509502996588616 -0.138439956204051
Cntnap4 4.55132777392933 0.620617651540734 0.518715504727334
Syt2 4.54513521479385 0.818311018793641 0.798930948212819
Lhx6 4.49286027024847 0.57514265146062 0.0963673176125472
Lpl 4.39659562398097 0.140799974677411 0.0661247144116324
Gabrd 4.39634579275375 0.117463245979815 -0.00208127248676568
Cox6a2 4.0636405059897 0.775638018971356 0.778829926634404
Sox6 3.87263810773117 0.355151207473971 0.093268433455728
Arx 3.76666367409273 0.300307966801284 -0.103729321779591
Moxd1 3.72958296316049 0.600249570701761 0.0845158867429326
Satb1 3.70257019615947 0.484386698080688 0.259321485408355
Serpini1 3.69112302395011 0.292829313543659 -0.0961070184005398
Kcnh2 3.62784345318377 0.557458390068212 0.114244345491754
Phlda1 3.60552893742257 0.395982812302549 0.401116903538639
Cntnap2 3.59919507059298 0.315396040256311 0.232569556536187
Parm1 3.56831622652304 0.434538176037629 0.0922147382481501
Etl4 3.52479275466539 0.158531243963799 -0.0378122955017461
Lgals1 3.49132650196918 0.447492837449934 0.220222634739823
Pip5kl1 3.48095726539903 0.817231618260411 0.624168424082725
Rpp25 3.47498677997261 0.114233454974963 0.0230534726177598
Slc8a1 3.44140218370494 0.388406452282053 0.0716157215220778
Pcp4l1 3.4379671469812 -0.0680008524136498 0.331128121913647
Npy 3.43708048064516 0.400899703530746 0.49430841581776
Akr1c18 3.43299557717189 0.726389916790152 0.388081418675766
Kcnip1 3.39060561511432 0.431505809442321 -0.143128580073932
Nefh 3.3254247027276 0.603359907816211 0.2708914065926
Cenpa 3.01457437420439 0.624003986792509 0.289341406631381
Dusp10 2.72385182890691 0.486558744937179 0.26718431809841
Cps1 2.56950192473851 0.628902568701932 0.39079734188577
Adamts15 2.4790982343568 0.749434213876019 0.711511640886859
