Sst 6.4278960109722 0.569668083020248 0.488776083238226
Col19a1 6.26912267750638 0.484766316551472 0.0216102009963401
Npy 6.104703484465 0.463626295352568 0.0737852395319061
Reln 5.61262439706876 0.395898067548543 0.326444107966483
Moxd1 5.48884389928257 0.581836214567758 -0.119419422545275
Lgals1 5.21880468790666 0.453271167558531 0.450610484564715
Calb2 4.84482287585046 0.69881398876789 0.55898733529495
Grik1 4.77630907816344 0.315415153948312 -0.138439956204051
Slc32a1 4.76596148220829 -0.236561586824356 0.0860875690783947
Sox6 4.71282198009377 0.286595725494301 0.0484381774047638
Lhx6 4.6906035990886 0.385912426715428 0.0418978500265688
Igf1 4.32214096441166 0.560761822998841 0.405639403607509
Dlx1 4.2382595100089 0.44755009927673 -0.0507968869212589
Pde1a 4.21876148181955 0.312447303848444 -0.133302499382897
Arx 4.17096156959605 0.182284276762669 0.276918346667883
Slc8a1 3.90385917850069 0.27030921726867 -0.0534389947468445
Rpp25 3.90298141969195 0.0860588688856997 0.0466307237422514
Rbp4 3.87385318665598 0.275949810727922 0.418265341497245
Mafb 3.83895439685338 0.607723731471868 0.614024877414747
Timp3 3.83125138304846 0.498247646344465 0.333495264949917
Pitpnc1 3.73575455464255 0.39826854421345 0.537870233060497
Utrn 3.71483599169956 0.128707469996739 0.143781169378254
Rab3b 3.71219921792988 0.257957026282355 -0.138375016072866
Gad2 3.69080032596535 -0.0656304262638242 -0.160257370181657
Etl4 3.58394934545952 0.00086975119863666 -0.0378122955017461
Dgkg 3.49240012315552 0.439625280373123 -0.0850184296732235
Man1a 3.48811337793565 0.414070986892926 0.0955150244452348
Nppc 3.41790816499421 0.842723817857667 0.877591887382055
Serpini1 3.41491506250057 0.0663019386757224 0.0655527553614306
Kcnip1 3.40554666935084 0.272994963501684 -0.143128580073932
Nnmt 3.20410065443752 0.65969209340401 0.0411189020903268
Pcsk5 2.91865876569581 0.722009343590731 0.331646875703522
