Vip 7.33601036605933 0.812530381651973 0.589160168271342
Npy 5.88183657523303 0.507165383783118 0.0737852395319061
Cxcl14 5.84618782110327 0.446325825645108 0.0293055311772562
Tac2 5.50153726864593 0.855536428334225 0.708885273685029
Cadps2 5.38146170609789 0.339107529749552 0.520516180431838
Reln 5.32045215659829 0.412991078252727 0.00341954136944487
Col19a1 5.23951666266632 0.484619068081328 -0.09806314337289
Kit 5.22337305186718 0.768159681053675 0.613371569237968
Dlx1as 5.08997124050292 0.512014160333913 0.186988158628206
Pnoc 5.04100504409954 0.71095936072964 0.195737893413933
Nectin3 4.99665425271681 0.587727010739309 0.508987070108971
Igf1 4.98243777537558 0.676594514381346 0.405639403607509
Lamp5 4.86659924907692 0.0319109228885362 0.164159924529925
Cck 4.84381422852196 0.330938134481399 0.121451488092717
Ccn3 4.736522087139 0.330655870281405 -0.0186098526272448
Slc32a1 4.70089169235062 -0.19488193817641 0.0944668734024813
Grik1 4.66033965221637 0.362517774805222 -0.0806054087547874
Htr3a 4.52514967489294 0.809209688688562 0.785458077317648
Gad2 4.36691010554365 0.0714205282673947 -0.118789722556761
Wnt5a 4.3648144353863 0.784272311691786 0.670814693332633
Parm1 4.32607439712615 0.427902711256105 0.0922147382481501
Nfib 4.1530470496497 0.214704090013939 -0.0428810186794035
Sln 4.10622647946565 0.749160099296789 0.149685602559942
Kcnip1 4.06306563205366 0.418159240302099 0.0231796329034793
Dlx1 4.00484848626825 0.476242227914431 -0.0507968869212589
Sst 3.98121436176418 0.40915386447847 -0.0517572700324579
Fxyd6 3.87636509241461 0.401525035034505 0.187699367966275
Cplx3 3.84937206725525 0.630456577069378 0.397458257599315
Kctd12 3.74919829395403 0.469211564555255 0.347433747318668
Cntnap2 3.73847762321173 0.198618204631959 0.232569556536187
Rgs10 3.73043021926385 0.253268128485337 0.00665467189915721
Serpini1 3.7196266103249 0.166038551948721 -0.0961070184005398
Elavl2 3.6935195533482 0.149927016891804 0.306411274217824
Col14a1 3.58265005885818 0.787928382277153 0.697103003597643
Cds2 3.57293306885103 0.110763123481217 0.0995845466931401
Sorcs3 3.55062070890083 0.724170438544662 0.397206401564419
Nfix 3.50964970848376 0.216776930430108 0.226459800373339
Pcdh20 3.47894093178072 0.431083816649381 0.153079859471792
Etl4 3.37959376068172 -0.000726780609710699 0.0505274863237751
Kcnn2 3.35201896841569 0.525395747786617 0.0865752001585932
Egln3 3.34537998189478 0.552518878648632 0.405797087026066
Magi1 3.27615739205059 0.429155014425872 -0.057737655624813
Npas1 3.27282282783899 0.761652923886647 0.478467748939359
Gng4 3.08172333646959 0.467543352018011 0.065542957922455
Tnnt1 2.74632618262484 0.404360146446307 0.335474155873254
Dlx2 2.64052183856675 0.586628394745171 0.452026951516921
Lima1 2.339599649509 0.469522729238662 -0.0120059381889865
Abca8a 2.225706932357 0.497529193217254 0.122841064650032
