Sst 6.0930062005657 0.544712443090126 0.38560339582513
Col19a1 5.82690832767181 0.454899050202315 -0.09806314337289
Npy 5.32772279258996 0.399397617106194 0.437201284269915
Moxd1 5.2419030512914 0.561203158014026 -0.119419422545275
Reln 5.12641265248996 0.32506156869618 0.00341954136944487
Slc32a1 4.92256185672232 -0.209611590600984 0.197523027608004
Timp3 4.92172851467896 0.569204960561148 -0.0726833106123869
Ctsc 4.73894847290858 0.462029095794377 -0.0424799009362405
Grpr 4.72064854407638 0.872389145883342 0.797300588093953
Pnoc 4.49555516545692 0.599477491039206 0.195737893413933
Lhx6 4.48391143271497 0.366399251696929 0.0418978500265688
Lgals1 4.35551288167206 0.36515531199353 0.220222634739823
Slc8a1 4.19565040037555 0.312686206828866 -0.0534389947468445
Kcnmb2 4.10507829421641 0.522622480966419 0.746469608170976
Pvalb 4.09926972542459 0.476815661942592 0.611798566535267
Rpp25 4.00212981094876 0.0543401587456856 -0.0480308103324702
Igfbp4 3.86117695511105 0.390565724904107 0.372669042358901
Olfm3 3.75714063121397 0.433467358402379 0.242716783351241
Rab3b 3.69380787919544 0.25331062069497 -0.138375016072866
Ptprt 3.65847217101473 0.612111735458466 0.585998578650415
Rgs10 3.63897413384342 0.180300822831734 -0.117601611686931
Rgs8 3.61954215020574 0.209970499089287 0.750992254039291
Arx 3.61495217465928 0.0896309905883805 -0.103729321779591
Cort 3.58319951515255 0.557418060269893 0.211515098981586
Dgkg 3.54567388344739 0.44800438794906 -0.0850184296732235
Gp5 3.52781665842615 0.772207676386637 0.851350503757855
Cdh13 3.52255465894605 0.392407277612942 0.186206637031113
Kcnc1 3.49859082630617 0.365091529131988 -0.0840318476674068
Gad2 3.49635985892541 -0.0907430536603187 -0.132132530380294
Golm1 3.40566499059617 0.438312955879866 -0.00700137620948481
Postn 3.37095319330226 0.77084075537622 0.65903081330709
Pappa 3.34091346686044 0.794486442594668 0.805336763479469
Serpini1 3.33468087438663 0.0567864617324104 0.0655527553614306
Gna14 3.2556359482923 0.889362594138868 0.884613672184519
Cidea 2.88077083476858 0.730040779000199 0.317865334200306
Col5a2 2.41519366043927 0.44258189605894 0.0228568743639912
