Grp 7.50508890565392 0.700270256904846 0.140137302484867
Lypd1 5.69516422722499 0.495983633137712 0.594752188274808
Rprm 5.4318881558651 0.512608315769426 0.424633739097811
Tshz2 4.70824919344549 0.802224349267716 0.739295583797839
Itpka 4.67964974133016 -0.143047596202434 -0.215557580988228
Icam5 4.64531700593599 0.306826841426295 0.262078350291496
Kctd4 4.53562301378985 0.402687179648904 0.319522244054671
Ldb2 4.44067146338251 0.355122870827874 -0.214458285832291
C1ql3 4.4320279441325 0.206067885581809 -0.236804022110846
Ccn3 4.32093531678507 0.232767565967037 0.000616785764867967
Bhlhe22 4.12432465208193 0.319708260314095 -0.335405485273206
Myh7 4.11182976785784 -0.0713136493296666 -0.0933175704268621
Slc17a6 3.89378093268935 0.443936633014218 0.17424540967814
Abi3bp 3.86957105326078 0.687233415005276 0.674186946287579
Krt12 3.79818482140776 0.166297046901129 -0.057522180558753
Spint2 3.79283845478036 0.153361404925174 0.0313105120724109
Cdh22 3.65053526304653 0.485699213068333 0.521438801797079
Cadps2 3.60254508091956 0.0239265689798308 -0.0452680948554012
Nrgn 3.59925498935674 -0.133659963361612 0.00466373850849522
Crym 3.59125883892691 -0.231716822879383 -0.0363487591371345
Arpp21 3.58996289671149 0.0375943177681974 -0.156578334654225
Cmbl 3.56038852638833 0.368960140309374 -0.0596805623907906
Nptx1 3.40874780466291 0.165419435340217 -0.237357177253952
Kalrn 3.33477020476965 -0.293315756854308 -0.146344728685089
Rasal1 3.32766264965424 0.581948964026453 0.0970798593015672
Prkg2 3.18471556179765 0.320558831093053 -0.0869935095903959
Cdkn1c 3.08753749191916 0.407037624127165 -0.118945076993023
Myl4 2.82093783260846 0.554322128980991 -0.0917882451226491
