C1qb 9.45098054815363 0.842179577004944 0.826260272738749
Ttr 9.04308380188255 0.553013134379937 0.316776354853328
Ccl3 8.61680816042421 0.940665365192794 0.875010278610411
Itgb5 8.5628162474031 0.713567344064112 0.832456606116307
Laptm5 8.55518095105066 0.767196765952007 0.791436260745034
Socs3 8.48590187997846 0.771597966881146 0.807573837512272
Xist 8.4785745375029 0.669011563949263 0.0438292083858103
S100a8 8.33958717545815 0.969494967435896 0.960428789540624
Gpr34 8.18208900532072 0.965727438824192 0.949005732697826
Ptprc 8.13193504748669 0.883756484818524 0.535279776908747
Ctss 8.12901799570921 0.769666756135629 0.78372939665311
C1qc 8.01540938510291 0.91994986362476 0.855364296399817
Atf3 7.92313843373409 0.873413924234961 0.830918790269464
Vsir 7.89455103028472 0.837356334821579 0.817507082236361
Ctsc 7.77898757696507 0.663277618220002 0.742271812483732
Fcgr1 7.75764638531709 0.944437931012372 0.879459405437473
Fcgr3 7.72733342931138 0.934053375228323 0.920306466436604
Fermt3 7.65136970302243 0.845608444449448 0.822921217131095
Evi2a 7.5452896397261 0.624728151762433 0.123793673495937
Lyz1 7.53239559206494 0.860149378662332 0.879523082964344
Lcp1 7.52466501473744 0.862978246369837 0.822900146558026
P2ry12 7.51498345821352 0.925936886407522 0.862550960007451
Lcn2 7.51137604370557 0.963769587812621 0.907947148580474
Nfkbiz 7.47352974145728 0.773231687830469 0.843628959821786
Cfh 7.45753245737663 0.941705737753418 0.828383380413069
C1qa 7.44719861965982 0.92727912210279 0.851490235657899
Klf4 7.42503781009486 0.674166680065224 0.585460872667198
Tmem119 7.38227289068902 0.91758664579421 0.914694448697459
Cd53 7.37092869339403 0.938269674390108 0.914042384148667
Ccr5 7.34602139512275 0.961099026962184 0.951519352203952
Ly86 7.33359156044523 0.892003004957065 0.907463383937587
Hba-a1|Hba-a2 7.32261479800628 0.834505818582525 0.800086411562127
Klf2 7.31623282498583 0.877297744538666 0.769883444767211
Zfp36l1 7.29762190813268 0.545404971485713 0.321053198039929
Fcrls 7.28227712936006 0.922474028749378 0.901292070530544
Anxa3 7.28218542723921 0.863474605233209 0.574978505314443
Rnase4 7.26810410508638 0.880323513317826 0.829069504078514
Ctsh 7.24241805092122 0.922599121585836 0.84541726897316
S100a9 7.23572598357571 0.945543225050231 0.922283530222829
Mertk 7.19703327994147 0.72270123290494 0.0261893883636564
Tgfbr1 7.1844481770649 0.800808930909225 0.857222752900854
Cx3cr1 7.1719484928049 0.932545056651792 0.875260216921099
P2ry6 7.15000196945227 0.961075459790488 0.958522990465114
Ptpn6 7.12905611838277 0.956958126611035 0.954814667028238
Icam1 7.11992919521993 0.920667226821809 0.889251240730328
Hpgd 7.07178915974518 0.867853208077934 0.843771537414398
Cd68 7.06508932399112 0.740284227519775 0.845746059949494
Il10ra 7.05406451027453 0.946010691989573 0.956010516398546
Itgb2 7.03272801255884 0.944620222246317 0.940219873686282
Bcl2a1b|Bcl2a1d|Bcl2a1a 7.03043952572941 0.935923207473272 0.9298968864865
Chil3 7.00867601217074 0.95025128314014 0.89072160984618
Srgn 6.97221250970429 0.851746812670655 0.726168999292483
Il6ra 6.97077362004655 0.949530584935418 0.953428819635949
Irf8 6.96957155921274 0.915102033509877 0.915306295303626
Ms4a6d 6.96432106155451 0.965769370060077 0.965364043877448
Fcgr2b 6.95620732571799 0.926446081441991 0.919854728455445
Olfml3 6.94807667313995 0.924602285121978 0.875229318675524
Txnip 6.92398794329627 0.769565256761138 0.53409481607691
Naip5 6.90637229261794 0.949927807199262 0.941263364905578
Tyrobp 6.82948376255695 0.91938689557548 0.892467346121742
Rgs1 6.79468814337222 0.95464021605151 0.913783032329059
Mpeg1 6.792802852909 0.883476973376594 0.883325020049595
H2-T23|H2-T-ps 6.75381629545123 0.758787433536913 0.66886164111321
Ptgs1 6.7263759193569 0.715186935746882 0.535546514080042
Cd86 6.72437226219171 0.95158854051014 0.941879740803828
Cxcl2 6.70895620249954 0.949363488384646 0.887347150467016
Plek 6.70822273177442 0.852318273246953 0.868506236758925
Ccl9 6.67964482043194 0.952266798447945 0.928511238037821
Aif1 6.58399123547547 0.859804373782807 0.848881875018954
Cyba 6.54285353169458 0.885662409709953 0.836822420217362
Pld4 6.5415433056253 0.938647509006971 0.931128609562945
Vav1 6.53833800705427 0.949497285987185 0.941695921644265
Syngr2 6.53372852348075 0.668670553612772 0.678839470206685
Pnp2|Pnp 6.52182538042514 0.557061229674976 0.717571443896628
Cd14 6.50228751869382 0.882826940726229 0.895224222052279
Adgre1 6.50129778501994 0.882502279299408 0.897136616716711
Havcr2 6.49281986933435 0.951566964688121 0.937297158744926
Camp 6.4820342344551 0.9519874889448 0.871274717776208
Pros1 6.45407443980758 0.863644661821583 0.914612661125001
Dusp6 6.45303570596425 0.550461552712866 0.595104011435609
Gusb 6.45255136280393 0.710449644956703 0.783390853831904
Ms4a6b 6.4040002057005 0.938772415184917 0.940757324828452
Hck 6.40310658337027 0.916908540415447 0.928713779249944
Tgfbr2 6.36466769519875 0.788839140515892 0.801267908230925
Fli1 6.36464255649655 0.940703442062723 0.853783730152274
Ngp 6.30259394900598 0.888043802354231 0.889171256787727
Il1a 6.30131561258472 0.948936561811931 0.922074681523627
Sparc 6.25435304236495 0.621318554829581 0.5712743831825
Fcer1g 6.24768732047652 0.923629883483521 0.927191027399291
Hba-a1|Hba-a2 6.23671024849592 0.778693926698547 0.649753889295238
Slc15a3 6.23670652150086 0.955869328211693 0.934368395362971
Nrros 6.23624212678823 0.862215748291444 0.792080354658163
Naip2 6.22276448294191 0.959768097301143 0.95768471536034
Pycard 6.22276006663598 0.901449976310982 0.841427459462965
Pmp22 6.21491994776535 0.499000347944043 0.102555722127942
Zfhx3 6.21073590774624 0.598083075838141 0.709283611700285
Ggta1 6.20630729075413 0.892599252838519 0.742119145974757
Tlr2 6.18334683730303 0.945705909846836 0.948709660774221
Fosb 6.17873287154954 0.74736080469467 0.716245626208222
Csf1r 6.17639826998708 0.770883336414802 0.660291347313418
Tm6sf1 6.17577298494445 0.589940947825729 0.572619551327092
Cebpd 6.16980843323672 0.552726831061763 0.45065287968563
Cd83 6.16598918928873 0.801872648116476 0.851371794275201
Blnk 6.12407746185624 0.858700163225901 0.864948725796445
Zfp36l2 6.10140159846774 0.570118555526773 -0.0397896095159471
Selplg 6.09942139280382 0.875627747436499 0.91377497869911
Zfp36 6.09048773842556 0.81943500042439 0.793942399564921
Ccl12 6.07722648502272 0.963599643436274 0.954932975876901
Tlr7 6.03934897439284 0.923050142363456 0.93990821589395
Qk 6.00216096397312 0.135775107941029 -0.0744423450645135
Spata13 5.97903841697828 0.465962977274723 0.756258912597832
Edem1 5.9713609001368 0.805005381459387 0.767918324079887
Ier2 5.96351001285871 0.771513578323327 0.761337970588246
Ankrd44 5.96156808785901 0.765495073941733 0.774227736142258
Arap3 5.9483094329952 0.848398674253758 0.828525793933383
Cd9 5.94421611297433 0.452568613440687 -0.198812014371934
Lpxn 5.92528619849161 0.917758763169492 0.945666491073607
Alox5ap 5.91725753262413 0.877792471495297 0.908355754814299
Gpr84 5.89616862606718 0.905652920030661 0.923325791747621
Pik3cg 5.87463974026442 0.955347223913364 0.945485852672746
Adamts1 5.86936919922246 0.717876289003578 0.775484383005765
F11r 5.8597719777406 0.913109188774373 0.93724303793423
Cmtm6 5.85326081435449 0.644841582099628 0.7708651982126
H2-Aa 5.84340944171912 0.871845832629028 0.73925341346095
Hk2 5.83006021015058 0.862872100798385 0.867097005396443
Ccl6 5.80234267864116 0.942891598391426 0.926404082157659
Arhgap17 5.80102531221427 0.776231343718533 0.814797078135117
Ccl4 5.79527567117253 0.827485306678905 0.878659261480908
Ctla2b 5.78630207014511 0.916302242362019 0.734414144703882
Fgd2 5.78154831313512 0.937606246549707 0.924591888366743
Slc40a1 5.77631226783742 0.881927149471116 0.89142481770102
Elk3 5.77310835492497 0.838736787421642 0.777628378042196
Stab1 5.77043057431495 0.949879138178074 0.93520463913421
Lyz1|Lyz2 5.76833978527883 0.902394262187709 0.922127961324826
Lair1 5.74840733667434 0.927329530645661 0.893564252231407
Ncf4 5.74483294778769 0.955580431097438 0.939417921115712
Ctsz 5.74372700381996 0.669178939894859 0.743596171931324
Crybb1 5.74312792643949 0.926223598398653 0.9230993733319
Fyb 5.72731568005212 0.946461750587165 0.942190799937016
Capn3 5.70561752982068 0.875718005900331 0.871300451310064
Adcy7 5.68781160325601 0.747539927055765 0.75253960867942
Trf 5.68280108071157 0.567522677029964 -0.09037688828102
Hba-a1|Hba-a2 5.68240764021083 0.785374776516957 0.64631733596174
Rab20 5.66955255247123 0.903061985411725 0.823035733235841
Akna 5.66393253201856 0.885766484679379 0.910062558306999
Hspa1b 5.65781748463332 0.544253643932337 0.452262978230158
C3ar1 5.64684728137116 0.888188849570836 0.8774871490263
Cttnbp2nl 5.64320739148501 0.672684742163566 0.508524144902822
Egr2 5.6412498486159 0.581627533386822 0.481208076196851
Inpp5d 5.63683140199215 0.870034519704709 0.838171688846782
Nfe2l2 5.62746569921624 0.580425003373998 0.453204696832214
Lcp2 5.62304720128081 0.932750917641341 0.932404228147638
1700017B05Rik 5.62213150644736 0.87517528746048 0.887736329966601
Klf6 5.61961411306737 0.820004293906766 0.801422926851023
Dapp1 5.61663265020644 0.84523578550094 0.7316654390012
Tnfaip8 5.61467088830494 0.542572817645449 -0.0687511326400445
Tnfrsf1b 5.60693421658248 0.90620284070727 0.933387710714614
Vamp8 5.60647628143787 0.702228468450875 0.58066248865239
Tlr1 5.57525443901175 0.957450929891599 0.90289235928589
Junb 5.57380946737562 0.720963948274808 0.710325676330519
Tgfbi 5.57354466257977 0.773140805765165 0.774506568660179
Ets1 5.57058997038212 0.826846768484936 0.750404500866411
Slc7a7 5.56960590590579 0.923141611939304 0.915361201002863
Plxdc2 5.56270864248964 0.743323918962559 0.681432637933602
Tgm2 5.55232441610555 0.761354562301196 0.630919020475516
Rhoh 5.54730815063521 0.935059972835237 0.920541560870316
Alas2 5.53056733053244 0.926934648334763 0.924253691584636
Clic1 5.51785909798564 0.827565076428027 0.805975415286138
Ugt1a2|Ugt1a9|Ugt1a10|Ugt1a6a|Ugt1a5|Ugt1a6b|Ugt1a1|Ugt1a7c 5.48755918478449 0.812914958927741 0.856600531425976
Slc11a1 5.4726303192654 0.89340333936199 0.880983356324508
Ncf2 5.46979478547535 0.924479147459672 0.821566928619307
Selenop 5.46868516743793 0.32130483951436 -0.0216241545472818
0610040J01Rik 5.43273343126701 0.717816189168828 0.418756621518981
Map3k8 5.42172014651548 0.948114102489421 0.944718327523361
Reep3 5.41913127212348 0.289892767884245 -0.118153589258345
Lrrfip1 5.40737327705653 0.773174111976562 0.768638722666259
Cd48 5.40660732768016 0.945695545215472 0.938739103649771
Ier3 5.40248228588163 0.824316367939526 0.786715234689209
Ccrl2 5.40219475837877 0.87986888232873 0.89476894373723
Notch2 5.38348870694355 0.465982104986163 -0.0431145382667697
Arpc1b 5.3785992406534 0.679995968994188 0.11048556736705
Entpd1 5.37708639458271 0.914388532812619 0.924906524815488
Tsc22d3 5.37538538844403 0.716272837140686 0.687236910718014
Il13ra1 5.37193477203368 0.856382696596683 0.831620493706404
Pnp 5.36485682321193 0.567779477580523 0.711749559477843
Clec4a2 5.34851567672049 0.941715485566193 0.939788422621545
Stk17b 5.34713828243524 0.597293277984271 -0.0309181338982068
B2m 5.345050924626 0.698661890114419 0.616857967438764
Ier5 5.34260105041251 0.600082621921235 0.684868895754402
Hfe 5.34255487999667 0.819733280179055 0.880955567690262
Sla 5.34003336630773 0.763211216346584 0.638526163706697
Adap2 5.32462005937081 0.910804391654076 0.88078306122427
Nckap1l 5.3077897623724 0.863674224557266 0.894124907642003
Rgs10 5.30602727603575 0.475605446703779 0.774948590675448
H2-D1|H2-L 5.30309047077507 0.759262693254781 0.713519505520334
Cd34 5.29897181868546 0.685037544316716 0.665118490903019
H2-Q9|H2-Q7|H2-K1 5.29153100548491 0.902656495770389 0.839085208581476
Rassf5 5.28243163133302 0.692100227658763 0.628030069672964
Golm1 5.26808623257594 0.629814448585592 0.736554849579434
Chil4|Chil3 5.26172614276662 0.936970542875196 0.8477671028818
Mafb 5.25938760387996 0.739633475847349 0.618852089046285
Pon2 5.25753773503882 0.391499065562249 0.411878372559407
Slc29a3 5.2523296031252 0.651949308798199 0.544499143390683
Gas5 5.2487214254943 0.665201602792094 0.579511280860838
Tob2 5.24018851427642 0.561645421109724 0.647488540048906
Hbb-bs|Hbb-bt|Hbb-b1|Hbb-b2 5.23075716853923 0.863228033503376 0.702822936030939
Slc16a6 5.23053211364236 0.827685262312406 0.863859391197132
Nfkbia 5.22556183067313 0.687060130094868 0.651374483610682
Tlr4 5.18940058825026 0.920942564184233 0.888197520393592
Cysltr1 5.17567670371462 0.939292206431674 0.932745740766637
Rcsd1 5.14466347605689 0.854644022970926 0.856802357991506
Itga6 5.14055401639212 0.659210293279548 -0.124700103526212
Jun 5.13478906723613 0.603235250534109 0.407492586906477
Fam91a1 5.13073704329528 0.626387273481997 0.651154059450154
Itpr2 5.10866780775101 0.603237935343985 0.125444356554589
Ifi30 5.09309983889788 0.849359540633784 0.866539842443334
Frrs1 5.09196240457933 0.830707707789392 0.863091113981946
Mcl1 5.08354356688474 0.758731558256572 0.844813275571466
Stat6 5.07309267073735 0.804562963237704 0.77322968172974
H2-D1|H2-L 5.07255943963937 0.742697370909232 0.704282962504173
H2-L|H2-D1 5.07185784763436 0.791522678860558 0.767797222031011
Arhgap45 5.06723084819145 0.935279681446198 0.928904328320566
Rbm39 5.04565938260277 0.385543152135476 -0.0374899433586514
Themis2 5.03731323536373 0.930216249990908 0.921978712105559
Tcn2 5.02985809041315 0.68197952423554 0.817371209963856
H2-D1|H2-L 5.02621297280866 0.857254918524969 0.75846323307839
Anxa1 5.01274439620175 0.816579813780735 0.407994686046409
Il16 5.01030456443758 0.904204324543061 0.915287336342511
Glul 5.00856191600545 0.355511029200247 0.365430388944373
Abca1 4.99473767682632 0.596908900740776 0.134537026901349
Grn 4.99306219226698 0.798183757957146 0.873399989198547
Btg2 4.98958679010114 0.75725863499873 0.302019874538366
Ltf 4.98958138792917 0.821330287497218 0.752621472053893
Tnfaip2 4.98556978911012 0.876169270399385 0.878006962288565
Lyn 4.97822234171291 0.880351599323165 0.909644388166988
Clcf1 4.97366503634209 0.954921317317573 0.936458027389983
Il10rb 4.95789483671808 0.817644890645461 0.789133592269457
Vwa5a 4.953919234866 0.643801898349656 0.682523105789763
Trem2 4.94865015436506 0.903194831393016 0.900049963114537
Tpp2 4.93682684083956 0.836386384734605 0.733933028598939
Mavs 4.93621113095946 0.458015453712485 0.32768195016282
Sqor 4.93090142279001 0.702517540931557 0.782891644335599
Hexb 4.92494874421716 0.712765530438611 0.756791543857071
Rrad 4.91794505847986 0.923356975235207 0.86885441043746
Abhd15 4.90426809419937 0.9150359329773 0.877001403572972
Trim25 4.90361427008727 0.414542561722074 0.118536900086809
Pnpla7 4.89692068936183 0.697002727649711 0.453948081481576
Cklf 4.89575105475127 0.667289405460788 0.748925563337602
Msn 4.89472226991045 0.7931684743104 0.803008847870909
Pon3 4.89219249939176 0.944668335300661 0.92133875979289
Snx5 4.89193601452986 0.752205606430544 0.762610884125152
Casp4 4.87914840669233 0.922644273492873 0.93449909778924
Cd300a 4.86893244507499 0.913457405418497 0.914211776365591
Cmtm7 4.86816623849991 0.907173133359456 0.911826402314155
Otulinl 4.86181633872986 0.718879242858762 0.792230208763756
Casp8 4.85720661276238 0.918877949571562 0.858756882963162
Cd37 4.84995380780283 0.879477404954151 0.879676582827145
Adam17 4.83553200062385 0.573328441045847 0.503749337160444
Lyl1 4.83227419986641 0.912555991003433 0.922388757738958
Cyp4v3 4.82678766378603 0.641075101018107 0.610980030295918
Sat1 4.81815594905734 0.506259768087806 0.00672742670191776
Hvcn1 4.80749146791042 0.857492194183991 0.866500931061877
Mylip 4.80361941312695 0.701570549570947 0.656854987642689
Xlr4b|Xlr4c|Xlr4a 4.80070736823338 0.818764401975608 0.519131814106328
Pald1 4.79889871719095 0.890511063020474 0.901789464046444
Pdlim4 4.79315962351069 0.599083345403709 -0.10726267715303
Trim47 4.79150795337412 0.88414612247507 0.900825608689723
Fes 4.78905442904335 0.942657614511201 0.931599858038054
Cd300c2 4.76830389361339 0.851813070756771 0.877463373899276
Litaf 4.75956568499755 0.567644809897707 0.446164633416549
Cebpb 4.75155770492987 0.79860334209524 0.847574768725629
Ppp1r15a 4.74959210188977 0.838741749254519 0.769972582969436
Sash3 4.74427812765206 0.808799359786408 0.852327879609998
Klk8 4.74076678014621 0.894840053794518 0.708472407110695
H2-K1 4.72757084187981 0.82660307910407 0.571151271462752
Srsf7 4.726477556353 0.774745759993738 0.66856877761714
Pla2g4a 4.72078413820887 0.74763479810213 0.265679578354155
Btg1 4.71849938594712 0.496942416594835 0.662855700200254
Csf2rb2 4.70722968087185 0.926268872710737 0.932246748151153
Lamp2 4.70114083676597 0.41204030785351 0.13123191019055
Myh9 4.69938646946551 0.495993071710505 0.382919647697374
Trim30a 4.68734638255443 0.945568902996965 0.91299778038857
Tmed5 4.67467398732981 0.60373601039191 0.284702529007432
Afp 4.67095882169131 0.824348655430633 0.708350691531687
Hhex 4.65652983372045 0.90713608195668 0.910169941005002
Rgs19 4.64655177489585 0.576047047760593 0.625774703356778
Cxcl10 4.63834285530119 0.923664769162553 0.69856176833123
Unc93b1 4.63530701600255 0.834705798744492 0.863976254894897
Igsf6 4.63188319374471 0.932807574768943 0.918485018837562
Pttg1ip 4.62306493439427 0.343487039187466 0.0536159734314513
Tcirg1 4.62298818440264 0.757058411743944 0.753210413303783
Syk 4.62111493429135 0.824303780758231 0.878518529556598
Prkcd 4.61058725359669 0.743025588384253 0.688708725514112
Tmem123 4.60326077934566 0.334406747152172 -0.14520813890067
Sppl2a 4.60169317729335 0.521880823749278 0.657250592555432
Cmtm3 4.6005237820101 0.652947786673174 0.359412207355567
Rps6ka1 4.59683775199907 0.802114454087027 0.84682949472598
Sh2b2 4.58555139422356 0.889459548637942 0.83455325094322
Ang 4.57784627033652 0.939701687006101 0.912577349357089
Ostf1 4.57673011631551 0.510884773399613 0.0640992146630397
Kctd12 4.56891291298273 0.52486690538204 0.347433747318668
Tlr3 4.56565015892325 0.643077324977024 0.833342645686074
Siglecf 4.56325775710812 0.957140532229161 0.90222039810489
Pag1 4.5606503294438 0.614647649352684 0.824742738135673
Pla2g15 4.55589651766527 0.832004065610042 0.875519593572379
H2-Q7|H2-Q9 4.55429900807226 0.859435661007575 0.685826234696513
Bach1 4.55416116217805 0.609407722234381 0.706022709422117
Elf1 4.55096262007787 0.688619754533807 0.648389017927976
Rnf19b 4.54741526481588 0.364736480507393 -0.0121835587791494
Ppfia4 4.54064646408299 0.732101766094625 0.845158733127188
Ifngr1 4.54036705609622 0.852468455666029 0.859010231008067
Csf3r 4.53605976476178 0.799479498411254 0.845161755146995
Sipa1 4.53405327123979 0.902175536840351 0.874741852684122
Npl 4.53118171029452 0.693043623940088 0.700004523370205
Sgpl1 4.52303569326377 0.663755660698101 0.675218489090254
Samsn1 4.51620117571806 0.936684513468565 0.926092404275534
Serpine1 4.51521674157294 0.88634274235851 0.888034092410253
Arrb2 4.49728600162475 0.809143264968481 0.77611671622256
Spi1 4.49314513657409 0.935835244081607 0.914316561861161
Trim12a 4.49289026560259 0.917604187736628 0.845428256106638
Il6 4.48743751264701 0.95262424558545 0.870859115857809
Birc3 4.48654404333244 0.912346140765102 0.907690736522525
Parp12 4.47674156284918 0.622476304842496 0.423930618896923
Zfx|Zfa-ps 4.47328211601306 0.648095762487961 0.541678296840214
Irf5 4.47099446623076 0.878768612562574 0.903521918067083
Scarb2 4.47027140790798 0.501388532277713 0.160543727144091
Spint1 4.45558082707326 0.760694856425783 0.839465046389838
Galnt4 4.44613477443055 0.641320162895002 -0.0888496445825484
Rrbp1 4.43947625968885 0.625600680482199 0.613184915400422
Tmcc3 4.42793078194289 0.791506350328437 0.533104613879965
Rreb1 4.42044583206062 0.616780035931431 0.529175939328847
Chst7 4.4189935019111 0.705476301802381 0.649251307858187
Plk3 4.39814764899608 0.703736215333554 0.31595241466277
Serpinf1 4.39643237443812 0.569088210918365 0.0240845290232607
Rffl 4.39003138491894 0.201434901134308 -0.0514476373775014
Dusp1 4.37652836249734 0.644535243473867 0.349844153941768
Pdgfb 4.3655167109079 0.803882265044988 0.850552137508168
Skap2 4.36380702669606 0.649351008023735 0.745882811736739
Tmem173 4.36317460232616 0.763268063833477 0.778875029453547
Ceacam1|Ceacam2 4.36233966483972 0.919803802838895 0.871167305317215
Rin2 4.35633071352355 0.726596337386136 0.6446135270599
Gem 4.35153301245944 0.721693566748362 -0.0428587386634424
Lrmp 4.34872077510513 0.939096344768254 0.913335344448764
Sh3glb1 4.34470415520083 0.686448785011344 0.800871318416691
Lpcat3 4.34283485345087 0.589620565205364 0.370986664449744
Runx1 4.34097443032529 0.903381663347242 0.856939383022059
Asph 4.33898661424381 0.644263573078178 0.205598381384253
H2-DMa 4.33798417238191 0.739437412790819 0.853268960042737
Mlxipl 4.33532338722599 0.772700770750178 0.810263329246178
Lrrk1 4.32273937426393 0.873717282300358 0.578494972729031
Slc39a8 4.31844141904841 0.787118391870381 0.636250945332891
Tifa 4.31345950868669 0.779211496127748 0.842208727064751
Abcc3 4.30652060350777 0.891735444530977 0.881363069604767
Pld1 4.29786269220055 0.673638272843364 0.794539732732298
Stt3a 4.29354520264838 0.54675640643745 0.569207059401557
Itprid2 4.29198193168663 0.533689453765734 0.159678465284474
Mfng 4.28968857880439 0.870230899218369 0.852258192883306
Tapbp 4.27899660182612 0.751053196529704 0.607679622986832
Tspan14 4.27303087974576 0.529468641271776 0.410817272224325
Epb41l2 4.26333333416758 0.580914388819671 0.63651975349556
Ccl2 4.25798812486621 0.936696775641259 0.916482200341481
H2-K1|H2-D1 4.25401653426854 0.634267324571207 0.538827231906372
Zfp110 4.2528693835531 0.472727630380061 0.649779795192234
Pmepa1 4.24848364641123 0.0173276502710704 -0.0990557287349739
Lgmn 4.23603668258795 0.649537052731405 0.75538821184546
Scamp2 4.23462099604051 0.714509754992168 0.715696763220685
Apoe 4.23428747857412 0.230850083664161 -0.21624011285445
Tax1bp3 4.23283406045777 0.389615736344888 0.200794934084161
Tubb6 4.23147724195891 0.891931001182376 0.882376543473583
Snap23 4.20993555156884 0.295277643977358 -0.191035716606133
Il17ra 4.20588439197431 0.760942004606961 0.644076481638362
Phyhd1 4.20045343598607 0.798420865484373 0.722017233311674
Serinc3 4.19252616256266 0.467577211431448 -0.11797386751747
Gpsm3 4.19092933805114 0.929573763129287 0.917855307147484
Parvg 4.18718282471601 0.862250006777063 0.866286442675537
Lgals9 4.18694085156877 0.910665975039532 0.902412802795767
Ptgr1 4.18361376025306 0.665477707308732 0.0841776826428077
Rel 4.17989989353088 0.860033405282718 0.864259189795859
Cd52 4.1675521595523 0.920873288576699 0.901795616698258
Ftl1|Mir692-2|Mir692-3 4.16548132698653 0.700235538613214 0.386635058772273
Cxcl16 4.15919316680939 0.908760713954509 0.830851963792222
Sult1a1 4.1579423452601 0.634906159933593 0.148317382320863
Lag3 4.15560129571147 0.88817993324617 0.885229216279607
Tec 4.15533003570191 0.824934981240044 0.848440360735681
Casp1 4.15406573143042 0.83387443328492 0.835275318797279
Nupr1 4.15364861496458 0.545290217070793 0.302237592466249
Ly96 4.15271564764834 0.825232850076675 0.836523095257111
Myd88 4.15097285184066 0.828961453418817 0.850245271030233
Tspo 4.13150661336668 0.704653413035029 0.485444593107891
Ctc1 4.12561691145352 0.845952920516867 0.822563912738408
Hcls1 4.12027617517389 0.946381900452752 0.917943312080686
Dhrs3 4.11621420016504 0.654160708171641 0.359202952261275
Stxbp3 4.10851225697161 0.184593726293858 0.0827979612203232
Klf10 4.10755751009744 0.438951700853333 0.548824670354931
Arhgap4 4.09961806734653 0.925691180144919 0.891523024809203
Atp7a 4.09547942277014 0.765664132933947 0.791527745787337
Derl2 4.09464167332747 0.357389228221584 0.357992769238701
Lilr4b|Lilrb4a 4.09336752234822 0.939359467754038 0.869890159977523
Lmo2 4.09286701676134 0.0925851689412276 0.362554380195494
Gab1 4.09218496657894 0.281513352458073 -0.130425239108194
Mcm3 4.08343530902481 0.766051567742341 0.72368498800329
Uba7 4.08193784132563 0.894061679594415 0.868019131776508
Lgals3 4.0790229909767 0.831550022299191 0.48078304706377
Fam107b 4.07571221811143 0.267970308561612 -0.100554427397097
Prkd3 4.06806544412696 0.376481019359065 -0.155128712744896
Rbl1 4.05993810821598 0.735107118887408 0.441093516327229
Mrc1 4.05851969072351 0.902657954205217 0.839257640722531
Herpud1 4.05004605009795 0.777413846622769 0.851863285313854
Gng5|Gng5-ps 4.04078741544972 0.0972098365833299 -0.129443401430981
Pmaip1 4.03882225933926 0.862523411192125 0.606333161486195
Wipf1 4.03600067302732 0.48050350890555 -0.189837624912386
Rnf130 4.03312935034279 0.574004883732429 0.0387590718017491
B4galt1 4.02751780775037 0.789286454197815 0.843019608032711
Nrp1 4.02222321535911 0.386145868592669 -0.00774774741164008
Tmem176b 4.01062688869913 0.328380621093935 0.187462411178388
Gmip 4.01043403264521 0.875392402370269 0.851103062859323
Vamp3 4.00717452165732 0.270736884692455 -0.0066814181626329
Adrb2 4.00173239851123 0.900223748489298 0.814507778036027
Nmi 3.99325823658122 0.575280864825285 0.631729461492439
Calcrl 3.97642212822852 0.684776186435491 0.090445464157904
Hpgds 3.9757800280057 0.911239782605614 0.91016301927921
Hspa1a 3.9730552437598 0.592076483021227 0.583085555598923
Npc2 3.97128503241389 0.418272145665078 0.186939254642915
Ugt1a7c|Ugt1a6a|Ugt1a2|Ugt1a6b|Ugt1a9|Ugt1a5|Ugt1a10|Ugt1a1 3.97093013805464 0.905319432942712 0.9117543876887
Lims1 3.96942516864554 0.62181948507399 0.648840678026141
Tmem140 3.96102022231901 0.882004472485483 0.738448251818236
Cep152 3.95976022593901 0.895911785322588 0.817513234654921
Lrba 3.95974386993546 0.729238893078211 0.631930753366872
Pfkfb3 3.95756408347845 0.395923674865796 0.648442414740458
Ehd4 3.95417125331816 0.779764205980424 0.815656941205958
Plcg2 3.95212602925908 0.804318392758575 0.834662408732112
Slamf9 3.94478160856836 0.769964968593998 0.80933539655203
Tcim 3.94374271023916 0.681897527874723 0.245549962192037
Plxnb2 3.94178309205007 0.677012002826147 0.702591554700873
Slc25a37 3.9403963755403 0.715006458823421 0.651045365367556
Mlph 3.9383938904901 0.909220945957203 0.890951324169733
Osbpl11 3.93230707935864 0.690562216999756 0.674290691861319
Vrk2 3.93190754839359 0.635851162384115 0.517232243932592
Ptpn18 3.9318555050638 0.881279595218314 0.903618346049797
Ceacam2|Ceacam1 3.92720548114128 0.886697875253569 0.854413328593084
Cd177 3.9254600352128 0.915295120542236 0.850091384142016
Cd302 3.91290776596841 0.263279543066046 0.234022298859599
Naalad2 3.9122849835197 0.875222996098073 0.795054041972424
Plekho1 3.90939526138812 0.689390213828735 0.711510824379727
Cd2ap 3.90170019706628 0.723182074337122 0.693218984781947
Snx18 3.90049557076842 0.692777863718871 0.77287795022491
Tor4a 3.89613136304435 0.791221588262785 0.853479901834411
Frmd4b 3.89331197612113 0.29665656328744 0.181291019303445
Map4k4 3.89256794900895 0.182953922143542 0.00777230598257886
Ptbp3 3.88746705810779 0.733575037546479 0.777432801346045
Slc9a3r1 3.88242828772462 0.385138388051563 -0.0154722026617556
Parp14 3.86118761091799 0.885574616673434 0.814696809414452
Aff1 3.86114582878659 0.485658467569937 0.672806554692226
Acss1 3.85699682025328 0.462063700893652 0.19101637815828
Cd164 3.85531577603696 0.488883650837696 0.658634079350468
Fam111a 3.85098439701334 0.842712627112653 0.699300212943908
D17H6S56E-5 3.84445551304091 0.935442308548045 0.883703989457476
Tgif1 3.84016688403281 0.913769939181021 0.897452911615861
Adrb1 3.83896659628258 0.704373518191967 0.731537375439888
Sesn1 3.83623736283105 0.553790051629723 0.469589536353129
Rp2 3.83516104108632 0.789786615775389 0.746278310137627
Gcnt1 3.83109328207606 0.925523733423676 0.900181585527375
Sgk1 3.82621726490262 0.412763097458239 0.245624872193521
Rhog 3.82427125408368 0.542457127865481 -0.0956691681287438
Trim30a|Trim30e-ps1|Trim30d 3.81515509192792 0.817824941413499 0.865158599382529
St3gal6 3.81021133421585 0.46468598635845 0.249972238760731
Parp9 3.80846461522428 0.773195102703933 0.827920044854638
Rela 3.80681807023649 0.670820765451712 0.691315995201326
Arsg 3.79506481298639 0.590054013203395 -0.13454317901363
Crot 3.79421467443937 0.315606450680549 0.402802516230072
Gna15 3.7928226900051 0.921448953522101 0.90218650205214
Vasp 3.79270557231849 0.858491756871558 0.879980192537098
Fcrl1 3.79258873462415 0.917994393898911 0.909656617560575
Gna13 3.79177946517575 0.392324036962385 0.365976995374097
Tmem63a 3.78914572918766 0.603764555759469 -0.0975183256489013
Slc15a4 3.78912510217166 0.721895088946718 0.688582923841821
Abcg2 3.78749972498232 0.555732995687584 0.668642504319867
Psmb9 3.78674253616342 0.873310412432433 0.769875040844928
Zfx|Zfa-ps 3.78453711614733 0.641834546449634 0.469299103468052
Il7r 3.78147105615054 0.845618244119393 0.876013122518513
Ptbp1 3.77579382292144 0.645590739788043 0.514292176793496
Clec7a 3.76899639207778 0.785466390024403 0.82345819395938
Cr1l 3.76729938148837 0.689980532455577 0.702508530829015
Rdx 3.76291056451741 0.3055681874562 -0.00528497391743664
Rnaset2a|Rnaset2b 3.75765703629735 0.626312503463052 0.74798179999113
H2-M3 3.74238489778871 0.648988806938179 0.854356866635636
Ccdc86 3.74116323004854 0.612863217542527 0.722378338746283
Erap1 3.73568920756002 0.764759374739628 0.633822422530596
Cebpa 3.73308798475257 0.84893139046948 0.865924687272814
Jmjd1c 3.73262672464463 0.459614648846278 0.264731194509093
Mef2a 3.72534088903329 0.546906307281078 0.786791283071507
Zwint 3.72208682115666 0.426831772990342 0.566287247712855
Ripk1 3.72153378649902 0.733492798254116 0.838147934214828
Pbxip1 3.71724855722823 0.65560020625451 0.720814282442406
Arhgap9 3.70656600442748 0.891374492085945 0.839507795791895
Cables1 3.7046867741958 0.656232733733851 0.570082140732402
Dock8 3.70128501222355 0.911622000045128 0.878916907507489
Daglb 3.6975379977007 0.677736390502809 0.645962887486853
Plxdc1 3.68987072552944 0.605875736775335 0.586570957148897
Mlxip 3.68359825924966 0.832980663736052 0.829245551665253
Tbxas1 3.67771094637308 0.912787558560806 0.879936905457404
Nfatc3 3.6762455427622 0.450891598516899 0.617128924100467
Ncf1 3.67415605310272 0.921317849215421 0.90037209383965
Man2b1 3.67174582961709 0.716330139137178 0.677482272613863
Ifi35 3.67020659295592 0.815649107816664 0.746280049520034
Rbm26 3.66631241104336 0.708966232275674 0.670076666145012
Clec4b1|Clec4a2 3.66597990865558 0.942282834574255 0.927183710969544
Gbp3 3.66116317106171 0.682652096945964 0.197688377819953
Ccnl1 3.65458184811717 0.651843676662957 0.639938820847384
Pygl 3.65010594577726 0.658722905085318 0.274371462721545
Ebf3 3.64980076533324 0.869644635104934 0.841588044257688
Crlf3 3.64853110040518 0.61206075756072 0.578365291512316
Sertad1 3.64796222753285 0.738613249332245 0.728874172548534
Ifih1 3.64760872919439 0.741442421526886 0.486430697743613
Mthfsl|Mthfs 3.64671087741106 0.486894880671299 0.599037647272875
Il4ra 3.64253341924456 0.930092216089962 0.910882838316037
Tmbim1 3.63932702152318 0.276268490567336 0.529713471605945
Dnajb1 3.63748729325536 0.809883921834916 0.84815344941172
Samhd1 3.63483387247978 0.778364518439951 0.725833438877533
Tmem176a 3.63344874643425 0.448639649316194 0.147584890948846
Btk 3.63318219216611 0.819932281877463 0.834753461608131
Glipr1 3.62461547910901 0.729060554629553 0.345904165965871
Slc46a1 3.62356653069599 0.680336672029848 0.560205739892461
Leprot 3.61980514683921 0.375704777935316 0.237701740065206
Tial1 3.61406939125744 0.348633983234945 0.351887511308886
Tmem179b 3.60631512540947 0.594351917620322 0.665025782181551
Fkbp7 3.60356317864227 0.709509589601547 0.62025787120984
Dok1 3.60224697173043 0.85977790341888 0.879845399696476
Cflar 3.60008501974585 0.646853469335582 0.619827847499305
Gimap6 3.59953691761174 0.878392464785784 0.788613423384163
Tor1aip1 3.59812036270064 0.776187826582152 0.785906807057124
Rcan1 3.59625432228091 0.668499126579435 0.783724936844556
Stard8 3.59105918103848 0.573042728432738 0.0592476810424324
Slc2a5 3.59060517910363 0.783622208992844 0.801983419735418
Per1 3.58405456461005 0.660448659164918 0.768700898595192
Trpv2 3.58281248926457 0.757387620330357 0.787164995731148
Ube2d3 3.57998500854727 -0.00348110566566925 -0.0107003880813376
Ebi3 3.57810535172584 0.852945166816723 0.833870217216854
Fmnl3 3.57689917411533 0.876576453843242 0.881955950156956
Cd79b 3.56899378543513 0.921596583658245 0.902792662395606
Elovl1 3.56765015369693 0.346475458632567 0.269296156409433
Myo1g 3.56529145477142 0.842737482636769 0.745884823456093
Coro1a 3.56495634306152 0.570570997359332 0.678631306779883
Morc3 3.55935319166276 0.63505469666322 0.567472674980496
Grk2 3.55304403077364 0.758132636446729 0.728203375458379
Slc37a2 3.55081350259789 0.89427649270828 0.870871332826267
Maff 3.54945661773905 0.820618671754289 0.743797013341992
Zfp90 3.54316015469067 0.69577032546952 0.567011293622114
Dock2 3.54308346445983 0.84204200713112 0.864385616121975
Rcbtb2 3.54090274270275 0.595366897214293 0.593817060985219
Ugt1a7c|Ugt1a10|Ugt1a2|Ugt1a6b|Ugt1a9|Ugt1a1|Ugt1a5|Ugt1a6a 3.54036207573192 0.772469121016378 0.670144410937881
Tmem168 3.53374805674042 0.446534784212022 0.287647594978816
Pxn 3.52726275541275 0.479124896374567 0.768742208644772
Hps3 3.52133542388845 0.853158438930644 0.846560063665222
Tpst2 3.50007936914488 0.769621517420259 0.814376567990135
Cd33 3.49905967867033 0.820281213379372 0.863722177475916
Tnf 3.4930607048956 0.835252526969837 0.852198310703909
H2-Oa 3.48277221060619 0.916664014938173 0.908570934828723
Snx20 3.47973602025622 0.919424184277069 0.887672813341278
Resf1 3.46935453589797 0.716497465690347 0.751573691100649
Gbp7 3.4670296612968 0.722638014647157 0.318783171697342
Cdkn1a 3.46382146883627 0.663367441016294 0.628363727710872
Bcl10 3.46246726758038 0.575571993400207 0.520204035598561
Fcgrt 3.46211155188739 0.651835290087157 -0.0875959106266034
Fos 3.46201693988168 0.272540806417673 0.397663788507443
Naglu 3.45760293296899 0.799132498512631 0.814074881687475
Snord22 3.45657549499166 0.767478253040451 0.747652135155631
Trip6 3.45415431950998 0.524635398129489 -0.0241247094278265
Ivns1abp 3.45286783621684 0.0422226534163623 -0.0781157980089501
Ptger3 3.44025064396879 0.646747669141365 0.254388481326541
H2-Ab1 3.43709522565397 0.797930870472031 0.639214100328447
Srgap2 3.43356277546791 0.843923745019203 0.860900796840941
Bin1 3.43298619334295 0.463205847409776 -0.186107339984327
Gcnt2 3.4320333249964 -0.00374076232171832 -0.165151578502297
Psmb8 3.43037082321621 0.848857256672528 0.819332532803385
Ucp2 3.42291438228175 0.805598657519853 0.831571033377976
Gns 3.42199578342803 0.685125577509163 0.820966833945184
Smox 3.42174740337111 0.315462748234963 -0.255117354475457
Cln3 3.41640202015873 0.583538639683199 0.549921350237961
Armc5 3.40338994733787 0.714837605438302 0.715801398681453
Tgif2 3.39741948600927 0.884519170393922 0.883424583703785
Cks2 3.38958074124024 0.584202134329498 0.126543943405615
Sall3 3.38423101282915 0.755662773106781 0.44769549997939
Plod1 3.37719968340116 0.45975832986987 -0.180238367792256
Rab3il1 3.36068781160198 0.771515696971509 0.836485495564799
Ifitm6 3.36011114778404 0.894428970861797 0.816494199054665
BC028528 3.35695338301688 0.735406058301803 0.296661843788185
Ctsa 3.3560139079471 0.660365933446724 0.534366056690974
Orai1 3.35572079639417 0.630063421434092 0.50767953774009
Hacd4 3.35451254750518 0.766717219377945 0.650509092278048
Thrsp 3.35294311281557 0.190930358354315 -0.0409211263935178
Igtp 3.34963072959261 0.726344799917968 0.601433483571723
Twf2 3.34323362719272 0.660779628495005 0.446775664971107
Wsb1 3.34310551025989 0.605236672575379 0.428163634759953
Gng5-ps|Gng5 3.33822165270812 0.252150426860462 -0.205907125279135
Camk1 3.33625930991448 0.459646892253862 0.233154311727339
Marcks 3.33230638428097 -0.128755142858216 -0.313811138264289
Rnf135 3.33081635476418 0.629118034741511 0.540345324821062
Creg1 3.32981608237983 0.625231660393424 0.7879940393521
Pdk1 3.32876998140582 0.487004477229228 0.520561388633154
Mmp2 3.31494359860111 0.676814797128917 0.690780587454023
Socs6 3.30840000891159 0.587726283529197 0.552431256749709
Rnasel 3.30789798196706 0.745055216277634 0.620191848098683
Ceacam1|Ceacam2 3.28701884533522 0.911658476780125 0.854546007478846
Casp7 3.28657140967345 0.625816181680958 0.0390400474179801
Zfp869 3.28379432979045 0.710683750867426 0.71362492453005
Gmfg 3.27758388072284 0.873513270134383 0.871157297350848
Smagp 3.2675294834713 0.896942864780328 0.846688389893117
Usp24 3.26750829945758 0.57784327660268 0.622261158994516
Zfp62 3.2526400893922 0.487700921573774 0.588397958699848
Nfkbie 3.24522438194249 0.800155337931307 0.709695613664964
Traf5 3.24198152135747 0.859388468814474 0.861695122228372
Hp 3.23609401667704 0.886937808191968 0.674689355260133
Tmc6 3.23253326995882 0.855030700292982 0.760202015860069
Tap1 3.2049532134002 0.85393434762869 0.724211993986736
Rasa4 3.20014900181726 0.880612145498829 0.884780250376785
Clec5a 3.19699442108547 0.876568154538297 0.824096700605805
Clcc1 3.18328639915918 0.372298123807636 0.376368066191533
Eif4ebp1 3.17713916863395 0.631835609228745 0.615190795188297
As3mt 3.17517874781528 0.301329735760701 -0.140335102093633
Cytip 3.16925147206227 0.763826091583325 0.722608789559203
AW112010 3.16819419758671 0.889207398421477 0.872435707168849
Mrc2 3.13404343364367 0.87749577177044 0.772729360956739
Relb 3.13155353647489 0.766510143462241 0.72978305145058
Irgm2 3.10825123792895 0.783130081474443 0.520327248365101
Tgfb1 3.10806560605571 0.878166082077195 0.793432656753817
Pias1 3.09806075839993 0.416828565313744 0.338766623417655
Calhm2 3.08629020528915 0.853405051170734 0.820964215737622
Irf9 3.06856084425861 0.825502573392202 0.792342799295709
Fem1b 3.0675397727962 0.386738786083721 -0.132615289872382
Il1b 3.05144165913604 0.879864547930743 0.882089732064164
Tlr6 3.03811413881062 0.875573542164264 0.814454308742572
Myo1b 3.02314439058788 0.125086674620113 -0.0385519506870861
Pf4 3.01349325306615 0.884074932715801 0.831374580265833
Wls 3.01323988494306 0.294332689994099 -0.147123870113591
2510039O18Rik 3.00972851584109 0.532854322898166 0.509716543266307
Gdi2 2.96416131932275 0.0490852371415971 -0.0364826336759461
Batf3 2.9400119371925 0.891772967881199 0.892224944412606
Trim34a 2.93841389023019 0.799702095111795 0.683217445325645
Isg20 2.93206747402706 0.871275084644729 0.848456906798345
Tmod3 2.93073470142433 0.309560224403197 0.0553680151938466
Nfam1 2.90769442633877 0.88509873369069 0.875307410407893
Was 2.90218912454413 0.811348039164689 0.826814519883009
Tfpi 2.89320282532861 0.635590369231067 0.343418524845911
Ifitm3 2.87061532953572 0.419594877907698 -0.118774610174719
Parp10 2.84437984023735 0.78796676153229 0.756350720237925
Slc35c2 2.84402135670082 0.445011569951313 0.532045860820505
Abcd2 2.80795503872046 -0.00588758761340808 -0.216873079561179
Hlx 2.74246688544822 0.859877286491892 0.843420044361571
Emp3 2.72408723916861 0.814933115210685 0.447145678367188
Zbtb44 2.67456131736602 0.147762542300764 -0.139371979753291
Gpr137b-ps|Gpr137b 2.6720938673262 0.556556358926521 0.185357464488346
Smpdl3b 2.66660279163418 0.560734704941435 0.54742976359056
Myc 2.66622757593306 0.737888171608713 0.726262962699789
Parp8 2.63610936986446 0.446535643278186 0.415526260027035
Eml3 2.63184224863563 0.362819310801598 -0.00517251147098701
Srpk3 2.61240213666157 0.739123566711717 0.304828228240171
Bicd2 2.6010037265341 0.458467266540773 -0.0815026172651759
Map3k1 2.57811521137875 0.684945250654327 0.533624925019659
Zfpm1 2.54363494302779 0.463437079201189 0.183563764094728
Sft2d2 2.52490503013955 0.523407939175763 0.176036726495517
Sh3tc1 2.49514113868806 0.82777814187707 0.816028502716902
Tnfsf13b 2.4664256300754 0.718612421805352 0.75979575146074
Il21r 2.39537666871235 0.920329754740278 0.91827684054802
Mpo 2.38914212293181 0.722883022567827 0.194220221744309
Rgl1 2.3557017757062 0.247396332988793 -0.177830591097945
Ceacam2|Ceacam1 2.1967489192124 0.792803519678104 0.619281807244611
Mtap 2.17003804223121 0.287200713667039 -0.0309912088864148
Smad1 2.15406219317841 0.588931158012218 0.285199394050637
