Olig1 8.38939039401973 0.581211204978646 0.767184826350076
Plp1 7.43589098712064 0.497816136478968 0.662072291550835
Mog 7.21193419061316 0.847008956173958 0.76502672209576
Mobp 7.12824852323681 0.627947278700669 0.684148159195635
Mal 7.08360353896347 0.669841712211577 0.7983685285677
Mbp 7.03731248691429 0.463213525511449 0.731118478809312
Ppp1r14a 6.98097478773837 0.798441661829224 0.845075208337889
Gpr37 6.85515623794654 0.658025766843601 0.339781304561819
Ugt8a 6.82003792176449 0.757851617799938 0.796937000774583
Cldn11 6.65541102019781 0.609514993383441 0.637534311775805
Fabp7 6.31504552662475 0.491985111693468 0.177649719014433
Pdlim2 6.24399250498436 0.82916594445534 0.744082876887141
Ndrg1 6.22306829254614 0.538522546137324 0.413322550154437
Evi2a 6.17305187610872 0.760577153068947 0.123793673495937
Qk 6.13386831335596 0.345431901901164 -0.0125143765704588
Olig2 6.03267815379673 0.760888086260905 0.698661462896173
S1pr5 6.01372864124323 0.714931185073519 0.737385907291151
Tspan2 5.77352660452734 0.801107808093331 0.835477004125392
Aspa 5.75938317872153 0.75786551628236 0.684325720516442
Cryab 5.66234415695392 0.53004794539992 0.568522327647451
Efhd1 5.66016700232387 0.675473131887851 0.38748675074385
Gsn 5.65377946306825 0.635601923892082 0.666851360972835
Cd9 5.64393021926598 0.637583957315287 -0.198812014371934
Trf 5.49531543437997 0.741960520334698 -0.09037688828102
Reep3 5.47266716405842 0.48153743986626 -0.118153589258345
S100b 5.44381776343661 0.509196201011363 0.122987472536489
Tmbim1 5.38569455388679 0.592307994891175 -0.0109066754384885
Gab1 5.2582610885977 0.600762568028338 0.415327320881204
Ptgds 5.2429179225665 0.591478893279447 0.234201341378847
Timp4 5.24162912871995 0.431625449313134 0.0118854431208319
Ddc 5.1081300684977 0.741501202587404 0.684766690053356
Kcnj10 5.06807940736281 0.612282303101794 0.460499408511415
Anln 5.05352982645438 0.778580812973192 0.715595755550372
Plekhb1 5.0190324634374 0.593274169018939 0.544142483318154
Psat1 5.00845533779727 0.367393145405967 0.0998992642256209
Elovl1 4.98126763104347 0.6646177624219 0.269296156409433
Trim59 4.94873009601258 0.690638316753809 0.761767026695326
Gatm 4.89301644715864 0.60779344848578 0.627408804196056
Gpm6b 4.877489307815 0.158819329812011 0.0507540037113363
Itih3 4.84287377198992 0.655561586812676 0.183021296056439
Pou3f1 4.83337948842437 -0.0133357462883587 0.239965509686827
Rffl 4.80252821356744 0.457434547951576 -0.0514476373775014
Slc44a1 4.78386527803536 0.809790096409885 0.821768590422807
Gltp 4.72453157891331 0.753732095604406 0.813459152327626
Stxbp3 4.68823580172392 0.445068700277518 -0.0631832247857387
Gja1 4.61585651495508 0.146476807379904 -0.255404068352016
Clic4 4.60539557125847 0.497466846077412 0.499577230003853
Scrg1 4.57791363442025 0.62808717329082 0.112704087755725
Mag 4.48566065426152 0.839183468709284 0.542380204506206
Carhsp1 4.48431979967243 0.0917381249006184 0.294745363403572
Gamt 4.46357514946661 0.711618715317924 0.725521674359548
Car2 4.44283080679205 0.497932659768707 0.00128426818812924
Selenop 4.37296296239637 0.416935635889885 0.400457360145401
Slain1 4.35899185164793 0.624555222436113 0.753243192820433
Pla2g16 4.35081821319796 0.682587807443545 0.554792221022789
Nkx6-2 4.34556197121609 0.762782096920318 0.73019476341944
Rab31 4.34062099879897 0.540854347517186 0.237256674681233
Bcan 4.33822929733518 0.554418649681124 0.737625183682578
S100a6 4.32225112545737 0.419302690344623 0.285058738959458
S100a1 4.31606748423151 0.632253165550798 0.0427421537797832
Tmem163 4.29119810725036 0.690046156815728 0.529912073323779
Grb14 4.28613941820573 0.685020821019217 0.761003040807339
Nkx2-2 4.28546892902562 0.747298714462908 0.628247461664321
Sox10 4.2635925419584 0.797408899456373 0.81945681226584
Ddr1 4.26156956558475 0.431263816069019 0.0411617882967342
Lpar1 4.24529797255717 0.802381754332981 0.745908436279537
Fa2h 4.24031249499489 0.793212351282142 0.634166101383144
Cers2 4.23870337786389 0.668274200132169 0.3570333720753
S100a16 4.19194133384458 0.676350926640991 0.145495965397372
Adssl1 4.10086024109548 0.532680327179324 0.364461152969589
Cnp 4.09308390520777 0.483395711160795 0.654545427567463
Tppp3 4.08270292279471 0.609868501186566 0.151732593112885
Il33 4.08220370914251 0.336150685138966 0.0822976609023326
Sept4 4.0730493917283 0.566859556001687 0.579080260864718
Elovl7 4.07144374363489 0.729356159264128 0.62536864721629
Tmem98 4.07036574077776 0.786451879440751 0.679720679822789
Josd2 4.06933015418628 0.768978772114651 0.530473834118902
Rhpn2 4.02676558624291 0.61015177700764 0.36648838955686
Sspn 4.0259244492319 0.628290283156518 -0.0360584217927719
Pllp 4.01203012586162 0.806936481626233 0.709284113815296
Apod 3.98634961269675 0.70402589264199 0.504437333191552
Gal3st1 3.98212472245202 0.800223014605687 0.693884565877407
Tgfa 3.91081544585208 0.216644415896895 0.15939518230599
Litaf 3.90880597388695 0.708393930756987 0.446164633416549
Gng12 3.90583549812917 0.516505207731062 -0.00783775289348381
Gng5|Gng5-ps 3.89402793872777 0.227796025770477 -0.129443401430981
Fam107b 3.88897325987961 0.421052092885648 -0.0964430517252972
Wipf1 3.88044762147957 0.665228436259208 -0.189837624912386
Prkd3 3.86801803091574 0.548058596864395 -0.155128712744896
Abhd4 3.86389410905772 0.474623178882176 0.364859760672932
Brca1 3.85213233774527 0.522191940679568 0.413117197003879
Pmp22 3.84398240725717 0.442043401131995 0.420521998057667
Lims2 3.82893630497933 0.877279543547373 0.709888116611999
Plekhh1 3.82723357499766 0.712384954201859 0.585520007190142
Plpp3 3.80580450251942 0.380543482712576 0.393198898687332
Apoe 3.79986244974164 0.318153557840562 -0.21624011285445
Lrrn1 3.79826931585574 0.59869494429086 -0.187291401011812
Gpr37l1 3.79789535521015 0.579830121333261 0.659058312113912
Tjp2 3.79510367494209 0.541117653866077 0.298894276727576
Asrgl1 3.78370295883345 0.544596351060033 0.290279942573485
Dbi 3.77517462877808 0.240787098660661 0.10522868252618
Enpp2 3.76331345702886 0.561750479028306 0.0619967864239357
Rhog 3.76202101882713 0.730298483611835 -0.0956691681287438
Hadh 3.72100811013722 0.478635628042469 0.0904872712437231
Adamts4 3.71911621747191 0.748202890239105 0.463618664962527
Vamp3 3.65433827475182 0.38786019647814 -0.0066814181626329
Sept8 3.63049709319449 0.527567452673339 0.198092837555834
Tesk2 3.62566293473533 0.657132455054206 0.349970256834316
Phldb1 3.58834406343529 0.779012783126193 0.696850026002027
Gng11 3.57873042079741 0.759558289516673 0.565959247876963
Piga 3.57058187016536 0.605712510635259 0.57172630725272
Fermt2 3.56518885772159 0.518770658326593 0.719366776034842
Gstk1 3.55350114595498 0.545451785394226 0.616503516821624
Spsb1 3.54783942674262 0.52216132118064 -0.00432411636633791
Jam3 3.5302010017153 0.746570396953427 0.514645888928842
Thbs3 3.52304060086341 0.718213931003837 0.395933106469631
Scd1 3.50766524269371 0.554702222113718 0.364739874341661
Trim25 3.507468437796 0.294243952623702 0.0875102377633134
Slc12a2 3.50659294783929 0.624865949999669 -0.182555214631647
Gpt2 3.49759724606584 0.29157984112873 0.0751859021940822
Sptssa 3.49167790916068 0.328353053048387 0.280150000672115
Tnfaip6 3.48860233913165 0.794715440121403 0.443553559514261
Acot1 3.48711091884114 0.557534674538761 -0.0615653343210839
Lamp2 3.47869670147009 0.482893106681384 0.211971125052142
Tax1bp3 3.47714245262558 0.440280358232279 0.200794934084161
Efs 3.47426047533876 0.617268312753566 0.0145779168707599
Smox 3.46514780918673 0.51459642782888 -0.255117354475457
Bpgm 3.4622923029571 -0.00390850357130845 0.0254245184738879
Cdc42ep1 3.41530139374507 0.739683180936259 0.489913431552343
Glul 3.41448653645597 0.282957773165773 0.247283190226781
Cd82 3.4088186373072 0.701956680179986 -0.0888061997125519
Arl2bp 3.38821639586232 0.377838605003382 0.0195744807235716
Prom1 3.36950486796114 0.513188543939418 -0.156766037011991
Dnajc24 3.35755208394542 0.613570997542596 0.614260232987334
Idi1 3.35526444671124 0.283254686461257 0.0110287271495652
Ninj2 3.3351987712559 0.798540809831571 0.718889506036756
Sgk2 3.33267240939618 0.757951076473989 0.460917123200645
Pttg1ip 3.32666784776121 0.298251736865897 0.646834669391031
Ctsk 3.28655332701412 0.784730000641399 0.699335289175042
Hapln2 3.22742973656037 0.790982911174614 0.364501374587217
Pdgfra 3.15278698787168 0.617527536689895 0.0748406399421284
Fam102a 3.12488056898377 0.169665835934384 0.391742649174373
Csrp1 3.07391116379034 0.318309526598736 -0.0255311066201
Abhd5 3.0584610096664 0.352494501170708 0.127503686868425
Ptp4a1 2.96809979529139 0.503967757663052 -0.0881388465740204
Gjb1 2.92443348400815 0.799532731059799 0.406450735409342
Myo1d 2.91755482859147 0.736660248658851 0.416811403646006
Kazn 2.79270453305587 0.248151564354036 0.0538157119373777
Card19 2.74672243604392 0.660087358751004 0.0556317142881806
Ick 2.72394579953689 0.776047784319259 0.720416667584236
Mcam 2.52875188607482 0.811151552463168 0.261143932255115
E2f5 2.51700214217685 0.382044168445351 -0.054091764418527
Marcksl1|Marcksl1-ps4 2.22115453243648 0.494829982088111 -0.00884392328898694
Pex5l 2.2054292887519 0.395083106408125 0.232102931229911
