Neurod6 5.77828446847489 0.603347479396374 0.496113074255204
Ccn3 5.31391233904021 0.532678169676538 -0.0186098526272448
Fezf2 4.49070517264385 0.629792473537042 -0.00708284501605351
Itpka 4.36681429791135 0.00259357413878619 -0.215557580988228
Grp 4.32579870138006 0.646191036394684 0.0258729929959372
Crym 4.19160602092439 0.0676586686254679 -0.0363487591371345
Cadps2 4.02569277064743 0.292709093950956 -0.0452680948554012
C1ql3 3.77558049451744 0.341042141999339 -0.236804022110846
Arpp21 3.7554935825917 0.274229728285688 -0.156578334654225
Rspo2 3.66343329608904 0.410430720261118 0.137277452532596
Pde1a 3.65306132131571 0.413277404324581 -0.133302499382897
Kalrn 3.64486614234723 -0.0879971361131972 -0.146344728685089
Cxcl12 3.64361962873344 0.660534161937023 -0.148995894313941
Dkk3 3.35503366227322 0.394947484847389 0.0267228528126467
Ldb2 3.33265534174461 0.321942103051785 -0.214458285832291
Bhlhe22 3.32892426207919 0.393904106659802 -0.335405485273206
Igfbp6 2.46752401758556 0.312878503625588 0.0484195338441313
Rai14 2.31038775328597 0.475045815783945 0.0606942417036761
