Gpr88 6.79584436769577 0.834148194993194 0.831492801585152
Meis2 5.90065859360048 0.575000080025753 0.736690399193137
Rab40b 5.58909782565039 0.430138834744836 -0.0855850163040695
Ppp1r1b 5.56689480398315 0.858966627464756 0.876358642402132
Tac1 5.56319998993598 0.32166937258909 -0.0894380518115716
Sowaha 5.52529133719545 0.632931666682225 0.120977451165191
Pou3f1 5.37316166467551 0.48723779368935 0.239965509686827
Ido1 5.2141112086029 0.873884728060544 0.840458281883777
Pcp4l1 4.73954287729191 0.509431527606176 0.331128121913647
Myh7 4.53463123210234 0.568677539398071 -0.0933175704268621
Ppp1r2|Ppp1r2-ps3 4.52139330684645 0.54266448965065 0.0164766696560638
Kctd1 4.43228693802539 0.664962801674207 0.564192633166225
Snrpn|Snurf 4.37912504061222 0.44481821094055 0.0345350331869162
Itpka 4.3735841821861 0.350539003972965 -0.144823112155094
Foxp1 4.35288659804251 0.652390051170062 0.715961259148164
Kcna5 4.30255383593195 0.637158939088461 0.262638484032321
Pde7b 4.27066449452744 0.755425763556888 0.530058427371691
Penk 4.21521493014001 0.517740079073336 0.223339634169258
Rin1 4.15912246637986 0.589258446734815 0.586490792032821
Rasd2 4.00164219208088 0.561238878921523 -0.0619758172254164
Gcnt2 3.94839801509641 0.532681325815973 -0.165151578502297
Lamp5 3.9238684864113 0.361485800509302 0.21993085119686
Carhsp1 3.89539891402926 0.413500491110396 0.294745363403572
Rerg 3.86896388393056 0.368129792323096 -0.213945797650828
Rarb 3.81135151600048 0.570213371765287 0.221236877398189
Lpl 3.78913824205308 0.230930633858244 -0.129418679526021
Id4 3.77827746055607 0.31986420963431 0.522861782362359
Slc32a1 3.76692597618154 0.239804299386999 0.0860875690783947
Isl1 3.76477759588491 0.581767668604104 0.19415991122475
Baiap2 3.74363837737682 0.46047508232895 0.206195546947828
Itgb1bp1 3.72814351195348 0.512960068735503 0.229311924097108
Tpm1 3.71580679176783 0.556857167579092 0.201685647672511
Pde10a 3.71083106490474 0.804268549273733 0.719655367193941
Prkch 3.67760374558039 0.750284003429025 0.0872782482149388
Dmkn 3.66927612643023 0.771561672242628 0.699786748193396
Mbp 3.65691592878591 0.152480204320572 0.00137841458107195
Chn1 3.65293694125031 0.460164253778077 0.191821798004785
Tomm70a 3.64479153285159 0.584379706867673 0.185213714259273
Pmepa1 3.63807911447348 0.553982521056438 -0.0990557287349739
Gabrd 3.61469917380675 0.360492508015393 -0.00208127248676568
Rxrg 3.60508835931846 0.65437522543579 0.456255773524409
Kcnip2 3.59953682508246 0.680923290347655 0.379169536255288
B3gnt2 3.5937434625065 0.622607718279949 0.283548690127171
Lmo7 3.57432341406112 0.31292317878873 -0.148304007897432
Klhl2 3.56739326275193 0.313727848593131 -0.0317043928119601
Tpbg 3.55605536855174 0.653935091778609 0.162771728488756
Coch 3.54630149977555 0.651135331443056 -0.214513209185757
Plp1 3.53929407399155 0.139566958595972 0.00831898229855376
Arpp19 3.52316930403 0.531218969393893 0.512380055408286
Hpca 3.5165962908428 0.432326378463995 0.539391592599954
Rcn1 3.512116113431 0.407886478239541 0.0292830425087706
Camkv 3.50722247885609 0.421482854195536 0.419534987039207
Foxo1 3.48809345426656 0.642124686146082 0.534632642043074
Kalrn 3.48450504462211 0.271568114837523 -0.193358067196138
Npas2 3.47071496711215 0.778940150560374 0.789812903865539
Ppp3cb 3.44149361079355 0.594429068568808 0.273809348477739
Rasgrp1 3.42905739924651 0.602048511188624 0.179767084631761
Pde1b 3.41383781619806 0.742971931646486 0.825553935540469
Myh7|Myh6 3.40850707184631 0.568125442454426 0.180311667617057
Tyro3 3.40438052359839 0.257248820019807 0.123532560229048
Spata13 3.37552384758847 0.40772152744626 0.164776508286045
Gas7 3.36516342189092 0.597693657554327 0.219865190985448
Tesc 3.35482241752349 0.36718639620244 0.173607074279284
Fbxl3 3.1614958018779 0.485372122511224 0.0165736616015804
Ehbp1l1 3.14537439920446 0.553560008482668 0.36636114431121
Cacnb2 3.13469897363751 0.768698054115779 0.563998135854264
Chmp3 3.01876612718658 0.492513663787102 -0.050559400278608
Arg2 3.01439366071116 0.796413598320146 0.780932578031246
Senp2 3.01175815076567 0.366147068643575 -0.164683515664252
Fbxo32 2.97085097044205 0.445001311369713 -0.283505423421045
Akap9 2.91532797526702 0.546109380183662 -0.0454712550406041
Homer1 2.87204944154456 0.575903167236755 0.213099478684608
Dlg4 2.79585670941974 0.528729319448896 -0.00107993329673387
Kcnq5 2.76076349668231 0.403651745991121 -0.0269250065277104
Etnk1 2.74898324249873 0.56609444330134 0.0202657710683365
Rgs20 2.73446195610703 0.578511333631094 0.163084854484271
Cacng3 2.46398770090732 0.531119068598864 0.0547424324356257
Gpatch4 2.42366113103975 0.454579515588254 -0.0669790544185523
Otub1 2.40682260522077 0.505560190388349 -0.0438599087114376
Spin1 2.38008535449441 0.470325283782461 -0.128609821128046
Mtmr6 2.37735462774793 0.281186209123012 0.0555010694541035
Ung 2.36064623319892 0.261099023571393 0.172588409004212
Ptgr2 2.35698591539173 0.280469658060442 -0.0952312511300729
Srsf10 2.31851832124988 0.375512317985457 -0.129500787118351
Pcmtd1 2.26440414976237 0.534667222530483 0.0353404980719862
