Otx2 7.07049383500913 0.818129255357086 0.662454446938498
Cplx3 6.33999739361938 0.78285293345336 0.613426306638868
Gabrr2 5.82443597327291 0.911091916683202 0.840133063991034
Tal1 5.80997773613092 0.858751270398164 0.819133088468522
Igf1 5.74305021360605 0.470577668387052 0.414831837416758
Chrna6 5.63680913027367 0.653791280673793 -0.00533387981798082
Lmo1 5.58221992676023 0.7274232108063 0.656596956425607
Cdhr1 5.50760720770934 0.740702520917057 0.743688891905923
Reln 5.20119033978265 0.45051842752687 -0.216741474656471
AF357355 5.19460768749094 0.0691286983206127 -0.240148580458453
Tnnt1 5.06116656731844 0.733246177480102 0.44365238776824
Pcdh20 4.79033675244395 0.510891095073319 0.186155107720649
Lhx1 4.77383437405163 0.316690654866702 -0.0507878484729269
Meis2 4.62585456036873 0.183832785626526 0.256184068309154
C1ql3 4.61188802208374 0.34070432135125 -0.257518806633228
Amy1 4.16259235446552 0.299986545141004 -0.286885616255903
Ngef 4.12026138930994 0.159230761861989 -0.119151514517157
Rpp25 4.11395868546336 0.317720818735869 0.0390984957411841
Spon1 4.09054714128032 0.325913168360401 -0.0873485629421659
Meg3 4.08307763196241 -0.0173568898609588 -0.463304685009779
Snhg11 4.02707922474878 -0.203400054424313 -0.321520718403961
Ryr3 3.91272777528855 0.283515942540812 -0.435507450341996
Pdzrn3 3.89321453549189 0.335054770120211 -0.0639064209570719
Slc32a1 3.88516069684804 -0.185734417391986 -0.301812724814432
Parm1 3.86849772972284 0.166944116960967 -0.134850663538216
Cacna1d 3.84975973060977 0.549483322166679 -0.0801871657359621
Cacna2d2 3.8286533949489 -0.170606460294965 -0.291501696972347
Cd24a 3.81739657257157 0.373685546656299 -0.170135171676443
Nr2f2 3.75322498940699 0.462674195731261 0.3834796684938
Cda 3.71035197852328 0.607977956584094 -0.052112836302413
Syt9 3.68947565708985 0.443420582831342 0.456599425136944
Frmd5 3.63549505384821 0.460945977495599 0.608418421587227
Ptprt 3.59131446499778 0.510140950216979 -0.018214533902015
Ptn 3.52535015789541 0.201064779773277 -0.072364602098686
Cntnap2 3.41940891407474 0.11961393934493 0.0806848675951915
Adgrb1 3.39754411551319 0.609069724527921 0.604205931793881
Nrp1 3.3603592044045 0.24195758310223 -0.259041498362513
Gabrr1 2.76393366988326 0.840393597058153 0.80443516642855
