Astrocyte	Basket	Bergmann	BrainstemCholin	CerebGranule	DentateGranule	Dopaminergic	Ependymal	ForebrainCholin	GabaPV	GabaReln	GabaRelnCalb	GabaSSTReln	GabaVIPReln	Gluta	Golgi	Hypocretinergic	Microglia	Microglia_activation	Microglia_deactivation	Noradrenergic	Oligo	Purkinje	Pyramidal	Serotonergic	SpinalCordCholinergic	Spiny	ThalamusCholin
225998	216233	214944	14172	65971	109620	13162	108000	12903	11622	21955	18159	14829	22353	228911	13143	12922	54673	18035	69922	12311	67102	13592	11922	74175	56309	18574	14369
75541		118452		66183	20356		57444	19217	76453	21349		72413	15561		24053	15171	12655	547253	72560	17112	67801	28006		260298	15405	64378	22178
12406		22341		13813	239510		12316	63993	12862	14409		56089	12818		11474	22045	16430	22323	246177	20538	14618	19051		20519	17395	23984	21928
13527		71660		12351	18168		29875	16875		14408		14729	22418		14257	12425	27056	14130	17305	17161	74559	20957		15567	13711	29863	15564
20598		21415		18508	13511		20677	12904		109594		50706	18142		239083	15372	192232	19766	319880	13166	14912	19255		22044	67486	73712	66042
27360		69786		668253	60440		50927			18424						54140	14594	12524	15170	65255	70747	20537		15006	15426	108655	227929
23972		19301		54698	56720		20135									18548	210998	18787	140742	14867	17433	11854		12705	14675	218772	212531
29873		20130		22255	18295		108907									192199	14270	20308	68964	75352	14745	19279		19218	69847	225870	21414
76187		11853		56410			21973									76770	94212	16172	56504	11859	20665	66106				56458	53608
13998		13142		67525			327762									18610	170791	19698	13709	52331	68743	53313				18143	56846
52538		12798					73804										26377	17970	76088	12659	11484	16873				15930	57257
102644		59056					75426										57259	171531	30955		56356	53857					22774
12759		232345					13605										58805	11977	64099		105439	98845					110834
30956		12364					18140										20397	14455	54445		103743	13591					18761
74013		24117					12442										26401	11796	230787		338521	12822					54352
11541		14872					107995										21356	18037	56708		17441	12373					620078
13110		17702					170753										12514	69774	14960		211945	70810					56066
210126		21948					68014										66552	20321	16819		100434	215512					16372
68801		74055					20666										329154	12774	16155		73940	333182					104271
12032		319158					142682										228839	67742	53945		17136	27206					319625
18679		78558					66953										54396	73690	12489		213019	212111					230899
70097		22038					13392										18783	13685	105670		50913	20840					
72014		53620					20419										15163	16193	11629		14431	64337					
16007		19228					215387										18707	16391	69178		94226	20513					
104776		140765					70099										63986	22033	14998			57295					
107869		80876					74107										80281	12394	19141			26558					
67122		12654					93760										64209	229900	19650								
29820		104445					68612										21452	21354	21898								
19249		80837					217653										16197	15216	15985								
26362		75823					11481										233186	70110	100561								
216190		238257					74194										81910	26410	23871								
54381		19682					19366										16477	73656	216445								
76892							12479										80898	20310	102545								
16779							17220										20375	12795	13713								
13618							229473										94094	17133	16154								
223227							12534										14961	72512	27060								
30937							17345										100182	228790	20148								
14366							229841										230257	80285	171207								
13649							14056										14159	22324	80877								
74114							20683										140497	73130	19253								
27494							27214										18591	66102	11727								
14230							12458										14129	74734	17159								
76257							67177										14537	17969	52855								
81879							232334										16164	16822	74096								
218952							20878										16414	20963	54613								
20498																	22022	65972	107373								
22329																	23880	12013	54486								
83925																	70719	74213	217333								
20787																	58861	65221	98365								
19125																	60504	23921	56644								
12411																	27355	74760	223433								
20917																	21391	16190	16970								
12830																	17948	17874	16331								
16870																	12721	170625	15242								
14221																	67776	14127	12335								
56473																	20305	22019	21810								
11758																	17096	15945	18805								
57265																	13036	19205	107321								
12494																	216991	53599	12506								
18682																	16768	67547	14247								
22330																	21803	24088	218203								
14766																	64138	14605	12796								
68607																	234779	170743	12229								
18596																	17951	20293	233328								
16404																	50498	21899	192193								
116701																	338467	71586	217303								
81840																	14824	20732	16952								
110078																	19025	17972	16912								
98396																	23845	16175	54153								
14405																	229499	15937	21815								
116847																	106512	12608	72691								
329828																	110006	108829	83433								
16008																	171285	208104	11555								
27273																	12628	21817	69068								
216739																	98878	80910	18018								
67111																	67477	12363	213002								
70757																	227612	207818	56485								
69239																	76681	68774	268903								
12496																	16194	15162	104759								
54635																	56744	99100	56857								
19013																	20469	671535	13448								
329877																	226594	60322	17002								
13850																	12267	20128	22379								
223254																	17921	15284	231931								
19771																	12633	12984	170752								
75475																	269823	21926	68487								
11761																	74131	13025	106952								
14261																	224109	58801	74153								
16173																	227696	20296	70497								
106648																	20852	14595	21938								
14756																	13732	19697	11554								
64385																	100127111	67951	107375								
69538																	216869	18626	12986								
19309																	18173	55942	381319								
66234																	17533	233571	68891								
228357																	11745	19332	259277								
																	12493	59010	27419								
																	225027		26888								
																	19224		12606								
																	107350		17095								
																	74030		21682								
																	16859		76408								
																	192654		71956								
																	54353		11857								
																	12960		26382								
																	66775		14676								
																	80719		211550								
																	114584										
																	12490										
																	94176										
																	12495										
																	78816										
																	17872										
																	217353										
																	20540										
																	13057										
																	19696										
																	74211										
																	54354										
																	14972										
																	17087										
																	21897										
																	67220										
																	23833										
																	12370										
																	243771										
																	12362										
																	19128										
																	17698										
																	192187										
																	15979										
																	15001										
																	16456										
