Astrocyte	ForebrainCholin	Microglia	Microglia_activation	Microglia_deactivation	Oligo
209378	67326	110956	18035	70839	21952
225998	50765	12655	57444	69922	67801
75541	216233	27056	17210	72560	17196
12406	20974	17912	547253	16792	71529
13527	69908	192232	20491	246177	11735
12444	27281	14594	12259	17305	56363
21859	78977	14270	17534	67246	18952
27360	68567	74048	14130	15170	14618
23972	22771	170791	19766	68964	74559
107747	20979	26377	12524	76088	14912
76187	12903	15439	18787	30955	70747
67896	20194	107769	19073	64099	17433
13998	15569	58805	20308	54445	17988
104174	57754	105348	16172	50934	14745
52538	76917	18686	17970	14991	20665
102644	21823	12514	171531	17110	66949
17304	73720	18826	11796	230787	17153
98660	14432	23849	21928	56708	68743
12759	103768	67103	12260	14960	227753
30956	114886	12010	18037	16819	67557
11541	72269	329154	69774	70031	11484
210126	12564	54396	20321	21812	13038
14600	20257	15163	12774	16155	53897
13175	16392	18707	16978	53945	240913
14184	14406	67448	80859	12489	105439
53896	80515	63986	67742	224860	102693
18679	19217	80281	73690	17952	103743
20511	212531	64209	16176	12978	72287
58807	56418	21452	16193	11629	13195
19883	18573	70415	16391	66824	16485
14813	78593	16197	12394	69178	22239
70097	12404	233186	56706	14998	338521
72014	80883	15277	21354	19141	50915
16007	229759	17084	12702	21898	84004
104776	14608	16477	12522	13051	227580
53412	21338	17001	15216	15985	29862
107869	20983	20375	22228	23871	18417
13138	19240	94094	70110	216445	17441
17035	14419	22177	26410	102545	211945
14633	20541	14961	73656	74039	100434
29820	57816	100182	20310	13713	18823
18508	213417	230257	19354	16154	13643
18760	14783	14159	72512	19735	73940
22601	14226	26943	228790	227929	66124
26362	13447	140497	80285	27060	12955
18994	228543	18591	22324	99543	17136
17909	75141	19079	12508	17476	19337
19206	66402	11906	66102	171207	18991
21808	16939	58809	74734	80877	11815
16779	22342	14129	15894	19253	68458
13618	57775	14537	56193	11576	18088
56448	17758	16164	17969	239217	213019
97064	12652	16414	16822	11727	72160
54403	20618	17258	20963	17159	50913
16011	11936	23880	65972	52855	16979
20971	63993	70719	65221	74096	27219
14366	72585	58861	23921	54613	225341
13649	13599	60504	74760	107373	14431
56741	72185	27355	24014	54486	94226
13371	27220	15936	16190	217333	
50781	13056	21391	17874	98365	
55963	140781	12262	14127	56644	
229534	11423	17948	22019	223433	
27494	80334	12721	13654	20202	
56188	14077	20305	14131	15212	
14230	14778	11690	15945	16970	
20512	102614	17096	67547	16331	
12950	19711	17886	24088	15242	
108052	64337	13036	21847	12335	
192216	83766	216991	14605	21810	
76257	20508	16768	170743	107321	
20678	20195	21803	20293	20201	
81879	17380	64138	21899	231633	
11829	18216	234779	20732	12506	
74519	26366	17951	22695	14247	
14619	14573	50498	17972	218203	
68385	16875	11656	16175	16170	
58187	16874	14824	15937	12796	
13123	20733	23845	23872	16658	
22329	12904	108101	12608	13593	
83925	29859	12835	108829	12229	
15483	66815	229499	208104	20345	
13004	71733	106512	21817	233328	
19125	433855	110006	80910	192193	
12411	19894	219140	20303	217303	
14400	218763	171285	12363	16952	
13731	282663	12628	207818	16912	
22350	14570	98878	75234	19731	
66873	103098	67477	68774	16909	
57738	22065	227612	15162	54153	
12830	13180	76681	99100	21815	
16870		16194	671535	72691	
14221		56744	56437	83433	
56473		16598	20128	11555	
19038		15939	15284	18054	
243914		20469	18793	213002	
57265		13040	12984	17060	
12494		226594	21926	56485	
18682		54199	13025	268903	
54326		12267	58801	11513	
16816		17921	20296	22320	
14623		269823	14595	104759	
16206		22368	12475	56857	
108686		74131	67951	17002	
22330		19264	18626	22379	
19283		224109	55942	231931	
50500		227696	233571	15900	
215819		20852	19332	68487	
57319		75612		106952	
68607		13732		74153	
18596		100127111		70497	
16404		216869		21938	
20255		13733		107375	
14735		18173		67712	
81840		17533		12986	
110078		11745		23890	
98396		12493		15446	
22339		225027		381319	
14560		21813		68891	
116847		107350		72324	
329828		16859		259277	
16008		192654		26888	
11932		54353		12606	
22421		12960		11910	
27226		11810		66857	
216739		66775		17095	
140492		105855		21682	
69239		80719		20111	
12496		114584		76408	
19013		12490		11857	
13850		94176		26382	
219151		12495		14676	
16525		78816		104681	
170790		20302		211550	
223254		17872		24099	
20893		217353			
11761		20540			
14261		13057			
106648		19696			
13609		74211			
14756		54354			
64385		14972			
94180		17087			
69538		50778			
14066		21897			
13602		67220			
19309		23833			
18217		12370			
		12362			
		80891			
		19128			
		17698			
		192187			
		15979			
		15001			
		16456			
