Astrocyte	BrainstemCholin	Dopaminergic	Microglia	Microglia_activation	Microglia_deactivation	Noradrenergic	Oligo	Serotonergic
209378	70717	116811	110956	18035	70839	12311	14618	15564
225998	78977	53872	12655	57444	69922	140723	70747	74175
75541	109901	18227	27056	17210	72560	69908	20665	260298
12406	211480	18208	17912	547253	246177	64242	66949	20519
13527	56016	13162	192232	20491	17305	20538	68743	13024
17387	19142	18752	14594	12259	67246	17161	227753	66402
56376	80888	110876	210998	14130	319880	13166	11484	15567
20598	16392	320405	14270	19766	15170	75352	53897	14462
12444	13136		94212	12524	140742	545192	56356	26366
20682	66952		74048	18787	68964	17116	102693	22044
21859	57816		26377	19073	13709	11859	22239	353236
27360	12695		15439	20308	76088	21419	338521	15006
23972	107250		57259	16172	30955	52331	29862	12705
29873	16852		58805	17970	64099	66815	17441	19218
107747	19132		26401	171531	54445	20606	211945	
76187	20750		105348	11796	17110	12659	66124	
67896	15507		18686	21928	17215		17136	
13998	239405		12514	12260	230787		19337	
104174	20508		12227	18037	56708		68458	
102644	16373		23849	69774	14960		213019	
30956	66425		12010	20321	16819		50913	
74013	227733		329154	12774	21812		21827	
210126	24111		228839	16978	67213		27219	
13175	116903		15163	80859	16155		225341	
14184	57780		18707	67742	53945		14431	
53896	29867		67448	73690	12489			
18679	320802		63986	16176	224860			
58807	67405		80281	16193	17952			
14813	50795		64209	16391	11629			
70097	12306		21452	22033	66824			
72014			16197	12394	69178			
16007			233186	56706	14998			
104776			15277	21354	19141			
53412			17084	12702	19650			
107869			16477	12522	21898			
67122			80898	15216	13051			
13138			17001	26410	15985			
14633			20375	73656	23871			
29820			94094	20310	216445			
18508			22177	19354	102545			
18760			14961	72512	24044			
67916			100182	228790	74039			
26362			230257	80285	13713			
216190			14159	22324	16154			
13618			140497	12508	67865			
56448			18591	66102	227929			
97064			19079	74734	27060			
18212			58809	15894	114249			
20971			14129	56193	71706			
30937			14537	17969	99543			
14366			16164	16822	17476			
13649			16414	20963	171207			
73284			17258	65972	80877			
74114			23880	12013	19253			
229534			70719	74213	11576			
27494			58861	65221	239217			
56188			60504	23921	11727			
14230			27355	74760	17159			
20512			15936	24014	52855			
12950			21391	16190	74096			
108052			12262	17874	54613			
14451			17948	14127	107373			
76257			20305	22019	54486			
20678			11690	13654	217333			
81879			17096	14131	98365			
11829			13036	15945	56644			
74519			216991	24088	223433			
68385			16768	21847	20202			
58187			21803	14605	15212			
13123			64138	170743	16970			
20498			234779	20293	16331			
22329			17951	21899	15242			
83925			50498	71586	12335			
15483			11656	20732	21810			
19125			14824	22695	18805			
12411			23845	17972	107321			
13731			108101	16145	20201			
20917			229499	16175	231633			
22350			106512	15937	12506			
66873			110006	12608	14247			
57738			219140	108829	218203			
12830			171285	208104	16170			
16870			12628	80910	12796			
14221			67477	20303	16658			
56473			227612	12363	12229			
11758			76681	207818	20345			
18128			16194	74091	233328			
19038			56744	68774	192193			
243914			16598	15162	140570			
57265			15939	99100	217303			
12494			20469	671535	16912			
18682			13040	60322	16909			
66277			226594	56437	54153			
58237			54199	20128	21815			
54326			12267	15284	72691			
16816			17921	18793	83433			
14623			269823	12984	11555			
22330			75458	21926	16985			
19283			74131	13025	18018			
50500			19264	58801	18054			
12505			224109	20296	213002			
57319			227696	14595	17060			
68607			20852	12475	56485			
81840			13732	67951	268903			
58238			100127111	18626	11513			
98396			216869	55942	22320			
22339			18173	233571	104759			
232146			17533	19332	18753			
14560			11745		56857			
116847			12493		17002			
329828			225027		231931			
16008			21813		15900			
22421			19224		68487			
29815			107350		106952			
27273			74030		74153			
27226			16859		70497			
216739			192654		21938			
140492			54353		11554			
67111			12960		107375			
69239			11810		67712			
12496			105855		12986			
19013			80719		23890			
13850			114584		15446			
219151			12490		381319			
16525			94176		68891			
223254			12495		259277			
53972			78816		26888			
75475			20302		12606			
11761			17872		11910			
14261			217353		193740			
106648			20540		17095			
64385			13057		21682			
94180			19696		20111			
69538			74211		76408			
14066			54354		11857			
17986			14972		26382			
13602			17087		14676			
19309			50778		104681			
18217			21897		211550			
228357			67220		24099			
			23833					
			12370					
			12362					
			80891					
			19128					
			16854					
			17698					
			192187					
			15979					
			15001					
			16456					
