Astrocyte	DentateGranule	GabaSSTReln	Microglia	Microglia_activation	Microglia_deactivation	Oligo	Pyramidal
209378	109620	12823	110956	18035	70839	21952	16826
225998	13660	14829	54673	57444	69922	67801	18227
75541	18168	73173	12655	17210	72560	71529	19055
13527	319670	72413	27056	547253	246177	69993	13179
17387	13511	215303	17912	20491	17305	18952	18573
56376	114249	69908	14594	12259	319880	14618	56742
20598	18012	12554	210998	17534	15170	74559	66673
214359	56720	224613	14270	22323	68964	14912	18133
77559	21844	105727	74048	14130	76088	70747	16590
23972	20452	15569	170791	19766	30955	67971	140919
29873	22068	19281	26377	12524	64099	17433	18162
107747	19212	14417	15439	18787	54445	14745	14402
76187	20908	67464	107769	19073	14991	20665	225642
67896	170677	114886	58805	20308	17110	66949	54713
13998	18295	18231	21356	16172	17215	17153	50766
104174	20733	56808	105348	17970	230787	68743	239405
52538		67792	12514	171531	56708	227753	67405
102644		76527	18826	11977	14960	11484	
14164		111970	23849	11796	16819	13038	
114874		229759	12010	21928	70031	53897	
17304		16010	329154	18037	21812	240913	
98660		20541	54396	69774	228875	56356	
12759		16502	15163	20321	65112	105439	
30956		16852	114601	12774	16155	102693	
210126		59012	18707	16978	53945	103743	
14184		12854	67448	80859	12489	72287	
53896		26458	63986	67742	11629	13195	
18679		18113	80281	73690	66824	22239	
20511		232370	64209	16176	69178	338521	
58807		23936	21452	16193	14998	18417	
14813		12300	16197	16391	19141	17441	
72014		18491	233186	12394	21898	19215	
16007		20972	15277	21354	13051	211945	
53412		14675	17084	12702	15985	100434	
107869		13390	16477	12522	23871	73940	
14633		56089	20375	15216	216445	66124	
29820		19699	94094	22228	102545	338367	
18508		20370	22177	70110	24044	17136	
26362		11423	14961	26410	74039	11815	
17909		56468	100182	73656	13713	68458	
54381		380684	230257	20310	16154	18088	
16779		102614	14159	17133	19735	11565	
56448		19293	26943	72512	227929	213019	
97064		11682	140497	215449	27060	72160	
17920		20513	18591	22324	99543	50913	
18212		22348	81489	12508	17476	27219	
20971		16874	11906	66102	171207	225341	
30937		14729	58809	12575	80877	56542	
13649		20604	14129	74734	19253	14431	
56741		109648	14537	15894	11576	94226	
13371		19894	16164	56193	239217		
20351		18155	21788	17969	11727		
55963		12224	16414	16822	17159		
27494		50706	17258	20963	117198		
56188			110355	65972	52855		
14230			23880	65221	74096		
20512			70719	23921	54613		
12950			58861	74760	107373		
108052			60504	24014	54486		
192216			27355	16190	217333		
76257			15936	17874	98365		
81879			21391	54720	56644		
11829			12262	14127	223433		
74519			17948	22019	20202		
68385			20305	12257	15212		
58187			11690	13654	16970		
20498			17096	14131	16331		
22329			17886	15945	15242		
83925			13036	67547	12335		
15483			216991	24088	21810		
19125			16768	21847	18805		
12411			21803	170743	107321		
13731			64138	20293	20201		
22350			234779	21899	231633		
66873			17951	71586	12506		
57738			50498	20732	14247		
12830			11656	22695	218203		
16870			14824	17972	16170		
14221			23845	16175	12796		
56473			108101	15937	16658		
18128			229499	12608	13593		
19038			106512	108829	12229		
243914			110006	208104	20345		
57265			171285	21817	233328		
12494			12628	80910	192193		
18682			98878	20303	217303		
66277			67477	12363	16952		
54326			227612	207818	16912		
16816			76681	75234	19731		
14623			16194	108673	16909		
16206			56744	68774	54153		
19283			16598	15162	14282		
50500			15939	99100	21815		
12505			20469	671535	72691		
14766			226594	60322	83433		
57319			54199	56437	11555		
68607			12267	20128	18054		
18596			269823	15284	213002		
106861			22368	12984	17060		
16404			74131	13025	56485		
14661			19264	58801	11513		
20255			224109	20296	22320		
116701			227696	17869	104759		
81840			20852	14595	18753		
98396			75612	12475	56857		
22339			13732	19697	17002		
232146			100127111	67951	22379		
14560			216869	18626	231931		
12654			13733	55942	15900		
14405			18173	233571	68487		
116847			17533	19332	106952		
329828			11745	59010	74153		
16008			12493		70497		
11932			225027		21938		
29815			21813		67712		
27273			19224		12986		
27226			107350		23890		
216739			16859		15446		
140492			192654		381319		
69239			54353		68891		
12496			12960		72324		
19013			105855		56045		
13850			20195		259277		
219151			80719		26888		
170790			114584		12606		
75475			12490		11910		
11761			94176		17095		
14261			56470		21682		
106648			12495		20111		
13609			78816		76408		
14756			20302		11857		
64385			17872		26382		
94180			217353		14676		
69538			20540		104681		
14066			13057		211550		
17986			19696		24099		
19309			74211				
18217			54354				
19682			14972				
228357			17087				
			50778				
			21897				
			67220				
			23833				
			12370				
			22751				
			12362				
			80891				
			19128				
			16854				
			17698				
			192187				
			15979				
			15001				
			16456				
