Astrocyte	Microglia	Microglia_activation	Microglia_deactivation	Oligo	SpinalCordCholinergic
209378	110956	18035	70839	21952	70717
225998	12655	57444	69922	67149	76650
75541	27056	17210	72560	67801	70551
12406	17912	547253	16792	71529	74438
13527	192232	20491	246177	69993	70317
12444	14594	12259	17305	14618	75986
214359	14270	17534	67246	56471	12484
21859	74048	14130	15170	14912	56309
27360	170791	19766	68964	70747	29857
23972	26377	12524	76088	17433	66915
11639	15439	18787	30955	17988	78977
107747	107769	19073	64099	14745	16527
76187	58805	20308	54445	20665	24047
67896	105348	16172	50934	66949	20194
13998	18686	17970	14991	68743	78688
104174	12514	171531	17110	227753	211480
102644	23849	11977	230787	67557	15569
17304	12010	11796	56708	11484	215707
98660	329154	21928	14960	53897	226162
12759	54396	12260	16819	240913	73737
30956	15163	69774	70031	105439	15405
11541	18707	20321	21812	102693	56016
210126	67448	12774	16155	13195	239435
13175	63986	16978	53945	338521	215814
14184	80281	80859	12489	29862	19142
53896	64209	67742	224860	18417	17395
18679	70415	73690	17952	17441	80888
20511	16197	16176	12978	211945	73720
58807	233186	16193	11629	13643	16511
14813	15277	16391	66824	66124	72269
70097	17084	12394	69178	14696	50786
72014	16477	56706	14998	17136	20257
16007	17001	21354	21898	19337	16392
104776	20375	12702	13051	18991	14406
107869	94094	12522	15985	68458	80515
13138	22177	15216	23871	18088	212531
14633	14961	22228	216445	213019	170571
29820	100182	70110	102545	72160	20265
18508	230257	26410	74039	20408	13829
18760	14159	73656	13713	22153	56418
22601	26943	20310	16154	50913	22045
26362	140497	19354	19735	27219	16728
18994	18591	72512	67865	225341	12310
17909	11906	228790	227929	94226	13136
19206	58809	80285	27060		78593
21808	14129	22324	114249		12404
13618	14537	12508	99543		80883
56448	16164	66102	17476		246048
97064	16414	74734	171207		66952
18212	17258	15894	80877		19240
54403	23880	56193	19253		64058
16011	70719	17969	11576		57816
20971	58861	16822	239217		381356
13649	60504	20963	11727		13483
56741	27355	65972	17159		13347
13371	15936	65221	52855		65115
55963	21391	23921	74096		12695
229534	12262	74760	54613		20745
27494	17948	24014	107373		107250
14230	12721	16190	54486		14226
20512	20305	17874	217333		16852
12950	11690	14127	98365		12294
108052	17096	22019	56644		228543
14114	17886	13654	223433		66402
192216	13036	14131	20202		22342
76257	216991	15945	15212		140919
20678	16768	67547	16970		18162
81879	21803	24088	16331		12652
11829	64138	21847	15242		15426
195733	234779	170743	12335		23936
74519	17951	20293	21810		54003
68385	50498	21899	107321		19132
58187	11656	20732	20201		102747
13123	14824	22695	231633		20618
22329	23845	17972	12506		20750
15483	108101	16145	14247		170677
13004	229499	16175	218203		20191
19125	106512	15937	16170		14675
12411	110006	12608	12796		18040
14400	219140	108829	16658		27220
13731	171285	21817	13593		15507
22350	12628	80910	12229		72148
66873	98878	20303	20345		13056
57738	67477	12363	233328		11423
12830	227612	207818	192193		75668
16870	76681	75234	217303		14077
14221	16194	68774	16952		14778
56473	56744	15162	16912		380684
19038	16598	99100	16909		11746
57265	15939	671535	54153		19711
12494	20469	56437	21815		64337
268860	13040	20128	72691		239405
18682	226594	15284	83433		20346
54326	54199	18793	11555		20508
16816	12267	12984	16985		56541
14623	17921	21926	18054		12716
16206	269823	13025	213002		16373
108686	22368	58801	17060		104010
19283	74131	20296	56485		15165
50500	19264	14595	268903		22317
12505	224109	12475	11513		243328
57319	227696	18626	22320		66425
18596	20852	233571	104759		227733
13405	100127111	19332	56857		52331
20255	216869		17002		24111
81840	13733		22379		50782
110078	18173		231931		18039
98396	17533		15900		29859
22339	11745		68487		21987
14560	12493		106952		116903
14405	225027		74153		71733
116847	21813		70497		12891
329828	107350		21938		69847
16008	16859		11554		433855
11932	192654		107375		57780
29815	12960		67712		140904
27273	11810		12986		19894
27226	105855		23890		15413
216739	80719		15446		69065
140492	114584		381319		67405
69239	12490		68891		50795
12496	94176		259277		12306
19013	56470		26888		14570
13850	12495		12606		14172
219151	78816		11910		103098
170790	20302		17095		
223254	17872		21682		
26938	217353		20111		
11761	20540		76408		
14261	13057		11857		
106648	19696		26382		
13609	74211		14676		
14756	54354		104681		
64385	14972		211550		
94180	17087				
69538	50778				
14066	21897				
18217	67220				
	23833				
	12370				
	12362				
	80891				
	19128				
	192187				
	15979				
	15001				
	16456				
