Astrocyte	Dopaminergic	Microglia	Microglia_activation	Microglia_deactivation	Oligo
209378	116811	110956	18035	70839	21952
75541	17957	12655	57444	69922	14618
13527	59093	27056	17210	72560	66949
12444	75745	17912	547253	246177	68743
23972	20977	192232	20491	17305	192657
29873	15569	14594	12259	319880	53897
107747	17470	14270	14130	15170	50915
76187	21823	74048	12524	68964	17441
67896	12653	26377	18787	76088	211945
13998	18227	15439	19073	30955	78303
104174	11440	107769	20308	64099	66124
102644	64085	58805	17970	54445	19337
12759	108013	105348	171531	50934	68458
210126	229706	12514	11796	14991	213019
14184	20603	18826	21928	17110	50913
53896	14406	23849	12260	230787	225341
58807	12889	67103	18037	56708	14431
14813	20265	12010	69774	14960	
72014	56808	329154	20321	16819	
16007	66797	15163	12774	21812	
53412	67792	18707	16978	16155	
107869	78593	67448	80859	53945	
17035	80883	63986	67742	12489	
14633	21338	80281	73690	224860	
29820	20983	64209	16176	11629	
18508	13483	21452	16193	66824	
18760	217340	70415	16391	69178	
67916	57138	16197	12394	14998	
56448	14783	233186	56706	19141	
97064	13821	15277	12702	21898	
30937	20745	17084	12522	13051	
13649	13162	16477	15216	15985	
68738	18752	80898	22228	23871	
229534	11516	17001	70110	216445	
14230	110876	20375	26410	102545	
20512	12570	94094	73656	74039	
108052	22342	22177	20310	13713	
76257	60597	14961	19354	16154	
81879	57775	100182	72512	67865	
11829	18197	14159	22324	227929	
74519	93688	140497	12508	99543	
68385	12652	18591	66102	17476	
58187	16498	81489	74734	171207	
13123	20618	19079	15894	80877	
22329	11941	58809	56193	19253	
83925	319317	14129	17969	11576	
15483	19713	14537	16822	239217	
19125	18548	16164	20963	11727	
12411	20254	16414	65972	17159	
13731	53623	17258	65221	16988	
22350	13807	23880	23921	52855	
66873	13056	70719	74760	74096	
57738	320405	58861	16190	54613	
12830	13386	60504	17874	107373	
16870	19711	27355	14127	54486	
14221	20733	15936	22019	217333	
18128	12308	21391	13654	98365	
57265	23963	12262	14131	56644	
12494	94229	17948	15945	223433	
18682		20305	24088	20202	
66277		11690	21847	15212	
54326		17096	14605	16970	
16816		13036	170743	16331	
14623		216991	20293	15242	
22330		16768	20732	12335	
19283		21803	22695	23894	
50500		64138	17972	21810	
57319		234779	16175	107321	
106861		17951	15937	20201	
16404		50498	12608	231633	
20255		11656	208104	12506	
81840		14824	80910	14247	
98396		23845	20303	218203	
22339		108101	12363	16170	
232146		229499	207818	12796	
14560		106512	74091	16658	
116847		110006	68774	12229	
329828		219140	15162	20345	
16008		171285	99100	233328	
22421		12628	671535	192193	
27226		67477	56437	217303	
216739		227612	20128	16912	
140492		76681	15284	16909	
69239		16194	18793	54153	
12496		56744	21926	14282	
19013		16598	13025	21815	
13850		15939	58801	72691	
219151		20469	20296	83433	
11761		13040	14595	11555	
14261		226594	12475	16985	
106648		54199	67951	18054	
64385		12267	55942	213002	
94180		17921	233571	17060	
14066		269823	19332	56485	
17986		74131		268903	
18217		19264		22320	
		224109		104759	
		227696		18753	
		20852		56857	
		13732		17002	
		100127111		231931	
		216869		15900	
		13733		68487	
		18173		106952	
		17533		74153	
		11745		70497	
		12493		21938	
		225027		11554	
		21813		12986	
		19224		23890	
		107350		15446	
		16859		381319	
		192654		68891	
		12960		72324	
		105855		259277	
		80719		26888	
		114584		12606	
		12490		11910	
		94176		17095	
		56470		21682	
		12495		20111	
		78816		76408	
		20302		11857	
		17872		26382	
		217353		14676	
		20540		104681	
		13057		211550	
		19696		24099	
		74211			
		54354			
		14972			
		17087			
		50778			
		21897			
		67220			
		23833			
		12370			
		12362			
		80891			
		19128			
		16854			
		17698			
		192187			
		15979			
		15001			
		16456			
