Lhx8 8.07668380472805 0.960879434075781 0.956837096545713
Isl1 7.31849409664599 0.952212832752998 0.952477653799568
Resp18 7.03775790214706 0.758771483869185 0.784888208857042
Stmn2 6.86492287494018 0.724208079032998 0.735640943815406
Pcp4 6.78425090814816 0.267215372801983 0.265097185827439
Uchl1 6.69811854168115 0.547396888090033 0.738437944189506
Sncg 6.60752783972465 0.962980291273129 0.965543883217104
Gap43 6.54629204593849 0.661108968909467 0.712238532502974
Elavl2 6.4888809663429 0.659474448733724 0.673986886082179
Rit2 6.29855196734833 0.445413325573509 0.365387863882515
Dusp26 6.19314757717746 0.00827892335920448 0.162075325666218
Tesc 6.08389419344889 0.599307668132597 0.583119231740519
Slc18a3 6.07421295061453 0.959228631163477 0.9529246576583
Arhgdig 5.9444791323695 0.637870730607722 0.737058648530768
Fabp3 5.93450754017273 0.693907904357021 0.73790200423108
Map4 5.82913994341958 0.577200203960398 0.8703149163249
Lin7b 5.74574577862372 0.609349541810505 0.636628916023509
Rasd2 5.73259918835231 0.608868219425297 0.568432438143144
Slc6a15 5.68182892698469 0.687555399447767 0.812687770025448
Kcnq2 5.66208890083116 0.355417070123904 0.222018032170981
Mal2 5.62873688478116 0.50182414710605 0.439176928008968
Stmn3 5.60512944777332 0.470728783323548 0.684030931167222
Zic1 5.59776875673331 0.669350948282269 0.725544208538448
Calb1 5.51155569623309 0.435395002002665 0.290583898203146
Snap25 5.44329990759007 0.190977187003819 -0.0276700416654351
Fkbp1b 5.43063422132664 0.780914681937372 0.796819233083556
Tubb3 5.30538645007672 0.486901633010221 0.685814921480312
Asns 5.29771512380142 0.180628462292784 0.219913032688556
Nrip3 5.29509063296164 0.755686105175115 0.73032051891821
Serpinb1b 5.24766282172978 0.943377090894401 0.942061111491775
Ina 5.18222347601182 0.369647415838193 0.344971711282724
Chd3os 5.17865229350228 0.584045480981169 0.697316097553295
Doc2b 5.12479732953572 0.849974605366098 0.844421847982797
Gng3 5.07929601854257 0.38249527970464 0.538090683775127
Mme 5.06110227941516 0.898102532887612 0.913135289887049
Neto1 5.02917483073121 0.235940151005318 -0.0304212504301771
S100a10 4.99356117824699 0.752209558506916 0.735242603375857
Ggct 4.98346818069877 0.179530806105715 0.7504941216821
Cartpt 4.98173889891075 0.898926272292566 0.898944381401084
Bex1 4.95942160776162 0.116003436223773 -0.0335188763714889
Scn3b 4.89597986632579 0.420099706852274 0.589986560861281
Rbfox1 4.86565471843901 0.289888543864767 0.0915817760891323
Ecel1 4.85890041521261 0.935741467327338 0.932470078780928
Cplx1 4.83288273864942 0.406299104727933 0.385923690545057
Ache 4.80066276939025 0.866311449794716 0.868948310247624
2010204K13Rik 4.77583455207613 0.532807228147386 0.489897209227659
Celf4 4.75735887936458 0.485826035131116 0.382616411455806
Mllt11 4.72751666945912 0.454092137910235 0.730784833886425
Nap1l2 4.72109966188315 0.253225399366743 0.224016265752035
Ly6h 4.68792222839097 0.503357550675847 0.416587559548346
Gng13 4.67532357377356 0.558750880478299 0.598477146273141
Tmsb10 4.67433417920936 0.635905992584963 0.788450808958291
Prkar1b 4.64949171501944 0.247803014009205 0.086933790294194
Spock3 4.64755980887618 0.117806596102066 -0.0902412247484467
Cacnb4 4.62707190146866 0.010314693004518 0.047475427763691
Crabp1 4.62418706427371 0.900099651663147 0.904973196039677
Acot7 4.61677166341063 0.0152943905393997 -0.130405895798512
Eef1a2 4.60659175469869 0.383706460077894 0.242409982761366
Olfm1 4.60103871005569 0.247274437822094 0.184386695604375
Rab3b 4.59425158297736 0.834583052757358 0.872645961365895
Gabra1 4.58082393333924 0.153225026453783 -0.0497142497398189
Flywch2 4.56009364350574 0.641692496000778 0.645487190010521
Eno2 4.54806904081171 0.301511192123782 0.202236890157037
Dync1i1 4.54177450536869 0.35013861226934 0.330888140752319
Chga 4.51572989455466 0.634268158574513 0.723854501418071
2010107G23Rik 4.50749307445878 0.363749205800832 0.247146891822705
Arhgef7 4.50646297793974 0.434519787073766 0.628848664843082
Bcat1 4.49539130669741 -0.108880916444031 0.00671887171298665
Rgs10 4.49038736510514 0.581494519731035 0.908810776182638
Pde1a 4.48495642534178 0.717238351181189 0.665725644142048
Syt4 4.44817316649783 0.58915423870434 0.533277024896271
Reep1 4.44708185109047 0.345546050619543 0.467004263805084
Atp6v1g2 4.43563711730232 0.50587291240367 0.596652272319873
Gdap1 4.42398255931866 0.28609146355582 0.495476792919479
Myt1l 4.42036728504897 0.431850846694045 0.296112582040621
Klc1 4.40094620914379 0.265162596855306 0.605171150816475
Atp1a3 4.39412434222928 0.512170093306865 0.339045770790807
Tspan17 4.38766825718477 0.201670030890925 0.125317740140444
Tacr3 4.36561745772374 0.934357393767818 0.940134587782828
Popdc3 4.35730097299268 0.918018798493212 0.906103449435976
Mcub 4.3477044280872 0.854045119095749 0.849525251003626
Cdkl2 4.33679731056718 0.296285197867502 0.510644263988597
Lhx6 4.33667024252264 0.859230512013359 0.855789326470312
Klhdc8a 4.33025894874648 0.628435964127723 0.530238373078046
2900011O08Rik 4.32614206647051 0.37973214038604 0.425829300538097
Cacna2d3 4.31273168300856 0.516266839640053 0.446513998358228
Cacnb3 4.30571543752171 0.452015603309211 0.760465261096289
Cyb561 4.29994519651464 0.642414917328888 0.547853029420999
Nefl 4.29951400591148 0.219718470392936 0.0902288599752526
Zic3 4.2954273736855 0.377382060483999 0.372638765203439
Arhgap20 4.29500866480507 0.437578288826376 0.516543530074949
Cd200 4.28929905522994 0.353975470783475 0.730483542982361
Pcbd1 4.27003547749719 0.623919283996461 0.571173060499296
Gpx3 4.26911460242091 0.897501913152461 0.899736101837291
Pcdhac1|Pcdha1|Pcdha4|Pcdha11|Pcdha9|Pcdha8|Pcdha7|Pcdha2|Pcdha10|Pcdha5|Pcdhac2|Pcdha6|Pcdha3|Pcdha12 4.2646742917804 0.35204206751218 0.425199712545688
Snurf|Snrpn 4.24176315788712 0.610346875110738 0.651214716556262
Gng4 4.23782384986289 0.574333186830119 0.688642473238379
Sh3gl3 4.21721553250764 -0.0629371354383543 0.80638000127377
Edil3 4.19931324954557 -0.145852030437273 -0.17249976453724
Sez6l2 4.19576603891632 -0.121073101371553 -0.0436583630448829
Rgs4 4.18064035987405 0.288993606301389 0.102003250760636
Lor 4.16935980445024 0.601364544874102 0.64501369008797
Gdnf 4.15324351670381 0.939428809939623 0.924465024162291
Gal 4.14557876917645 0.947334883702166 0.933211988224533
Lypd1 4.13000004473321 0.577661428817538 0.753366359349269
Sln 4.12769567982986 0.947168147997936 0.938266979547007
1700037H04Rik 4.12708106251536 0.74553560840061 0.762617352686145
Rasgrf1 4.11714904091614 0.429380213787449 0.30100206271074
Napb 4.10384765006496 0.490532602948088 0.347139297802259
Syp 4.10366117516971 0.427385263491694 0.246213912421652
Cend1 4.10095007837088 0.683276757320876 0.766849837093257
Hs6st2 4.09080335341108 0.524273408072908 0.391758934219706
Cbln1 4.06940434069226 0.615817582281792 0.616942531356654
Trpc3 4.05862961511218 0.907946299486834 0.911288619118313
Syngr3 4.04797425417899 0.772308528961238 0.796748488065971
Ceacam10 4.04162201689291 0.926867737621273 0.899459772546425
Sult4a1 4.02796343265204 0.770654389238705 0.746106888970598
Slc8a1 4.02787857990041 0.55263209154967 0.611883346411159
Mfsd6 4.01370732056464 -0.0541945048770065 -0.11284943440562
Sytl2 4.01190556593547 -0.0568059409685068 -0.108110509854753
Grb10 4.00120486058764 0.732483571943096 0.688957330995505
Ptger2 3.98993309834065 0.885598189406377 0.866916668365949
Bcl11a 3.97900701597058 0.409860901116463 0.243948944920915
Stmn1 3.97626647922407 0.0909480484777277 0.208983379166962
Chchd6 3.95237019271983 0.232066035586843 -0.0426092712133845
Tfr2 3.9235605565797 0.722880937223541 0.733424895782005
Nrsn1 3.92319154002886 0.458964607976559 0.469339964608688
S100a11 3.90214768259941 0.713737395154524 0.764473444976341
Slc12a5 3.89648836668643 0.213022965431969 0.0173674710858134
Atp9a 3.89190769654618 -0.0592630151240447 -0.11913255668595
Pop5 3.88261256226817 0.431432163388266 0.597122993797757
Cygb 3.86904437879458 0.690200150816123 0.687036398775346
Dbndd1 3.85241581657725 0.760848563071405 0.756339333854689
Crabp2 3.8347942154798 0.911479681657649 0.915887831398376
Gpr83 3.83252174635887 0.7946400209803 0.747003507563777
Socs2 3.83175750048142 0.833962841247014 0.863465146050707
Necab2 3.82103607420149 0.454077773302379 0.354469589746293
Cgref1 3.80923830849353 0.813546379578768 0.824208871984677
Bex2 3.8062393575203 0.424970550421325 0.632318788849859
Ncald 3.80250585887716 0.0925954098517305 -0.197556359586859
Pfdn1 3.79432481529072 0.509375995022 0.569098498014593
Dpp6 3.79072347830461 0.402170743922194 0.406865291380125
Nrg3 3.77738001608538 0.430987550752869 0.455252561743246
Dnm1 3.77508187507869 -0.000381961543173767 -0.105341749464297
Th 3.77182983961539 0.913412365842447 0.92081493474597
Nipsnap1 3.76745647627778 0.538672142556134 0.547811511239063
Pcsk2 3.74739095376443 0.272431525863732 0.297985049011699
Clvs1 3.72674974286616 0.42287369793819 0.645875783464782
Vsnl1 3.68511489567711 0.0142658864349415 -0.202347727995603
Map1b 3.68390027878612 0.33271049803706 0.234698319973595
Olfm3 3.66528772123706 0.641193360904669 0.573004706876948
Lrrc3b 3.66389662375903 0.865644280644365 0.852817120550253
Tmem158 3.65516005119282 0.22649215480434 0.157454923280044
C1qtnf4 3.65465062721009 0.118327804349271 -0.16188730666575
Rnf208 3.61002194918645 0.167450926327721 0.239334505016858
Rab15 3.60574514661336 0.513740266421222 0.442732636468255
Snap91 3.60500579431769 -0.0258969372998394 0.207224475550145
Ngfr 3.59788386606423 0.90134842419884 0.859014478169119
1110008P14Rik 3.59772165127547 0.507299834402288 0.48676188877634
L1cam 3.59223984099579 0.620027457918916 0.498457044731319
Stmn4 3.58848953865558 -0.0997465094675229 0.405903166800779
Nefm 3.58342136268737 0.202264606951337 -0.00949332606255498
Scn1a 3.57451815225558 0.321187659831097 -0.00271634139876629
Nop10 3.5645422531942 0.614034855807035 0.715477913157532
Slc5a7 3.56212132152441 0.928908442097481 0.935078689666871
Scg2 3.55492009523892 0.537022342662328 0.458615825565406
Chgb 3.55362186375766 0.288654555073253 0.171677450157622
Ckmt1 3.54904577073244 0.481907310184536 0.292324939324368
Prima1 3.54809308059594 0.510098189636264 0.528946888779322
Rnf157 3.52915437118879 0.314901218095972 0.328780094828047
Cdh22 3.52583924944319 0.640619246867981 0.652988354502464
Arhgap12 3.51422991902049 0.548905469216719 0.700980223287048
Ykt6 3.50937586846248 0.772040083915761 0.861789125711043
Qpct 3.50525254882993 0.000447797791616822 -0.0530755016765131
Snrpn|Snurf 3.50259372883908 0.377095293098731 0.692683241661133
Caln1 3.50053152228897 0.35938991902966 0.225473237523462
Tubg2 3.49977446824963 0.60298038820355 0.631589250449978
Pcdha12|Pcdha4|Pcdha6|Pcdha7|Pcdha11|Pcdhac1|Pcdhac2|Pcdha5|Pcdha9|Pcdha1|Pcdha10|Pcdha8|Pcdha2|Pcdha3 3.49951174640936 0.613054718139269 0.707470658873312
Armcx1 3.49098329586355 0.372559337352042 0.593663752512793
Ptbp2 3.48772349753944 0.406188659481523 0.605536205740205
Synj2bp|Gm20498 3.47817827984997 0.663559522775881 0.781430976295878
Selenom 3.47425006644257 0.471352735177489 0.630658215270728
Hspb8 3.46630145541845 0.38270260751534 0.449004283225275
Rab3a 3.45905593806159 0.419888163280197 0.444915314003009
Nfatc2 3.45535519973229 0.357235671141758 0.207822842816286
Coprs 3.4262687928508 0.619556314973754 0.535194307233027
Vstm2a 3.41853911847934 0.305415012993157 0.199203407954417
Rtn1 3.41570809738639 0.636149843415756 0.810760845932533
Cda 3.41059526574699 0.942753381100834 0.881507827478409
Prkcz 3.40921716425404 -0.0874948899325325 -0.0144915354429849
Mea1 3.39562172643118 0.659330174330084 0.8134105369294
Rbfox3 3.39445720363344 0.362967500651453 0.21365595255302
Penk 3.39161528794414 0.385796720666098 0.180572328482282
Bex4 3.38274301234598 0.289100830737659 0.106108502698098
Gng2 3.38013761571951 0.715380591276902 0.863817478070614
Oprl1 3.3600711892933 0.209910765216426 -0.114041892406895
Stxbp1 3.34808660346673 0.356343598188938 0.245135649021397
Rpp25 3.34340302097734 0.620923291032639 0.624184298891136
Cdh8 3.32655311647539 0.854702926831958 0.864465190143732
Slc32a1 3.30849249928419 0.287209953318388 0.150303752116754
Kcnip4 3.28420764805764 0.788570397572967 0.756154065208247
Usp29 3.26412602323881 0.766899584981652 0.72198456973178
Actl6b 3.25625152343168 0.711111683341215 0.697876590258077
Hrasls 3.2384402907431 0.652004497611699 0.597284666498475
Ntsr1 3.23359894379953 0.802836454493471 0.766549832536068
Arx 3.22461791399409 0.144596629228577 -0.00714813296566322
Ass1|Gm5424 3.21701521659459 0.712498243057041 0.744416389367968
Susd4 3.21456573401377 -0.0427793324527688 -0.0671698741946642
Rhov 3.20086886834563 0.888603994559172 0.889800484855435
Gpr85 3.19104679778795 -0.112208134359455 -0.238189504747021
Brinp1 3.14858777510862 0.104171657468807 -0.138474482048881
Hist3h2ba 3.13297293237569 -0.0885890072691761 -0.11331417709674
Atcay 3.13289978479997 0.297926160395523 0.704515786967439
Spint2 3.11565233498498 0.652297644014576 0.783443934151225
Rph3a 3.0128804154747 0.591260364260457 0.584692882862385
Myh7 3.00880403137601 0.610916752672123 0.497211521981122
Fgf14 2.99870447276613 0.270056631749358 0.0664723708851153
Susd2 2.99081554285131 0.862377410250644 0.813361695511081
Tcfl5 2.98550416055491 0.102462102143931 -0.10872316057883
Syt1 2.97594524464649 0.751537208466149 0.714504996836892
Lrrtm1 2.94344450979043 0.076731524628352 -0.104453674316389
Ntng1 2.8966086600088 0.610066008891024 0.509398454082828
Rgs8 2.88960990753042 0.552371916359432 0.523118053806029
Coa5 2.85564367212311 0.781467404702237 0.819843270893661
Gad2 2.77512305713181 0.857842160104158 0.816041758093877
Rab40b 2.75474954435109 0.0651051882494412 -0.2125924557901
Pkib 2.65719293397676 0.450487266178237 -0.115589836675951
Dscam 2.65394902390541 0.178766328453055 0.149108819168144
Fxyd2 2.61194463016363 0.845853593929453 0.8132625080179
Parm1 2.60739243203632 0.17827598563705 0.114210831848062
AI506816 2.5594786670407 0.649724032500006 0.50068506059796
Gabrg2 2.55865830949798 0.629792876692365 0.463766905228595
Kcnab2 2.53718960057797 0.263755178993715 0.210557335975985
Kcnip1 2.53425953124755 0.172505371791691 -0.0712994157819068
Rab27b 2.48711222673578 0.411237227228 0.237522074061214
Sh3bgrl2 2.43302879096943 0.688021521735343 0.697342346345976
Plppr4 2.36389762007843 0.0932342399792147 -0.116761432207537
Gpatch4 2.34660243682502 0.757583394495484 0.743326991211463
Syt17 2.34520535080684 0.788217530403832 0.777840804080603
Snhg11 2.32054109630682 0.336550166206193 0.177090667023624
Cst6 2.30262549891673 0.811762323151017 0.797065252006866
Pcsk1 2.23152586797006 0.814569416268621 0.774872778489001
Klf5 2.21992537450799 0.743613561746608 0.704287012097446
Pole3 2.14368303531562 0.615991325979189 0.737067227358956
