C1qb 9.44489526985825 0.854175965615237 0.826100809455668
Ccl3 8.89777940723145 0.909823342241076 0.874965583428724
C1qc 8.52915346207378 0.879063329284209 0.855340219989704
S100a8 8.23302901488482 0.974178554019544 0.964670145883132
Gpr34 8.17949521278454 0.95546779584068 0.94898039756534
Ly86 8.15991901586209 0.913020238416686 0.907458534390297
Laptm5 8.13496135498032 0.778738353103909 0.791381444913591
Atf3 7.9990935032608 0.752027208446649 0.830764007673631
Ptprc 7.93809127803422 0.937446235762776 0.927593156827561
Fcrls 7.90571343146208 0.919067480647003 0.901294879187313
Tmem119 7.88803029005877 0.920949294444234 0.914693160934049
Fcgr3 7.72300092217204 0.92245659279929 0.920256426963961
Mpeg1 7.67451773984814 0.90467043314568 0.883361856541138
Cx3cr1 7.6075185221142 0.889925280971475 0.87514207145877
Fcgr1 7.51149165993575 0.906710651407253 0.879315103712133
Lcn2 7.49369734787804 0.936687414102418 0.907870360042973
S100a9 7.48628564935134 0.959125937565242 0.947926708499594
Lyz1 7.48155466872367 0.886562688484608 0.879329096242757
Tyrobp 7.45153696067904 0.912851739432898 0.892391677983416
C1qa 7.44209606770267 0.861882433569751 0.851564118343956
Ccr5 7.44156716683761 0.957958962454798 0.963737816425011
Cd53 7.43541531928436 0.936356018997006 0.927557102487486
P2ry12 7.36621564367588 0.874848742521521 0.86236366443333
Olfml3 7.363671883099 0.954396184311642 0.955987681329844
Itgb2 7.3388112375493 0.953590472583425 0.940209250733343
Rnase4 7.32412034380005 0.904861601891211 0.893021472431678
Klf2 7.31294397514875 0.790481902200719 0.769704468031332
Icam1 7.28560185132695 0.904689533039504 0.889225151475047
Anxa3 7.27788648791315 0.915427308340187 0.918522151461646
Cfh 7.26683835683582 0.960236436873355 0.954176865101494
Fermt3 7.22666919401303 0.89460480291687 0.897026946144149
Cd68 7.2105607757805 0.932657196837744 0.911444553254431
Il10ra 7.17643834300706 0.974198139547876 0.97273117645834
Chil3 7.16541661567215 0.959981650291421 0.921185400125756
Naip5 7.15656965842239 0.97620732108304 0.974637564279688
Fcgr2b 7.14385518953309 0.936144296178467 0.919765492348864
Ctsh 7.13963835191267 0.917777692227255 0.921913629698908
Irf8 7.13874059761479 0.933300289605073 0.931962833737715
Il6ra 7.09832810435334 0.967706780206131 0.968677825067195
P2ry6 7.06370153389969 0.953252290408288 0.958511022840041
Csf1r 7.04998396883144 0.73525205700894 0.660138098370364
Vsir 7.03501382794138 0.695857643540791 0.817506829988976
Ptpn6 7.01551164675284 0.969677235999403 0.97023851071766
Hpgd 7.01077811661481 0.862573564147702 0.902267801883563
Xist 6.99444565157239 0.192304286412985 0.043416087245151
Selplg 6.97034773497153 0.926151686689365 0.916297976204716
Ngp 6.96635186558573 0.945959021462644 0.938669644602112
Adgre1 6.94477746951322 0.923360270592595 0.90924329915282
Cd14 6.94298749938652 0.904626699210521 0.895169706719293
Ms4a6d 6.92880813435174 0.967226965390682 0.965321514023132
Ccl9 6.89865940219805 0.946543347701292 0.928426291895579
Ctss 6.86159495153174 0.767901263986337 0.783790355135232
Cd86 6.84057000591611 0.963448981574188 0.955705564975573
Cxcl2 6.81891096475717 0.923222968410921 0.887336454289424
Rgs1 6.79947064342479 0.922163953098573 0.913704339101885
Nfkbiz 6.79418982607278 0.642868101664734 0.868946319052621
Sla 6.76692834010984 0.934008011000414 0.939377780676717
Pld4 6.7521343196621 0.955782777051114 0.946623615028717
Fcer1g 6.75103138923978 0.949630313384016 0.933923638064222
Srgn 6.71670146312069 0.878568743174002 0.877964467546199
Hba-a1|Hba-a2 6.70926436319889 0.811574132353735 0.79997090141383
Adcy7 6.70168162675738 0.802960565779592 0.922205931034976
Hck 6.67654221790322 0.942393349040073 0.936215350551696
Camp 6.65817843874781 0.958802643063216 0.925504079281935
Ccl4 6.58804299199594 0.936950785123713 0.923551549130329
Aif1 6.58100367284181 0.903075046686115 0.954058533533175
Bcl2a1a|Bcl2a1b|Bcl2a1d 6.56871422920697 0.929744545996003 0.929832928960105
Itgb5 6.52601100154471 0.466892658906143 0.83172489091188
Havcr2 6.50000510159473 0.957750452549333 0.958210014306567
Klf4 6.49976664445469 0.3889060682552 0.629645760718684
F11r 6.48626838607038 0.9313866739334 0.954226494950616
Vav1 6.45427510592155 0.964913973854446 0.964785272575621
Lyz2|Lyz1 6.45054781732643 0.944329992800351 0.938923292459465
Plek 6.44035925533032 0.885643795597457 0.914335684288107
Naip2 6.4120865263823 0.96475201494714 0.963547243709924
Tgfbr2 6.41138440435307 0.888560163451622 0.907203589929829
Tlr2 6.39729804506237 0.961061888963864 0.961962616695745
Ms4a6b 6.37358104529095 0.956080096264495 0.951504262565102
Evi2a 6.36424824285287 0.0735013470641621 0.122083941499024
H2-Aa 6.36178424667436 0.916382398931555 0.887851338957158
Tlr7 6.35653784724081 0.965512867196775 0.96331730323523
Il1a 6.33862650319998 0.938737993685574 0.922041603079999
Nrros 6.30108687566918 0.734506003518224 0.791824786290472
Ggta1 6.27817673624246 0.73763444399138 0.741996856720129
Mertk 6.27162244311921 0.166752858540587 0.023616097947432
Cyba 6.26921635707359 0.82001269331309 0.836618912110019
Gpr84 6.26273702227371 0.949920562081717 0.946062028391353
C3ar1 6.24310164095234 0.943679550944661 0.939883533943102
Fli1 6.21987728571493 0.96902042468877 0.966257200400884
Pycard 6.21968895584911 0.883408641114309 0.909516575575799
Lpxn 6.21372892983708 0.961941520377061 0.957658152792717
Slc15a3 6.1958884311195 0.943961836890538 0.934309287413246
Fosb 6.17491327632225 0.562676585094909 0.716156298176386
Ccl6 6.16832306501524 0.947239977601661 0.945761497231445
Socs3 6.16772784668793 0.64974363399813 0.807427989730807
Txnip 6.13445825873702 0.508338635475772 0.534275457018026
Ccl12 6.1273263831767 0.959181427236375 0.959443366840621
Golm1 6.12535334381941 0.784318814820104 0.912453878407437
Zfhx3 6.11880195897804 0.867455178000922 0.864481035696597
Slc11a1 6.11049423743853 0.956179499102111 0.955649027044379
Zfp36 6.09028973279817 0.713714087706609 0.794312073401642
Cd83 6.07153330560479 0.785547724794687 0.897076184323532
Inpp5d 6.02792235241906 0.945135977209291 0.937033519358415
Ptgs1 6.01404023765738 0.586081310343057 0.5355030866188
Rgs10 5.97030024167728 0.667607142972682 0.929941789254349
Blnk 5.94863713862093 0.904196181282588 0.909217094193081
Fgd2 5.94827705319121 0.932152198045129 0.924676847540034
Lair1 5.94622019893578 0.877069171129066 0.893433065299134
Lcp2 5.94161999288392 0.962506708220137 0.958516202649754
Egr2 5.9393941953564 0.815912718661041 0.855156068576675
Rhoh 5.90406763816664 0.954106897263433 0.954069659798152
Ier3 5.90094889501982 0.838995342898649 0.892263843568038
Ier2 5.8841724121897 0.720686635169429 0.761547761270482
Arap3 5.87919932427442 0.941245629660907 0.927776511211137
Pik3cg 5.8736084446734 0.964349564649874 0.956008741822132
Slc7a7 5.86901208095641 0.932168659597384 0.928267391610327
Alox5ap 5.8670748718418 0.877486716128775 0.942507627947727
Tnfrsf1b 5.83695580794233 0.944877802570377 0.941900777503311
Slc40a1 5.83188965195438 0.887441228969734 0.899345786037857
Lcp1 5.82637385511757 0.764921866318691 0.822778027882635
Rcsd1 5.82634876384536 0.959625036669967 0.95809631818699
Ugt1a2|Ugt1a7c|Ugt1a6b|Ugt1a6a|Ugt1a9|Ugt1a1|Ugt1a10|Ugt1a5 5.81885277349412 0.689510376826247 0.856133470982493
Trf 5.80113580105128 -0.0423830042527447 -0.0912677242073283
Capn3 5.79624849490639 0.94056211416359 0.917188852302938
Ncf4 5.77867080036147 0.96380418596544 0.965959974919039
Ctla2b 5.77732090419305 0.934485044407572 0.919468142923761
Nckap1l 5.77363684246621 0.918851679842848 0.918690107442541
Cd48 5.73130296350701 0.962754821645961 0.960329830368917
Fyb 5.70731075645152 0.945755132175817 0.942116486335274
Stab1 5.70555002174436 0.953912853714587 0.949953997409876
Tm6sf1 5.69290261966343 0.821587686812702 0.883178529076906
Map3k8 5.68987789075005 0.951480203900491 0.944719361425179
Alas2 5.68474566570234 0.930750371538129 0.924192310723296
Hba-a2|Hba-a1 5.67535708060578 0.68081454387459 0.643531408336914
Ccrl2 5.65171212343126 0.906719496936775 0.894693179100734
Entpd1 5.64050479794348 0.895272889862475 0.928738940969013
Sash3 5.63001772313847 0.918802477565813 0.942725564956864
1700017B05Rik 5.62638073122111 0.829050535493372 0.887403466603492
Crybb1 5.6198276934116 0.92380804049395 0.926819389249503
Tlr1 5.61810996567825 0.944570233409756 0.939274800012041
Slc16a6 5.61029658545376 0.909667944364484 0.88830236546329
Pros1 5.60923221527994 0.796007903084426 0.914430728907859
Fam105a 5.60532506984828 0.87977188501428 0.950727157824503
Ttr 5.57670031223657 0.388673865404015 0.316585366486108
Junb 5.5702265653579 0.618549261069275 0.710290375201287
Stat6 5.56692004442793 0.914726039517738 0.944493126256578
Dapp1 5.52955098629696 0.612946723427483 0.731428075918814
Tgfbr1 5.48949011955742 0.844340685340245 0.896047347290099
Kctd12 5.4856693739416 0.789765418256337 0.784972493366985
Mlxipl 5.47257235060557 0.791912338349314 0.80998248586174
Hk2 5.46376627641335 0.866001143640616 0.867128635757137
St3gal6 5.44914196616385 0.819889701052672 0.792268323049702
Adap2 5.44374998232106 0.939942856219683 0.9535047434125
Rassf5 5.43457406074514 0.756201434476118 0.889229990517197
Coro1a 5.43413170115767 0.657087142093803 0.678169107375858
Clec4a2 5.4296636744531 0.951840530735839 0.939740512581498
Cd37 5.4285360084536 0.930656270797164 0.918897630505711
Chil3|Chil4 5.42342171390451 0.939991510615989 0.899731527476081
Btg2 5.40195245636873 0.521171217140331 0.301508566656002
Cysltr1 5.40121759660297 0.961305740039437 0.957466764199126
Rab20 5.3364139137653 0.84425928130227 0.822872062649342
H2-T23|H2-T-ps 5.33634706713108 0.7954696470439 0.822586914576969
Il16 5.32843925966191 0.944736074832411 0.935695142808542
Csf3r 5.32805056465561 0.95681751659877 0.954297211687871
Arhgap45 5.31702721971053 0.941327708493872 0.942463507714977
Hbb-b1|Hbb-b2|Hbb-bs|Hbb-bt 5.31538631453207 0.769885445499203 0.702867895205896
Ets1 5.30030287705535 0.827904142027179 0.798717657551142
Akna 5.29959741818348 0.821065963930676 0.909971376627676
Ncf2 5.28790507552075 0.856904520738624 0.821452301139409
Mafb 5.26294011424459 0.922603200285676 0.947652022669931
Anxa1 5.24058812741651 0.885062478085203 0.84542318613095
Ltf 5.22365945228848 0.797968976205535 0.752584011727949
Cd34 5.21682954981172 0.845181604818324 0.844379365653406
Cd300c2 5.20644533660211 0.945255980025085 0.949232197688605
Tlr4 5.20011359973866 0.883278378458104 0.88805775171893
Casp4 5.18741819925627 0.959188828515296 0.950446009074348
Tpp2 5.17866105678472 0.767252930970453 0.733521750385064
Themis2 5.17338763834102 0.943955175063793 0.934169189743477
Cd300a 5.16206084798015 0.935437806214938 0.920404722199852
Lyl1 5.15935556669424 0.960127631921299 0.956051741813629
Tmem173 5.15541321359721 0.906222658370483 0.926883578384976
Abhd15 5.14382605938026 0.8881029301178 0.876915506190415
Ctsc 5.10896018844419 0.52043117327891 0.741998073095641
Serpine1 5.10062797801216 0.947224936959639 0.957556242547592
Syk 5.09432512560371 0.931714821554776 0.916557463296523
Hba-a2|Hba-a1 5.07592891275332 0.68081454387459 0.643531408336914
Trem2 5.07154246421514 0.934046690790225 0.922985665160755
Spint1 5.06955653085211 0.950318685209446 0.954946207915251
H2-K1|H2-Q9|H2-Q7 5.06385992913386 0.857011404314547 0.838745867564463
B4galt1 5.05943560374492 0.865942044112734 0.909545678459186
Cmtm7 5.047881712363 0.904532888544757 0.915946067026645
Hhex 5.00140799975406 0.961199927216073 0.957433838840653
Rps6ka1 4.99877012038671 0.842612565889299 0.846764575512035
Plxdc1 4.97702399369269 0.80664736332294 0.772160971989998
Pald1 4.9752963381696 0.895098951504229 0.928796233917189
Unc93b1 4.97159278524514 0.912398740634184 0.888484110420343
Ccnl1 4.96655402866893 0.608022929664431 0.796483344497323
Cttnbp2nl 4.95904305225656 0.878824207238626 0.923921964686593
Ier5 4.95392456814184 0.82167603687635 0.835056486466901
H2-L|H2-D1 4.94881626580149 0.76032671168443 0.707632400494705
Pdgfb 4.9404060967808 0.929871337560545 0.933817449696156
Casp8 4.93805030985813 0.954341796679559 0.949539444020823
H2-D1|H2-L 4.93003741236123 0.779344370638416 0.741226369285981
Frrs1 4.92777866402759 0.708385021367627 0.862983752650528
Csf2rb2 4.9246497021092 0.959151627823731 0.961369692672267
Irf5 4.92038308587196 0.934249967262581 0.945318495340084
Wsb1 4.89460275769738 0.351570651953169 0.427123716633604
Slamf9 4.88958414859866 0.938260297685425 0.939874285566405
Spata13 4.87108587989506 0.692339718051586 0.841974331327327
H2-D1|H2-L 4.86415320821514 0.779344370638416 0.741226369285981
Abcc3 4.84606210733815 0.964403863735291 0.962562246381057
Elk3 4.84446484493079 0.7901994265074 0.777284563967688
Dusp6 4.83791016984615 0.52465015188798 0.594778117435366
Lrba 4.832074135636 0.739256410672861 0.878526198628715
Fes 4.82188940164123 0.934917083455209 0.931546616002212
Itga6 4.82005686619399 0.144619334239447 -0.12839271730186
Hvcn1 4.80646886487025 0.948990145544129 0.950073524227792
Tgm2 4.79887989289744 0.739932075049733 0.714403151956205
Hfe 4.79225983993936 0.869616831038966 0.898614420527642
Trim47 4.79143107619685 0.849123486966279 0.932162155501116
Hexb 4.77458209895323 0.797032305892856 0.790727990428026
Pon3 4.77437676183577 0.933534590649147 0.921251022146291
H2-D1|H2-L 4.77226310678439 0.779344370638416 0.741226369285981
Clcf1 4.76467344951744 0.943985828706437 0.936404110331846
Srsf7 4.76076915120894 0.63983672166814 0.668273534190973
Rreb1 4.74802968147968 0.569337197136457 0.786365423721425
Pla2g15 4.73290473945189 0.849483888487687 0.911486166080669
Parvg 4.72454093814331 0.905478686170856 0.904064310630667
Arhgdib 4.72238731115106 0.90219009035148 0.913850592212555
Adamts1 4.72107713428773 0.48788643416808 0.775585128551753
Tec 4.68258800143973 0.936449672528361 0.94437211210967
Ptpre 4.68197102767849 0.407701106464312 0.637203637928665
Pla2g4a 4.68028256074834 0.360211187850558 0.265785279023491
Grn 4.67378273511656 0.775380151402905 0.873541286168392
Tor4a 4.65742748239571 0.787859293069165 0.853062419242747
Xlr4b|Xlr4a|Xlr4c 4.62817212855545 0.84073364015153 0.808172600014734
Mef2c 4.62603158487164 0.527502181091975 0.438555786550722
Rrad 4.61687328234924 0.90508120079488 0.86876722337327
Trim30d|Trim30e-ps1|Trim30a 4.61640537416961 0.904777969047753 0.865073944632369
Trim30a 4.6134513898199 0.93366650534966 0.912873254922817
Lrmp 4.60700710815404 0.968863467310487 0.961074646266581
Ppp1r15a 4.59806725024171 0.761710721406765 0.770078535783624
Ang 4.59573800958849 0.959403566983821 0.9346949901537
Sparc 4.59085365921456 0.406047448830244 0.570662457871484
Phyhd1 4.5828688979468 0.689233201367516 0.722037066712868
Sipa1 4.56618444584578 0.916511115102045 0.937827274659314
Clic1 4.53800451824722 0.829239129501865 0.837285239945289
Clec7a 4.53768834750769 0.924644132410494 0.920137137075892
Siglecf 4.52584563364909 0.954962156935874 0.937114614209173
Ptbp3 4.52266759659525 0.741503932851396 0.777033795321898
Mylip 4.52125999920018 0.833435370641526 0.845074013968499
Igsf6 4.5197928939069 0.95345588944078 0.937182601176007
Samsn1 4.51371786239399 0.945061188227816 0.9389913560171
Afp 4.51275775831967 0.941940603063194 0.930541586075498
Ifngr1 4.51064109891703 0.814846085635601 0.85916680571495
Arrb2 4.49347009505619 0.864454202030096 0.861784174824028
Birc3 4.48448151829574 0.90969267813218 0.93490512237169
Mfng 4.4714879374504 0.934288468069236 0.918675242469611
Abca1 4.46996484587812 0.104715437989128 0.131832799862662
H2-DMa 4.46685346585931 0.878786634691092 0.921584904017582
Gas5 4.45880604589051 0.481576913454889 0.579234766118862
Il7r 4.44373688037241 0.954581651483266 0.943533479704845
Klk8 4.44200624448379 0.934675399925484 0.941689548991616
Trim12a 4.43342985480392 0.943763676317589 0.914279269347557
Lgals9 4.42992101824132 0.939489324677677 0.937712183748385
Lyn 4.42754660671823 0.860145334337757 0.909386164596415
Lrrfip1 4.42154012956173 0.730455731041494 0.768529682154086
Cxcl10 4.42011574516493 0.835472633408163 0.698499428715145
Lag3 4.41421889240693 0.926583570019121 0.928039971190441
Spi1 4.41298447083985 0.93089664457012 0.914256447245679
Ceacam2|Ceacam1 4.40477817826069 0.855321358692253 0.842907574335599
Mlph 4.39781568776209 0.963883493169491 0.952640371916406
H2-M3 4.38786691638096 0.763804907170836 0.876448767641706
Sirpa 4.37902986459864 0.325081496978571 0.673452449319169
Rel 4.37675088184053 0.895298166260825 0.864094828906548
Ctsz 4.37461709296031 0.711802453032614 0.828783034372294
Cebpa 4.36736696043259 0.841423159392198 0.874981085720788
Ctc1 4.3649066738251 0.92036567586984 0.922223630555369
Cyp4v3 4.35260072990547 0.227748742234566 0.610527089597412
Plxnb2 4.34879750324811 0.412619150882537 0.702560125132365
Runx1 4.33873847767436 0.942504386577249 0.91937505733872
Tnfaip2 4.33731809791754 0.846432323206294 0.877782533188518
Slc39a8 4.31625290286246 0.729514453181326 0.764399149766711
Edem1 4.31546108161943 0.819773514658289 0.767825289755816
H2-K1|H2-D1 4.31498178867948 0.584727155799363 0.538659872599817
Ccl2 4.31243701600383 0.925384359317555 0.916353476454943
Ifi30 4.30450498129935 0.884934995309168 0.924994245356152
Klf6 4.30413567135044 0.836151531742363 0.853272549475506
Il6 4.2989810973828 0.913109378740194 0.870682946136026
Sh2b2 4.29324570830346 0.850325233245264 0.834331520421962
Tifa 4.28474688837263 0.620542407735433 0.842102642979991
Gpsm3 4.28173019525051 0.938522921312714 0.926328927798032
Ptpn18 4.2757097661079 0.900231741302473 0.907807249407794
Gmip 4.27233464264405 0.918363887392373 0.919221268234868
Cd52 4.27215012011476 0.910249027785806 0.901664062342892
Arpc1b 4.2586144319225 0.324871710993771 0.110343180367653
Asph 4.24791000570094 0.241854677818649 0.204044268100301
Tcn2 4.242983051369 0.554878078748089 0.817475256532993
Hacd4 4.23378212875507 0.695392392831285 0.650044042198857
Casp1 4.2324246152784 0.829637369970159 0.911300006715651
Lrrk1 4.22173067202366 0.899191774414663 0.855122280534779
Rbm39 4.21984270994023 0.621091781027304 0.627989196309652
Msn 4.20884994861126 0.687319377540894 0.802729585447551
Lgmn 4.2022730699207 0.769948462119788 0.754817110237683
Npl 4.19705708370591 0.535536548576106 0.699653960707303
Mrc1 4.19627329452134 0.877549860953595 0.847204021880619
Serinc3 4.18970009263427 0.836451881546387 0.822852265229638
Plxdc2 4.18413272254772 0.693534394023256 0.681115839391099
Hpgds 4.17985660237244 0.927472647036604 0.925188388428178
Klf10 4.17304773111198 0.805236652873033 0.822070037745781
B2m 4.17129767178106 0.781610548049875 0.715383388366999
Ugt1a1|Ugt1a10|Ugt1a5|Ugt1a6b|Ugt1a2|Ugt1a9|Ugt1a7c|Ugt1a6a 4.1608034941165 0.653769838489776 0.669671935068351
Btk 4.16050822026605 0.925794942854917 0.925514822859757
Naalad2 4.15909655404828 0.903175993245382 0.907387417456313
Myd88 4.14883027630779 0.917053316290157 0.915862908361041
Rgs2 4.1487584305764 0.737592668058025 0.800746784040893
Cd177 4.13979226393835 0.930351800244241 0.890157832301664
Cep152 4.13413125003867 0.841009386012685 0.817184412170687
Lilr4b|Lilrb4a 4.1286177493795 0.918754866679566 0.869716312668939
Slc2a5 4.12096934766421 0.932806028293745 0.933871865301683
Nfkbia 4.11868550637119 0.660818827832305 0.740459639088568
Cd33 4.1134817813627 0.930706702604984 0.920270108484703
Plcg2 4.11088845402195 0.892075962737596 0.872027469815505
Arhgap4 4.10181661755465 0.946650622647334 0.924229286649309
Cebpb 4.10106475276058 0.857143560036795 0.861589666840522
Pnpla7 4.10071897832548 0.239622273955128 0.454028729854378
Hcls1 4.099647776794 0.936740316318942 0.92983980585375
Ripk1 4.09812795704824 0.69950185585486 0.837982319377725
Lmo2 4.08843103475238 0.654794127749331 0.845521615014846
2810474O19Rik 4.07688638901582 0.694421795840266 0.772226787932835
Il13ra1 4.06375996979703 0.810353366124675 0.850783450401933
Myo1g 4.05636870877745 0.926407485422458 0.918639695499163
Tgif1 4.05485429248406 0.912394886881881 0.920939396408909
Adrb2 4.05343361622463 0.950062978774344 0.93362743252451
Ugt1a2|Ugt1a9|Ugt1a10|Ugt1a1|Ugt1a6b|Ugt1a5|Ugt1a7c|Ugt1a6a 4.05146373835136 0.851414404227255 0.921197488682175
Pag1 4.04732654723158 0.47836980522462 0.83022630472362
Tubb6 4.04664274687646 0.876633815456777 0.91840370374215
Rgs19 4.045038092192 0.534843208361224 0.625340563496616
Notch2 4.04152654497967 0.125388428793737 -0.0435635125582493
Fcrl1 4.03808232199662 0.967020405370929 0.961953409327168
Uba7 4.03576548308558 0.927887098996619 0.915988327547634
Ly96 4.0208182466336 0.872943273427699 0.871036695931788
Slc7a8 4.00234002954592 0.863500174060082 0.896669352590459
Nrp1 3.99684283770184 0.213211945098677 0.481679378160075
Cxcl16 3.99581724065178 0.940182965368708 0.931318901768526
Herpud1 3.99414777103895 0.850433868212677 0.908430030194902
Dusp1 3.98908663832897 0.316230981514563 0.348690815171587
Rab3il1 3.98871434465787 0.943868508632731 0.94204007219796
Jun 3.98812195176625 0.297059090028048 0.404707302879475
Dock2 3.98740805589174 0.94435369365767 0.946156890846766
Gna15 3.9797939429669 0.934724355462468 0.938158969025645
Tgfbi 3.97959797567807 0.692162509518572 0.774589280932775
Rnf19b 3.9767618559158 0.850245948439469 0.874358931625926
Mef2a 3.97532824335451 0.857601964110042 0.846156589889865
Dock8 3.96585502478339 0.92650466997831 0.914702401374759
Pmaip1 3.96309229881381 0.936493013199979 0.922962302276302
Ankrd44 3.96244866960311 0.682325198081286 0.77415610152197
Pnp|Pnp2 3.95926630690441 0.375870169365274 0.716726873651538
Dhrs3 3.95664337452029 0.35030981181723 0.359647258867642
Ehd4 3.95160108640257 0.7202576666861 0.916720750620507
Glipr1 3.95159994192726 0.836557678010357 0.871430810681854
Sult1a1 3.94260553487819 0.333259463069482 0.148153281074568
H2-Q7|H2-Q9 3.94105259918061 0.775159060579236 0.68841466127215
Myo7a 3.93611046950787 0.904773226943151 0.878547170961798
Parp14 3.92344229313198 0.88244757400277 0.814433333465474
Arhgap17 3.92266483895432 0.790205544516798 0.814221950493466
Prkab1 3.92071240566194 0.870928607160266 0.888100925068505
Gcnt1 3.91526684141879 0.949638698057816 0.912378907913857
Parp9 3.90130000685846 0.742394364333531 0.828266485703612
H2-K1 3.90008974048242 0.629423448395564 0.570739190218655
Gimap6 3.89796886798839 0.933000638926762 0.928524486000664
Tmem140 3.89257258321482 0.934745279341757 0.921564002405664
Tmcc3 3.88860773513161 0.574578812277662 0.532731528637081
Slc25a37 3.88830389381011 0.818313365973666 0.755241069273192
Tnf 3.884747280643 0.895160831606485 0.865047528398544
Trpv2 3.87696983172045 0.748745122014412 0.897046436411625
Plekho1 3.87189016857407 0.777853596250923 0.788066034580518
Hps4 3.87018687615982 0.822241004335628 0.75771234767342
Nrip1 3.86851624122878 0.770106421322306 0.855932538465098
Apobec1 3.86217255846118 0.825208913245867 0.840337565531987
Arhgap9 3.85790692599338 0.89926457104169 0.893138744799812
Gusb 3.85764231996057 0.700810538606037 0.783418768187215
Rnasel 3.83808856166866 0.786279134743072 0.876955748625834
Slc25a45 3.82842118334223 0.806377882108387 0.802867299380174
Fos 3.82369531492014 -0.0429853979679157 0.396804145337738
Ebi3 3.82049651237347 0.901721413143522 0.907305125447553
Plekha2 3.81736619663988 0.000324582237585326 0.150058165527655
Vamp8 3.81477277963799 0.654251300203574 0.723031421900338
Lgals3 3.80765682042665 0.636011476115276 0.480134285385581
Il17ra 3.80237715097168 0.77653221361246 0.806286871386214
Lrp1 3.79951829924288 0.12485485809459 -0.154154108627708
Myh9 3.79396736334821 0.815124288463624 0.821358407248178
Tmem63a 3.78519377550059 0.0612646351307939 -0.0979142640358685
Sgk1 3.78327579076835 0.159367729457934 0.244141776976519
Tcirg1 3.78064360418 0.708770938250927 0.753380931164687
Ptgr1 3.7805769821253 0.622072903825981 0.775430537021147
Rac2 3.77187129410444 0.90639018579777 0.89150918214969
D17H6S56E-5 3.76837623283374 0.920373542020606 0.920851460220941
H2-Oa 3.76736304338595 0.934201174277212 0.931552453507723
Tbxas1 3.76469808335062 0.91389737988122 0.879857818653569
Il10rb 3.76171895713552 0.805910387390575 0.866573122588682
Ncf1 3.75133769210903 0.937408381217992 0.921826963266427
Man1a 3.75028228555986 0.348566232025541 0.248399879781027
Gdap10 3.75022026325916 0.358391819827327 0.498367091224
Man2b1 3.74763618236096 0.734504260610495 0.676780720554934
Ints6l 3.74533700284698 0.518860267346674 0.504897153771149
Plcl2 3.74365797668552 0.814404327491231 0.78892315783237
Ceacam2|Ceacam1 3.74050895019375 0.855321358692253 0.842907574335599
Skap2 3.73487886812263 0.752649235328489 0.770185404238867
Zfx|Zfa-ps 3.72321181552375 0.806739555064668 0.79178098052844
Snx5 3.72269154233049 0.889437620753084 0.893627169134587
Zfp36l1 3.72045869654152 0.123963356760661 0.319838572169749
Stk17b 3.71120104048932 0.109787302190472 -0.0324488707098534
Snord22 3.70734394500874 0.605297002157113 0.747003918737636
Slc37a2 3.69353075579309 0.832002364035671 0.870766065930106
Tsc22d3 3.69131411621926 0.71523633337489 0.687128799337793
Ltc4s 3.68685646351861 0.886807871111613 0.875706858396752
Chst7 3.67428349913112 0.641865489894427 0.649147471830705
Clec4a2|Clec4b1 3.67408072154333 0.937879073082195 0.924101742381773
Il4ra 3.67198383274791 0.938081247442871 0.923349539640443
1810011O10Rik 3.67075113391541 0.468671966955481 0.244803155184718
H2-DMb2|H2-DMb1 3.66988240232965 0.914342613110454 0.904498057812747
Psmb9 3.66970830446052 0.867005560687732 0.796788960040831
Ucp2 3.66826865564577 0.888954496505376 0.925868382298847
Syngr2 3.66426561447197 0.529750878218217 0.678299428842201
Hspa1a 3.65976443799455 0.543006990068882 0.582822142158588
Pik3cd 3.64795940508839 0.925415461957676 0.925367342623289
Cebpd 3.64690585196983 0.281627939976123 0.450852912095384
Sertad1 3.64503410905696 0.861041247822997 0.874777603566002
Phxr1 3.64000245364294 0.753668577410181 0.744570399155032
Ets2 3.63968948491634 0.667440044534981 0.537307615802759
BC028528 3.63081370426868 0.518304503912775 0.296370649208761
Asxl1 3.62331158720765 0.822658095927213 0.825700650218612
Per1 3.61979296834429 0.63491237072208 0.778717863052323
Jmjd1c 3.61858366619972 0.661454147735204 0.759113032173227
Lst1 3.60861783845595 0.731131812150848 0.903207349856801
Ifi35 3.5949809730485 0.764577816246504 0.819504891755953
Mlxip 3.59176298222072 0.824062738096475 0.828899684538563
Mcl1 3.57817423802707 0.795130603641886 0.844839258880907
Creg1 3.57684801429774 0.521177315856476 0.787802378852739
Cd79b 3.5732088126414 0.907899459454104 0.902622699616597
Nfe2l2 3.57130669652827 0.325962735545733 0.452443442925438
Erap1 3.57033881616386 0.543248327130663 0.632822405285259
Tnfaip8 3.55550544174784 -0.0105813677187379 -0.0685184420173606
AW112010 3.53926854190067 0.943437256717722 0.94221965365335
Trim34a 3.50474160058612 0.772183386327351 0.682503995305586
Gns 3.5018055197939 0.724538373992438 0.845369727770393
Atp7a 3.50155326563702 0.713900424934247 0.790839135989123
Tuba1c 3.49147570207195 0.868706585189004 0.879953908017083
Fam111a 3.48916979168306 0.752363063707238 0.698672050537225
Srgap2 3.48639674124791 0.896632902653599 0.884284872483164
Dnajb1 3.47337885389171 0.867827760080722 0.849277510573886
Phxr4 3.45879436320065 0.374463858357128 0.121569697050164
Litaf 3.45716677080067 0.0288710417996874 0.443693772192225
Cited2 3.45188582210825 0.724086121917228 0.784095305995062
Ctsb 3.43918028977893 0.696092260644748 0.866818471660327
Tmem37 3.43050321038539 0.92088534091038 0.916709141979274
Gcnt2 3.43001837776222 0.706747682635347 0.66256892237912
Prkcd 3.428167749649 0.540217739763847 0.688797133000079
Ifitm6 3.4220215082889 0.885442183779994 0.783981325202096
Hp 3.40746093666869 0.879812796413405 0.770199957038205
Zfp36l2 3.4067062640171 0.025945431516604 -0.0438182143146671
Was 3.40288581097503 0.909843809706123 0.906752102210628
Malat1 3.4021795016892 0.0507457675647388 0.123645910171438
Vasp 3.40071662543368 0.867756305185513 0.879965779855842
Slc29a3 3.39944059662265 0.46244751026657 0.543906506479103
Egr1 3.39810289247136 0.542562472525006 0.776039501561144
Tgif2 3.39533795999272 0.905733119210862 0.929216062393869
Pnp 3.39492272373038 0.274168274826498 0.710310418535471
Ivns1abp 3.38629007050456 0.699721016819796 0.689866477446459
Cmtm6 3.38421660592784 0.774524955828347 0.820741523022315
Clec5a 3.38391895667437 0.941272762841966 0.937011458488821
Snx20 3.3753706248244 0.932685004471828 0.935993425123166
Maff 3.37395561937862 0.715899681126997 0.743379318387826
Mknk1 3.36749762332097 0.79177371292792 0.886114692614469
Cytip 3.36741286035742 0.749535654408189 0.722212051939729
Tlr3 3.36641736079928 0.104298219950265 0.833020662009717
Tap1 3.35507625714278 0.790318919183444 0.723750925295931
Ebf3 3.35463455677687 0.916994175987791 0.906951255814076
Myo1b 3.34363457838691 0.851099360889112 0.764825770678646
Il1b 3.33999276312958 0.916218470266788 0.905216162745993
Fmnl3 3.33655250274669 0.904897030419749 0.881788877720446
H6pd 3.33474775649835 0.908328839851367 0.892558984366819
Fpr2 3.33062811311396 0.888673734031125 0.768366219280436
Tpst2 3.33060917858933 0.713869361596468 0.81442471149183
Rp2 3.31041428715384 0.847730634826563 0.820189718788966
Ptger3 3.30459464321281 0.62815802603113 0.516288815512651
Rasa4 3.300591570014 0.928811389973907 0.925107574996663
Zfa-ps|Zfx 3.2941618872572 0.838767361790215 0.820075310675393
Col6a3 3.27411724604894 0.81047246833357 0.770160038411463
Tgfb1 3.24629170906126 0.917660216319445 0.860705325765047
Gbp7 3.243977615309 0.301868626790613 0.316936611536916
Traf5 3.24076580097101 0.873052720352848 0.878502834087432
Naip6 3.23926446084067 0.925547433698647 0.898191129382071
Rbm5 3.23461974112042 0.190350065163098 0.168092224971603
Parp10 3.22254116630581 0.85051208829142 0.774875550771875
Ifih1 3.21850980762471 0.764539834984112 0.705954631979613
Ms4a6c 3.21626542204227 0.914190655338135 0.913517030956706
Abcd2 3.20263199619521 0.304356345531104 0.128055140207547
Smagp 3.19989885957818 0.901460165805852 0.902402762555941
Batf3 3.17934004517637 0.925298197104287 0.940673231741206
Gem 3.16966104905569 0.22942698775622 -0.0434942884069334
Pf4 3.16837518219605 0.839136270173108 0.836197089844432
Arsg 3.15695784769836 0.0270642880779151 -0.13508894310526
Nfam1 3.13457846481368 0.92585547327548 0.916353596349717
Calhm2 3.11355266476292 0.899569564490032 0.864638789994067
Hlx 3.0949421878196 0.91548285659966 0.898906253840201
Gmfg 3.07616471538389 0.892415211706065 0.870911641026766
Vrk2 3.06506227012025 0.831660299391008 0.852334393717817
Mpo 3.05792318454161 0.843014405698757 0.576313032506067
Tlr6 3.03782171037545 0.768329959181617 0.814089924382545
H2-Ab1 3.01647131203234 0.713397358803646 0.638511414524865
Mrc2 2.99751291196867 0.874991304824638 0.847166936306999
Isg20 2.98995166105294 0.904660899930619 0.909874938328258
Cmtm8 2.92583078999459 0.894811820464569 0.877744297492402
Arhgap39 2.91806528019847 0.821637041035143 0.817546216414326
Plaur 2.902012826125 0.8851244925208 0.872961149375826
Npnt 2.88939186459536 0.493088607371029 0.578921424938188
Calcrl 2.86358364316417 0.217136016097356 0.0898651710199407
Irf9 2.84308112767965 0.806556957846804 0.791887882303619
Nfkbie 2.83576779881745 0.763926609606857 0.708983678523823
Tnfsf13b 2.79001445737928 0.709394843908689 0.831291622837946
Tmc6 2.77962644983794 0.798030485284611 0.7598115818415
Nrm 2.7707548863227 0.486645278071293 0.509322254890156
Irgm2 2.74342821127511 0.746282464832151 0.633894504256279
Sh3tc1 2.72419608797222 0.905695954238833 0.916217370929449
Stk26 2.71611970326325 0.586678567200384 0.753875437553896
Smpdl3b 2.66356887746652 0.514542424424014 0.791498206920445
Myc 2.66288505696282 0.790101355404039 0.836247106327214
Emp3 2.65205204950867 0.852357843387446 0.847105022856915
Tfpi 2.64226919942309 0.794665698869732 0.846652706292482
Esyt1 2.56709501891482 0.813992064200364 0.786050876077104
Ifitm3 2.52871751243103 0.198684858365101 -0.118718646844368
Srpk3 2.4817793220032 0.543876898090206 0.304890720417605
Rgl1 2.47360010679015 0.664001347670119 0.76615095019749
Sftpc 2.46795823914132 0.444054288350788 0.27457840037432
Il21r 2.39789926851804 0.934271287324127 0.940074712756564
Dusp2 2.38787824422976 0.889573401269581 0.880092432598856
Zfpm1 2.37788006749352 0.170499426760794 0.182178148726666
Ceacam1|Ceacam2 2.37776198101113 0.791765789912743 0.77860073881988
Plbd1 2.3761078369458 0.867448439687067 0.828517156048235
Ehbp1l1 2.36431770549368 0.497058984213296 -0.257211198676538
Tlcd2 2.16452266867218 0.868858361814263 0.856206285141979
