Aqp4 8.64575338457116 0.741720875390779 0.883821070039165
Id4 8.13068756373576 0.484344580055661 0.51011396077996
Dio2 8.02286686125773 0.731195566021598 0.787741905742206
Mlc1 8.01982030045801 0.738957587120059 0.825176295642938
Atp1a2 7.74949481809273 0.721538041095838 0.869568149772906
Bcan 7.6157755026956 0.508728903240418 0.74587796908394
Gja1 7.57120797803184 0.3273551891744 0.552614598890637
Fabp7 7.31025691373184 0.212294005073448 0.176965330793772
Olig1 7.30811799709272 0.0701600703246579 0.776461144764042
Timp4 7.28116355981864 0.326454203453708 0.323149282830749
Plpp3 7.23015009614976 0.543021497094463 0.811409116318443
Gjb6 7.14659231768499 0.699416756551313 0.734174711121178
Ntsr2 7.09728027165723 0.664673290244792 0.728514178056241
Scara3 6.96279490623621 0.775631294610939 0.78826019010128
F3 6.82198729288599 0.720800222880659 0.722398737542403
Tril 6.7372638081504 0.691475213601955 0.805661431824548
Slco1c1 6.71937964751909 0.866722397198393 0.872970173978193
Vcam1 6.65093572937189 0.659871346852163 0.735209874280494
Aldh1l1 6.64315019296294 0.806316815040939 0.846832595979502
Fgfr3 6.64312250989343 0.770468893157561 0.802643436225161
Cyp2j9 6.58405809460772 0.577284794718536 0.715988047172526
Acsbg1 6.56321829125314 0.822592289611828 0.847992649544217
Pon2 6.43231000955156 0.31594205850227 0.558964520074876
Cyp4f15 6.32968129595313 0.908783792268197 0.886634272048526
Pla2g7 6.32406175870694 0.792239328095318 0.766755016443729
AI464131 6.28360755266418 0.830714901587945 0.873111388533711
Ezr 6.14969630181671 0.8401475190484 0.88054974450058
Igfbp2 6.12829427506682 0.781576754262861 0.777587296242546
Adhfe1 6.0814891487493 0.678459914195225 0.712392385421288
Itih3 6.02778767934971 0.195898186147671 0.183031662938551
Cxcl14 5.99590531324777 0.548648830771244 0.475071717175078
Tnfrsf19 5.99106835923788 0.810332199375701 0.883137539903969
Tlcd1 5.9768047348356 0.741178320364624 0.744261110495016
Elovl2 5.97054423690363 0.859700986628928 0.869360761140378
Lrig1 5.96851436550504 0.778114895865347 0.851209719407513
Sox2 5.95700088406575 0.226231570199391 0.256502273046404
Car8 5.94591069145117 0.343925590214293 0.14790114510697
Fzd2 5.91156533694651 0.786054907624752 0.80244136315242
Glul 5.88617099611267 0.339840432494751 0.48517509232173
Eva1a 5.86310132540114 0.618000424587139 0.738089793192592
Gpm6b 5.85883372798879 0.240858108055332 0.32781385650888
Cldn10 5.85469146398933 0.760817948703081 0.725824710776182
S100b 5.84537494409218 0.0113179675193707 0.124959396958816
Gpr37l1 5.84226238340047 0.436363979475689 0.732762038858991
Il33 5.83967204501481 0.266756787521306 0.108539584370652
Slc1a3 5.79342983502321 0.756868081744611 0.807227800093745
Slc7a10 5.74032243354815 0.865438174731932 0.851797101965907
Pnp|Pnp2 5.7212136560763 0.37636671967551 0.716726873651538
Ttyh1 5.72111216559379 0.483262569735619 0.680882169421705
Slc1a2 5.70116865429817 0.876057506345687 0.882902953600854
Grin2c 5.68545650377549 0.886500435251516 0.865208096206704
Mertk 5.68203535654254 0.628140225797082 0.023616097947432
Htra1 5.66982602034867 0.510874626565846 0.6221943064331
Acss1 5.6401020946429 0.566752606760993 0.681042353164821
Crot 5.62515846390507 0.535549475118368 0.598034748457258
Cyp2d22 5.59232261820581 0.869392553130004 0.859159500184344
Cyr61 5.56782696903806 0.892106348107493 0.857814268177357
Slc15a2 5.56149049782335 0.758114400484399 0.888943120079634
Pdgfrb 5.53765171843132 0.815893468577916 0.779892951490583
Car2 5.52479407559053 0.0651420390912712 0.0011712971800959
Tlr3 5.51819849098308 0.689994613083219 0.858371459801115
Pmp22 5.51531877764029 0.175647461325147 0.0997175273333405
Gldc 5.51210597215445 0.742356636535708 0.734069209013029
Trib2 5.4886588756158 0.201694599864352 0.143809522617503
Ttpa 5.45924900496115 0.779395951655157 0.772369804703734
Ccdc80 5.41816103333685 0.86847745930013 0.856081505706314
Cth 5.41126832762588 0.813790432324002 0.815472595985684
Scrg1 5.40955147769081 0.147451372719879 0.111733237102384
Rlbp1 5.39860761928414 0.291873267277409 0.15172412401797
Prodh 5.34625044558916 0.86361707434326 0.848381221215723
Hes5 5.34364766948068 0.378593232608844 0.269068118860258
Pbxip1 5.34288142441426 0.731450760031231 0.721219446308713
Tmbim1 5.33994630184603 -0.00596151697907604 -0.0108646029168858
Wwtr1 5.33559122205583 0.756497675218743 0.756883370360999
Igfbp5 5.31814604292488 0.589358953833092 -0.109309852495751
S1pr1 5.31027329698539 0.785390476484932 0.758084570794129
Plekhb1 5.29535745759186 0.0403356940469911 0.542035858310577
Rapgef3 5.28556101977646 0.303494785875063 0.334656524905923
Acadl 5.28148907684913 0.497716348520959 0.815986165106032
Slc9a3r1 5.26307052250478 0.508263076265243 0.645781696983549
Tnfaip8 5.25393350640888 0.347957080626155 -0.0685184420173606
Fermt2 5.24656741117086 0.243880079093932 0.811227120619852
Zfp36l2 5.24373284180878 0.355935069060246 -0.0438182143146671
Gabrg1 5.22754998403142 0.736677695319558 0.757034371575311
Scd1 5.22556163232955 0.263530243108684 0.363425028609129
Timp3 5.19775158214792 0.626078703200712 -0.0727266972251775
Fgf1 5.18807060929965 0.572992450618912 0.712627328718999
Cyp4f14 5.17257859631347 0.853610726088994 0.85868424702626
Kcnj10 5.1702781765459 0.146887653040658 0.458807731675594
Msmo1 5.12364235820014 0.45588408931628 0.409538333554596
Pdk4 5.12268731530317 0.597742445156323 0.598105321891196
Sat1 5.11188581760957 0.361757980958671 0.00482646491164861
Slc14a1 5.0712349723995 0.83577710958957 0.814784058229655
Sept8 5.03515447135314 0.328965473466805 0.25469801136639
Psat1 5.01813651088713 0.0399479056254614 0.0988967160612217
Cd38 5.00430122711265 0.85072326218541 0.780459374967831
Selenbp1|Selenbp2 5.00203969602736 0.623985349053594 0.762541027264281
Ndrg2 4.99740509469139 0.501978061792086 0.507898133513764
Abhd3 4.99464526918355 0.57352303824763 0.814921285035687
Smpdl3a 4.97258369824832 0.803902780612475 0.856410920592703
Adgrg1 4.97209635836711 0.598585073421518 0.382063240950214
Phkg1 4.97157621484533 0.853942626701196 0.813472871204969
Oaf 4.94855984225205 0.715636128898335 0.798924010593506
Clu 4.93554508877519 0.730161397131176 0.779868403562126
Fmo1 4.9353596284317 0.86048821414561 0.876524809914528
Egfr 4.91914839184019 0.926408717276893 0.883823505249832
Gabrb1 4.91536956704481 0.458338000271511 0.720365129949477
Stk17b 4.9022615771526 0.54350275395354 -0.0324488707098534
Axl 4.89533213727719 0.84552714465483 0.806905573283577
Emp2 4.88800151492718 0.824346829373695 0.787876484735138
Mfge8 4.86750686846587 0.688010259449848 0.776453128209076
Cyp7b1 4.86612279778376 0.596142898660613 0.648095119858015
Itih5 4.8656519465993 0.712626803909445 0.761088167317219
Amot 4.82819024577149 0.830554197892579 0.891958421261625
Lcat 4.81945903664799 0.841784763697597 0.8586288051589
Id3 4.80961709169842 0.444148359247756 0.455377769249416
Plagl1 4.7848177820428 0.370639025420224 0.545079082524671
Fjx1 4.77878162671351 0.798486070086467 0.885449115489284
Aldh1a1 4.77673677354621 0.575756882981423 0.639269346929273
Ppp1r3c 4.76085834760187 0.650998921016276 0.735501062017654
Apoe 4.75961548209441 0.407782832273258 0.666250258051978
Papss2 4.73111699566609 0.760974826036469 0.734481894347144
Cpq 4.72097303290655 0.672128099944092 0.802976538303522
Klf4 4.71402152920086 0.390983197386586 0.471143080807738
Asrgl1 4.70785631558226 0.167387423209381 0.287757514664353
Myo6 4.70306786020363 0.609536003390436 0.540338316099749
Slc1a4 4.69478581417349 0.819045491583862 0.87532754628554
Antxr1 4.69213303157842 0.601231626410448 0.819471457279681
Pnp 4.64731993905467 0.430855746786457 0.710310418535471
Prom1 4.64218512034962 0.330651540757327 0.27979622418856
Slc38a3 4.60404414143171 0.870744059430198 0.862929803572819
Nat8f4 4.59401588834978 0.732999339551303 0.7743439980923
Cbs 4.59123168389602 0.874600379681164 0.872131668726798
Prdx6 4.57964340667104 0.560926974074269 0.656137061832776
Trps1 4.5625882131538 0.62828738238398 0.731756000175544
Zfp521 4.55035520193988 0.247960186060557 0.265860020800069
Dmd 4.53835425356466 0.447515723354915 0.522318684628841
Gna13 4.53794150657909 0.472875063174342 0.366104904727677
Col4a5 4.49114867641592 0.958142379638243 0.938811615159052
Ptch1 4.4749669358921 0.547950403311814 0.739729501214347
Ssfa2 4.47094985733049 0.50061418440834 0.159445505663991
Idi1 4.44941690212177 -0.00493690220503049 0.00987942994435621
Fads2 4.44921404034897 0.819404723276718 0.846335873009285
Entpd2 4.44307543082462 0.871293978749795 0.881536042209177
Gstm1 4.44170309575595 0.54597709849976 0.549499653273446
Xist 4.43466217374547 0.123124086451844 0.043416087245151
Zfyve21 4.43344746573518 0.201026734120969 0.357722147528674
Efhd1 4.41690574980362 0.0742293506523154 0.388459360248184
Cryab 4.41658597863587 0.0773765859005984 0.33721639044629
Tmem100 4.41474195559206 0.177679185500346 0.0977067168494742
Itga6 4.41014397297786 0.642322474923021 -0.12839271730186
Itpr2 4.40171431626155 0.341989255996029 0.125989773983375
Lmcd1 4.39062227772785 0.607440601823938 0.549617195775667
Abat 4.38816697508472 0.519120420289012 0.556484979619612
Scd2 4.38686874120414 0.300733547425393 0.192917895557564
Slc4a4 4.37929376228793 0.648793677824941 0.105251710085741
Ndp 4.36616406449085 0.606345615767313 0.631657444709025
Smox 4.36385248973341 0.127383020454387 0.497026410068514
Btbd17 4.35858788553862 0.846754218398455 0.848505534586669
Cyp2j6 4.34402839919842 0.169089278906478 0.221059383223496
Galnt4 4.31853008285291 0.531450327888415 -0.0862625467877269
Slc6a1 4.3058226542195 0.34658318327515 0.577778055275257
Mgst1 4.30139721044138 0.548822683686809 0.570170569396731
Gdf10 4.29493901582974 0.728311239012834 0.726656889281558
Gstk1 4.26861062095126 0.290130687782371 0.615561965897978
Rftn2 4.26858597811589 0.54129059202212 0.580449122026446
Nrarp 4.25555924306926 0.577665768584378 0.482462120109468
Efemp1 4.25071033379985 0.488073682009301 0.399513458666335
Bcar3 4.23887539890532 0.812972630686212 0.8076786116458
Ntrk2 4.22495438605181 0.622197146753785 0.728654270938923
Abca1 4.21715137773922 0.575158354264146 0.131832799862662
Sox6 4.21132456256928 0.291035953701752 0.118282586897786
Atp1b2 4.20990742971494 0.717709609695473 0.7656635668771
Selenbp1|Selenbp2 4.19912965108175 0.623985349053594 0.762541027264281
Tmem51 4.18812137583284 0.723770565497897 0.657131822864043
Ptprz1 4.17593824478974 0.772484680480551 0.861614423135459
Gng12 4.16750938550809 0.0844953451215363 -0.00906727997896324
Ptn 4.16288109014481 0.230224873843548 0.351797663216632
Oplah 4.16253503959646 0.836047711058638 0.871756997341841
Gpx8 4.1596314455063 0.486500637994986 0.406774942759366
Slc12a4 4.14680891013209 0.715918122189096 0.703454226373437
Pdlim5 4.14033476614742 0.586041612371791 0.688432379194045
Pdlim4 4.11412077299842 0.442405143687336 -0.107626616301089
Heph 4.11244888009445 0.88908169842556 0.864165013509311
Hapln1 4.10911673114549 0.788097880210234 0.758786598523242
Sash1 4.10352934153652 0.511345330015251 0.787113228992318
Gli2 4.10272158032949 0.808071809608512 0.758762905145804
Cspg5 4.08347811841283 0.57862156967848 0.593614008319116
Myo10 4.08341281419537 0.680938013433504 0.648946417759912
Pdzph1 4.0828619611357 0.682281221671704 0.682707232270952
Dock1 4.08159889414212 0.360986286001929 0.699517549977258
Nde1 4.0719940026244 0.064241539608256 0.0725989889595206
Fam181b 4.06577940032049 0.513394735935658 0.512384561825193
Jam2 4.06243672742999 0.456175245423772 0.57417974918007
Tmem47 4.05272438162091 0.57487122636882 0.733873812325582
Klf15 4.04901536943334 0.565744492607191 0.617413540250173
Acsl6 4.02069028339824 0.659403373351701 0.82995352342455
Sox5 4.01721085828616 0.480033538593322 0.320664882498119
Dkk3 4.01325894460985 0.540633648914318 -0.137037605659486
Zfp36l1 4.00654893763881 0.200224932250574 0.240028076920446
Agl 4.00478105140207 0.604203391779471 0.561137590583546
Gas1 4.00183211384436 0.536006717965558 0.433439958017736
Gpld1 3.99421307110702 0.757878251536133 0.808615650369874
Prkd1 3.97722266325738 0.529174607281048 0.678488085136365
Elovl5 3.9747117336449 0.46895662811498 0.567131741370515
Tjp2 3.9623028414328 0.196896385390886 0.297222025537208
Igdcc4 3.94985035248422 0.674707402922706 0.742881987111353
Ptpn13 3.94816590287524 0.503729912713165 0.427017109987406
Suclg2 3.94375860211772 0.501247781709937 0.160146644714179
Cd44 3.93346073877527 0.791824012806348 0.687006323780837
Rab31 3.9333913364254 -0.073869771774259 0.236261379575026
Dtna 3.9187793088182 0.583827305115604 0.725163604625802
Kcnk1 3.91536663813588 0.446424943122505 0.533069057051848
Txnip 3.91167604922411 0.464966395472795 0.534275457018026
Gp1bb 3.90710318497933 0.219590214868602 0.194689243449329
Tspan7 3.89635253781374 0.638501109701551 0.44441805627431
Acaa2 3.87470806829002 0.836899379568252 0.882522679252495
Fgfrl1 3.87210472256214 0.59136399884289 0.592215900748409
Sdc4 3.87131946552253 0.754690036261728 0.757350529451156
Vegfa 3.86982910555595 0.818834392107996 0.727850484675668
Gpr37 3.86674625965653 0.00189151062106163 0.340074477451517
Sema4a 3.86632001037219 0.646846764161697 0.596289559446054
Aass 3.85915407818019 0.862208162427832 0.804387807125301
Vim 3.85873394269842 0.416900794696168 0.0776505957231112
Lgi4 3.84745190723705 0.883914084190237 0.841551906223464
Aox1 3.8347158212257 0.83764528861555 0.677555299486555
Celsr1 3.83091121966729 0.859014456423713 0.80661447411593
Fkbp10 3.81930213423572 0.883447210988602 0.899340472499319
Fxyd1 3.81689321020613 0.712948271815797 0.660393183845603
Tgfb2 3.81465802969059 0.357425816485321 -0.179238114242052
Slc41a1 3.79418183345955 0.850795175983714 0.847688213537219
Ghr 3.79013972440409 0.53542659094311 0.458505211734576
Lpp 3.78997870499422 0.760105096847309 0.688921781759529
Aldh6a1 3.78918539007264 0.45934605412835 0.766679105945631
Notch1 3.7824025442645 0.723501417944912 0.764811788641146
Hmgcs1 3.77847854960062 0.151520376660978 0.0170396262840565
Cmtm3 3.76895646914625 0.296097096462768 0.351183426865033
Pdgfc 3.75995009394702 0.224599211738724 0.299537482334282
Sorcs2 3.75196726328679 0.763601759283018 0.740733194843314
Lhx2 3.74903297989475 0.576910908264943 0.610056775433524
Fbxo2 3.74513651246453 0.303167648330287 0.366792883248797
Gab1 3.74446071098101 -0.0274059647983274 -0.130451116307365
Mmp14 3.74295243948433 0.703648931460642 0.650674483266838
Hsd11b1 3.74182672103356 0.778745918336861 0.874348839968565
Cbr3 3.74147504781419 0.378204434028734 0.284774660080897
Cyp4v3 3.73681409988053 0.665284701296932 0.610527089597412
Add3 3.73344929002111 0.5909624379327 0.705446716413169
Soat1 3.73286893690981 0.53916785039908 0.306291326413034
Pygm 3.72647439524417 0.850442104608962 0.785539304355719
Cav2 3.7239836802438 0.281781659381003 0.07239233544493
Phka1 3.72269334752934 0.799891422246028 0.875052914472279
Notch2 3.72039248190245 0.351272442270506 -0.0435635125582493
Cd9 3.71583513833442 -0.0636374278311692 0.16487589387695
Pnpla7 3.69263715607401 0.589912422980373 0.454028729854378
Pax6 3.67994474784861 0.761971524488995 0.744010544387134
Inhbb 3.67247920659886 0.442128575782881 0.321901698292856
Rora 3.67244138838662 0.841804238646859 0.831180533302165
Smpd2 3.66905125595516 0.7367078737006 0.795710071452218
Sox9 3.66719349530818 0.840933653156039 0.799955883510962
Prelp 3.64502854477634 0.821220941905533 0.625263395073292
Scg3 3.64243687597411 0.706817282555205 0.908750057658415
Hspa1b 3.62934861328238 0.0455946401177183 -0.0259032898163678
Itga7 3.62272174114319 0.751772473903223 0.685471527842131
Serhl 3.62102501714785 0.650304857904319 0.748078323088421
Glud1 3.61987723649111 0.826588592427143 0.851352797570304
Plp1 3.61618175854731 0.0745548623361478 -0.132901290674533
Fgfr1 3.61466441440152 0.767672523909272 0.721625189200433
Hip1 3.60513192919979 0.181001074127831 0.329985589461602
Aldoc 3.59601632486377 0.333122406771548 0.520275377811629
Prkd3 3.5912320187987 -0.0707324758860378 0.00197881544447344
Ppic 3.58672838940001 0.721043696415987 0.336615171358037
Metrn 3.58259875846343 0.428542271980618 0.304457197700496
Kcnn2 3.5784289688395 0.609749042783572 0.388602667937602
Wnt7a 3.56269792888064 0.533878973832123 0.317609078262231
Itgb5 3.55957858745952 0.440934111063122 0.734332201174804
Selenop 3.55641315791784 0.0574687497610283 -0.0299910695984123
Hnrnpa2b1 3.55134543414224 0.424946327676142 0.0245561234797803
Fgfr2 3.54639590508986 0.302974436564 0.223740682976029
Ddr1 3.53415212555063 -0.0854363853887381 0.0451187476679369
Ephx2 3.53058990000307 0.742874498273794 0.759359393806488
Agt 3.52117268631086 0.776823971980897 0.641593791047381
Meis2 3.51497498665826 0.167012427620269 -0.0504996559877463
Fcgrt 3.50503752791489 0.578738323343155 -0.0875450334054097
1190005I06Rik|Gm27021 3.50137441988879 0.271155690409923 0.193757943865992
Hmgcr 3.48967829637816 0.388082440075745 0.202677882887582
Kctd5 3.4870825723102 0.369220923625101 0.539004667372079
Ppara 3.48144520921928 0.823763972392397 0.79916449531982
Serpine2 3.47897439284808 0.220925484004788 0.317821031683215
Kcnk2 3.47182756139704 0.4351459288825 0.44207148021987
Fos 3.47117690853018 0.342413944936725 0.418594029460351
Dusp1 3.46257338112158 0.452685129902153 0.348690815171587
Sqle 3.46177924646575 0.35755312014015 0.392475742573059
Tmem176a 3.45260807351875 0.366709816876593 0.146756297097563
Cyp51 3.45199756487515 0.350349029119973 0.296820502928389
Limd1 3.44841158026708 0.0394062788688038 -0.00496372206016886
Tmem176b 3.44633269769054 0.22436811125261 0.233439083725372
Srebf1 3.43549432845263 0.819215543580035 0.838110186695692
Nfe2l2 3.42031671329543 0.382891793480425 0.452443442925438
Retsat 3.4153907011914 0.663560247876257 0.735759756138319
Arap2 3.40891381095802 0.232793592238945 0.281808519728684
Ncan 3.40844086485299 0.673505662489721 0.717078557824241
Ednrb 3.40283917486569 0.592161401011379 0.520275299017579
Fgd6 3.39846426935337 0.816158351040138 0.771131705161557
Lrp4 3.39622329521614 0.732590076201797 0.804586806816943
S100a16 3.39060342559171 0.0404538029842217 0.146090766335559
Naaa 3.38611891531841 0.729350614100604 0.692796287597442
Asph 3.38127283367785 0.469107465233615 0.204044268100301
Gpt2 3.37727913070269 0.0622886947235045 0.154270668894739
Capn2 3.37356190122998 0.732821973729434 0.819807502066243
Mical1 3.37071322805437 0.401596263879375 0.015332084133546
Gramd3 3.36658494622096 0.221783407439227 0.0798885210836513
Sox21 3.35837182598264 0.524064621648543 0.428857404995959
Lamb2 3.34739796943546 0.790813043520684 0.771344664729871
Fam213a 3.34684514537296 0.565039673680528 0.684709538506317
Smo 3.3462315768004 0.586105138591489 0.413257042442724
Hrh1 3.3424435895337 0.717203846226589 0.705973771099583
Mfrp|C1qtnf5 3.33558956431135 0.779497065599427 0.76044648223801
Slc13a3 3.33417528604726 0.632674374570505 0.790492803437858
Lamp2 3.32709084102265 0.0901360924996239 0.127384404431192
Lap3 3.32417042794516 0.186858331103194 0.425547228330468
Stxbp3 3.32406449869543 -0.0808282542246045 -0.063703697063534
Rdh5 3.28293974175215 0.786559308631509 0.737280952718919
Lss 3.26259521320622 0.265901847175236 0.212260976056971
Gfap 3.25640947503606 0.577756485094443 0.399231703763599
Tnc 3.22783030464478 0.780297076253405 0.496044268786071
Prrx1 3.2232618214932 0.416039064809088 0.200274669157894
Tfcp2l1 3.22312017503587 0.869081411885005 0.841171528485165
Ddit4l 3.21505179469621 0.445573574158691 0.162827972817736
Tor3a 3.2017011345374 0.572600765483478 -0.189135329545833
Rgs5 3.18002774855365 0.597369306495879 0.316172849401439
Acaa1a|Acaa1b 3.12470672326029 0.00718738747943048 -0.0650709047661563
Trim37 3.12321897085344 0.354374529623145 0.289627355598551
Ddhd1 3.12242317802494 0.616616596760542 0.622313428554075
Mdfic 3.09877583230395 0.384313431986143 0.313766457176286
Chil1 3.09867868739181 0.687309009155215 0.742890731341423
Swap70 2.99513274746917 0.615085195308672 0.199442355226874
Fbln1 2.95474292266481 0.870151224838158 0.893716751236704
Ginm1 2.92029785929489 0.431009935558335 0.557921794398666
Arhgap18 2.85911167660269 0.628605586253743 -0.161090717500903
Vasn 2.84524993931302 0.368601287300346 0.391389096458822
Hsdl2 2.83359410016782 0.207785260439359 0.184827703275762
Rorb 2.79009622846242 0.769089127401435 0.718675391938693
Gdpd2 2.78028890502986 0.875644700872621 0.811337759967601
Rdh11 2.7621382816872 0.220507628969474 0.257150392205817
Vav3 2.75744103207527 0.474549985599312 -0.174890732082865
Clcn2 2.75562099311636 0.495793188006689 0.462834049063183
Plin3 2.73898550373525 0.212910189872273 0.141174485943632
Aldh1a7 2.71449904407949 0.595615100160581 0.450146755960778
Mvd 2.67378580973657 0.255485555361777 0.131634895373808
Prkcdbp 2.66314045826119 0.28911951225014 0.0881222362600027
A2m 2.64351268134622 0.818818279750373 0.634237605016387
Gabra2 2.49785146256246 0.374242312372418 -0.135858470841223
Pou3f4 2.38971760322485 0.771406479010712 0.602993537216751
Lppos 2.27394808027132 0.661802870065255 0.580593616058742
