11867
228790
11977
14595
11796
12259
12260
12363
20293
20296
20303
20308
56706
12774
12475
53599
12508
12522
12524
12608
99100
60322
12984
13025
15945
66102
20310
13654
13685
14127
14130
14131
14229
20321
14455
55932
229900
14538
14579
73690
80910
15162
15216
15284
15894
15937
65972
70110
71586
16145
16172
16175
16176
16193
16391
57444
21847
16600
16822
16978
17133
26410
17210
208104
17534
69774
73656
68774
17874
17969
17970
17972
18035
80859
74091
15370
233571
671535
547253
80285
18626
56193
12795
58801
19219
19229
19332
74760
19354
19698
74734
19766
24014
56437
58185
12394
67742
18787
23921
65221
67547
207818
12702
20732
59010
19073
20887
20963
21354
21817
24088
21899
170743
73130
72512
21926
21928
21937
22019
22033
20128
14605
22146
67951
22323
22324
22695
