70839
69922
72560
16792
246177
17305
67246
15170
71279
68964
56504
13709
76088
30955
64099
54445
50934
68507
14991
17110
20677
230787
56708
17390
14960
16819
21812
67213
16155
16971
53945
12489
224860
12978
11629
19261
66824
69178
16476
14998
19141
19650
21898
13051
19277
15985
100561
23871
216445
102545
24044
74039
13713
16154
19735
67865
227929
27060
99543
14426
17476
171207
80877
19253
30935
11727
17159
12488
16988
52855
74096
23999
54613
18186
107373
54486
217333
98365
228026
56644
223433
20202
19732
15212
16970
16331
15242
12335
21810
18805
107321
20201
231633
12506
20430
14247
16403
218203
12796
16658
12229
20345
233328
192193
140570
217303
16952
16912
13033
14282
21815
72691
83433
11555
69068
18054
17289
213002
17060
56485
268903
11513
110095
104759
56857
17002
22379
12193
18129
231931
20503
15900
170752
68487
106952
74153
70497
15511
21938
11554
107375
67712
12986
23890
381319
68891
259277
27419
26888
12606
11910
193740
17095
21682
76408
236920
11857
12807
26382
14676
104681
211550
24099
