Gdf10 6.51648716226565 0.627738162579925 -0.0801410489321484
Vim 6.47054218722056 0.430380474991651 -0.0508385305554854
Itih3 6.37554486071073 0.388685786743574 0.0558396315450101
Gabra6 6.33949119151158 0.582973843465848 0.267046123341593
Tlcd1 6.33917939913609 0.635216245151141 0.378673674313307
Slc1a3 6.0963318551029 0.484136671820435 -0.15219595223783
Aldh1a1 6.05568137015064 0.285900424369325 -0.231410366492189
Ttpa 6.04732240344792 0.752573268353319 0.401807404301584
Timp4 5.94466538458393 0.415458960705853 0.0976328723739143
Gpr37l1 5.93205756888968 0.375532882558502 0.0971005846891085
Efhd1 5.79619409488549 0.443319063625308 -0.260651417036156
Wif1 5.75496390078906 0.750663645053589 0.081880290080188
Fabp7 5.74781562359272 0.409506282027036 0.018846897926542
Apoe 5.69403019246239 0.359112278469685 0.0795290989881965
Mgst1 5.67815004707897 0.55889623266364 0.0713358668043659
Ntsr2 5.61577061458631 0.578719202825307 0.523351775180755
Elovl2 5.46325044507559 0.662686668632574 -0.0152177349493936
Cdc42ep4 5.38987953706983 0.633099055773523 0.542431656665734
Tril 5.38084833488726 0.513676073892159 0.102516196993768
Cbln1 5.35976218175141 0.29969245983447 0.121553578823058
S100b 5.35389749421393 0.314859083183868 0.271022597626943
Mlc1 5.32205220614648 0.486546051781231 0.369624004192378
Gjb6 5.31518757783597 0.594460356384453 0.493249660337508
Gpm6b 5.29334346772072 0.189566244281506 -0.0311798084164471
Sparc 5.28945820199212 0.0926723821906841 -0.245502343070245
Slc14a1 5.25236489665177 0.727915145518085 -0.0843326762696102
Scrg1 5.25067699412366 0.530112810677728 -0.165110706275699
Pltp 5.201613779591 0.526816461986491 0.326024137539831
Aqp4 5.16532577457816 0.395448210473929 0.0742452798348792
Dao 5.13165049036602 0.83681869525804 0.63082204956126
Cldn10 5.1259068954354 0.717580696701158 0.187529796389661
Hk2 5.12280519389691 0.728822898570871 0.172069347382287
F3 5.09640079201496 0.561681984554709 0.337815099956717
Fxyd1 5.09328810815986 0.70850138141947 0.416045591768562
Cyp2j9 5.05272350380198 0.550895090042172 0.371894070630543
Itgb5 5.02977933084936 0.510133581187959 -0.0708490095197762
Fam227b 5.02562451947822 0.754832030585793 0.628893726325241
Hopx 5.00574105671168 0.366058373795758 0.50835571395187
Cd70 4.99086377173779 0.848349462776588 0.678682652443632
Pdlim4 4.98589063349203 0.713283865381923 0.20208360779834
Cebpd 4.96483066260148 0.565631034675876 -0.0567899151413907
Acsbg1 4.93177121338154 0.643481946397358 0.166824184475238
A2m 4.90403233225055 0.745354738968528 0.420326476938745
Sept8 4.84831124684396 0.495610149338119 -0.0948538059143455
Sox2 4.84467037622637 0.320945015136002 -0.147450785491978
S100a6 4.81993880950016 0.444882921962125 -0.11331003735248
Gas1 4.80731182392879 0.536992342381371 0.0427762787749071
Lcat 4.80247447382203 0.671074110607807 -0.103217465407325
Mal 4.7993971004366 0.0758325304651615 0.190016804098961
Metrn 4.78906520205271 0.610640080996477 0.488332807316713
Cxcl14 4.78132701301089 0.481248068025912 0.176725367277542
Zic1 4.75977925155336 0.232191325984405 0.270649765887373
0610040J01Rik 4.74086073924133 0.702936815597762 0.318147167797192
Tnfaip8 4.7389363519292 0.609106538664253 -0.000558638112527413
Slc9a3r1 4.73802240950127 0.47191193747496 0.446519400771099
Wwtr1 4.70725508659612 0.42403222391952 0.356609021674504
Gja1 4.70230064914128 0.160771166316958 -0.170993329414026
Cd9 4.68859360304458 0.395286418729109 -0.151988326765799
Fgfr3 4.67040110544409 0.534733025701559 0.496887323168715
Aard 4.66570391412165 0.603585285559473 0.586200050614721
Zfp36l1 4.66468243499184 0.40822723722941 0.0110681030257889
Hsd11b1 4.66283906862301 0.58586605280147 -0.0697801940313434
Lxn 4.61964921147894 0.495936442155985 0.527193671091643
Vamp8 4.60868905938959 0.583840121168786 0.538054064907709
Pla2g16 4.6048170201543 0.483644580350019 -0.113571427607257
Tmem30b 4.58928587414243 0.777327998894999 0.502813949605177
Id4 4.55937329063452 0.27456012485952 0.131555684412558
Mdk 4.5385726868688 0.651184980455861 0.214857371166014
Emp2 4.52831757146754 0.680017728484444 -0.0869752716032026
Spag5 4.52810909119594 0.331076208029111 -0.274116228663131
Cdc42ep1 4.51549191427637 0.628390167797654 0.418475603322998
Fam181b 4.48753820028295 0.673908395928795 0.214523614346493
Plpp3 4.48742196630846 0.326972688875135 -0.174737399404804
Rdh5 4.47961994944088 0.70720138858825 0.548706009615416
Lrig1 4.47093761026005 0.435877541395721 0.0646476488309459
Atp1a2 4.45296156535609 0.216554679761953 -0.147453139835686
Evi2a 4.4465857396851 0.410434912277674 0.186854963861502
Selenop 4.42830098803443 0.212630971902348 -0.0150115309512303
Pmp22 4.4215496115678 0.356307121038463 -0.00267192216683126
En2 4.41157465599237 0.408237872839485 -0.0555063987771823
Kcnj10 4.36878725321935 0.205486506936346 -0.164853776725817
Zic3 4.36727066028392 0.458288922721954 -0.147897727673122
Hist1h2bc 4.34931807210189 0.239735269989555 0.407090806854484
Pla2g7 4.34753413633662 0.482747368919203 0.165234732774205
Gstk1 4.34072348472853 0.467130353944072 -0.0658312227152505
Tesk2 4.32408589043419 0.587370293500138 0.262803952078203
Clic4 4.29363380750078 0.263653412651747 -0.176925479098552
Casp12 4.29348996202263 0.845196471497935 0.502722333709002
Hpgd 4.27534685559718 0.715916089917685 0.697002546194798
Gramd3 4.27156574503078 0.610812113662251 0.254063270221496
Sept4 4.23797204792882 0.309273498056243 -0.247024115056819
Pon2 4.23539723849877 0.238065813750581 0.0751245390881852
Gstm1 4.2337440461957 0.476925127501997 0.27231388690322
Cryab 4.2086428428812 0.10502306700697 0.275653668569191
Mbp 4.20200124944648 -0.113071793755352 0.0473823629098469
Mt2 4.19860327526163 0.46820602988585 -0.158713866658118
Mfge8 4.19360912027157 0.400687674263918 0.106535817249782
Vegfc 4.17636417707577 0.788192825679488 0.569700509814398
Trip6 4.15980458144444 0.569406610425608 0.286587922151415
Sdc4 4.12089297729328 0.601436118210472 -0.149118653568226
S100a1 4.110313012551 0.484869638915142 -0.187804295998041
Efs 4.09966214304111 0.522654468649972 0.0240559780598583
Gng5-ps|Gng5 4.09847751126549 0.455498021876926 0.105055855305133
Fmod 4.07098777537471 0.42684353525925 -0.0649070988010857
Jam2 4.0535879989849 0.53579153550563 -0.053210741865675
Cnn2 4.04813297923121 0.665776803609076 0.494030455563312
Ptch1 4.04756460226464 0.389470471542456 0.0258396034140503
Plscr1 4.02639147028091 0.769389331436482 0.63231967846396
Asrgl1 4.01070092100241 0.354331092968076 -0.0259513138877835
Ppp1r14a 3.9962157781522 0.291842496941409 0.403290692043721
Qk 3.96968674833132 0.0823867643971017 -0.179163059155641
Rhoc 3.96091280594082 0.513102257043146 0.204647081042195
Cyp2d22 3.95566390284995 0.625516354007627 0.594698254242004
Dio2 3.90483810401471 0.355515426111377 0.0106437289636718
Htra3 3.88019190502677 0.644403865198691 0.384952389591825
Tjp2 3.87036623812771 0.45912334346484 -0.0716429389668044
Ucp2 3.86961438825885 0.7649482412037 0.456016700676929
Htra1 3.86852816954128 0.064526674388396 -0.41411616932728
Dock1 3.86790700782642 0.460773030530306 0.29941014050899
Gpd1 3.86125248343314 0.525653522995539 0.473857599711492
Baalc 3.86050201333859 0.688922621248645 0.667476993503335
Bcar3 3.85751428782933 0.556691213879386 -0.09100152019665
Rida 3.85117867623467 0.533928030318054 0.494670079170428
Acot1 3.84556324296879 0.387500612658384 -0.0793210947401031
Lgi4 3.84277321201542 0.675223232688311 -0.189532066117907
Plekhb1 3.83508098038383 0.104239509952405 -0.12473672070776
Ptgds 3.83451226076018 0.127522712959823 -0.144807011764318
Myl9 3.83036616962348 0.645168403441863 0.19616502507758
Slc7a10 3.82741065687563 0.603721744303129 0.628807747469718
Mmd2 3.82283323179225 0.293370960374578 0.0130795380270176
Acss1 3.81351686474828 0.453483539487619 0.151624735768479
S100a10 3.8103193658162 0.167113329655975 -0.0232815446308869
Rhoj 3.80905346642113 0.653527946849804 0.308155473242084
Smpdl3a 3.80141508505303 0.525176552567729 0.472030223610346
Prkd3 3.78913409610783 0.411295903681153 -0.202671466022241
Gldc 3.78275713497313 0.496789593700487 0.136602446123293
Ntrk2 3.77635842081837 0.481615411986597 0.338995786824278
Chpt1 3.77361637675686 0.447988298066856 0.102900165191519
Tprkb 3.77320452050142 0.655733671137063 0.402407468400079
S100a16 3.772298302428 0.326059327954571 -0.181764021697596
Hist1h4i 3.76790627683347 0.635483463602777 0.639501955172219
Tmbim1 3.76745266283646 0.190597753371349 0.136257714378513
Rhpn2 3.76694021319966 0.411115898799201 -0.0877653035834367
E2f5 3.74685849077734 0.541171619910628 0.244178553642624
Chil1 3.74468230833492 0.705653600819984 0.541729226464767
Nfix 3.74437305987741 -0.0341364912155829 -0.113440986160096
S100a11 3.74294592404488 0.525434718034698 0.291083277117821
Cyp4v3 3.72940118120209 0.374950462379431 0.041753354036086
Smo 3.72867027595159 0.180672674073314 -0.129452742384174
Tcf7l1 3.72643843473024 0.64236640668974 0.42842583899053
Msx2 3.7134045322611 0.884308036047696 0.782635503910901
Soat1 3.71314575364188 0.562864589432747 0.0469506857974241
Cables1 3.70415597352524 0.672779376786768 0.109838832608133
Rras 3.69111541518501 0.587296376597875 0.384052853791613
Reep3 3.681371024021 0.0883709972618001 -0.300249276187571
Npy 3.66947191839432 0.40770589207443 -0.00184583230992208
Col9a3 3.6650249489349 0.4625530363438 -0.0810921840049279
Tulp3 3.66477599374666 0.682584789254269 -0.030725747116027
Trf 3.65907949131336 0.129362276142936 0.109354620646916
Ttyh1 3.65479047620424 0.159368655417105 -0.151943430798001
Aldh1l1 3.65426653668327 0.511860043414941 0.0349733473961704
Plce1 3.64934452124472 0.499366162511066 0.395933937913235
Smox 3.64847635263513 0.4362003917356 -0.173426887778153
Gng5|Gng5-ps 3.63497915142851 0.303095175163229 -0.0112421388642185
Cnn3 3.6220284284691 0.305912181645579 0.350461080457908
Mob3b 3.6055443899175 0.771528034438347 0.566713089342357
Irx3 3.60370708757705 0.631726662428769 0.417133618325528
Atoh7 3.60028090739276 0.61793420732792 -0.106318723344961
Prrx1 3.58606761231225 0.593107937741396 0.094694527517953
Pxmp2 3.58476457254475 0.608558852003591 0.576393063624055
Dbi 3.58354454043358 0.227047389258454 -0.16156929995844
Nfe2l2 3.58305066901221 0.415320339612896 0.187881706092853
Rab34 3.58104367041174 0.534799756252544 0.201363109136622
Acadl 3.57002818836662 0.350854221928591 0.352533271537463
Mpp6 3.55204465173372 0.312326452623525 -0.130559375900562
Cmtm3 3.55051473013669 0.656957293511052 -0.192064052862997
Gnb4 3.53317581357743 0.423739802099098 0.147545632125441
Ptgr1 3.51613655465589 0.615182643177127 0.398855372325209
Copz2 3.51334076927138 0.655265391276062 0.418571073087695
Pxn 3.51037472932521 0.4097246682923 0.122350303800994
Plp1 3.50283566351162 -0.130123098607611 0.125000123532458
Mt1 3.50112388954287 0.395317968994528 -0.128567883350828
Slc13a3 3.49567139199789 0.338374390003361 -0.0145152915498375
Ramp1 3.49147404388081 0.226586638592087 0.0665872186398628
Spred1 3.4753727053181 0.252384351922931 0.431662936084941
Cbr3 3.45538684417278 0.272002719854138 -0.123270353420971
Ifitm2 3.45043586228552 0.682804998324786 0.402710039572263
Llgl1 3.44354980365162 0.446441101893269 0.0823993823906729
Pttg1ip 3.4306718411182 0.349824245603088 0.240325620142482
Thrsp 3.41919113077138 0.297382798157539 0.180153452370104
Thbs3 3.41248649375325 0.495330702889976 -0.18888584377458
Fkbp9 3.41049330069657 0.211449606047318 -0.238561331577203
Rhbdf1 3.40651181608755 0.411103538254916 -0.0583518743878216
Neurod1 3.40275841193492 0.244997484643756 0.00531093372836773
Atp1b2 3.39207208122754 0.313346919327964 0.0833848928977616
Cib1 3.39096390850503 0.519183821405949 0.533091755183702
Sat1 3.3905943925063 0.341735614662475 -0.0921083148433765
Vamp5 3.38187418708615 0.630799062288741 0.311957487026612
Rab31 3.37890720797671 0.23523243232317 -0.0714323984071123
Tmem206 3.37767084620756 0.30942359403222 -0.0450737107744618
Tsc22d4 3.36095989034754 0.47537958797994 0.0673307452298754
Klf15 3.36061804824916 0.576269714015521 0.0486099420277102
Slc4a4 3.35335221019697 0.170077445150249 -0.122655131924961
Sparcl1 3.34265243359747 0.279771961110938 0.0759246451026385
S100a13 3.33883935568221 0.468146581619836 -0.203437700265907
Abhd4 3.33518371788199 0.244515694592062 -0.401439115162793
Krcc1 3.32853489764049 0.458463113828505 0.204259786807709
Car8 3.32789689259403 -0.0472448524380841 -0.0954701727941308
Calml4 3.25544811803801 0.724735909147022 0.0814301043940987
Kcne1l 3.25296035240507 0.827350045279566 0.222639926006184
Sncaip 3.18051298260877 0.575298677133111 0.229225718286055
Gpr137b-ps|Gpr137b 3.12601123360297 0.545852092925075 0.227575013654854
Tmprss3 3.07279129722702 0.74013110214805 0.543992515847135
Rarres2 3.00664636305765 0.733641586342335 0.501457098811741
Tom1l1 2.99055350393369 0.701325394963479 -0.097987081813326
Pth1r 2.97184215670824 0.667621901966598 0.417778877994504
A630072M18Rik 2.95245895696641 0.500340443243364 0.365029443536543
Mthfsl|Mthfs 2.93008428607634 0.489227878343524 0.474116848583706
Eps15 2.85983799887305 0.385073734217933 0.0548266726489817
Gjc1 2.84819867484617 0.559429961220396 0.0606155676858554
Nt5dc2 2.78541081918593 0.374500457616306 -0.110080571859801
Yes1 2.77536466416233 0.466460740013621 0.0579971447845
Rgl1 2.77288914636164 0.442012834114821 -0.0623283411081959
Kansl1l 2.5905921677384 0.450148609102118 0.00108733041648125
Gstt2 2.57500370410645 0.726338632356511 0.590273232530433
Gli1 2.41283343061531 0.668512635599002 0.0643643457571375
Evc 2.38127540860298 0.711645865244904 0.378626501483173
Lppos 2.15439199201486 0.540714408853356 -0.161519902040257
Trdmt1 2.10044550607533 0.430333080469082 0.289076386358936
