Calcb 8.27931430467091 0.897391978671526 -0.182711420076555
Sncg 7.74581627690084 0.492541288664518 0.183220225068359
Slc18a3 7.18501752548024 0.821962704534469 0.124081868023014
Spp1 6.99579487083691 0.724219338302119 -0.00388622192699189
Calca 6.79278740461029 0.684882187169834 -0.0467999238210405
Prph 6.07325601523135 0.873604609967185 -0.244025319760392
Kcnj14 6.07064298325076 0.871326808096027 -0.0257497905448083
Sh3bgr 5.88820447248992 0.781313630128324 0.180927823747265
Hspb1 5.6387499800794 0.619919677471761 -0.0784279707074481
Chodl 5.51420214144805 0.761185417744459 0.209936484462869
Lgals1 5.24248850310902 0.495918824284771 0.113025772545376
Isl1 5.23054252146067 0.502332012387459 -0.14037399147597
Cd24a 5.20424574289603 0.513520849345091 0.203461539033706
Hspb8 5.13794979183271 0.600315530129762 -0.234991393666264
Tppp3 4.92945233529618 0.415224301615405 0.0931930529147828
Fgf1 4.86523155494067 0.416422839208175 0.182446267973205
Pmp22 4.84787949429377 0.401616936986301 -0.0873359243433087
Irx3 4.84170706374813 0.704120055066513 0.420276476590457
Lcp1 4.83824892077761 0.53437363684677 0.498245859426817
Hebp2 4.77439053859628 0.518138332603274 0.115442592390387
Uts2 4.69743308131847 0.859490778517833 0.443944442724381
Nts 4.69132459662298 0.674529763889733 0.337935583700208
Fxyd7 4.55712392897792 0.560789880322276 -0.0702659688422195
Anxa2 4.5059146020761 0.75774158933498 0.151556620547039
Rspo2 4.35143112299462 0.373416734784622 -0.148969303199349
S100b 4.22698217008987 0.14862535971071 -0.23725447851466
Susd2 4.22498871324908 0.484143076450693 0.3146888158839
Cda 4.07479751960649 0.638946690172783 0.136625105188424
Slc29a4 4.06657421198728 0.637256333994335 -0.103149120223694
S100a10 4.0467913273544 0.211916518219787 -0.143207087831062
Anxa4 3.9761279191992 0.737807773037953 0.108019378320821
Prss12 3.8851596813587 0.464481245812475 -0.0346376909372106
Ttr 3.84499468044091 0.185747963864748 -0.230941617166905
Cela1 3.83645907518065 0.618174928321097 0.117111647506507
Patj 3.8152448641213 0.495761152597208 0.211972591670888
Slc17a6 3.81308699951068 0.327846198662336 -0.126391271399945
Lxn 3.78719597124294 0.396616978982066 -0.00371265774157843
Htra1 3.75078338212458 0.0474387503062957 -0.405852314193786
Mcam 3.71105847316064 0.589480516172687 0.0498178572715615
Lamp5 3.70366417247587 0.0159076721475203 -0.122522418579017
Vamp1 3.69717312008411 0.469794561004353 0.272270305958019
Nefm 3.62087425077273 0.385558073967587 0.443235361205032
Dcn 3.58863867286429 0.572518535534446 -0.0297152212940479
Rasl10a 3.5462147539223 0.303988422911721 -0.195715176528798
Ecel1 3.53288389453285 0.700756274333751 0.268021083878087
Nefh 3.52338311041563 0.303849780700385 0.257212866967115
Kazald1 3.5078506854955 0.474751743962311 -0.00216818162276423
Cartpt 3.46273414438523 0.361763117981209 -0.119026199690252
Aard 3.45034180085684 0.452017159209373 0.417911775549839
Cbln1 3.41966716126637 0.0673624356947291 -0.0737103419653777
Ddc 3.39050745437004 0.0507391083110272 0.15763465541988
Syt2 3.37946848381101 0.1299153530088 -0.226677309675438
Mapk12 3.37685059221559 0.537776457560375 0.237253804735277
Fstl1 3.37210580143302 0.396973663792197 0.437326211336702
Pcp4l1 3.33285456374144 0.21091447801071 -0.132577391828846
Fgf18 3.08313327092639 0.584268472827158 0.471761082805736
Pctp 3.0498293618496 0.770657167249942 -0.122656531817059
Ccn2 2.93747845317278 0.37452428421659 -0.0260697275876649
Cabp1 2.84725533989098 0.355051721976751 0.0420498745139673
Cyp39a1 2.72319034539729 0.638977010873918 0.18535026934789
Hoxc4 2.47168720039781 0.69124864569127 0.253563506949774
Ppcs 2.41857710658352 0.557018200709163 0.0820389683908239
Tnfsfm13|Tnfsf13 2.07301305842646 0.460697951895075 -0.15235450191261
