Xist 8.79740379609151 0.600238354093014 -0.35075959982371
Dsp 8.2913157223156 0.901121363694186 0.758954451845204
C1ql3 6.15993272053886 0.487851804708427 0.00553265240655234
Epha7 6.15236481271539 0.609714225408652 0.646180166171784
Lct 5.92166560845384 0.912296060199099 0.851910992955819
Lmo7 5.63133007698331 0.285563437392609 0.322501272160566
Pkp2 5.51299140402126 0.670057631768221 0.490166830596991
Npnt 5.3907785800504 0.620410592130328 -0.0380967232734738
C1qb 5.28496757096488 0.614047887686785 0.20148137473795
Ogn 5.28175228493205 0.773467947801033 0.430605320378192
Mcm6 5.2679108121606 0.663747365811273 0.536562473204893
Rreb1 5.25481413871236 0.27903519584059 -0.339113466540821
Kalrn 5.24132634061041 -0.0387557577274337 -0.193358067196138
Bhlhe22 5.12393995453965 0.388193788916427 -0.268476906309789
Pcdh20 5.02245723700941 0.536008348285199 0.223476888667761
Neurod1 4.97813498227306 0.406391476521905 0.379372850175311
Kctd4 4.78393596136732 0.543904968451811 0.319522244054671
Rasl10a 4.72428664696903 0.495591386453682 0.352969084071482
Trpc6 4.71901416846916 0.616738249800741 0.00413612130676434
Rbm5 4.67600358279486 0.261008511925968 0.00145448019063052
Notch2 4.67325471984466 0.483916986452993 -0.00219748374488245
Ptk2b 4.65738228422527 0.212787357654674 -0.195677472797871
Sema5a 4.63543305653751 0.650351944264552 0.39129178420494
Nrp1 4.62949657140459 0.40014518113505 0.022132754282741
Rab40b 4.6002183808929 0.262065902789588 -0.0855850163040695
Npy2r 4.56660496335206 0.825559621975125 0.398464999310365
Cebpd 4.54826278592774 0.528889994660141 -0.1693990092924
Pter 4.54030583822416 0.681504503483117 0.420759828956266
Nfib 4.46724305050475 0.340476299701397 -0.29972846264536
Matn2 4.46333393001231 0.514297743256797 0.27024808243879
Npy5r 4.46021338495595 0.670160305121484 0.497710292541707
Cdh9 4.45365687484224 0.564182741018923 0.378776834770014
Pcdh8 4.24860443796275 0.475030777054038 0.523529611693861
Nptx1 4.23679052342216 0.0580171160166391 -0.249260272241963
Iqgap2 4.23621549851842 0.517595461998332 0.276789787949648
Tdo2 4.21365757302314 0.729054697011795 0.420008553746401
Rnf112 4.20358478752987 0.565901224626421 0.60980424860281
Frmd4b 4.18003174721157 0.287053495529101 0.181291019303445
Ptprk 4.15949791842672 0.335203394481335 0.261518053741544
Igfbp5 4.14732201214619 0.369819705229085 -0.284759313116054
Tgfb2 4.14458199850106 0.300277854425355 -0.179312149690573
Zbtb20 4.13251063331381 0.556134056301972 0.327320716318187
Crym 4.13056763470726 0.079050185681902 0.012770226405305
Laptm5 4.12863589371338 0.327696786705803 -0.194245728038514
Itpka 4.11960012182203 -0.098783635344409 -0.144823112155094
Rpl41 4.11835776990762 0.5370230376421 -0.107971128638579
Ryr2 4.07561324475984 0.548128892281894 0.519523745384222
Snord47 4.02324048720345 0.377014322021672 0.269771298115908
Cxcl12 3.98012762783717 0.440331023269653 -0.148995894313941
Tanc1 3.96847533885648 0.429504226829715 -0.0782403888129059
Ptgr1 3.94776617935251 0.657059123570303 0.0841776826428077
Ryr3 3.93087245491216 0.287040427079506 -0.412121774261168
Spata13 3.92568009993845 0.377678067846507 0.325876152776819
Slc4a4 3.82299475608314 0.26470761565683 -0.069299219153907
Icam5 3.79724438482987 0.37766993411627 -0.133409551586421
Bdnf 3.78915686889979 0.654548823786344 -0.0130396403538099
Cyp7b1 3.77381121574612 0.559178750130173 0.644776789945614
Lpl 3.76424009554195 0.0501753448563904 -0.129418679526021
Mbp 3.75216369074718 -0.162466434117467 -0.289758553106761
Foxn2 3.75059187037624 0.335146356681875 0.276006377783712
Lrrtm1 3.70760025649493 0.381038801091743 0.379467703357999
Bcl11b 3.69747715140047 0.0695240693900372 -0.109333058258047
Mef2c 3.69530963677367 0.00242219623001056 -0.227342251743681
Epha4 3.67211130791077 0.37509601438448 0.23637754995539
Mal2 3.65495389314713 0.164609469779873 -0.118099757058166
Plekha2 3.64150797674633 0.51808800951863 0.0433361435989002
B3galnt2 3.6333199905406 0.382589331186391 -0.201982590422385
Syt13 3.63204087819616 0.570554100621544 0.0233679926558679
Csf1r 3.62030412946094 0.415402525738847 -0.153122604415623
Sfswap 3.60139968127542 0.396116348670281 -0.0504263187559193
Dsg2 3.5929158791419 0.78678470464987 0.649305440508759
Grhl1 3.58868400201197 0.55164690848864 0.0664030756703798
Bcl6 3.57201428156844 0.383263899353308 0.266472576377536
Slc15a2 3.54923072077356 0.393204342469571 -0.0782234116386405
Plppr4 3.5346308837572 0.236895700863026 0.135283637376917
Ackr3 3.50704980349726 0.453118699960504 -0.0450553154082875
Hnrnpu 3.49656086662135 0.435083099111188 -0.177386278620377
Myh9 3.49615469665661 0.408612165477831 0.113400427374455
Slc26a4 3.49363574161397 0.602844064307124 0.0878159694248057
Ctss 3.47383652665257 0.231201926623573 -0.303682335579024
Slc4a7 3.46770527875079 0.471376847840497 0.0698841901499585
Ccdc85a 3.43365894074308 0.518845727300509 0.406238830155043
Synpr 3.41873029773645 0.17247336060565 0.0346361004562323
Phf20l1 3.40912923029644 0.695707562059519 0.464583335698153
Prkd1 3.38806763776756 0.318002287692484 0.340311560617548
Mmd2 3.38782129225658 0.220366845608138 -0.165769134653396
Enc1 3.38682290509993 0.0795525284781252 0.0411803370244419
Foxg1 3.38235102548253 -0.0645912916857171 0.00854575783216416
Nrgn 3.37602541794003 0.125388796697725 -0.219814260415861
Klhl2 3.331610149065 0.232676274990914 -0.0267080684505266
Nfia 3.31842351678436 0.414457377072285 0.138043187414223
Stxbp6 3.31725972335077 0.506563479380351 0.134222555825665
Pkdcc 3.09694119658796 0.431799064111194 -0.141355700312698
Iigp1 3.0848019837722 0.732640418108605 0.464120084119382
Car12 3.079461147936 0.355747086792291 -0.179075996120258
Nhsl2 2.94976094134362 0.375727631383101 0.175593033008974
Itsn1 2.80662541309643 0.431133594295453 -0.232257407860638
Anxa11 2.77472253543525 0.802537604718258 0.744154342653819
Rwdd3 2.66780209185308 0.481360644849461 0.568765588902055
Robo1 2.50881872447613 0.069676983587533 -0.173876239556413
B3galt6 2.46512905726157 0.232959215069429 -0.18868843668321
Nexmif 2.31782285512751 0.622723974118995 0.393632670257494
Cpox 2.1317813930685 0.360356156733978 -0.229327507209566
