Mobp 6.69332710357458 0.408228052480239 0.00853531074548346
Slc6a3 6.47236773739333 0.878553191544652 0.591093210598323
Ddc 6.34347037769293 0.509507599345672 -0.270227367809834
Sparc 5.7370090941214 0.262922271913263 -0.217843394559229
Th 5.41609723198394 0.580364165615022 -0.0736640727548439
Aldh1a1 5.25388737103865 0.487692404817852 -0.231410366492189
Mbp 4.88596989261234 0.15941673812868 -0.236477200376046
Laptm5 4.60011768956151 0.428773113474712 -0.194245728038514
Sncg 4.52159112306508 0.432762375793028 -0.291212797321151
Neat1 4.28309634028936 0.732713072660705 0.202584972198239
Itih3 4.21320398312981 0.284297565881197 0.0179639641436076
Snhg11 4.20548377850217 0.0989545971976075 0.176820690487338
Atp1a2 4.18511270281181 0.294556499685307 -0.117398147446668
Plp1 4.13305557975832 0.16107936676647 0.262175186205024
Mal 4.05097178798554 0.00140932994243032 -0.301372238245547
Ptgds 4.01133228643359 0.184325338133537 -0.224310635021788
Ndrg1 3.94467078464417 0.142607455084425 0.117287776285212
Cacna2d2 3.85824662735831 0.0651446094040866 -0.0996154148954947
Serpine2 3.70986018930166 0.169887067825846 -0.185705877854293
Rapgef3 3.66790663843918 0.359387417660152 0.0158272635665498
Cadps2 3.61656280778039 0.323697431853115 -0.180041250051093
Plekhb1 3.5944982539686 0.298208509158115 -0.130248697228695
Ahnak 3.55998215810587 0.526830855085842 -0.102337984359446
Nnat 3.50044849067574 0.147103559620015 -0.270750113546393
Pltp 3.45663334486993 0.344876957700101 0.0447021825248519
Rreb1 3.41842766638271 0.429946596473821 -0.339113466540821
Ebf3 3.37892179791148 0.37707840440665 -0.125458317850762
Ctss 3.3394768891463 0.346728554932219 -0.303682335579024
Gja1 3.32751827235921 0.0601652190960286 -0.240648707365276
2900097C17Rik 3.27097667793772 0.0475902966703926 -0.503094590677714
Caprin1 2.98719932061578 0.230316953813329 -0.297850281931437
Etnk1 2.97231749519711 0.144058508817637 -0.504505811267892
Fto 2.83275919566294 0.1625815274254 -0.517880612533961
Slc3a1 2.78121247327151 0.200186292758041 -0.426991715189137
Plcb4 2.61013061435867 0.308025537285277 -0.516687023400985
Vtn 2.46321311497477 0.385630392124957 -0.225550005616682
Ncam2 2.44118499950728 0.1638809648896 -0.41185446726469
Akt3 2.3129738976408 0.0928593173388546 -0.453863584389939
