Lhx8 8.01055354868813 0.882301293143749 0.815354040772911
Slc18a3 6.49933941726073 0.83902601791734 -0.0193324256279326
Isl1 6.32147641411519 0.602392455493531 0.19415991122475
Sncg 5.8792861219309 0.405051094448829 -0.210367836072608
Cxcl14 5.31140686910826 0.548929711508083 0.0108285046614075
Ecel1 4.94558563759976 0.818148378181138 0.675395394348728
Mme 4.90147379178034 0.446768439251153 0.148541332987856
Arx 4.82716617650784 0.338572020897518 0.187475319121785
Serpinb1b 4.48023311239006 0.681434732083513 0.643281481223548
Crabp1 4.42518228232423 0.576857160528475 0.146277373869271
Crabp2 4.4070382604576 0.744520813949567 0.49204726793643
Popdc3 4.35725884501657 0.726145071084582 -0.0281869685447769
Zic1 4.2985158422849 0.216288304260936 0.104166789687749
Gdnf 4.17904259012012 0.800432071964004 0.037068038397538
Trpc3 4.08763297280027 0.296616909943913 0.117258906045582
Tacr3 4.00655877765879 0.52283214672995 -0.206176022805811
S100a10 3.91893636188407 0.213571471041652 -0.153052096720325
Hspb1 3.84198986156597 0.455229105031431 0.158176398416431
Cd44 3.84003406940268 0.661250995811435 -0.034173367678125
Lhx6 3.76378283378559 0.544169232951913 0.673691897908701
Rasd2 3.65297433804294 0.224984767704174 -0.0619758172254164
Hspb8 3.63920750388632 0.46576199655302 0.360817253472435
Cartpt 3.61871260106788 0.400652932635383 -0.0317204869277624
Rcn1 3.59161437043349 0.190165938308387 0.0292830425087706
Ache 3.57121678716124 0.42745647249398 0.0986365149253529
Ttr 3.55116662069647 0.212655877263588 -0.090428611216696
Ptger2 3.48248146403535 0.56711604131503 0.577700480566462
Serpine2 3.40929485111517 -0.0876505517248042 0.0757011603400451
Mcub 3.40191443563036 0.494776642786442 0.0514124983720101
Slc5a7 3.35222050938109 0.759559010848859 0.653399452128281
Ngfr 3.33178109156004 0.562690994984599 0.293688999064866
Rbp1 2.90379020994856 0.306658082001643 0.0834403980824782
Fxyd2 2.46602866997713 0.303615849937815 -0.0711636810484343
