Sst 7.21722002889226 0.665506512228895 0.488776083238226
Npy 7.01094397262165 0.650999835291162 0.0737852395319061
Col19a1 6.59357194179041 0.660990287459071 0.0216102009963401
Arx 6.50314291230733 0.454221121847276 0.276918346667883
Reln 5.68492946558545 0.505891151876945 0.326444107966483
Moxd1 5.65087446658489 0.726224564615363 -0.119419422545275
Lhx6 5.40507306040297 0.629654061698905 0.0418978500265688
AF357355 5.36199187301062 0.0921521433331255 -0.286625754412669
Lgals1 5.14258045189638 0.486537192267937 -0.100833056299509
Grik1 4.75463312951995 0.198241149458023 -0.192539090986514
Sox6 4.71282198009377 0.391071188643515 0.0484381774047638
Dlx1 4.54952083362711 0.597528315155086 -0.0507968869212589
Man1a 4.49767764478542 0.512818517269924 0.0955150244452348
Pde1a 4.45510609700843 0.458612961716054 -0.133302499382897
Pitpnc1 4.39366421575997 0.51315373827468 0.537870233060497
Igf1 4.39217071286548 0.300009653338076 -0.0962867570294207
Rbp4 4.29418223677247 0.384406917655169 0.0813043617239465
Meg3 4.14728779615901 -0.00828058777989142 -0.470685540851513
Dgkg 4.02613763678891 0.277315502932003 -0.183742707270856
Klf5 4.00904406310985 0.456335746293452 -0.121217915703669
Calb2 3.8970974038937 0.368682240774984 0.262151136194565
Mafb 3.85607871367174 0.737232316281622 0.451108014097553
Snhg11 3.84124602478272 -0.228096916706983 -0.329564574910545
Gad2 3.82497222783511 0.0319083213730991 -0.314455278352473
Bcl11b 3.80504288137136 0.0778763156359021 -0.0956691953474724
Utrn 3.79004252840255 0.271633022334036 0.143781169378254
Rab3b 3.71219921792988 0.368383371755231 -0.138375016072866
Rpp25 3.69377180395145 0.278374673005323 0.0466307237422514
Calb1 3.69311617610557 -0.126574333865188 0.0795731138992257
Etl4 3.63491249784032 0.118991326357547 -0.0378122955017461
Satb1 3.62792904241208 0.38262249034798 0.259321485408355
Timp3 3.60947577998542 0.427607563700785 -0.179010231007861
Slc32a1 3.54926853859837 -0.236459505801959 -0.312273062948195
Mef2c 3.5349302564964 -0.0309787652100414 -0.302798591242166
Golm1 3.43622973484784 0.483922376260878 -0.256564641369
Nppc 3.41790816499421 0.755899411962088 0.659159988088398
Pclo 3.40491503625389 0.132838957975675 -0.146107797908201
Nnmt 3.36752313418265 0.741114902670229 0.0411189020903268
Fndc1 3.33391098327667 0.712824908344739 0.189904517106345
Cdh13 3.32201425959013 0.345754695942883 -0.197618767964659
Pcsk5 3.03414608417727 0.689016945918422 -0.0941904721157952
Pcdh18 2.97894016670375 0.50781889555815 -0.187705012830592
Runx1t1 2.7928867932599 0.265992404029716 0.134458286407288
Klra3|Klra9 2.06472750873961 0.167755706769538 -0.331525198753393
