Arx 6.09884501680402 0.513888550167042 -0.103729321779591
Lpl 5.63874501748408 0.325129231164183 0.0661247144116324
Rbp4 5.57962437936923 0.627621729671928 0.418265341497245
Col19a1 5.43551252343885 0.698744890300004 0.20265679423624
Pvalb 5.3435749581657 0.133579717702365 0.200784688238296
Tac1 5.29901048022894 0.338886896474315 -0.152447506564241
Lhx6 5.20732973156283 0.718760484031405 0.0963673176125472
Prss23 5.16148514374213 0.609354021680668 0.457012964452824
Grik1 4.80617846453339 0.282465728389263 -0.138439956204051
Mef2c 4.55780254349041 0.25917842003253 -0.137948775849103
Gabrd 4.3942222328433 0.343994068889643 -0.00208127248676568
Syt2 4.36911066612789 0.385297055873412 0.0820270315597156
Npy 4.34332096880182 0.560719821758598 -0.00184583230992208
Cox6a2 4.28870556297365 0.819115776309081 0.778829926634404
Satb1 4.0720786960068 0.532470002579203 0.259321485408355
Slc32a1 4.03817596991669 -0.0747586276888325 -0.048386241768206
Myo5b 3.96609913046181 0.209637166408691 -0.0758682047218863
Moxd1 3.8916135304628 0.703879000092004 0.0845158867429326
Sox6 3.87263810773117 0.364859335435639 0.093268433455728
Akr1c18 3.71449860368343 0.686213886460022 0.388081418675766
Cacna2d2 3.68874077633749 -0.111618163551888 -0.226421876071768
Rspo2 3.66274000115441 0.362688092337976 0.137277452532596
Ahr 3.66223921459138 0.555137779183961 0.532885331398463
Cntnap2 3.59919507059298 0.243512856016667 0.182185650632881
Snhg11 3.58691895509201 -0.176981965476406 -0.104319857486869
Etl4 3.57575590704618 0.184523259800615 -0.0378122955017461
Sst 3.54103396880136 0.432857015014053 -0.0517572700324579
Meg3 3.49813813099141 -0.00570228691666217 -0.188227034084723
Amn 3.4442939390129 0.638740235166031 0.195679483040828
Crtac1 3.44254792622076 0.508813983998216 0.015230418980935
Lgals1 3.4151022659589 0.364090142712748 0.220222634739823
Igfbp4 3.41261184790049 0.177939415161007 0.0515246386405616
Parm1 3.34620205544094 0.168546768451725 -0.134765176880158
Pip5kl1 3.31851307122293 0.713589855251344 0.0716531617090008
Cps1 2.58317626573057 0.528889164364997 0.0642266698742099
