Vip 7.58158608936955 0.787034522391034 0.589160168271342
Npy 6.78807706338968 0.668975666640673 0.0737852395319061
Dlx1as 5.9274938412045 0.664684732152534 0.0716699851672061
Lamp5 5.75942550026224 0.286963821852212 0.164159924529925
Cxcl14 5.72280031182001 0.579112957447232 0.0293055311772562
Col19a1 5.56396592695036 0.636260419464352 -0.09806314337289
Tac2 5.50153726864593 0.838900665205728 0.374379255560739
Arx 5.47671545971873 0.395384165373941 0.273805408804405
Reln 5.39275722511499 0.500903378205745 0.00341954136944487
Kit 5.15795484747308 0.584494062728315 0.137709206819479
Cck 5.07292118904542 0.280275520561949 0.121451488092717
Igf1 5.0524675238294 0.414440148527603 0.239935818531936
Pnoc 4.90245890776205 0.741550441798402 0.195737893413933
Ccn3 4.86742153340854 0.486436325966629 -0.0186098526272448
AF357355 4.80022375154964 0.0544308068158399 -0.104540539400361
Sst 4.77053837968424 0.509133809514465 -0.0517572700324579
Htr3a 4.72285140669033 0.765885797490104 0.710820604867244
Grik1 4.63866370357288 0.209945324087777 -0.110835713328976
Gad2 4.50108200741341 0.171452107488552 -0.118789722556761
Kctd12 4.47449089296734 0.263253345995574 -0.255946616443114
Nfix 4.46343285230465 0.10836298197792 -0.0864614300972681
Cadps2 4.45050821580787 0.212756415574647 -0.085604299842729
Bcl11b 4.37333776253042 0.159324215492831 -0.130199825228812
Dlx1 4.31610980988646 0.606495635725414 -0.0507968869212589
Wnt5a 4.27215149314451 0.736239937799415 0.584674213535398
Cplx3 4.12029800913422 0.682657445901074 0.397458257599315
Snhg11 4.10908852624705 -0.16645996618943 -0.235776952621411
Parm1 4.10396022604405 0.233043403870029 0.025318187154288
Sln 4.02831718537196 0.694407032391673 0.045255739796347
Col14a1 3.93712661788658 0.730450034061537 0.429192104685321
Fxyd6 3.85218213337849 0.415024602156648 0.187699367966275
Egln3 3.77332772505537 0.625066029097444 0.177835876035556
Cntnap2 3.73847762321173 0.210366756486833 0.0818834521886962
Cnr1 3.60760362966391 0.548377611244067 0.163580007873021
Meg3 3.58426093999614 -0.0540621107007549 -0.151137740364696
Sorcs3 3.53655737598451 0.536083914341925 0.181943032019927
Nectin3 3.52334204879504 0.526353217299131 0.415141273883279
Slc32a1 3.4841987487407 -0.22257910681011 -0.226136450820686
Etl4 3.43055691306252 0.0923593642857264 0.0420328419804654
Pclo 3.41332798159107 0.159632485712917 -0.0224415811460273
Tenm1 3.34351447767541 0.259487981545013 -0.13170547242398
Npas1 3.33352297225034 0.786141378625456 0.478467748939359
Abca8a 2.35850059649754 0.331579072879275 -0.195150768213775
