Hcrt 7.6007172530987 0.926509570682996 0.886639542439696
C1ql3 5.97860382149033 0.482149846233165 0.0111606914302438
Cckar 5.5164793384702 0.902503754630141 0.733851982898983
Cbln1 5.36587502485841 0.309793905991298 0.121553578823058
Lhx9 5.347228361952 0.84142038365442 0.638182176651118
Gpx3 5.32682889777487 0.619612876547441 0.500248313730448
Slc17a6 5.28231996313561 0.51741482394602 0.188924315298468
Trhr 5.11265739966794 0.634841668824457 0.215912554030176
Ttr 5.04188471430456 0.304660184761903 -0.0404931469919864
Nnat 4.96204457915385 0.37203019457158 -0.0224704463413424
2010204K13Rik 4.70328229194733 0.474840150664941 0.67853760645998
Avpr1a 4.62547929336646 0.855670236066635 0.713144149215951
Nptx2 4.59629578520107 0.728859027636094 0.399878880933554
Kcna5 4.54607020200905 0.407952637093261 -0.0970031286454534
Dlk1 4.46700052395017 0.566474681574909 -0.0481634406611003
Ngb 4.44157072442318 0.634468858183545 0.359047564547599
Rrad 4.37735631854827 0.834150282985975 0.0132164602565095
2010005H15Rik 4.30002854130331 0.921069881399589 0.810852533606976
Ddc 4.27509493284106 0.142560228096864 -0.242575448100184
Mal 4.17993740654826 -0.0100083096880921 0.0752275562503089
Scg2 4.13222373229845 0.455912546491994 0.628527918479589
Pdyn 4.07654238975265 0.648571828346402 0.36134162237579
Rspo1 3.92331418116214 0.723929320598241 0.718412494167975
Pcsk1 3.91797857498098 0.608655640065748 0.547114972972792
Nts 3.90480522082784 0.607832025782918 0.429483995399879
Mcub 3.79679676629554 0.517595878860659 -0.136778579786484
Thbs3 3.73903295865437 0.544777012124074 -0.0921551499220122
Plagl1 3.67671075700081 0.450508697244802 0.466784339083889
Tppp3 3.6747951364089 0.295384059673516 -0.189533691176437
Hmx2 3.65607986074749 0.824762670531669 0.732210057386117
Rcn1 3.65098894476114 0.184484118990654 0.0213556926204693
Cd24a 3.48435249106674 0.344596914849946 -0.110828931975455
Cidea 3.43742133241554 0.624214443964325 -0.200564220131831
Plp1 3.39184960908562 -0.134574355022597 0.125000123532458
Ghr 3.35696429236059 0.307057166317752 -0.147899611426051
Ptgds 3.34971859049673 0.0889173901828362 -0.144807011764318
Calb2 3.33947439026408 0.290256676714968 0.0335922975999271
S100a10 3.33144752675647 0.0896732641844664 -0.0111511585012699
Crhr2 3.23569206851562 0.854665035846113 0.718564065474945
Hspb3 3.13350394752445 0.393058290208208 0.138804658011293
Ntsr1 3.09521339561799 0.515518398982638 -0.13898153986635
Gck 3.07489830510058 0.754339384883587 0.116331119089553
Hyi 2.11648231354264 0.57954575490856 0.3362884941831
Tnnc1 2.05584042714872 0.316442139759941 0.0522961128957168
