C1qb 9.39244680992991 0.801990735419018 0.626093353635508
Ccl3 8.8443012738564 0.927542357072232 0.750043961684629
Xist 8.56678861741414 0.592199935921581 -0.369037754186941
Socs3 8.48590187997846 0.816991942944748 0.652620783865921
S100a8 8.28469026724246 0.952114470007461 0.637214182089995
Gpr34 8.20942234839547 0.949709900917416 0.743430676764686
Ptprc 8.14843212429381 0.899616415236227 0.535279776908747
C1qc 8.14769271944326 0.893546604071413 0.771124575416465
Itgb5 8.05876015641693 0.696126559140112 0.804631270122288
Laptm5 7.97501244702987 0.651794523747649 0.431980823073142
Atf3 7.96006033932336 0.893005579895107 0.51512680400068
Vsir 7.95048691539019 0.862745097892672 0.702181552378063
Ctsc 7.77898757696507 0.763344622979858 0.62079379004311
Fcgr1 7.71791050379647 0.8853211527288 0.839911710612821
P2ry12 7.67021474042708 0.909567442900441 0.817353885637295
Fcgr3 7.6072681624785 0.896874840095602 0.646284533406233
Lcn2 7.57704246806902 0.929710399987732 0.763766124863502
Fcrls 7.50937647992147 0.868591354527092 0.830619870954692
Lyz1 7.49537148591595 0.840890825076252 0.682384867540676
Lcp1 7.48464682937534 0.736768609121461 0.795690761065283
Ctss 7.45952843094727 0.674268669250454 0.483604516888308
Tmem119 7.45273750024503 0.880466124967934 0.722556695858316
Klf4 7.42503781009486 0.742934617943842 0.424000395885919
Cfh 7.40805397953347 0.912546366052933 0.712295820061994
Fermt3 7.40131046292324 0.800869887220341 0.655153771627657
C1qa 7.37607589465784 0.880224548002043 0.373665895302874
Ccr5 7.36274510121122 0.944654961654319 0.781216786284265
Ly86 7.33359156044523 0.846625787719888 0.67216030726034
Cd53 7.32426154012042 0.88942472433121 0.694792152049283
Rnase4 7.31650320539874 0.857812898640748 0.632489430408647
Klf2 7.31142071010462 0.895525394090426 0.627302955383202
Anxa3 7.28218542723921 0.883676858880257 0.574978505314443
Ctsh 7.27945438461557 0.901835520438829 0.835544766930327
S100a9 7.26381510404157 0.918293566070864 0.54893573899917
Nfkbiz 7.2352243715822 0.799322694136423 0.492834891113997
Icam1 7.23116597502927 0.900801160105119 0.702887827669928
Mertk 7.19703327994147 0.761054539913318 0.0261893883636564
Hpgd 7.18303687777053 0.845499696187622 0.843771537414398
Cx3cr1 7.1719484928049 0.86696855643357 0.772365477019668
Olfml3 7.14052005317124 0.905116717199808 0.839004271571173
Cd68 7.13517725722293 0.813422778285896 0.845746059949494
Srgn 7.13370584304435 0.843467559608656 0.726168999292483
P2ry6 7.13227754069317 0.946777597111694 0.936669978424227
Mpeg1 7.11993655122719 0.872434673180902 0.820047629304534
Itgb2 7.11862213323393 0.929306950351194 0.912997044650647
Chil3 7.11247507992373 0.922457657818597 0.637158865242856
Fcgr2b 7.09825669962209 0.923890876017284 0.891238072235294
Il10ra 7.06120893348504 0.94102937559616 0.812653699813282
Ptpn6 7.06099581104202 0.949216866399377 0.847465709781177
Txnip 7.05451016748846 0.794577031480038 0.53409481607691
Ptgs1 6.99291108528835 0.800651909800069 0.535546514080042
Irf8 6.98345987938939 0.916254415274538 0.673514535503579
Tyrobp 6.95753669485078 0.895003903507809 0.654895478799608
Cd14 6.93361736399012 0.865093774985032 0.621939443609833
Il6ra 6.91529162377394 0.933123284382954 0.890291306841707
Naip5 6.89257340177577 0.935814048592954 0.876817387672749
Ms4a6d 6.87086956014452 0.953863275301727 0.900402119535408
Tgfbr1 6.84307916376722 0.776827592958221 0.788808500850346
Evi2a 6.82827025896823 0.581189930726472 0.269081932376055
Ccl9 6.8096171434409 0.933493166398459 0.818823569980998
Ttr 6.80087498477139 0.400488553787595 0.106401406684796
Rgs1 6.78823587537597 0.933890950941161 0.41199196894448
Cxcl2 6.76294572621018 0.93252498716869 0.718724907521646
Adgre1 6.76216053250747 0.832270329195541 0.833539570282416
Cd86 6.7424264637584 0.943027753479705 0.915382431026478
Zfp36 6.6946740375282 0.809894660416713 0.644456279499632
Egr2 6.66948196111453 0.668101906380755 0.285794975364086
Pld4 6.66351207798811 0.905758364279839 0.841357056848191
Bcl2a1b|Bcl2a1d|Bcl2a1a 6.66059010155424 0.926400058873181 0.715744988242651
Ngp 6.63652748458381 0.858266126451929 0.690441664987738
Aif1 6.6198305237955 0.858825024769384 0.762409606538655
Zfp36l1 6.5797969199139 0.585820514996284 0.420552580218294
Fcer1g 6.53995985793269 0.893177438719324 0.824614769314253
Hck 6.52579068855458 0.895370250588945 0.843650055172374
Plek 6.52299572082652 0.828875462955987 0.565026060922705
Ccl4 6.50570134320356 0.808759080391592 0.797287316493388
Cyba 6.4954016609744 0.884469484989699 0.736988575659019
Havcr2 6.49281986933435 0.933940020082163 0.671469544344395
Camp 6.48098147213172 0.927917867736401 0.74997438683657
Fosb 6.45919458916884 0.784032435565085 0.523504347791323
Dusp6 6.45303570596425 0.600228104690562 0.637994058393867
Vav1 6.43772402194244 0.936559188485693 0.825485811579521
Ms4a6b 6.40517605845767 0.923298755235299 0.893641566109593
Syngr2 6.40110745360102 0.690896371063484 0.649569759373644
Il1a 6.3688542518464 0.938651588084815 0.819834409666348
Tgfbr2 6.36466769519875 0.803092860582262 0.771534892903238
Fli1 6.33251025724881 0.930170114012625 0.853783730152274
Csf1r 6.32781182691404 0.6563743045445 0.525613327120335
Selplg 6.31544297513533 0.782492962153154 0.593710301902537
H2-T23|H2-T-ps 6.26502779911915 0.687735186423632 0.648843762783022
Nrros 6.26456292671658 0.857826561944995 0.792080354658163
Naip2 6.22827908019105 0.954032177503518 0.911599471733535
Tlr7 6.22318770670008 0.916141459660769 0.883327317721423
Slc15a3 6.21666611344045 0.945800388335054 0.734395629368891
Pycard 6.20851010960693 0.876868772836806 0.612435856921289
C3ar1 6.19954800122674 0.873154357642848 0.832923346286571
Tlr2 6.18334683730303 0.906242449755308 0.828039074863297
Hba-a1|Hba-a2 6.16324222444573 0.71591613802882 0.636485327832813
Gpr84 6.12414553225146 0.909799236470749 0.900539536156936
Ggta1 6.12233253588792 0.885682162367626 0.742119145974757
H2-Aa 6.11126857895628 0.84437376420551 0.55701792504533
Blnk 6.10834338269326 0.87935788009137 0.642062067218298
Zfp36l2 6.10329910622262 0.653482770932328 -0.0397896095159471
Ccl12 6.08424577602284 0.95912486997277 0.874934195218236
Zfhx3 6.03840941488355 0.494029129324975 0.142679534225248
Sla 6.0348743352708 0.653020292619718 -0.264326880777117
Lpxn 6.03044900898267 0.893922003635636 0.853945018408267
Pros1 6.01915471045924 0.847260487310163 0.71872321527708
F11r 5.99092943267463 0.875088614334551 0.865886799987199
Ccl6 5.97932788377763 0.928660492903098 0.617156389091561
Ier2 5.94413080258992 0.734440067233571 0.701887023691079
Inpp5d 5.92375355061604 0.860119064333211 0.837087854506949
Lyz1|Lyz2 5.92019401734893 0.875922890173836 0.776673258636435
Fgd2 5.88810099602967 0.915197430183904 0.726555487608733
Arap3 5.86094679144358 0.886860951738832 0.828525793933383
Edem1 5.84532535176643 0.81925716336502 0.773799619039837
Pik3cg 5.8286225480195 0.935683323494037 0.898731506437892
Sparc 5.80822010631325 0.169017706142142 -0.135074829223559
Cebpd 5.80786007352581 0.634223335809279 0.45065287968563
Ugt1a2|Ugt1a9|Ugt1a10|Ugt1a6a|Ugt1a5|Ugt1a6b|Ugt1a1|Ugt1a7c 5.80636294086513 0.771709799693182 0.785331442432605
1700017B05Rik 5.80215392285453 0.879961675838247 0.868405679075243
Adamts1 5.79692161356226 0.677576137113509 0.349226751376887
Junb 5.79141060865554 0.777104558929295 0.710325676330519
Gusb 5.78966759189076 0.774114596510509 0.775863648271702
Slc40a1 5.77631226783742 0.835359074205683 0.694912051573387
Ctla2b 5.75885244369855 0.90324750833177 0.734414144703882
Alox5ap 5.75726059003526 0.740214696646339 0.594057019542649
Rhoh 5.75384155434234 0.928928394659362 0.904878813646995
Lair1 5.74840733667434 0.915233726810904 0.852552954421401
Klf6 5.74703485671696 0.71323960488187 0.706917324178809
Capn3 5.737948786899 0.887173165883699 0.767809940840197
Slc11a1 5.7337386663975 0.826091985896536 0.651846092069541
Dapp1 5.72808388131988 0.882819086300432 0.7316654390012
Crybb1 5.72609001676628 0.905900150963414 0.861152047486372
Ncf4 5.70189693908473 0.930083927158068 0.903452811083351
Lcp2 5.70028355428485 0.924197437301254 0.892718424335841
Cd9 5.68471625865191 0.474060822775285 -0.0758794345381835
Tnfrsf1b 5.66824392956546 0.854411575633449 0.737559179229013
Fyb 5.66550961086712 0.921175961084058 0.880868838094612
Ccrl2 5.6554110668512 0.874824282454677 0.692329005008653
Akna 5.65502119335229 0.868412288859447 0.877839374380604
Nfe2l2 5.65476356154573 0.632197818720409 0.453204696832214
Golm1 5.61747029269171 0.698016463196536 0.736554849579434
Slc7a7 5.61437543545383 0.898213671463773 0.872017076449766
Cmtm6 5.61409217186978 0.665970414623115 0.650153215369875
Stab1 5.61052776699519 0.911261683705998 0.847496805295376
Tm6sf1 5.60139552689595 0.381525962877219 0.102579065041499
Ankrd44 5.60131393557592 0.781035809625709 0.750219066083414
Hba-a1|Hba-a2 5.58298936862618 0.666636222580272 0.584534962386967
Arhgap17 5.58114282821135 0.804213580737713 0.814797078135117
Ets1 5.57851877654368 0.840138903577191 0.72831813399373
Tlr1 5.57525443901175 0.950847748280366 0.90289235928589
Tgfbi 5.57354466257977 0.770089475810985 0.661911986857993
Spata13 5.56754205483211 0.585968245373279 0.751812487380042
Plxdc2 5.56270864248964 0.611398049835539 0.506699205281824
Cd34 5.55945289937081 0.764432975743867 0.665118490903019
Map3k8 5.55667514506604 0.943194909439877 0.913167625483462
Ier5 5.52963038521572 0.626440279124881 0.684868895754402
Rab20 5.52913130281147 0.903453242864112 0.852960934969316
Cd48 5.51051584546448 0.937704825955694 0.913473318214485
Rcsd1 5.5051748713334 0.826315084318951 0.780144279192095
Btg2 5.48206185028537 0.772522677124277 0.212539509165089
Entpd1 5.4795881868598 0.891871362690553 0.843388944041901
Cttnbp2nl 5.47432629431574 0.677938635486515 0.447358184459894
Cd83 5.46883702705086 0.736410455270528 0.594339804805642
Tgm2 5.4658776682157 0.695558658080438 0.463783861585056
Hk2 5.43900206231771 0.747134137645107 0.172069347382287
Elk3 5.42345433252583 0.782715836879746 0.706543197970903
Alas2 5.41628803274968 0.860786577072509 0.73441576141486
Lrrfip1 5.40737327705653 0.705218206813686 0.616260948807512
Epb41l2 5.39036220443534 0.653470939206844 0.689377250896528
Ctsz 5.38405717312 0.650751092002042 0.743596171931324
Frrs1 5.37939401862355 0.798642074165545 0.58919990543273
Nckap1l 5.35588791059244 0.817808650602309 0.709769131297402
Clec4a2 5.34574389269666 0.929204771867172 0.637428827357683
Trf 5.33549712985883 0.363532939943864 -0.146752224285271
Notch2 5.32654306490383 0.5440602354013 -0.0431145382667697
Ncf2 5.32182946355047 0.915414360195435 0.856135350149219
Cysltr1 5.31886027268611 0.927751840611328 0.924403411688516
Hspa1b 5.31731163106384 0.652438169446748 0.312845915560922
Kctd12 5.29420551199605 0.33922956418492 -0.149692324142429
Pmp22 5.2832173224711 0.446961397603328 0.102555722127942
Ier3 5.27685025671079 0.661832564517539 0.786715234689209
Mafb 5.27651192069832 0.819405099147839 0.618852089046285
Hbb-bs|Hbb-bt|Hbb-b1|Hbb-b2 5.27220084052835 0.709887834126046 0.197095939870769
Sash3 5.26747984801659 0.768497877382046 0.642894241425908
Chil4|Chil3 5.26172614276662 0.89752021450012 0.740050725099717
Gas5 5.2487214254943 0.681441771454678 0.609104306519582
Il13ra1 5.24592387996626 0.797884379452193 0.550413574552872
Adcy7 5.24444754966068 0.60441670315178 0.406793107735415
B2m 5.23809889417497 0.654891746142282 0.571479053777188
Adap2 5.23792989672656 0.901504410049615 0.724839241634666
Grn 5.20048177167069 0.809884754027064 0.800641837265229
Mlxipl 5.19848868403644 0.706595849018634 0.577571494587469
Tlr4 5.18940058825026 0.901784634731572 0.833931682619817
Slc29a3 5.17618646055639 0.681714782439322 0.660763770244068
Tpp2 5.16271353485802 0.766018522061764 0.428419313439956
Vamp8 5.14764454685216 0.633706050035489 0.58066248865239
Casp4 5.13987716356147 0.900685793775396 0.750343035579514
Ltf 5.13693442258915 0.792111361667612 0.68933239212516
Tnfaip8 5.13233166577188 0.636583450637773 -0.0687511326400445
Pnp2|Pnp 5.12217165842797 0.598042902480782 0.717571443896628
Tcn2 5.11416982848851 0.761664616803138 0.799334857245979
Csf3r 5.10612158405412 0.779721149661926 0.660752043494533
Arpc1b 5.09756480815497 0.692489349582206 0.371622818004693
Syk 5.09739059571841 0.84152069123592 0.790425940459022
Hba-a1|Hba-a2 5.07588491789023 0.64978350921252 0.4
Jun 5.07469692811659 0.618429236586695 0.346851046924851
0610040J01Rik 5.07442577192116 0.725814063303564 0.318147167797192
Ifi30 5.06943102400105 0.801639030257292 0.736391031193223
Slc16a6 5.06901469852508 0.786558627625008 0.78045322004141
H2-Q9|H2-Q7|H2-K1 5.06712789189239 0.586702040539135 0.461967721198376
Stat6 5.05988937083766 0.796146518507303 0.77322968172974
Stk17b 5.0583485700756 0.246260191991426 -0.0309181338982068
Itga6 5.0530870191735 0.671012367737362 -0.124700103526212
Clic1 5.04853929402483 0.748395757874044 0.778403738246755
Itpr2 5.02782989786319 0.690661994308183 0.125444356554589
Srsf7 5.02739944899884 0.781851597322999 0.724403283303105
Anxa1 5.01274439620175 0.684984341609769 0.0916818690569805
Rbm39 5.01197443437983 0.464227208514492 -0.0374899433586514
Cd37 5.01049584080453 0.846061239995877 0.751498906549431
Themis2 5.00945488102483 0.908198928471664 0.778304498200949
Il16 5.0071262918725 0.836608524488475 0.787732655174127
Pla2g15 4.98661315124586 0.8204155835403 0.863526440437489
Lyl1 4.98627456504711 0.904305271443332 0.878137281356822
Cd300a 4.98203571187018 0.87906524061522 0.797868338805999
Clcf1 4.97366503634209 0.942251998830229 0.895337401073961
Arhgap45 4.96961223244329 0.885472104018592 0.708832744285577
Cmtm7 4.9597915659356 0.88750465076475 0.810362129081832
Lyn 4.95253858198883 0.831327983555328 0.791725631860923
Trem2 4.94865015436506 0.87200704067573 0.782089108151903
Otulinl 4.94839047347239 0.770464081171358 0.792230208763756
Abhd15 4.91531685268484 0.817458536420878 0.758222104141672
Pon3 4.89849239024335 0.932358963318954 0.910700314388156
Cklf 4.89134285960544 0.681449056477375 0.596489646369583
Hfe 4.88291607790315 0.721329333572919 0.693190338536353
Nfkbia 4.8806413878485 0.728227925508068 0.651374483610682
Mcl1 4.85971015338169 0.749614825193197 0.63036897326575
Casp8 4.85720661276238 0.883549616962917 0.578621992896172
Trim47 4.85122958671766 0.895072171065398 0.873311290852605
Fes 4.8425774697341 0.927481678184209 0.910464934137565
Cd300c2 4.83518002279011 0.78140075116719 0.733110818704905
Abca1 4.824426626899 0.637298308735176 0.134537026901349
Hhex 4.80354849723908 0.85208121809235 0.512009595571701
Xlr4b|Xlr4c|Xlr4a 4.80070736823338 0.768954829600341 0.515825661192769
Pnpla7 4.77487929328608 0.69936049143377 0.453948081481576
Hexb 4.75809190696724 0.693959046171664 0.578516963508929
Litaf 4.75765740342191 0.513371189090494 0.243063879675752
Hspa1a 4.75431062825215 0.660657804037662 0.304644051879433
Csf2rb2 4.75126425314455 0.789215707478096 0.124660237839465
Pald1 4.74862864679724 0.781711411556092 0.764893883652874
Klk8 4.73796417792828 0.904602965411745 0.708472407110695
Hvcn1 4.73358842303566 0.87597192497755 0.866500931061877
Rrad 4.73319512810536 0.838265357363225 0.0132164602565095
Spint1 4.73002087369381 0.777950471155543 0.805560093180092
Ppp1r15a 4.72266863807393 0.840325478289927 0.769972582969436
Pla2g4a 4.72078413820887 0.764786775115046 0.442483886305452
Rin2 4.71227105537187 0.744853698297658 0.614550246722695
Msn 4.71102955614963 0.691995600278957 0.64229162060895
Trim30a 4.6748462116524 0.929808635221393 0.889480299318717
Tmem173 4.67240910898613 0.786072972966409 0.749852994922644
Adam17 4.65056261039034 0.669141571847914 0.635222648943498
Unc93b1 4.64460607104861 0.822423004913727 0.784428331790422
Il10rb 4.64267971349838 0.777441353481793 0.743412690374508
Cyp4v3 4.63923944451105 0.494512663425667 0.383405637632348
Serpine1 4.63627136946535 0.847015843196922 0.772473803756492
Fam91a1 4.61616988134199 0.60074663578033 0.651154059450154
Sipa1 4.612004806121 0.888693752297302 0.874741852684122
Tsc22d3 4.58083409981436 0.696409504313332 0.680120817594843
Rps6ka1 4.57919033739047 0.735843331690066 0.678696401071155
Pag1 4.5606503294438 0.662424700498449 0.728965957944353
Pnp 4.55913474684613 0.577238438641494 0.637960916232858
Siglecf 4.55670327605628 0.943367824939739 0.90222039810489
Npl 4.55639437312345 0.722222100961321 0.416959109321236
Chst7 4.55583880599132 0.734241428468686 0.52985146120221
Sh2b2 4.55578889233937 0.854145083901261 0.503082221617731
Elf1 4.55096262007787 0.740057454027251 0.701678279405112
Irf5 4.544105143827 0.868657303101594 0.785628787643911
Selenop 4.53893814365303 0.229248012556272 -0.0216241545472818
Samsn1 4.53843378585608 0.93540982746113 0.690906793921437
Afp 4.53805214370355 0.610733595529943 -0.157192723963863
Trim25 4.53799160714828 0.40235350698548 0.263441724652484
Pdlim4 4.52956700327883 0.687340137266506 -0.10726267715303
H2-K1 4.52476267978682 0.858476190996042 0.571151271462752
Il6 4.52343401447127 0.951751164772045 0.870859115857809
Cxcl10 4.52267942159631 0.912788277640522 0.69856176833123
Igsf6 4.5223362353427 0.921620322644554 0.863178885643969
Ang 4.51672309749754 0.926217295086234 0.891686568876568
Pld1 4.51631534301313 0.737866877681671 0.665867955253123
Ly96 4.49658319902598 0.707330917254825 0.616163642230097
Trim12a 4.49546307608683 0.925281031086587 0.845428256106638
Mylip 4.48792073737528 0.649474760423898 0.627117917975272
Cmtm3 4.48623708321806 0.723795511085504 0.359412207355567
Glul 4.48415202867415 0.375081389128698 0.060742244877201
Ifngr1 4.48239170876942 0.835362983955148 0.809631382697536
H2-Q7|H2-Q9 4.47973274537935 0.827347391946782 0.603156128107614
Spi1 4.47947709445705 0.885886255827787 0.834845738524583
Pdgfb 4.47763032548666 0.801371654088424 0.723963242660202
Birc3 4.47257377197262 0.818175412586363 0.730812551178572
Adrb1 4.46603831446079 0.650614151556413 0.731537375439888
Tcirg1 4.46437022919914 0.77299302228423 0.643821146604065
H2-DMa 4.4547403802425 0.718498441757926 0.824860002038386
Abcc3 4.4520661288955 0.845393584571342 0.803312316164048
Parp12 4.44175431025525 0.631187115570537 0.423930618896923
Myd88 4.44038131865106 0.83968421860582 0.772810248276022
Rel 4.43373800644292 0.867426238117888 0.676216315846781
Scamp2 4.43251961035394 0.740500602342755 0.736634676867361
Cebpb 4.42458125716244 0.772014454229045 0.53987772936436
Rreb1 4.42044583206062 0.209233667417108 -0.302373354496893
Arrb2 4.41305587495526 0.767152670421756 0.766408521706721
Sgpl1 4.41020856173367 0.721876683693565 0.675218489090254
Lrmp 4.40732454502401 0.92106361160073 0.708766214191726
Slamf9 4.40433901015911 0.703400256120944 0.601498835952409
Trim30a|Trim30e-ps1|Trim30d 4.3959581310193 0.693487837827676 0.175295068911382
B4galt1 4.39388000933414 0.735125904098646 0.640016849057475
Vwa5a 4.39352663117492 0.689113579470877 0.682523105789763
Reep3 4.38799463663834 0.173676231790138 -0.200682279078015
Slc39a8 4.38767973195994 0.785661529413124 0.49901549480571
Ptbp3 4.38145245896656 0.675370808516285 0.72421970086545
Dusp1 4.37652836249734 0.644819889080071 0.349844153941768
Galnt4 4.36993370552261 0.706126484908402 -0.0888496445825484
Ceacam1|Ceacam2 4.36773751931653 0.852686974089783 0.741432445258905
Parvg 4.36559485142589 0.806060614100544 0.679667425411187
Skap2 4.36380702669606 0.649777753023695 0.639375784697145
Pon2 4.36277432909773 0.262333062596229 0.0751245390881852
Mavs 4.35472413525776 0.518784782799142 0.32768195016282
H2-L|H2-D1 4.3532726459236 0.462980600980164 0.260116251920495
Lpcat3 4.34283485345087 0.654665669111753 0.370986664449744
H2-K1|H2-D1 4.33675650064411 0.614447705270332 0.448062767529339
Gem 4.33272058494827 0.745082893016352 -0.0428587386634424
Myh9 4.33075513412228 0.523066543766839 0.382919647697374
Nrp1 4.32742985209249 0.363242041191008 -0.00774774741164008
Lrrk1 4.3198166698961 0.849156278216841 0.512171747828431
Phyhd1 4.31852913635182 0.76940839763275 0.6982190895123
Tec 4.31377808478553 0.74757650234346 0.560727870932865
Tifa 4.31345950868669 0.780254819129555 0.776654920668371
Tmcc3 4.30811224415995 0.755502464151035 0.232987307869714
Mfng 4.28968857880439 0.839114586655831 0.584232139901887
Ccl2 4.28029027532987 0.921935661724697 0.892805729097114
Il17ra 4.27607377595723 0.747748992779398 0.644076481638362
Tspan14 4.27303087974576 0.437259069864997 0.410817272224325
Serinc3 4.27192020940242 0.461822047196055 -0.11797386751747
Tob2 4.26753963211731 0.604875661601225 0.647488540048906
Tlr3 4.26401174296775 0.627787925453056 0.314253156845029
Tor4a 4.25816316621872 0.599888559244284 0.432297760656265
Runx1 4.25222976903611 0.895953718286809 0.841445298385406
Il7r 4.24952878532443 0.787866912360202 0.49348256234201
Acss1 4.24951113022437 0.511359516427483 0.151624735768479
Snx5 4.24692859352226 0.650191107838781 0.672362585744504
H2-D1|H2-L 4.24639652922061 0.425597044349828 0.318416971129881
Lgmn 4.23603668258795 0.667727042628573 0.760769782529599
Tmed5 4.23307173716185 0.615713271339384 0.284702529007432
Atp7a 4.23252615578508 0.687047612315333 0.629419390041384
H2-D1|H2-L 4.23109876965909 0.516003945621832 0.188574240898546
Lag3 4.22902717313595 0.863093402403652 0.75963234220116
Cd52 4.22834768484809 0.885945609863863 0.781437303360056
Prkcd 4.22786273720064 0.48065097727497 0.209078811631899
Lamp2 4.22462176839826 0.52026374110723 0.13123191019055
Ctc1 4.21940964538091 0.829991896606272 0.754750704144568
Asph 4.21537258828628 0.266012711841655 -0.182783496119935
Tubb6 4.21194014197117 0.85619260459113 0.824467317304645
Scarb2 4.20913054144161 0.495930351929959 0.127782260196388
Clec7a 4.20820776151059 0.785429832731938 0.736036604710514
Rrbp1 4.20760571730353 0.610701295048323 0.604122193034846
Zfx|Zfa-ps 4.20685718164035 0.684147506555611 0.541678296840214
Snap23 4.20193603264822 0.363924143912937 -0.216850744520688
Ccnl1 4.1987059493383 0.601301812624209 0.556843073324211
Mrc1 4.19854612219845 0.890420872604478 0.759170397655094
Sppl2a 4.19629694358861 0.609251358687759 0.631511726706061
Sult1a1 4.19627407218796 0.689792329137972 0.148317382320863
Lgals9 4.19598033735625 0.89683926895217 0.878710389087353
H2-D1|H2-L 4.1821695973976 0.411047260795502 0.333270200587871
Ptgr1 4.18026184735095 0.677719154401634 0.0841776826428077
Arhgdib 4.16692711464498 0.563499309104537 0.629942607529582
Mlph 4.15592669402995 0.667465265344423 0.648364235719871
Casp1 4.15406573143042 0.798833155132076 0.679897283864539
Ceacam2|Ceacam1 4.15392462622323 0.862822826336466 0.792306759052264
Plxnb2 4.15388042448104 0.67867483176694 0.0351418136592732
Rgs10 4.14493364793097 0.528560475408175 0.64915833212377
Plk3 4.12554383428273 0.745616475195076 0.406326619647981
Hcls1 4.12514712898883 0.926461964735849 0.787744510704552
Rassf5 4.12390996152668 0.670275159578164 0.628030069672964
Ripk1 4.11996166381232 0.705308519156635 0.610578688933626
Lilr4b|Lilrb4a 4.11975331062823 0.923252243958682 0.712326335814162
Dhrs3 4.11621420016504 0.546572227911178 0.359202952261275
Apoe 4.11068391508155 0.167873322516864 -0.263756192507942
Klf10 4.10755751009744 0.51795249604286 0.548824670354931
Cebpa 4.10284253819102 0.828738830712173 0.79818261713744
Arhgap4 4.09961806734653 0.883775013099638 0.803511815518886
Gpsm3 4.09325715737415 0.90949050874819 0.752601461589706
Rela 4.08421478805502 0.683746584690648 0.658838518799146
Btk 4.08403243951641 0.798224598246531 0.694335665978374
Uba7 4.07825608650331 0.882981215809432 0.851368067500101
Serpinf1 4.07498974096966 0.489673118545282 0.0240845290232607
Itprid2 4.0747278174266 0.64176608378559 0.159678465284474
Gmip 4.06671332928398 0.832258390399236 0.734060215258623
Prkd3 4.05951418386551 0.440941726347577 -0.16258823762446
Frmd4b 4.0512385353197 0.265439779158724 0.137315759820092
Cxcl16 4.05052468792272 0.90194419255982 0.830851963792222
Ugt1a7c|Ugt1a6a|Ugt1a2|Ugt1a6b|Ugt1a9|Ugt1a5|Ugt1a10|Ugt1a1 4.05042887710044 0.888795234877526 0.819080942357532
Wsb1 4.04841955210657 0.377082796936342 0.190504367491115
Cep152 4.04748721181813 0.894069622140211 0.817513234654921
Cyfip1 4.04533878776286 0.568913019465378 0.438599208434865
Pmaip1 4.03882225933926 0.870096872808431 0.606333161486195
Egr1 4.03121977828829 0.332137684345212 0.467840031821433
Man2b1 4.02668200402252 0.729809670756618 0.643047566647631
Rbl1 4.0183310420026 0.733995904074091 0.374438165804743
Fcrl1 4.01235200827666 0.897602057931912 0.771842287139646
Sqor 4.00912619758406 0.678391615865382 0.528119616346481
Ftl1|Mir692-2|Mir692-3 4.00823097793752 0.673489251010658 0.367795183551707
Hpgds 3.99965650925624 0.881923461850856 0.793869597281263
Nupr1 3.99554123437856 0.418586711787626 0.280235806609027
Ptpn18 3.98742161555423 0.868106415870182 0.7772185049695
Herpud1 3.98481786024873 0.769551962246538 0.818003839980853
Parp9 3.98373247941903 0.652642739876692 0.488520438082259
Lrba 3.95974386993546 0.654117106517781 0.516628020215884
Adrb2 3.9597428770145 0.824675354996059 0.625701918968165
Cd177 3.95579231298287 0.89089059337983 0.786647624317944
Parp14 3.954523870148 0.822270453450247 0.682184116286333
Naalad2 3.95399050153518 0.792969017293554 0.615226647758547
Plcg2 3.95212602925908 0.669307296025079 0.528040982509983
Mcm3 3.9498786096579 0.71950919309434 0.271488885672204
Tcim 3.94374271023916 0.766700484111422 0.245549962192037
Pxn 3.93354885787224 0.482750728601797 0.398268165544461
Fam111a 3.92434438013522 0.850046510829846 0.684487546607916
Wipf1 3.9159079883619 0.509200240907749 -0.181171904587292
Pttg1ip 3.91559560611986 0.424797946753692 0.0536159734314513
Vrk2 3.91455326993227 0.666703744605221 0.366796903047069
Diaph2 3.90797884785945 0.247039049191116 -0.155636856449002
Slc25a37 3.90110371427852 0.688939062254467 0.367932694145205
Calcrl 3.89928309366524 0.688076759641309 0.129633486544385
Tmem140 3.8973272033847 0.790898235892077 0.692141497870633
Sat1 3.89263740362314 0.422948824259717 0.00672742670191776
Rab3il1 3.892244325028 0.770168987925107 0.586514854899057
Vamp3 3.88566557195954 0.349030211514352 -0.202024799396318
Tgif1 3.87628173744884 0.893848961946872 0.853234422200012
Tapbp 3.87536526178765 0.552339258388129 0.514053751806647
Cd33 3.85494183991394 0.750286495249432 0.683479206664861
Rnf19b 3.85097030043945 0.298431585630756 -0.0582838320041639
Lgals3 3.84814664042233 0.656524988053072 0.108114138491983
D17H6S56E-5 3.84715733088316 0.894526140696528 0.302601328630432
Rhog 3.82427125408368 0.498515381580431 -0.192445175099335
Slc15a4 3.82145784103155 0.736370869828754 0.728292908511985
Gcnt1 3.81750613258892 0.895652768873273 0.643604371006409
Gcnt2 3.81372294075331 0.276331152291657 -0.165151578502297
Sesn1 3.81179080813011 0.559198804411664 0.469589536353129
Myo1g 3.80392228813902 0.824654678505656 0.670706257242271
Qk 3.79983184516392 0.0562413388153022 -0.137147397949445
Bach1 3.79637451980194 0.64271602215469 0.706022709422117
Zfp110 3.77748873463169 0.483332435973867 0.419014281112975
Gna15 3.77692767024816 0.900006263057067 0.799277548511693
Coro1a 3.76500282390123 0.501492259000324 0.610566650947906
Jmjd1c 3.74993045942365 0.557919943725598 0.264731194509093
Nr4a1 3.74761804155684 0.551404635770691 0.552232491626676
Ostf1 3.74568679563957 0.430553406340731 0.0376917186866872
Plekho1 3.74440474708018 0.668922756189645 0.711510824379727
Mlxip 3.73132697476301 0.779977484971343 0.743871254814924
Ugt1a7c|Ugt1a10|Ugt1a2|Ugt1a6b|Ugt1a9|Ugt1a1|Ugt1a5|Ugt1a6a 3.7290384500016 0.765477536823564 0.670144410937881
Mef2a 3.72534088903329 0.381820949827425 0.156364643620847
Lmo2 3.72428150124287 0.237783582859135 0.362554380195494
Serpine2 3.71650715909437 -0.0630628008101777 -0.0498425237508361
Pbxip1 3.71171987365114 0.604790363993112 0.535942091903432
Snx18 3.70904071881872 0.717905118370602 0.749830580550444
Arhgap9 3.70656600442748 0.828176191444395 0.506500261921995
Ptbp1 3.70655866288305 0.713042679648145 0.514292176793496
Psmb9 3.70391292592816 0.851319987932265 0.758743647214288
Dock8 3.70128501222355 0.851003784883689 0.510395817430566
Man1a 3.70064528351428 0.413671277361243 0.0573346801763129
Sfpq 3.69507367604585 0.357902449805163 -0.11132174546196
Tbxas1 3.69356839361573 0.873689726748362 0.749775104887182
Tmem63a 3.68209226707138 0.45379635489173 -0.186372352539864
Vasp 3.68080956195769 0.698294699671937 0.43983596406254
Rnf130 3.66951610573369 0.536010420775234 0.128066242304175
Slc2a5 3.6679506141946 0.698159826006964 0.335770167060867
Rbm26 3.66631241104336 0.637726967109505 0.423206612063198
Glipr1 3.66424144698314 0.762530987712255 0.345904165965871
Clec4b1|Clec4a2 3.6611091028818 0.902265781382107 0.846445856230881
Ncf1 3.65595466733898 0.898108558792219 0.827094117035053
Tnf 3.65474750293433 0.818371968120535 0.698481798419087
Lims1 3.65281042313637 0.589222164047149 0.581975682669352
Snord22 3.64732965181108 0.811952882471356 0.747652135155631
Tspo 3.64364165528391 0.573587116512064 0.235896217331749
Dnajb1 3.64329223439543 0.768130774676811 0.318476693685081
Rp2 3.63900402956063 0.79352157828748 0.732552598569482
Ifih1 3.637161155943 0.740168215657005 0.486430697743613
Tmem176a 3.63344874643425 0.505168888381241 0.147584890948846
Zfx|Zfa-ps 3.63312583389565 0.677084955027153 0.469299103468052
Ctsa 3.63032876571538 0.705761096391969 0.639281119115988
Tjp1 3.63030625226807 0.449534017135334 0.0996055535001289
Arsg 3.62633214232703 0.59714086984375 -0.204456597768429
Per1 3.61410736268604 0.68418289278836 0.627109920222351
Sgk1 3.61095981075159 0.350979544748605 0.250518059563704
Slc9a3r1 3.60913690071407 0.321631806092089 0.0857919459707649
Hacd4 3.60776806451182 0.708707820285772 0.611392378237454
Ebi3 3.6073593930987 0.838918292052332 0.717817092354899
Rgs19 3.60339768226438 0.566266647020123 0.66298764826574
Plxdc1 3.60133484643594 0.164365280415794 0.0639963159154627
Erap1 3.59802817336483 0.777212952832036 0.633822422530596
BC028528 3.59435015083069 0.72622698505594 0.283069953759127
Stard8 3.59105918103848 0.658966131752925 0.0592476810424324
H2-Oa 3.58769198623633 0.907073310044038 0.84108801377394
Dock2 3.58664640178854 0.800829444164782 0.664850218839359
Myo7a 3.58541969148534 0.735656726007827 0.704544491077552
Gbp7 3.58110889503476 0.774465377570737 0.318783171697342
Gbp3 3.57531552807696 0.775679218261246 0.197688377819953
Slc25a45 3.56682594556514 0.569714952940642 0.322237551840374
Hps4 3.56179502253693 0.703937405168616 0.692983378602262
Morc3 3.55935319166276 0.623234665665709 0.567472674980496
Naglu 3.55442066137717 0.811495044032029 0.836021737470537
Sh3glb1 3.54999780137093 0.552615959313773 0.581313273875843
Rnaset2a|Rnaset2b 3.54308357568482 0.62206785399318 0.596839715495016
Cables1 3.54211019431561 0.658445533197739 0.109838832608133
Phxr1 3.53363764465865 0.638467604959302 0.52809726857359
Asxl1 3.53347592413982 0.738500244905015 0.748274698007805
Rcbtb2 3.52399316308709 0.576746307166373 0.4750020096574
Cd79b 3.51978555736282 0.903088678991278 0.838915609895455
Ifi35 3.51854866424044 0.773302257400084 0.643891534548295
Slc37a2 3.51229570128892 0.874815141045895 0.825429629351333
Ccdc86 3.50842804165564 0.586442118340451 0.611741979727443
Tmem123 3.50721892802363 0.16290900344685 -0.376194240265425
Tpst2 3.50007936914488 0.764096754758629 0.764466956005372
Cflar 3.49999540335989 0.627371292243354 0.55075684457911
Tmem176b 3.49894569005462 0.349540996605685 0.139161990852418
Nrip1 3.48867448374864 0.609816143132172 0.440625661794264
Ehd4 3.48793068021703 0.647303546491898 0.496549043588883
Map4k4 3.48749656647069 0.268899728612362 -0.105072723837052
Abcg2 3.48410308949557 0.571057819201705 0.411843807566223
Fmnl3 3.48279396993838 0.826325756073621 0.573344089763429
Maff 3.4803758550709 0.795614308142099 0.712302747673317
Fkbp7 3.47916350974953 0.699823443112452 0.62025787120984
Resf1 3.47700794757742 0.608835218577662 0.297828136261308
Igtp 3.47447067970866 0.716328186912216 0.541453892562647
Fos 3.46201693988168 0.314534899075452 0.114528215552505
Zeb2 3.4588337035003 0.147436123263155 0.0261558946578236
Cd2ap 3.45474323476105 0.649399018053879 0.580538902181352
Trip6 3.45415431950998 0.477831022754915 -0.0241247094278265
Sertad1 3.45141238954561 0.719596134277328 0.728874172548534
Stt3a 3.44848512709534 0.550739080039488 0.576613074975839
Dok1 3.44388546876904 0.847266271440675 0.738398459071721
H2-Ab1 3.43838160775729 0.77056600331096 0.639214100328447
Srgap2 3.43356277546791 0.485461722699331 0.365688761788256
Tgif2 3.43160050544416 0.749838734905453 0.734095508554046
Gimap6 3.42860307569829 0.854371593587577 0.788613423384163
Smim3 3.42810866032001 0.673132622809063 -0.139194413983646
Daglb 3.42436021461552 0.633411116146756 0.495113898224318
Ppfia4 3.42333808838723 0.721999391777896 0.763599969213437
Cd164 3.41740480308345 0.501800674025387 0.572068399118307
Cln3 3.41640202015873 0.64776232984267 0.498842906597188
Pygl 3.41548512054697 0.563890231295918 0.147359320363692
Apobec1 3.41531025534204 0.637639514289977 0.43671341660728
Gns 3.41298450665206 0.735913082191056 0.795586431875191
Samhd1 3.40865535584522 0.799515032640852 0.725833438877533
Nfatc1 3.40414900213053 0.784288359689542 0.75321495159068
Cd302 3.40289385403967 0.354596527870359 0.279989668596528
Btg1 3.39903353684012 0.430395261179107 0.343975715238766
Aff1 3.38859638674386 0.28960964337768 -0.235038214894285
Npc2 3.38535049058315 0.428652059986797 0.20472385772445
Tor1aip1 3.38269021403427 0.727510737892769 0.61309456434495
Tnfrsf1a 3.38012359585793 0.646628420928995 0.579766681589211
Ifitm6 3.37844711548818 0.858182851492154 0.655635990656243
Rhob 3.37530510354957 0.369042482964719 0.265605591678102
Ifrd1 3.37372542664311 0.43875107012844 0.252519884886922
Slc46a1 3.37170081664942 0.685907938274657 0.560205739892461
Ltc4s 3.36977785586499 0.766519827190047 0.553910762406403
Sall3 3.36385556827674 0.774405203132851 0.44769549997939
Fcgrt 3.3615290192495 0.61963525837326 -0.0875959106266034
Traf5 3.35814250329468 0.843233436594078 0.751195426775988
Slc7a8 3.34543878767747 0.727971851711628 0.631000028487033
Twf2 3.34323362719272 0.66025068473611 0.446775664971107
H2-DMb2|H2-DMb1 3.34077716317733 0.782060904835335 0.684316270262678
Gab1 3.33863592466171 0.314212206729334 -0.130425239108194
Casp7 3.33530000622596 0.683350380559151 0.140740920069242
Snx20 3.33514276007662 0.828626018327563 0.614613468681945
Hps3 3.3300090998276 0.767771193138992 0.786083870849858
Pdk1 3.32876998140582 0.559514388315651 0.520561388633154
Clec5a 3.32287487075013 0.868391680631714 0.772400314282846
Cd82 3.322726791438 0.506821483560731 -0.213298879595973
AW112010 3.31599717930586 0.854741269469503 0.757745402090522
Usp24 3.31064566334989 0.46998446032165 0.251038372113559
Hp 3.30815267867943 0.8793651123992 0.459727606295279
Trim34a 3.29453175566188 0.781113821407709 0.610302072210863
Mmp2 3.26568842643483 0.52552249415773 0.0804913089474613
Ceacam1|Ceacam2 3.25458861333334 0.887324501235047 0.549948824563276
Il4ra 3.25021777061014 0.70067422473281 0.522616684656582
Smagp 3.23626043935688 0.858650734952526 0.809870447165912
Bco2 3.2221529762124 0.731445955658439 0.676458782742597
Was 3.17840811371073 0.787939395531294 0.555128721619395
Nfatc3 3.17312523418335 0.517351141689921 0.617128924100467
Eif4ebp1 3.16974066178779 0.606523185414877 0.59725090556194
Tmc6 3.16601916510451 0.818556577216404 0.706695941441195
Rnf135 3.1474077967639 0.630678449816141 0.602368794893287
Pik3cd 3.13828840755682 0.788290044507055 0.800023909770847
Mrc2 3.13404343364367 0.699318271791737 0.280465348530476
Fem1b 3.13221083367893 0.429658603097219 -0.132615289872382
Il1b 3.11881451067933 0.767862290883313 0.280856250433647
Calhm2 3.11086467118733 0.867831767238208 0.820964215737622
Tap1 3.11071664049666 0.793798142796721 0.682532254198661
Rasa4 3.10192416055164 0.670576095644743 0.404031418005706
Tgfb1 3.09338009822007 0.786281840525115 0.625663618942371
Myo1b 3.09300590911785 0.28199587047764 -0.0385519506870861
Nfkbie 3.08844162140684 0.719632833116191 0.46868997077144
Tlr6 3.07522378923838 0.841982514544742 0.655673594734025
Relb 3.06441636178606 0.766657307973671 0.72978305145058
Gmfg 3.05832706747774 0.82515510216118 0.722249210575965
Irf9 3.04578774439382 0.82685005571967 0.792342799295709
Pf4 3.01349325306615 0.861931532453197 0.587958817596617
Parp10 2.97936908199409 0.782980618056747 0.680868662453434
Ms4a6c 2.96543700444562 0.747636965550326 0.597711946180952
Irgm2 2.96417128733135 0.740043854384879 0.468471881822807
Nfam1 2.94274990322428 0.819399057321587 0.128283252424105
Hlx 2.9328309125982 0.820794338511337 0.587185588775207
Batf3 2.92404097880954 0.796238433350735 0.47212724263666
Abcd2 2.80795503872046 0.17620177191446 -0.216873079561179
Ptprj 2.80734422698738 0.351679283145819 -0.0143280805111647
Smpdl3b 2.75049207596624 0.671915492823232 0.54742976359056
2510039O18Rik 2.6963069425849 0.565002589051781 0.439343168577718
Myc 2.68332077671363 0.73065199913888 0.726262962699789
Tmod3 2.66367466143477 0.400927198825509 0.035866681651508
Emp3 2.65481934742644 0.801053374564341 0.447145678367188
Mpo 2.64916467221131 0.667908436183292 0.194220221744309
Ifitm3 2.62446231865647 0.400601852895622 -0.118774610174719
Gpr137b-ps|Gpr137b 2.60836385593295 0.537390650190981 0.284212231308955
Tmem168 2.57148062995748 0.477011111411455 0.287647594978816
Parp8 2.56768652070961 0.461896266527957 0.415526260027035
Srpk3 2.55080673092901 0.75253759686075 0.555902866812267
Bicd2 2.54720610728277 0.546336924405447 -0.0815026172651759
Sh3tc1 2.53117792593608 0.74310866261957 0.424871152281964
Sft2d2 2.48999451874936 0.491835576160442 0.0953713888525509
Map3k1 2.4272109603475 0.728112204110716 0.605137627221652
Il21r 2.33865458405453 0.844943310876967 0.716617040540921
Dab2 2.32706525285526 0.477915222789074 0.0145495332023619
Ceacam2|Ceacam1 2.12830876323389 0.599171647117067 0.334261773479832
