Dbh 7.48033020125723 0.882186628672106 0.876078491092503
Sncg 7.12439027003901 0.507942169625119 -0.196091729563374
Ddc 7.10269345852048 0.404482570606598 -0.190253916732872
Calca 6.93489072400233 0.75338807125048 -0.0886140502437149
Th 6.73205122605381 0.499846999206802 -0.0736640727548439
Calcr 6.25004862105229 0.917814171674173 0.887278094504716
Gal 6.22562379703502 0.811965747499934 0.822310603851917
Chodl 6.18379187131231 0.840811569629068 0.0355258543472145
Phox2a 5.69826963015327 0.955638318029502 0.94510030204916
Asb4 5.6183352666133 0.670396042676135 0.566664660310594
Serpinf1 5.55203700841837 0.670865638124437 0.522020046319544
Gch1 5.51971288163612 0.67207242802603 0.0559072527506075
Baiap3 5.29768242405355 0.686414983067047 0.568271055221888
Tfap2b 5.20099679788162 0.697828408671586 0.250437584702301
Gpx3 4.95589959847462 0.642231588905413 0.500248313730448
Ovgp1 4.81598409085048 0.58604842675793 0.604596466442045
AF357355 4.75649455389646 0.0741147930397298 -0.0482119253994241
Susd2 4.64980252369301 0.582710767421486 -0.0786174384700312
Cmbl 4.43242914227894 0.464355817321438 0.258304643328733
Tppp3 4.4158922160291 0.414831719402267 -0.121243206846059
Maoa 4.28137864189805 0.737691599987613 0.846472008765411
Slc6a2 4.08065899207315 0.882496410635983 0.8339713481619
Dlk1 4.01747370718182 0.57996005086876 -0.137473530777177
Ache 3.93851866390822 0.502023294048521 0.0986365149253529
4930550L24Rik 3.92589211757326 0.866091153355953 0.792474737855708
Rbp4 3.91427647480054 0.368408458054467 0.0813043617239465
Stbd1 3.82945083478598 0.717149147717854 0.308133065398868
Ngb 3.78498774731134 0.619731404758684 0.359047564547599
Vat1 3.78321062636322 0.46655051935635 0.300992229818129
Mcub 3.76830864738884 0.562420352275534 -0.136778579786484
Chrna6 3.74206772733997 0.602532515494704 -0.00613557241260514
Cacna2d2 3.59618963026858 -0.149961643236038 -0.126144249947719
Adgre1 3.57417708674268 0.737235669246091 0.713077401542689
Cd24a 3.56263733530084 0.395973936119962 -0.170711286124371
Slc31a1 3.49221535438417 0.643150502936395 0.487057891371847
Cacng5 3.47837640453013 0.487971769715255 0.0985294636761423
Cyb561 3.45898129834161 0.421059095341217 0.465472096844513
Meis2 3.44249583369067 0.113289801417725 0.130877685964599
Asl 3.40484238598964 0.746895350013828 0.799223636070197
Sstr2 3.39996768267563 0.505948787904688 -0.00218187657929106
Fgfr1 3.39768917773903 0.570239070470178 0.140247223278987
Cdhr1 3.39519124179082 0.626852336296412 -0.0460447394133137
Cda 3.39248756589411 0.63185732033805 -0.0525941422350522
Snhg11 3.34904777272807 -0.218341842072939 -0.15731367615382
S100a10 3.33319331943938 0.132018446173152 -0.0491737586085292
Eya2 3.2901202390458 0.823686060114774 0.646337699118398
Oasl2 3.16562278351549 0.727952431775989 0.59565345739592
Gng4 3.13947976532061 0.388229779700951 -0.168160256872013
Tm4sf1 3.03915212162951 0.631123894140613 0.500649531393703
Gstm6 2.87903279749226 0.65862315234131 0.233432913234403
Pmfbp1 2.50111045163533 0.516021588307857 0.00534337099641452
Vasn 2.35717919432054 0.335100806326224 -0.0728705065636527
