Ddc 7.65106798304528 0.391083407773597 -0.270227367809834
Slc6a4 7.30370334795486 0.9019269831353 0.796771930973013
Sncg 6.90756277338203 0.437030019097616 -0.0754332470465241
Gch1 5.91838423142205 0.636348616943778 0.0559072527506075
Fev 5.58153418104516 0.816540972416027 0.726860787994112
Slc22a3 5.23386048819218 0.763470641690914 0.78277914886803
Tac1 5.21578045165273 0.244990294059621 -0.304323276910746
Ttr 4.92387964647556 0.266046704938685 0.0167118335495207
H2-Q1 4.62750086809702 0.833794616918096 0.728577259648078
Ctla2a 4.61726649152531 0.804550061553544 -0.0788893524818673
Klk1b27 4.4953721452261 0.807795630967281 0.174081304766435
Trh 4.14504038580143 0.775692990886417 0.577716984327302
2010204K13Rik 4.08525947740332 0.375997412163618 0.67853760645998
Gata3 4.07351643824402 0.881904480500048 0.136167549413832
Mal2 3.99482978560875 0.222623227142324 -0.11332312061663
Myh7 3.97051663184498 0.215317381801189 -0.101183370532593
Ptger3 3.95653588526178 0.732642806579643 0.361382167655938
Ctla2b|Ctla2a 3.95317819513898 0.809856424576371 0.110890234264813
Gpx3 3.76368897163531 0.478002546540433 0.478137711852709
Cited1 3.76237397597339 0.726551428988144 0.571018228933882
S100a10 3.743171682751 0.154782873363422 -0.0491737586085292
Mal 3.66753746233974 -0.0962052673164102 -0.0558480298057107
Lor 3.44143368221921 0.358954068928618 0.236187230786483
Gata2 3.43430647596142 0.560375306610283 0.147746369541103
Apol9a|Apol9b 3.39519102654869 0.816100369571418 0.629403455732987
Crct1 3.05279741739083 0.866714954606459 0.870679577511321
Myh7|Myh6 2.90357313032114 0.290980812920574 -0.234812206469705
Prr15 2.64536265244665 0.49391378645703 -0.232496829422883
Pcdhac1 2.48387973213785 0.444114835006179 -0.0354801899285509
