Gpr88 6.66745277633736 0.861203811056419 0.831492801585152
Ppp1r1b 5.56689480398315 0.617343458417541 0.715714215741383
Ido1 5.42000796883921 0.88751599442364 0.840458281883777
Pou3f1 5.34825577758107 0.441985024582944 0.164434320230965
Sowaha 5.15860199144545 0.573187313379936 0.120977451165191
Crym 5.134326056406 0.468956955107902 0.0284991373889022
Tac1 5.12328744122493 0.425440656208904 -0.304323276910746
Lpl 5.03128763555619 0.381042487517562 -0.129418679526021
Meis2 5.01263069678172 0.538856501895022 0.2566117229674
Bcl11b 4.90769849247871 0.446533877158829 -0.134259969257438
Lamp5 4.81669473759662 0.409486360423819 0.0906698724776302
Rab40b 4.80400082514886 0.517983895800528 -0.0855850163040695
Itpka 4.68423635948004 0.175321170341759 -0.144823112155094
Ptk2b 4.6075548390108 0.489143055486746 -0.195677472797871
Foxg1 4.48887496582938 0.299752073722218 -0.122651253192478
Pde7b 4.48882716036255 0.749773631411145 0.315211291029215
Kalrn 4.37846141965761 0.122598175582635 -0.193358067196138
Rasd2 4.33415725736898 0.537934247421177 -0.0619758172254164
Gcnt2 4.33008763085332 0.564755569266845 -0.165151578502297
Foxp1 4.32082804866083 0.594979163620842 0.634943218331274
Myo5b 4.28152709158242 0.445332103228032 -0.0758682047218863
Rin1 4.27002175769311 0.678651861775225 0.586490792032821
Ngef 4.1945576059185 0.393993735282379 -0.143889175933284
Tiam2 4.19336523424496 0.597110517253723 0.364054312130763
Penk 4.10372875222783 0.431347904156647 0.00977055495942452
Rarb 4.02819872099298 0.587556366222045 0.101342863210633
Isl1 4.01354227521936 0.628474496064245 -0.186641970814882
Lmo7 3.99617201787878 0.112727405326402 -0.148304007897432
Npas2 3.93313515497227 0.776324223550402 0.760722851063724
Camkv 3.92130514888244 0.459644941352286 0.419534987039207
Pde10a 3.91994414831386 0.77782770784398 0.683965008458666
Rerg 3.91297972132841 0.439712868061189 -0.213945797650828
Pde1b 3.85805298067663 0.678508245938326 0.744279958763795
Myh7 3.84561529917711 0.509572342183238 -0.101183370532593
Coch 3.82605523496844 0.602599811032574 -0.214513209185757
Carhsp1 3.78268314024353 0.397802254027932 0.321049977683974
Foxo1 3.75415003974125 0.661281713852443 0.534632642043074
Prkch 3.67760374558039 0.805751822539784 0.0803299832127456
Dmkn 3.66927612643023 0.794700385062913 0.300702444431553
Gabrd 3.6125756138963 0.427827466399434 -0.230298886805095
Kcnip2 3.5841602423212 0.769094941612409 0.309919493499346
Stk26 3.54741314932525 0.501560624927201 -0.161192512873859
Baiap2 3.53998446495118 0.271687350054863 0.206195546947828
Hpca 3.5165962908428 0.372040605734057 0.539391592599954
Kcnq5 3.51203210895196 0.560846064158532 -0.0269250065277104
Rxrg 3.4977231543821 0.638356655890077 0.456255773524409
B3gnt2 3.47623163070873 0.531795580815723 0.283548690127171
Rgs9 3.47241191447483 0.625777053615347 0.62090955432083
Tpm1 3.45017871297869 0.468309054983728 0.136054568891917
Nrgn 3.36858908349851 0.442293181581442 -0.219814260415861
Rasgrp1 3.36589862450981 0.603434362888052 0.125390266802227
Chst15 3.35963658222617 0.415024900524362 0.125863223613906
Kctd1 3.33542281587974 0.397651869127582 0.158854572200142
Mast3 3.33478458079207 0.50256122428832 0.411034591647841
Tpbg 3.30968402769753 0.580595952960638 0.162771728488756
Arg2 3.01439366071116 0.685647291714447 -0.21287098459576
Homer1 2.99362594651292 0.650214698385173 0.213099478684608
Cacnb2 2.87867982366638 0.548452885611795 0.155634283062915
Rgs20 2.77355664400656 0.647903180456767 0.0922000219529274
Fbxl3 2.68717561026643 0.42380104294065 -0.0276926537312724
