Tac2 6.97120754980493 0.850904446860544 0.374379255560739
Lhx9 5.97039149781111 0.848704605387292 0.638182176651118
Htr5b 5.96152172229311 0.86881748462192 0.722572718464652
Necab3 5.94845871811034 0.791724160623598 0.80243619180916
Syt9 5.77367681689232 0.661894147782684 0.784671065086134
Nppa 5.71276749254243 0.935176819046364 0.897517243881343
Slc18a3 5.6966341216801 0.793368934062864 0.0512011449861028
Irx3 5.6888714964804 0.743650131967064 0.371862345540947
Cytip 5.55165125930338 0.822671030696616 0.804604191735013
Slc17a6 5.54937572615502 0.536611453389422 0.188924315298468
Tnfaip2 5.23787583936016 0.763958818613339 0.416681760667042
Kcnip1 5.0683934452186 0.35202367785703 0.38994090288589
Sncg 5.06207559171781 0.335663609732358 -0.291212797321151
Zic1 5.0274727906287 0.257223032700146 0.119121957297007
Vav3 5.02218300623339 0.562119703028046 0.674241583862361
Mcub 4.8770693211866 0.608999035563503 0.56600105965489
Tcf7l2 4.84034742647659 0.542146794059805 0.194277242204096
Pou3f1 4.72515506337405 0.0760233068806149 -0.321155396045414
Neurod1 4.71049050242902 0.377598495979449 0.266441108511731
Cxcl11 4.66087610192743 0.889139597706962 0.809927493554388
Necab2 4.642485187833 0.46663276502722 0.692902876259648
Irx2 4.55402252652722 0.84370537077803 0.828322794512194
Irx5 4.51592430813211 0.775954327133923 0.656430047289794
Nr4a2 4.48460036700827 0.484710081124363 0.184686994179982
Tyrp1 4.4495408706397 0.875525431305401 0.623631855507399
Chrna3 4.337653223963 0.679508989428072 0.473895235249205
Sostdc1 4.2444673832436 0.782330878148092 0.776372489163073
Copz2 4.18306983327142 0.715964157520872 0.492231343884843
Sh3bgrl2 4.06425219324525 0.655155346668673 0.73590402698537
C130026I21Rik 4.03412022273102 0.894759208424768 0.800429800648379
Synpr 3.93874491773338 0.269782485700939 0.439020754370012
Zic4 3.9168741561746 0.715892712468942 0.666797752496561
Cadps2 3.86559294322344 0.108440444759524 -0.179336564615659
Fzd7 3.8465419043289 0.626316382685352 0.52581007656545
Fgf1 3.77434090003407 0.250395320010832 -0.0817562069362734
Nptx2 3.73679688676459 0.644151621524347 0.399878880933554
Nnat 3.69728934984564 0.219596617472045 -0.102125743604556
Sstr2 3.67881722272443 0.49169407183663 -0.00218187657929106
Tesc 3.6758007607473 0.209823005611462 0.0483555163021386
Kitl 3.61988982120243 0.186115975253821 -0.152521895687301
Prkcq 3.59014585360776 0.593407363219016 0.318290605812471
Cacnb3 3.56747389347723 0.53141626813478 0.564235911058699
Eno3 3.52113844346787 0.703455569093595 0.674460992941735
Myh7 3.5167065555552 0.149620438115946 -0.118291501967537
Map3k6 3.49714881312112 0.787090102708758 0.741703434020968
Lrrc3b 3.47881659998095 0.648536833917378 0.651309816174364
Ctnnbip1 3.45159073363744 0.690134453059335 0.755501288490201
1190005I06Rik|Gm27021 3.39026497547242 0.454840677747512 0.142785304227037
Rab40b 3.32771672554486 0.0953876446647578 -0.0989405077839812
Galm 3.30955751394849 0.671923846225467 0.457561903764111
Tspan12 3.24296817737689 0.44292529576598 0.0815024398858982
2310030G06Rik 3.21038050278699 0.584812750087201 0.0842009612134189
Sema3e 3.19432368407285 0.406588349822031 -0.0837381549221853
Tcf7 3.08767066904116 0.659087345925015 0.602289106377088
Tex15 3.07146140219645 0.729396682671262 0.560744495430885
Ifit1 2.91087331984962 0.692993650190997 0.407946560656619
Spa17 2.79785185451819 0.555681373196059 0.329155820684455
Gpx2|Gpx2-ps1 2.79601202026116 0.730166482718654 0.403843165006389
C1d 2.78801955295644 0.253447859192014 0.352022585193674
Igfbp7 2.6311457957441 0.506298347335764 0.0444693388462567
Chrnb4 2.62517023589438 0.868790416038054 0.776657849442204
Ints3 2.56133213460793 0.551371744003322 0.347848311621577
Pcgf1 2.5200431647161 0.306287113549101 0.147882976255936
