74211
11303
26357
67477
11491
11504
216991
13733
14766
100182
11656
11690
329154
11745
11810
70719
216869
107350
229600
12227
12262
12267
12362
12369
12370
20302
20305
54199
140497
12490
12493
23833
12514
12628
12655
23845
114584
12721
12960
19025
13032
13036
13040
64138
13057
58861
110956
26377
54004
81489
94176
19252
67603
50498
13653
98878
13732
12495
13822
80898
16456
210998
14129
229499
80891
108101
14159
23880
14537
100504486
14594
63986
78816
75612
105348
106512
14824
110006
14961
14972
15001
66775
171285
15163
64209
15439
192232
15936
15939
15979
80719
16164
60504
16194
16197
27056
54396
16414
16439
16477
16598
23849
16768
18826
19039
16859
14792
17084
17087
17096
58805
338467
17533
17698
17921
17948
17951
105855
224109
102644
94212
27355
243771
229534
18591
56744
18686
18689
227696
18707
192654
18783
234779
18950
241274
269823
17872
19128
230257
19224
19264
19271
54354
226594
19696
50778
56470
74030
58809
81910
74131
20397
233186
20469
18173
63959
20540
106878
100127111
219140
20375
66552
225027
70599
192187
20852
70415
16430
20947
21356
21391
21452
21803
21813
21897
142980
217353
66058
22022
76681
94094
22368
56338
22177
74048
67776
78889
11906
