Otx2 7.10632462530532 0.818129255357086 0.662454446938498
Cplx3 6.20553843240845 0.78285293345336 0.613426306638868
Igf1 5.9297471016787 0.470577668387052 0.414831837416758
Gabrr2 5.78730105008517 0.911091916683202 0.826797812078598
Tal1 5.78559977099901 0.858751270398164 0.819133088468522
Chrna6 5.63680913027367 0.653791280673793 -0.00533387981798082
Lmo1 5.58141957658873 0.7274232108063 0.658655064563823
Cdhr1 5.50760720770934 0.740702520917057 0.743688891905923
Reln 5.27780542235617 0.45051842752687 -0.216741474656471
AF357355 5.19460768749094 0.0691286983206127 -0.240148580458453
Tnnt1 5.06116656731844 0.733246177480102 0.44365238776824
Lhx1 4.81906000562226 0.316690654866702 -0.0507878484729269
Pcdh20 4.542575108323 0.510891095073319 0.252085084767508
Amy1 4.40102919774524 0.299986545141004 -0.286885616255903
C1ql3 4.22991696374663 0.34070432135125 0.00871116769391099
Cd24a 4.19256650612246 0.373685546656299 -0.170135171676443
Slc32a1 4.16882901285286 -0.185734417391986 -0.301812724814432
Meis2 4.13872652523208 0.183832785626526 0.256184068309154
Rpp25 4.11395868546336 0.317720818735869 0.0390984957411841
Spon1 4.09054714128032 0.325913168360401 -0.140009929686914
Meg3 4.08307763196241 -0.0173568898609588 -0.463304685009779
Cacna2d2 4.06969946211786 -0.170606460294965 -0.291501696972347
Snhg11 4.02707922474878 -0.203400054424313 -0.321520718403961
Ryr3 3.89408428920237 0.283515942540812 -0.435507450341996
Pdzrn3 3.89321453549189 0.335054770120211 0.310556427311422
Parm1 3.86849772972284 0.166944116960967 -0.134850663538216
Cacna1d 3.84975973060977 0.549483322166679 -0.0801871657359621
Ngef 3.83741306948482 0.159230761861989 -0.119151514517157
Syt9 3.68947565708985 0.443420582831342 0.456599425136944
Nr2f2 3.64385485538016 0.462674195731261 0.287946756849657
Cda 3.63720458085683 0.607977956584094 -0.052112836302413
Frmd5 3.63549505384821 0.460945977495599 0.608418421587227
Ptprt 3.59131446499778 0.510140950216979 -0.018214533902015
Ptn 3.52535015789541 0.201064779773277 -0.072364602098686
Cntnap2 3.41940891407474 0.11961393934493 0.0806848675951915
Baiap3 3.37978614208203 0.423308631907494 -0.209894511075622
Rell1 3.34693799992151 0.333567484199249 -0.190995823409405
Gabrr1 2.77382766679508 0.840393597058153 0.80443516642855
