Hcrt 7.59958516650444 0.926533267469995 0.886618633061112
C1ql3 5.59638597404549 0.481973729044745 0.340395497055292
Cckar 5.51613911862312 0.902477677833339 0.733904949740747
Gpx3 5.39230153375619 0.619237121917277 0.500132144400929
Ttr 5.31607162304606 0.304643266929577 -0.0413763913860483
Lhx9 5.30093623276922 0.841372465211064 0.637741782124294
Trhr 5.15184217078209 0.634866009025883 0.215737868214415
Slc17a6 4.99835047553035 0.517311908404927 0.188721356224852
Nnat 4.95901338584343 0.371899919117613 -0.0225166694623443
Cbln1 4.87036374850386 0.309538271434903 0.121836435304423
Kcna5 4.72181341887078 0.407977022631502 -0.0968628780996447
Avpr1a 4.63225996141609 0.855726209575164 0.713242487042044
Dlk1 4.4661106345259 0.566415600594629 -0.0494929004721158
Nptx2 4.46433969056896 0.728853430488851 0.400993295169029
2010204K13Rik 4.39723667306888 0.473717846297325 0.678638271952234
Ngb 4.37775470004885 0.634394372745438 0.358712792907767
Rrad 4.37741648852141 0.834146964863349 0.0125333018211444
Ddc 4.32415923996599 0.142433732737248 -0.243279418892017
2010005H15Rik 4.30286406685333 0.921106915464324 0.810937754655096
Scg2 4.19340956522402 0.455181670438702 0.627179220780433
Mal 4.17846267485975 -0.0102064286898249 0.0744559884113678
Pdyn 4.15826972979191 0.648646422219083 0.361415315924805
Rspo1 4.01186910886304 0.724059048675496 0.719235183478611
Pcsk1 3.91719655183251 0.608637045538087 0.546384650005398
Nts 3.87064997231614 0.607823552158988 0.429916567269484
Cd24a 3.85981916967604 0.344508302626914 -0.110929827963261
Thbs3 3.72363944741251 0.544686863032724 -0.092406475809085
Hmx2 3.65660267179225 0.824764611779146 0.732135947741389
Rcn1 3.65123122746175 0.184232007163614 0.0198910951975326
Mcub 3.63887760298684 0.517660841038459 -0.137326091606751
Plagl1 3.63754157973509 0.450097530955823 0.464749023633117
Cidea 3.49962746997003 0.624183845572113 -0.200492944096395
Calb2 3.48458779944509 0.289877110788401 0.0318257498013273
Baiap3 3.41675356551053 0.436275331641705 -0.209894511075622
Plp1 3.38933741990797 -0.134720029811997 0.124203377865023
Ghr 3.38273401817292 0.306920262006176 -0.146985696357739
Ptgds 3.36564250888737 0.0888064990696007 -0.144694506057864
Crhr2 3.23582771146629 0.85467163364805 0.718657730512831
Hspb3 3.13217649137362 0.393230701030147 0.139739063122165
Gck 3.07483122837605 0.754385775085555 0.118607591469766
Ntsr1 3.01417666762834 0.515590649446396 -0.138901180715455
