76408
11554
11555
11629
11727
106952
70497
171207
216445
11857
381319
170752
12229
72691
12796
12335
68891
12488
217303
12489
12506
15985
12606
56708
26888
56644
102545
12986
68964
20430
231871
20148
76088
13448
192193
13709
13713
23871
223433
107373
26382
14247
22379
231931
14676
14960
14998
15242
54486
74096
213002
16154
16155
16331
259277
52855
16819
19141
107321
80877
16970
233328
17002
17095
17159
17305
218203
246177
72560
27419
64099
30955
18805
104759
68507
16912
19253
15170
54153
19650
105670
56045
140742
98365
100561
107375
56485
56857
53945
69178
56504
54613
27060
21682
21810
21815
230787
211550
21898
319880
68487
21938
83433
217333
74153
54445
69922
