54673
12655
16430
27056
192232
14594
210998
94212
170791
26377
57259
58805
20397
26401
21356
12514
66552
329154
228839
54396
18783
15163
63986
80281
64209
21452
16197
233186
81910
16477
80898
20375
12752
94094
14961
100182
230257
14159
140497
18591
14129
14537
16164
16414
22022
23880
70719
58861
60504
27355
21391
17948
12721
67776
20305
17096
13036
216991
16768
21803
64138
234779
17951
50498
338467
14824
19025
23845
229499
106512
110006
171285
12628
98878
67477
227612
76681
16194
56744
20469
226594
12267
17921
12633
269823
74131
224109
227696
20852
100127111
216869
18173
17533
12493
225027
19224
107350
74030
16859
192654
54353
12960
66775
80719
114584
12490
94176
12495
78816
17872
217353
20540
13057
19696
74211
54354
14972
17087
21897
67220
23833
12370
243771
12362
19128
17698
192187
15979
15001
14231
16456
