Aqp4 8.64126763904905 0.804178703262667 0.883821070039165
Slc1a3 8.39024158630397 0.819808060585115 0.807227800093745
Gja1 8.1806016296078 0.499236621965548 0.552614598890637
Vcam1 8.16985053860619 0.743995452575316 0.735209874280494
Mlc1 8.05048338071295 0.80688610915424 0.825176295642938
Apoe 7.65836684012666 0.554194196991131 0.666250258051978
Bcan 7.6157755026956 0.725278782518459 0.74587796908394
Slco1c1 7.57082577961044 0.887021101584668 0.872970173978193
Dio2 7.55000926688073 0.771391694350952 0.787741905742206
Fabp7 7.5310757471574 0.571398989648299 0.176965330793772
Atp1a2 7.47844641897392 0.734457750162788 0.869568149772906
Timp4 7.43018268784423 0.624593433227033 0.323149282830749
F3 7.35223496469032 0.79940804579211 0.722398737542403
Plpp3 7.23015009614976 0.665438850681333 0.811409116318443
Olig1 7.20261490622098 0.320712854005789 0.743564193649587
Slc15a2 7.17088274369552 0.799398768589788 0.880505351339295
Gjb6 7.15802148458847 0.784621248270006 0.734174711121178
Tril 6.78278757284205 0.806679905702903 0.805661431824548
Ntsr2 6.69927710707137 0.802985734622085 0.728514178056241
Fgfr3 6.68810086235685 0.852029173156142 0.802643436225161
Acsbg1 6.66799403194695 0.875106455423164 0.847992649544217
Scara3 6.6575441002595 0.808606382432719 0.78826019010128
Pon2 6.63648708989566 0.609102885004512 0.558964520074876
Mertk 6.608534809946 0.838850073796567 0.023616097947432
Cyp2j9 6.46746398086672 0.772849252384459 0.715988047172526
Qk 6.44869964964504 0.283604002289634 -0.0705133172709727
AI464131 6.44623970112087 0.905319895821563 0.873111388533711
Aldh1l1 6.4110872425982 0.832387047365829 0.846832595979502
Pla2g7 6.39301083554487 0.798633362707456 0.766755016443729
Itih5 6.262861612853 0.712623479371882 0.761088167317219
Gpr37l1 6.20887351712053 0.694400174410028 0.732762038858991
Kcnj10 6.19674837711039 0.591807168669818 0.458807731675594
Cyp4f15 6.19078096021609 0.895533476927508 0.878377883474663
Htra1 6.15611090147327 0.573960305823716 0.6221943064331
Ezr 6.14969630181671 0.85683082201415 0.88054974450058
Igfbp2 6.12829427506682 0.813595957924131 0.408008926758902
Tlcd1 6.12542638688921 0.839135535849662 0.744261110495016
Zfp36l1 6.08791292633285 0.546192051323135 0.240028076920446
Adhfe1 6.0814891487493 0.798968732063225 0.712392385421288
Slc7a10 6.07991710116876 0.882892854270608 0.851797101965907
Itih3 6.07959613503502 0.662537988561867 0.183031662938551
Tnfrsf19 6.07752397574139 0.840040536079517 0.883137539903969
Slc9a3r1 6.05646206961747 0.686844416756758 0.645781696983549
Eva1a 6.00974625271506 0.822179971112161 0.738089793192592
Tlr3 6.00772532958121 0.837326779040445 0.858371459801115
Elovl2 5.99527039230892 0.839723083828941 0.869360761140378
Xist 5.99042312985758 0.68138235555644 0.043416087245151
Cxcl14 5.97177351825064 0.481281198730061 0.0103941846813673
Grin2c 5.96471749609362 0.905407240138326 0.865208096206704
Fzd2 5.91156533694651 0.827392002917179 0.80244136315242
Mgst1 5.90871389807676 0.660302643526326 0.570170569396731
Glul 5.88617099611267 0.564447023482153 0.48517509232173
Aldh1a1 5.8834523645776 0.598648921794629 0.0767382696853988
Reep3 5.88068635537415 0.442904328265845 0.158091132025556
Mfge8 5.87070244926333 0.760141447358973 0.776453128209076
Gpm6b 5.85883372798879 0.286978681193721 0.258611553379201
Car8 5.85606678107124 0.694585222063751 0.14790114510697
Cldn10 5.85469146398933 0.86761302861231 0.725824710776182
Cth 5.79840980905188 0.818696456949922 0.815472595985684
Pbxip1 5.78909269592137 0.859277629907952 0.721219446308713
Pmp22 5.75031135588154 0.550657968252771 0.0997175273333405
Pdgfrb 5.74576831422157 0.826792572764571 0.636893657187606
Pnp|Pnp2 5.7212136560763 0.541582686123227 0.716726873651538
Acss1 5.71604107734174 0.738898058571664 0.681042353164821
Slc13a3 5.71591678792404 0.589846360357695 -0.193296634448231
Lrig1 5.71409411567228 0.673121281617532 0.721321276861712
Wwtr1 5.69772681772326 0.747885247119153 0.756883370360999
Il33 5.68157555857518 0.502839805921215 0.108539584370652
Itgb5 5.64569085228215 0.685455034710542 0.734332201174804
Psat1 5.63187560291577 0.35645050265329 0.0988967160612217
Crot 5.62515846390507 0.650411885675627 0.598034748457258
Zfp36l2 5.58419258445048 0.658210871550611 -0.0438182143146671
Cyp2d22 5.57395627164404 0.875559390360189 0.859159500184344
Smpdl3a 5.57240943468452 0.787723860078123 0.856410920592703
Cyr61 5.5417759494599 0.869820454713869 0.646597658350378
Stxbp3 5.5202506357292 0.379622470627999 -0.063703697063534
Scrg1 5.50964209789246 0.611021986801777 0.111733237102384
Slc1a2 5.43446409774687 0.781608864900262 0.715675036156712
Ttpa 5.4300879847005 0.850482617894393 0.772369804703734
Rlbp1 5.42868940023211 0.665219749291245 0.15172412401797
S1pr1 5.42290376205012 0.853981003897025 0.758084570794129
Prodh 5.41919664617183 0.893239063229476 0.848381221215723
Lhx2 5.40114627425147 0.64634500030507 0.610056775433524
Slc14a1 5.38778628836288 0.911683906118037 0.814784058229655
Myo6 5.3862940060603 0.750246161783061 0.540338316099749
Id4 5.38204484456214 0.204780405229397 0.51011396077996
Gldc 5.37550708563543 0.848967128541961 0.734069209013029
Selenop 5.37059993134869 0.436937639099452 -0.0299910695984123
Cyp4f14 5.35481646457429 0.892391678438462 0.85868424702626
Emp2 5.35438491863424 0.880388058754435 0.787876484735138
Selenbp1|Selenbp2 5.34437821632977 0.663352686772423 0.74627378192125
Hes5 5.34364766948068 0.395762203606445 0.269068118860258
Tmbim1 5.33530318453292 0.513926150579935 -0.0108646029168858
Notch2 5.30434007844548 0.559837938960003 -0.0435635125582493
Pdk4 5.28380629349668 0.737957149099511 0.598105321891196
Ccdc80 5.23163817248905 0.808820166222973 0.844672086934089
S100b 5.23004395106984 0.403728434032477 0.124959396958816
Tnfaip8 5.19593172271106 0.629497728333899 -0.0685184420173606
Ctsc 5.17918748020166 0.609003303851208 -0.0406570279861941
Cyp7b1 5.14565292914291 0.718680804455924 0.648095119858015
Scd1 5.14428454512931 0.627022697006974 0.363425028609129
Stk17b 5.13730154458381 0.705043257688742 -0.0324488707098534
Lcat 5.1324917436529 0.89323810902423 0.8586288051589
Cd38 5.10832707402372 0.899452257942453 0.780459374967831
Oaf 5.10709644201162 0.802331395366759 0.798924010593506
Ppp1r3c 5.08774887057786 0.731164074836771 0.735501062017654
Sept8 5.08610706806816 0.665925903514172 0.25469801136639
Abhd3 5.08094820400328 0.583167582415762 0.814921285035687
Phkg1 5.05833676117211 0.896194444234321 0.813472871204969
Cd9 5.05709501673106 0.502479339650811 0.16487589387695
Gabrg1 5.02620414382844 0.716535680173693 0.757034371575311
Notch1 5.01499666918264 0.813206479400078 0.764811788641146
Prom1 5.01483140737109 0.605621721661015 0.27979622418856
Itga6 5.01020816752461 0.789465783840924 -0.12839271730186
Id3 5.00788740681314 0.604601499014641 0.181799658607114
Cpq 4.95789437811479 0.720683986016059 0.802976538303522
Timp3 4.92460411002998 0.685035150471219 -0.0727266972251775
Egfr 4.91580865178853 0.91489590016493 0.826384440304259
Ssfa2 4.91459515768387 0.697009111672746 0.159445505663991
Zfyve21 4.8985220446672 0.450741125360382 0.357722147528674
Axl 4.89606259944142 0.887163183197551 0.806905573283577
Fermt2 4.86980395552155 0.585522738621683 0.811227120619852
Gstk1 4.86979261467922 0.609788263395479 0.615561965897978
Slc38a3 4.8628113096602 0.811913822649995 0.859044145854097
Fgf1 4.86002028947546 0.562170934021393 0.571689145177176
Klf4 4.85681370750151 0.61718173063338 0.0719685530119964
Slc1a4 4.8374144280724 0.707658874744222 0.724861120399362
Msmo1 4.81086521549747 0.629647651020955 0.409538333554596
Soat1 4.80980185853838 0.730581903323814 0.306291326413034
Cebpd 4.80074584500653 0.513544940430312 -0.169468632266885
Adgrg1 4.78932656929852 0.802580377048217 0.382063240950214
Abca1 4.78342946460374 0.71027284099969 0.131832799862662
Tmem100 4.77563906974968 0.66370748987415 0.0977067168494742
Asrgl1 4.77378470628524 0.574972897921388 0.287757514664353
Igfbp5 4.76098647825731 0.613609615639007 -0.109309852495751
Pdlim4 4.75599823142977 0.725655513851322 -0.107626616301089
Itpr2 4.73827752681523 0.70922479869946 0.125989773983375
Papss2 4.73111699566609 0.82870076625861 0.734481894347144
Pttg1ip 4.72579399232314 0.474369335783208 0.0558812596933961
Tjp2 4.72354285170445 0.572949784066773 0.297222025537208
Btbd17 4.70819947374455 0.86269245862257 0.848505534586669
Car2 4.69948612392362 0.453359296262538 0.0011712971800959
Acadl 4.69922031744755 0.486224201801468 0.730104736038682
Antxr1 4.69213303157842 0.711528151621636 0.819471457279681
Rapgef3 4.68819524803744 0.527590706470676 0.334656524905923
Ptprz1 4.68787515053175 0.71995661746186 0.818840419617863
Pdlim5 4.67570824080593 0.647275845303284 0.688432379194045
Pnp 4.64731993905467 0.610186662888961 0.710310418535471
Gna13 4.64610875992732 0.612639272638657 0.366104904727677
Elovl5 4.64126395351158 0.660704756894555 0.567131741370515
Nat8f4 4.63326532797013 0.792963102558584 0.7743439980923
Ttyh1 4.61406693337325 0.425288788064355 0.276370800650606
Cbs 4.59123168389602 0.885470410522919 0.872131668726798
Ntrk2 4.5864321035402 0.771269052204889 0.728654270938923
Hapln1 4.58237957549142 0.785591608388831 0.758786598523242
Prdx6 4.57964340667104 0.693341212331913 0.656137061832776
Galnt4 4.57356107571474 0.78158021478938 -0.0862625467877269
Trps1 4.5625882131538 0.519679096526411 0.597270325621286
Sparc 4.54656231639546 0.54947392112017 0.166158493939533
Ndrg2 4.52823858685763 0.597680681047764 0.507898133513764
Gpr37 4.52314470732633 0.398626052991308 0.340074477451517
Ptch1 4.51108366478745 0.335429479695168 0.452637112330549
Gpld1 4.50348218592281 0.812757453828874 0.808615650369874
Fads2 4.49921589867561 0.853772399659794 0.846335873009285
Sat1 4.49083285045807 0.584756863581703 0.00482646491164861
Hsd11b1 4.47753582396791 0.744458091847435 0.869453092042612
Col4a5 4.47099081045815 0.93037296941222 0.871915378731249
Mical1 4.45547636037801 0.666544958207969 0.015332084133546
Gprc5b 4.45080154107715 0.499326257073957 0.620257056505149
Fam181b 4.44774362457314 0.720700019747461 0.512384561825193
Lmcd1 4.4476592636611 0.802980551914688 0.549617195775667
Gstm1 4.44170309575595 0.668750666815303 0.549499653273446
Gpx8 4.43182813488597 0.668518622654689 0.406774942759366
Gng12 4.42549434362993 0.502251366362691 -0.00906727997896324
Fjx1 4.3729990254561 0.742289416488847 0.851117113088873
Nrarp 4.37287192369046 0.757595495327838 0.482462120109468
Add3 4.37058311365719 0.721030110494381 0.705446716413169
Ndp 4.36616406449085 0.776211954240777 0.631657444709025
Nfe2l2 4.35123039677543 0.571852260662937 0.225358170373499
Slc4a4 4.34939169069872 0.426565741303997 0.105251710085741
Zfp521 4.34787615379011 0.167168322739109 0.241598383944534
Lamp2 4.34655365533495 0.501235914326256 0.127384404431192
Appl2 4.33983783723128 0.64554701885945 0.830255237379739
Nde1 4.33814564840418 0.576395092953404 0.0725989889595206
Smox 4.33361555768268 0.528617319706636 0.497026410068514
Jam2 4.32167204519176 0.647515633612695 0.57417974918007
Cyp4v3 4.31819078552513 0.725237449984446 0.610527089597412
Gdf10 4.3127992783297 0.771408201143735 0.726656889281558
Rftn2 4.31022391453465 0.7531583041893 0.580449122026446
Slc6a1 4.3058226542195 0.209245164672388 0.454985532593999
Efhd1 4.30347513323764 0.499063557162402 0.388459360248184
Dtna 4.28750099821433 0.726808657863879 0.725163604625802
Phka1 4.28459752594629 0.703537616354176 0.875052914472279
Slc12a4 4.27662307331891 0.776478941201046 0.703454226373437
Kif1c 4.27117507146905 0.644432181161758 0.589237223777541
Amot 4.24802003038153 0.808489837418997 0.846600305639793
Aldh6a1 4.24512570251399 0.621990173875168 0.766679105945631
Tmem51 4.23264540746995 0.802049759108775 0.657131822864043
Dock1 4.23004043618939 0.623074925037301 0.699517549977258
Nhsl1 4.22781661165688 0.676551210734251 0.231162309736708
Hadh 4.22751236880392 0.443644515734842 0.0906209328632393
Cdc42ep4 4.21815590280551 0.640397239762481 0.606510599114349
Oplah 4.21672439446282 0.820784698000763 0.854521077482375
Atp1b2 4.20990742971494 0.654807805496316 0.7656635668771
Tgfb2 4.20937798903724 0.602832428854936 -0.179238114242052
Selenbp1|Selenbp2 4.19912965108175 0.750466888586015 0.798132328001599
Plp1 4.19464156607194 -0.183981042919916 -0.132901290674533
Fmo1 4.17273786822423 0.731255613907741 0.761278171581336
Cyp2j6 4.17261755343913 0.604555564774963 0.221059383223496
Entpd2 4.13857981749335 0.801623422186817 0.863252696544903
Gas1 4.1176753986804 0.633565185191447 0.433439958017736
Clu 4.11571506541815 0.76254394361127 0.779868403562126
Gli2 4.10724157967662 0.81406556525879 0.72795955169067
Mmd2 4.09020775849144 0.411967440266897 0.523779668369458
Heph 4.08872775577578 0.92647968371619 0.864165013509311
Wnt7a 4.08041543772033 0.633654907828313 0.317609078262231
Mt2 4.07930007244064 0.636803608168256 0.308103218933042
Kctd5 4.07153909732554 0.622450207732222 0.539004667372079
Fxyd1 4.06795636429287 0.770905282262032 0.660393183845603
Prkd1 4.06608605311409 0.604080874099652 0.678488085136365
Txnip 4.05782595319493 0.689368926753113 0.160431284036039
Srebf1 4.04165020038342 0.716227524342537 0.827070901119556
Fkbp10 4.04160645395645 0.90753759275549 0.899340472499319
Mmp14 4.03404541159462 0.790624192124273 0.650674483266838
Lgi4 4.0301610538005 0.911480520304872 0.841551906223464
Fgfrl1 4.02512366695744 0.772224034830828 0.592215900748409
Lpp 4.02291264411956 0.855185430301554 0.688921781759529
Thrsp 4.02110807342759 0.455645231959208 0.486202749725675
Acsl6 4.02069028339824 0.69800256533917 0.82995352342455
Pnpla7 4.01895343421617 0.778957363657373 0.454028729854378
Myo10 4.00901474651223 0.800907742679355 0.648946417759912
Agl 4.00478105140207 0.711321999219453 0.561137590583546
Ptpn13 4.00078612045283 0.703812140891347 0.427017109987406
Sox6 3.994451510973 0.311387460660112 0.0491693500507052
Sdc4 3.98445047687845 0.788431680160564 0.757350529451156
Lrp4 3.9606554809783 0.789618156409541 0.804586806816943
Chpt1 3.95486074856957 0.440414674756789 -0.00373337207525442
Il18 3.95425988075811 0.540869233984735 0.646414306435096
Sox9 3.9529147936551 0.848992957649184 0.799955883510962
Ppic 3.95100255849764 0.802129594534388 0.171371264468284
Rab31 3.9333913364254 0.416754151589708 0.236261379575026
Klf15 3.92766273244507 0.695627198478956 0.617413540250173
Hnrnpa2b1 3.92037827637419 0.659193795028843 0.0245561234797803
Prkd3 3.90474483261578 0.454285817628716 0.00197881544447344
Suclg2 3.89985513654341 0.736209978677214 0.160146644714179
Tspan7 3.89551103497481 0.308625159201793 0.0618357945199082
Pdzph1 3.89155228367874 0.836409155819195 0.682707232270952
Glud1 3.89082749961453 0.569643445009873 0.51467250786931
Cbr3 3.88572138203688 0.224233811234743 0.0875122571878651
Ptn 3.88554606228542 0.301761898777926 0.207495136778193
Cmtm3 3.88512608213632 0.718192667392588 0.351183426865033
Gab1 3.87891333875005 0.360721087700884 -0.130451116307365
Acaa2 3.87470806829002 0.771024311183207 0.827983316342964
Smo 3.86940996144973 0.675760672922908 0.413257042442724
Vcl 3.85973924165409 0.661011147605885 0.834585429554095
Smpd2 3.85215527906144 0.691761898712219 0.795710071452218
Aox1 3.8347158212257 0.881906496774583 0.594015358740956
Asph 3.83435005744809 0.674982082315667 0.204044268100301
Eps8 3.83048012120273 0.518314616334976 0.274613735734297
Ednrb 3.8206294675529 0.794866215629136 0.520275299017579
Sash1 3.80772634534087 0.637876887497234 0.787113228992318
Cnn3 3.80275936311726 0.442556718356931 0.409700713238245
Dennd4c 3.80067487419948 0.619967306229398 0.51063246644156
Plekhb1 3.78986242331071 0.413627021050542 0.542035858310577
Adamts1 3.78757506346595 0.651912065416804 0.650432703055696
Smim3 3.78666962498991 0.663498700530488 -0.139425537719329
Slc41a1 3.78320841697146 0.747593220964742 0.753069352552747
Vegfa 3.78107838489766 0.811447418111647 0.607079000034606
Slc16a1 3.77572165128404 0.61054755461274 0.257896081475917
Adam17 3.77459949660672 0.57688036678578 0.393438399123837
Pdgfc 3.75995009394702 0.492210293905782 0.299537482334282
Sox2 3.75260126664585 0.419631971820633 0.256502273046404
Prelp 3.73262425012672 0.841710613462815 -0.0474584875481167
Rhbdf1 3.72834633070907 0.707788699957986 0.744269208313966
Hmgn5 3.7253463932898 0.502019328006885 0.248422389355363
Lin7c 3.72525814544823 -0.0551982334385301 -0.199951173960924
Celsr1 3.72413299502658 0.817529903043289 0.717395156919389
Lpcat3 3.72284605774836 0.65859938534968 0.368487033446007
Pygb 3.7112461917219 0.770992635061932 0.852836329605245
Fgfr2 3.71123240841141 0.582539573407107 0.223740682976029
Sorcs2 3.71018469195442 0.590643228762656 0.686569156062721
Cspg5 3.70296243664222 0.711005871729181 0.593614008319116
Dmd 3.69258822580375 0.614663257130949 0.522318684628841
Aass 3.69112004826066 0.904006713927242 0.804387807125301
Hmgcs1 3.6853315658423 0.249619409045975 0.0170396262840565
Aldoc 3.68401822429844 0.489358587698721 0.520275377811629
Pygm 3.67677484236736 0.8228198025102 0.592380656656871
Serhl 3.67355729618356 0.718083531732182 0.722488501301625
Sema4a 3.6671291334674 0.63225207761082 0.0266948293765165
Kcnn2 3.65903324864269 0.618583613420265 0.0867772902477134
Retsat 3.65757720344358 0.768441391042676 0.735759756138319
Bcar3 3.6490935470165 0.489990384957492 0.645678273734834
Hspa1b 3.62934861328238 0.391200262283971 -0.0301625181974289
Itga7 3.62272174114319 0.796107609165597 0.548697910107461
Npc1 3.62107221504051 0.424007915719687 0.0828032224635201
Trib2 3.61982714121148 0.167462192912694 0.0666678074662915
Agt 3.61686981972587 0.870512662681174 0.641593791047381
Naaa 3.61217592829282 0.786796565862801 0.692796287597442
Idi1 3.60708603911306 0.262704883278509 0.00987942994435621
Fam107b 3.60519465492029 0.30735536455079 -0.101387023034235
Mdk 3.59815415923019 0.70174673550948 0.286298450696837
Mid1ip1 3.59479972752878 0.506811974386402 0.492116023463846
Tmem176a 3.58642445660908 0.5151258181849 0.146756297097563
Ptger4 3.58614762431479 0.410509310325588 -0.098625333861336
Rb1 3.57977820666877 0.600554489466308 0.550419835002768
4931406C07Rik 3.57923348154578 0.632269432623754 0.680251032955164
Lap3 3.57734932293861 0.583972185965915 0.425547228330468
Pax6 3.57530684892083 0.815661569868105 0.744010544387134
Sox21 3.57164456654291 0.728351702954188 0.428857404995959
Metrn 3.57007743723599 0.726707946444245 0.304457197700496
S100a1 3.56561692028918 0.522091643453012 0.0430599170682172
2810459M11Rik 3.54647533025661 0.726234554530574 0.318675143349665
Ephx2 3.53058990000307 0.782433142319235 0.759359393806488
Tmem176b 3.52792323495989 0.369997858031367 0.233439083725372
Rdx 3.52681392791338 0.365289412742899 -0.00655802119605196
Hus1 3.51301161035998 0.572647636664459 0.244543976040966
Fcgrt 3.50503752791489 0.751759299414915 -0.0875450334054097
Cat 3.49635557207899 0.430145616940743 0.288547233255706
Inhbb 3.48681870084057 0.650369426196579 0.321901698292856
Tpp1 3.48660036858745 0.661818554899162 -0.0828923534634569
Ppara 3.48144520921928 0.871602595350417 0.79916449531982
Cpne3 3.48070872914343 0.598073029251052 0.093496179477393
Serpine2 3.47897439284808 0.103414709568531 0.317821031683215
Acot1 3.47697781297499 0.498005599054877 -0.061021936594642
S100a16 3.47496745005913 0.556616775437691 0.146090766335559
Tulp3 3.47060165088123 0.740918085022852 0.701142632440748
Gng5 3.46888509326088 0.102197265334963 -0.212985607774519
Scg3 3.46506125961301 0.593373133660103 0.84043009825388
Idh2 3.46061108407503 0.697430808337533 0.203860733438702
Mfrp|C1qtnf5 3.45660460766261 0.71057287787071 0.76044648223801
Hacd2 3.45451427002117 0.700811747573849 0.733421499657462
Cyp51 3.45199756487515 0.588593772415394 0.296820502928389
Nat8f1 3.45133175471813 0.751803297884157 0.668275310030125
Limd1 3.44841158026708 0.50164191639874 -0.00496372206016886
Abhd4 3.43945943466849 0.321460468773011 0.367684264434088
Lrrc58 3.43287391567378 0.505835669143087 0.586986980019859
Plod1 3.42787407826034 0.583109077658254 -0.179184726275109
Nkain4 3.42782251334362 0.703001824845431 0.57779170699844
Rdh5 3.42686965557792 0.836490816062059 0.737280952718919
Tmem47 3.4184597849 0.63900421013792 0.733873812325582
Ghr 3.40925895839999 0.68237610787603 0.458505211734576
Ncan 3.40844086485299 0.656950040951672 0.692532136782164
Dusp1 3.40806666052851 0.639713477252662 0.348690815171587
Spred1 3.40631132405299 -0.0187984651731458 0.15914159797811
Fgd6 3.39846426935337 0.865448857557958 0.738487421669635
Sppl2a 3.39611087417211 0.295841268273839 0.0731040658630249
Dhcr7 3.39160625513381 0.618354433464624 0.204374559494887
Mdfic 3.38386336063052 0.443696590901208 -0.150090868982357
1190005I06Rik|Gm27021 3.38329044867031 0.403549337361205 0.193757943865992
Carmil1 3.38191850187653 0.644461268091725 0.508927099122729
Gpt2 3.37727913070269 0.168514038721424 0.154270668894739
Epb41l2 3.35399535523452 0.542948760296384 0.344604669055416
Itgav 3.34960516259124 0.602762548748352 0.753446233044037
Lamb2 3.34739796943546 0.794142918136791 0.771344664729871
Pdpn 3.3459789111147 0.645612131018818 0.404509544599853
Fads1 3.33830965461748 0.772767721348364 0.75854047458039
Neat1 3.29726076048138 0.695381274120887 0.0355468293990659
Gfap 3.26167477607424 0.751096448264669 0.399231703763599
Tor3a 3.2017011345374 0.796715584304941 -0.189135329545833
Prrx1 3.18578796439728 0.544515274505386 -0.128421303379181
Rgs5 3.18002774855365 0.535746120582257 0.147053751097055
Tnc 3.1646603184124 0.809062919203671 0.443327632380175
Hmgcr 3.10713218413591 0.453955091065238 0.202677882887582
Elavl1 3.08522804193958 0.130219402534412 -0.190590295852722
Ginm1 3.06568109809297 0.589357886385817 0.557921794398666
Tfcp2l1 3.06037734965668 0.837821955204684 0.647125827505079
Ddhd1 3.03198162237003 0.501662083537091 0.409866578160806
Swap70 3.00231974562027 0.721176591625374 0.199442355226874
Slc31a1 2.96021352276736 0.542733820411571 0.388870270484881
Trim37 2.9027396769055 -0.0217485063028751 -0.0964647879435324
Plin3 2.88885767528099 0.593630460067997 0.141174485943632
Arhgap18 2.85460216894308 0.739575119976937 -0.161090717500903
Rbl2 2.8499733516887 0.0633956095804581 0.0805350184552021
Hsdl2 2.83359410016782 0.412016097090402 0.184827703275762
Fzd4 2.80936528238563 0.750069088141694 0.546550058082081
Rnft1 2.80718636032469 0.564746705082682 0.481394681193859
Gdpd2 2.77670653206309 0.854986683716218 0.655349626247464
Rorb 2.77007855841077 0.773596419004772 0.697915167583748
Mvd 2.67378580973657 0.541240062962368 0.131634895373808
Tst 2.66527703731754 0.721129347466537 0.453757112171753
Prkcdbp 2.66314045826119 0.506840267961756 -0.149700097834401
A2m 2.65855248510672 0.862070165104875 0.634237605016387
Aldh1a7 2.60960544818754 0.641352542929716 -0.202290277901214
Vav3 2.47919265135447 0.421381883459883 -0.174890732082865
Lppos 2.47606452624198 0.750981518880092 0.580593616058742
Ikbip 2.4614612928146 0.563476615607005 0.427859763115767
Pou3f4 2.38971760322485 0.347463326467467 0.165174287022345
