Tac1 5.85797798923384 0.114657852530403 -0.0894677807098644
Pvalb 5.7938715015205 0.787215210902826 0.619936824930992
Col19a1 5.25588828930541 0.628875901403949 0.202486171773728
Slc32a1 5.25211536457948 0.0211814681987177 0.241444915371024
Rbp4 5.15800778988359 0.646132590609348 0.418817165910828
Lhx6 4.90397880096501 0.575144715236084 0.0960352067556162
Grik1 4.61242361170353 0.509367611173568 -0.138382231477089
Arx 4.43310857563961 0.300310595682891 -0.103820208069192
Gabrd 4.39608831484592 0.117595747033644 -0.0014114830556331
Cacna2d2 4.36576641996951 0.270711985327876 0.0306432685547881
Cntnap4 4.13431937636582 0.620686005329264 0.408442330208582
Lpl 4.12561384077045 0.140781863703317 0.065787982903064
Cox6a2 4.06314945443361 0.775780466682753 0.779020649180018
Sox6 3.87099848866932 0.355031996506872 0.0930396555973382
Slc6a1 3.80531088020465 0.168220493672431 0.296044871602133
Moxd1 3.72932262423656 0.600127212118044 0.084220589498554
Prss23 3.65820937152947 0.475505350420585 0.314205887426042
Satb1 3.64800829259644 0.484441549398942 0.261251651057742
Kcnh2 3.62780236933528 0.557617098704406 0.114258381067333
Phlda1 3.60601912442446 0.395707189699089 0.40076148897499
Cntnap2 3.59817848866031 0.315419822374256 0.235125881480293
Parm1 3.56756622783992 0.434563823495401 -0.0122607524069377
Kcnip1 3.55613167884519 0.431427736310955 -0.143104468973202
Pip5kl1 3.52095131954913 0.817196265715284 0.624151078347774
Lgals1 3.49376344211732 0.447504999306392 0.117365002222774
Rpp25 3.47344760004635 0.114165129614763 0.0228960899807073
Npy 3.46304280394323 0.400926408013152 0.2932357035054
St8sia4 3.40191769299865 0.498363008366566 0.252233190010623
Spsb4 3.36692184162423 0.471898971981678 0.280040304301616
Cenpa 3.01464612058362 0.623843394228124 0.289154844155123
Dusp10 2.65914046629954 0.486524197947486 0.267141603820413
Cps1 2.56919484396561 0.629191373795076 0.392140208493385
Adamts15 2.47796556424819 0.749689347833837 0.711898572240933
