Grp 6.83642252773687 0.700144886591727 0.327646699031451
Lypd1 4.54766198787167 0.495878742399045 0.550408251940578
Tshz2 4.485052303788 0.802156731853836 0.833475644715817
Kctd4 4.42873255424062 0.402514807142271 0.32080102502198
Itpka 4.34753198118548 -0.143408972635457 -0.0811918457486894
C1ql3 4.28445382207924 0.205890375712125 0.326180104868777
Rprm 4.09127331770911 0.512511388734434 0.368855170570888
Nov 3.99343594155548 0.232545329133076 0.0792066894767729
Bhlhe22 3.97505857543302 0.319488933629637 -0.167390134551935
Abi3bp 3.9038131576885 0.687180723508873 0.660225321242547
Ldb2 3.75928302614117 0.354289736569965 0.0104945044636903
Myh7 3.57112302414418 -0.0713940026572922 -0.0930867084056542
Slc17a6 3.24235996209016 0.443760889503435 0.139133238186757
Prkg2 2.93529024869154 0.320465485890951 -0.0871698980599762
