Pou3f1 5.23592627296861 -0.163581259434547 -0.24647156787623
Neurod6 4.92886146119493 0.425812822677772 0.253445741350859
Lamp5 4.87343026633987 -0.00684256393449827 0.269436514653406
Olig1 4.63239367557776 -0.16278482562663 0.161577765086016
Plp1 4.6194694248184 -0.20049556458815 -0.123103324819018
C1ql3 4.33868930959601 0.21224643334323 -0.138340817153857
Bhlhe22 4.30747666996319 0.3623915558118 0.226429076432748
Sox17 4.28390165689573 0.883794306231754 0.8379530588073
Nov 4.27403290294972 0.272267336160904 0.17370321151903
Gja1 4.26684562423683 -0.064914522026155 -0.00440946182679885
Mbp 4.14914538035722 -0.301995901557389 -0.233014830496379
Itpka 4.14195561341991 -0.180467222361551 -0.162161574618485
Krt12 4.00719622039096 0.351840536468955 0.2087525183719
Tsen15 3.87951929979452 0.806949092930835 0.701716037652566
Egr2 3.60750772497666 0.228155159479931 0.279128547858041
Kalrn 3.47227920927226 -0.0108362441652958 0.399877908452726
Tiam2 3.47056523926676 0.101973781821973 0.269471023695831
Rgs4 3.39608129050754 0.0901383369140002 -0.134169439521298
Myl4 3.38335238629195 0.638169006104719 0.121221899360205
Xrcc4 2.69615108525397 -0.0735337032103861 -0.0276830701595662
Mtmr6 2.54172234203639 -0.0361567203661655 -0.0315506187658927
Stk39 2.2484465179991 -0.0455681522627885 -0.194668188425922
