Ptprc 6.80149728486763 0.862270563706505 0.750345321607988
C1ql3 6.35649848359711 0.445425622168659 0.310807841109627
Grp 6.101366075719 0.668628748209496 -0.0992189738712925
Nov 5.52938262010011 0.388909597090359 0.262766894016509
Rspo2 4.74837659773212 0.417185913822772 0.132477618560578
Ifi205|Mndal|Ifi211 4.48788856452694 0.871363710339915 0.452286048339696
Mndal 4.11033947930274 0.859336042535686 0.402860512778547
Itpka 4.05775596951418 -0.189526284289855 -0.168119961585375
Ldb2 4.00356723607737 0.393563616785996 -0.105150451101939
Glipr1 3.90558133173964 0.756046774917089 0.341338997260071
Pcdh20 3.89829501846608 0.441987394044838 0.262829877396478
Cck 3.80312578129718 0.182667602836186 0.180079744501954
Etv1 3.62732367729041 0.453012508886127 0.317856643911417
Man1a 3.4931729269429 0.330644752012807 0.0109283597404344
Cmbl 3.49051166037255 0.46396953897914 -0.162737099764941
Fezf2 3.48714201337759 0.431996475652721 -0.0595741784708555
Bhlhe22 3.48048887262929 0.256687612674859 0.320554276313711
Slc26a4 3.42537309853783 0.639146084775344 0.0517252404107569
Arhgef28 3.39580309124798 0.508493628546156 -0.244399918726595
Slc7a3 3.3350755453362 0.554080001582863 0.659660667166389
Psrc1 3.32056919574677 0.679186813526491 0.0930072894137127
Il1rapl2 2.51610838491127 0.611009537930421 0.415130633466186
