Dcn 6.88193005575984 0.828162656365669 0.731468507023155
Nov 6.78782844321591 0.506092519568815 0.586663231333792
Grp 6.03086690023517 0.664162111236075 -0.0992189738712925
Itpka 4.84351156060774 -0.043967743601639 0.211510237190754
C1ql3 4.83247534971981 0.272598933264662 -0.138340817153857
Pcdh20 4.76248814694238 0.530930469674133 0.541540405262698
Pou3f1 4.46980421157629 -0.154615322006141 0.0533909026807903
Rspo2 4.44125098410529 0.377425730983147 0.132477618560578
Pkp2 4.4389604719892 0.576422345905128 0.57340453003728
Bdnf 4.3928397000166 0.657100458302887 0.254588874893831
Man1a 4.2811132811583 0.425359421833733 -0.0777879088477185
Nr4a2 4.21016393347228 0.611586631086798 0.4595554949826
Ryr3 4.21009425167724 0.381715036514164 0.151947644919342
Fezf2 4.17139973013631 0.505666914954334 -0.0300415926746519
Ndrg1 4.10407518025548 0.181621192943504 0.364570178248475
Nrp1 4.08197376440335 0.433819305715806 -0.0540440915119254
Tgfb2 4.00721209769044 0.472088542121482 -0.101203329306504
Bhlhe22 4.00102221602912 0.322005228132078 -0.137345248275768
Ldb2 3.88660063023074 0.374904048834403 -0.105150451101939
Crim1 3.88154830846512 0.548422056159861 0.55170084893771
Npr3 3.84691788282105 0.693427701643264 0.148743086707905
Crym 3.75753571445299 0.109847795302307 -0.191083334044651
Col5a2 3.58879325764532 0.640317246598395 0.0138348379840446
Sorcs3 3.55548027266919 0.65626723849576 0.160579787476408
Arhgef28 3.5119175067185 0.521067321015641 -0.244399918726595
Cck 3.47564155123425 0.127555937743703 0.203160546163511
St6galnac5 3.42076406919464 0.320911249651831 0.0367597760330211
Htr5b 3.02471027535616 0.848913572152595 0.533002323686703
Nts 2.90043101486222 0.509417308520257 0.385227763787666
