Grp 7.35042144303522 0.645928308094961 0.481311424680694
Lypd1 5.94006784441415 0.602205403741606 0.551181597683705
Meg3 5.65505014948852 0.528327850626334 -0.0909688301444193
Lin7b 5.60523271396777 0.499962418746721 0.667947721868864
Ly6h 5.4685104483553 0.505653682873684 0.702186264363153
Icam5 5.43085825735986 0.544301365453399 0.675610753534975
Cntnap2 5.40851681524366 0.469512542725129 0.321356385069565
Kcnq2 5.35683686416503 0.32724529084915 0.344293041017968
Myt1l 5.28573058191889 0.42499132484588 0.411256719077325
Chgb 5.26465983746963 0.425649543955467 0.596262888169427
Bcl11b 5.18966333787896 0.538102712939046 0.428089337528544
Tenm2 5.16870653616337 0.662875068658465 0.577675601008766
Olfm1 5.1485673159377 0.383331985791283 0.610042496850966
Nefl 5.06315277348635 0.297824072001279 0.226035853325462
Snhg11 5.02687787630928 0.474847710972085 0.619872766507217
Slc12a5 4.96027283907753 0.337254926832888 -0.126269702834307
Napb 4.93987664050718 0.435326155677124 -0.18198644345382
Scn3b 4.91065115134491 0.462938756793356 0.765510853262888
Stmn2 4.88098556238422 0.436645727452873 0.583036763406269
L1cam 4.87752058890062 0.536835213526975 -0.016170506526706
Rbfox1 4.83663151183184 0.303834741065131 -0.0648191295283628
Syn2 4.82616314985512 0.542345696058242 0.108650156990565
Gng13 4.7836479942658 0.494424285047512 0.68054364280632
Ldb2 4.77884976439798 0.536134423769555 0.202390700402502
Itpka 4.76219445010338 0.483252296506597 -0.0375873568774541
Plppr4 4.69680507476243 0.405426398719787 -0.143370974015608
Doc2b 4.67253398667661 0.595624191013738 -0.162982228370123
Tshz2 4.64555843897159 0.767601254125455 0.863571609399845
Gap43 4.60680149197852 0.366686824820941 0.253081850728342
Ryr2 4.60474250419101 0.522458140964295 0.210284025444015
Syt13 4.60368019115842 0.617468488926968 0.501407049343326
Resp18 4.58469310465934 0.424492536641588 0.184470236940429
Celf4 4.56083454627381 0.363416273243618 0.0898050577139599
Doc2a 4.55311709682494 0.565413139316217 0.241631062922752
Gria1 4.52614469654745 0.447058034521255 0.427066063660909
Rnf112 4.5155373288752 0.137550300260413 0.135092515191328
Cpne6 4.44319263611853 0.539710453125639 0.60385268074044
Scn2a 4.43956347118442 0.515059421687103 -0.276818804599899
Pnck 4.42954039410908 0.589043989808216 0.708165012241019
Myo5b 4.42732745116436 0.515297546348469 0.202698573801025
Tesc 4.41427779272072 0.354770192353332 -0.107440065208571
Uchl1 4.40651332186452 0.271249630404262 0.446909396361186
Rprm 4.40448849897217 0.467474331036572 0.424633739097811
Slc6a17 4.39248294362121 0.521782723038081 -0.153857165661672
Slc2a3 4.27246854962195 0.467168870131499 0.189096400689954
Camkv 4.26858643422447 0.441932252338035 -0.0423749691563173
Ntng1 4.26030134433185 0.565443357440088 0.125754848956219
Nsg2 4.23797810884114 0.36043579715021 0.130439369693431
Calb1 4.23744512395801 0.395285247935979 0.205541576897055
Nptx1 4.23513222097872 0.296600248768744 0.240555634909868
Cdh22 4.2316698090359 0.651760530812142 0.604213205248841
Gabra1 4.22561969028263 0.131313746706417 -0.110891618982315
C1qtnf4 4.18462739260573 0.23712628186861 0.204325576655133
Ina 4.12855413325061 0.27339795340217 0.299592304501131
Syt4 4.11334473763623 0.418042617598917 0.348613777593292
Slc4a10 4.08632506971222 0.324339518251508 0.367840141861636
Hs6st2 4.0774690428378 0.457896443667254 0.404526621634757
Cx3cl1 4.05736739332107 0.388123941126283 0.300138225028872
Prkar1b 4.05718318865685 0.204103230134306 -0.15409691364235
Stx1a 4.04213867188685 0.410087884690657 0.455247776234287
Nrgn 4.02891419059785 0.379042661266716 0.174107425161557
Rbfox3 4.02449905977955 0.405827140202599 0.0311707392437414
Rab15 4.00611476749714 0.456569493151299 0.654411087649008
Cadm3 4.0001761634499 0.622106645809 0.798952421654657
Hpca 3.98955057878704 0.25798177116437 0.276193173746868
Abi3bp 3.97300757655409 0.872438519163844 0.818108076422755
Pcsk2 3.97015271370857 0.322484272098134 -0.0584320222134204
Myh7 3.95909957563534 0.580207864353359 0.604430303562633
Kalrn 3.95486690222506 0.181742574746335 0.197082328118563
Tiam1 3.9490590518506 0.650272885278254 0.658431047570327
Mapk8ip2 3.91597501176509 0.610126354692643 0.595976012932986
Dync1i1 3.89599687117737 0.281107624023765 -0.224607588493496
Caln1 3.89384301202036 0.361507229219287 0.522846588411899
Chga 3.89278449601078 0.447213739068951 -0.188112420654376
Car10 3.86187787860626 0.348909525211212 0.415450807305669
Sema3a 3.84677763102341 0.548396940481958 0.173601600338943
Dmtn 3.83887956170223 0.494573487568383 0.0857744877689886
Pclo 3.81337017389296 0.495470102149568 0.669549708159601
Cck 3.79822727696068 0.277840704283756 0.366925656168819
Baiap2 3.78697872266041 0.506596165608189 0.325580316339421
Grem2 3.7718004814437 0.634527842642051 0.351019187540947
Pacsin1 3.77046598057921 0.422681860141501 0.291528302935385
Thy1 3.76300684835693 0.302363377313519 0.482823974336132
Coch 3.76194471897571 0.772976025826705 0.722357716599451
Krt12 3.74870988589915 0.515840824026411 0.420589383291647
Tacc2 3.70340568424004 0.373160399036352 0.423961122504887
Serpini1 3.69439186605994 0.296312882341869 0.477694709775061
Cckbr 3.66152241779261 0.522839670310885 0.374041668346905
Nsf 3.65097085025316 0.50630190974788 0.578677727998914
Asns 3.64529350867152 0.0841712189532375 0.247034629608538
Lrrtm1 3.63694698617839 0.285230220071991 0.322732257722723
Pcdha7|Pcdha1|Pcdha4|Pcdha9|Pcdha12|Pcdhac1|Pcdha6|Pcdha8|Pcdha5|Pcdha3|Pcdhac2|Pcdha10|Pcdha2|Pcdha11 3.62977673234285 0.277485249628571 -0.135541085999619
Slc17a6 3.61346707244461 0.48034668606049 0.175724564811746
Ccn3 3.58513903543089 0.305733905362154 0.342871116321297
Atp9a 3.5842712119675 0.0776575000555798 0.229810392109584
Cntn6 3.58057836060908 0.682685894447613 0.629734004296389
Fabp3 3.56043051555867 0.336920870156369 0.278848184469133
Sh3gl2 3.54869854856633 0.277597706374203 -0.0426802679457253
Ryr3 3.54704404389497 0.621548279854894 -0.0059013333614454
Prkcg 3.54364146960346 0.421973063374971 0.000259029441129724
Spint2 3.53082689363283 0.586346220250572 0.706171266907537
Rasal1 3.5296136417062 0.464103740512792 0.694076830996275
Cyb561 3.52762170161948 0.413198653373852 0.22635076476597
Crmp1 3.51552029257217 0.415319110747846 0.623975332373729
Cyfip2 3.51467805468829 0.263172327580473 0.0440672903059891
Dnm1 3.51236263765222 0.154598452651275 -0.041497026927359
Cacna2d3 3.5115494842098 0.447625893774389 0.445352870441386
Camk2b 3.51148485987288 0.36621630269337 -0.11510426988871
Grin1 3.50227958136236 0.528583149465669 0.0885330514512498
Nell2 3.49153833790699 0.437883315073278 -0.201636343876294
Map1b 3.48860402028649 0.286002830055516 0.421406500092508
Vsnl1 3.48814203213369 0.0132133348868377 -0.0884673555610646
Arhgap20 3.48143543288286 0.34601593903129 0.50299732226489
Sept11 3.47885692403391 0.530574647456026 0.539349666974025
Cbarp 3.45291711740509 0.429343305450764 0.215101942298821
Epha5 3.44644359378146 0.404623304204809 -0.224493067037465
Nap1l2 3.43199150049924 0.140495001612847 -0.0177519845813674
Ptprn 3.42812828875594 0.513926766623782 0.259277336199383
Atp6v1g2 3.41475486055496 0.304815220428062 0.430638095126942
Svop 3.40949381660168 0.52119360953456 -0.0686352321845424
Tmem191c 3.4059015545101 0.403965115319028 0.456484647046175
Fbxw7 3.39705745850348 0.596925493559788 0.0463816945018688
Tro 3.39011080673987 0.543538001290377 -0.0655258366758013
Snca 3.37861293254425 0.374005223193637 0.590342625991145
Cdk5r1 3.35608028967126 0.437488317532067 -0.0739772085196259
Prss12 3.35327800173672 0.528889400409071 0.486991951982782
Slc30a3 3.34648381672902 0.643556159801677 0.279305903861572
Kif5c 3.34416560821549 0.353482515790442 0.000332402329953356
Plec 3.32239564194569 0.456236756180042 0.260003836468701
Ddit4l 3.26150444757383 0.261746376129826 -0.019379270127838
Neurod1 3.25144067650204 0.712886221422929 0.578348403263442
Kcnj9 2.91433702132094 0.482638637307376 0.316941923191679
Klf5 2.61325150677637 0.777461686250999 0.719914781252873
Prkg2 2.59749827333264 0.189366253645607 -0.0869935095903959
Susd2 2.56155114975284 0.725188896412248 0.76596809188115
Actn2 2.44897165903938 0.59495984294645 -0.12766312900041
5330417C22Rik 2.370293000658 0.593720636959424 0.21622309210856
Cacna1c 2.07785485605081 0.488988413355959 -0.095782097322771
Baiap3 2.05642917973864 0.584149164519027 0.34697933219279
