Ptprc 6.67661176425569 0.651145012287639 0.750205504110795
Grp 6.61592551939215 0.611483347605482 0.481311424680694
Pde1a 6.19118026459642 0.713338963069558 0.728028819513383
Myt1l 5.68615588774529 0.476703238562137 0.411256719077325
Stmn2 5.66797662687442 0.512623999573812 0.583036763406269
Snhg11 5.62000793963104 0.526615059038841 0.643877047823914
Cpne6 5.60628378735196 0.63573301077098 0.60385268074044
Nefl 5.59635147478712 0.352860315849455 0.226035853325462
Rspo2 5.49674039347216 0.827354015167339 0.798515465135131
Meg3 5.47424948195652 0.517468611607034 -0.0909688301444193
Gap43 5.41909163124205 0.479426801044642 0.253081850728342
Uchl1 5.35237586292459 0.418279916654745 0.446909396361186
Resp18 5.34346775466292 0.512908621842931 0.184470236940429
Gria1 5.25313881705782 0.515703235769423 0.427066063660909
Hpca 5.22008736966234 0.423909741051557 0.487128078854084
Syn2 5.17688717788179 0.571284226886485 0.108650156990565
Ccn3 5.12243712897219 0.50103708063405 0.566037071749175
Myo5b 5.08252445133836 0.58521964474922 0.202698573801025
Syt4 5.06296964416356 0.537665386832464 0.348613777593292
Kcnq2 5.0280202830434 0.290851752446106 0.344293041017968
Ldb2 5.02177207146038 0.551739496879665 0.202390700402502
Napb 5.01148737770595 0.44478668165289 -0.18198644345382
Pacsin1 4.97049055889475 0.573797257741145 0.291528302935385
Rasgrf1 4.95463999426529 0.506579239595797 0.580811051844108
L1cam 4.91667703161046 0.535486797001081 -0.016170506526706
Thy1 4.87983120416526 0.450061898567456 0.615092106631139
Cck 4.87359157294562 0.441683496451702 0.579924683617818
Ly6h 4.8440843636475 0.439676850905826 0.638509600742403
Rnf112 4.831811817271 0.2097086552545 0.135092515191328
Slc4a10 4.80737482660811 0.405343539042695 0.464447736440252
Cdh9 4.76012316157091 0.795990071333117 0.794281533054098
Nsf 4.75468778270319 0.614221776478712 0.578677727998914
Slc12a5 4.74260196397756 0.311522392231539 -0.126269702834307
Lin7b 4.72900940857097 0.405817991769684 0.644466423153707
Plppr4 4.72190976537123 0.408235488175165 -0.143370974015608
Doc2b 4.69585711684134 0.589124192387822 -0.162982228370123
Cnih3 4.68183062734599 0.675210630743843 0.787966288690787
Rbfox1 4.68108985915191 0.279147980429679 -0.0648191295283628
Cdh8 4.6629230609095 0.795700081861194 0.851220455067195
Chgb 4.66272816582573 0.356764043041173 0.531016926952039
Mal2 4.65293414734601 0.431461119293896 0.498929421353623
Map1b 4.60872181818651 0.474784635411508 0.421406500092508
Cntnap2 4.59640303563219 0.389754233710933 0.321356385069565
Caln1 4.57931651187373 0.463142242516844 0.632745252630982
Scn2a 4.55950306562059 0.527173928094787 -0.276818804599899
Snca 4.53806060005392 0.52798161775127 0.590342625991145
Icam5 4.52998558372859 0.460205680357452 0.583652619295339
Pclo 4.51097335260839 0.556922448607525 0.669549708159601
Nsg2 4.50808841715154 0.400504374734253 0.130439369693431
Olfm1 4.49501482655194 0.281848461464782 0.570689050782129
Prkcg 4.48156956175549 0.540103744865964 0.000259029441129724
Itpka 4.47105601537174 0.457579692600517 -0.0375873568774541
Celf4 4.46767852727415 0.357146428427486 0.0898050577139599
Ifi211|Ifi205|Mndal 4.46476647327513 0.850927090943714 0.676302259379974
Tenm2 4.46331862556614 0.612049221160544 0.577675601008766
Dgkg 4.45903753069283 0.754523764442652 0.803201124299349
Lypd1 4.45749240621308 0.470779774932416 0.551181597683705
Slc6a17 4.43914189466318 0.53102930593218 -0.153857165661672
Camkv 4.42797021137657 0.462473851844364 -0.0423749691563173
C1ql3 4.42300824698426 0.472978614205302 0.779066410301659
Ina 4.42145798857704 0.307018552134779 0.299592304501131
Bcl11b 4.37024076175113 0.440594354223204 0.428089337528544
Gabra1 4.35766977004923 0.155992239542745 -0.110891618982315
Serpini1 4.3569708693056 0.394631821586851 0.517772573814673
Gria3 4.30299485931545 0.592457724813493 0.586715671751694
Epha7 4.29350551088704 0.433693602445621 0.0278761986986991
Tenm1 4.28678830452403 0.755185668183941 0.532322893845717
Eef1a2 4.23378455745766 0.37075836219119 0.313854405837188
Sstr2 4.22010729400968 0.641691860129296 0.667275204180422
Brinp1 4.20703587703287 0.291959504222656 0.370788044169046
AF357355 4.18580256600573 0.722250771331504 0.562018933191641
Atp6v1g2 4.16680772258446 0.442865164120224 0.430638095126942
Slc26a4 4.15989424144358 0.691056743841344 0.795650323904787
Ptprn 4.15981645674447 0.591895613702057 0.259277336199383
Tesc 4.15177077502428 0.321858582553877 -0.107440065208571
Pcsk2 4.14624113731731 0.356093171554829 -0.0584320222134204
Doc2a 4.12659915347657 0.536087827399365 0.241631062922752
Mndal 4.09588999381131 0.860378063209996 0.636886495667742
Slc6a15 4.0709843471139 0.487964858761985 0.361604560774125
Etl4 4.0475870058874 0.614542032944076 0.549323672090629
Vsnl1 4.04755451051559 0.106874411824412 0.10007229043412
Prkar1b 4.04323550794789 0.204503747526448 -0.15409691364235
Ryr2 4.04026101782916 0.468718680440124 0.210284025444015
Nefm 4.03712594751499 0.356631036183205 0.402926278542071
Gng13 4.02545332338663 0.400651142246306 0.666090594364627
Eno2 4.02294285467582 0.26956607451538 0.344985471218919
Chga 4.02108928761628 0.461573036669391 -0.188112420654376
Snap25 4.01921835804554 0.109481663279217 0.0432046749295125
Arpp21 4.00891980787824 0.43537576671627 0.570106533278373
Dync1i1 4.00281114846777 0.300011112520276 -0.224607588493496
Fabp3 4.00177868918231 0.413645389007066 0.278848184469133
Neurod6 3.99653109021524 0.470894929736947 0.312478808632247
Cyfip2 3.98818494733325 0.366495018707323 0.0440672903059891
Slc2a3 3.98574608007241 0.436826377702852 0.189096400689954
Ryr3 3.9834891837515 0.662857105583802 -0.0059013333614454
Mmp17 3.97610348757082 0.593389741891424 0.740199866076973
Asns 3.96797776827502 0.143386229011225 0.247034629608538
Calm1 3.95481418438203 0.627974372895765 0.752955751284287
Fhl2 3.88664074500212 0.640408112622056 0.699476851581328
Glipr1 3.88031343601467 0.642839571979364 0.340804391314793
Rgs4 3.87746927465601 0.354419690389907 0.249270995437168
Psrc1 3.85718931923677 0.711692875115831 0.75430686218734
Stmn3 3.8554326403061 0.271336859760565 0.522776963989879
Cnnm1 3.85321754908402 0.582620476968192 0.429278443570291
Slit2 3.82418172875153 0.622307447752946 0.773854107907696
Rab15 3.78578624327037 0.428368418068527 0.626534904010015
C1qtnf4 3.7676104479662 0.164933386299897 0.160900476196959
Rbfox3 3.76724203717036 0.364928394858839 0.0311707392437414
Pcdhac2|Pcdha7|Pcdhac1|Pcdha6|Pcdha5|Pcdha8|Pcdha12|Pcdha3|Pcdha1|Pcdha10|Pcdha2|Pcdha9|Pcdha11|Pcdha4 3.75672661196819 0.611479795978287 -0.049307685886501
Scn3b 3.74126691353644 0.275382582410155 0.636060199290147
Sept6 3.73436982033095 0.40115940099908 0.212858085724615
Pcp4 3.72372891744321 0.0321716741813904 -0.0357861768335393
Cx3cl1 3.70600932532367 0.343084489067156 0.300138225028872
Nap1l2 3.69944487774661 0.190001071067266 -0.0177519845813674
Pcdha7|Pcdha1|Pcdha4|Pcdha9|Pcdha12|Pcdhac1|Pcdha6|Pcdha8|Pcdha5|Pcdha3|Pcdhac2|Pcdha10|Pcdha2|Pcdha11 3.69536238795944 0.292427862832907 -0.135541085999619
Sh3gl2 3.69278544999976 0.307139034356377 -0.0426802679457253
Gng3 3.67335420894714 0.279117776059176 0.488432354044225
Nptx1 3.67039301011542 0.223013613583856 0.197438483186148
Spock1 3.65111716724464 0.497774754184818 0.636415938944553
Syn1 3.64901488332253 0.486583476471554 0.0274798943117727
Gabrb3 3.63214104817918 0.763046998948173 0.750673420462173
Nrgn 3.62798860400048 0.295049535014087 0.174107425161557
Parm1 3.61766460083342 0.428016327099576 0.307514554983501
Fxyd7 3.6130037695602 0.696991170349328 0.694702260179001
Sema3a 3.61114704801208 0.526651637848211 0.173601600338943
Pcdh20 3.60968251640013 0.44352838215135 0.561102866537222
Syngr1 3.60839910299012 0.613579083078004 0.374593488980066
Slc25a22 3.60680991853796 0.613449132255658 0.266257715825914
Syt13 3.59674332916039 0.526698724131774 0.501407049343326
Fbxw7 3.57888504482328 0.628109621976392 0.0463816945018688
Kif5c 3.54866262996562 0.402398166695768 0.000332402329953356
Tmem35a 3.52229909257421 0.461611542448307 0.372291570017172
Ntng1 3.50440968015035 0.472423039142791 0.125754848956219
Epha5 3.50433090284389 0.414345190559953 -0.224493067037465
Tro 3.46074492610804 0.560742370915459 -0.0655258366758013
Stx1a 3.45672688416168 0.315895822699143 0.33188564055042
Cadps2 3.44786390417777 0.361981720838401 0.425483261713964
Ckmt1 3.4404652959808 0.374864015645775 0.385517521728277
St3gal5 3.43492283025363 0.571710745492945 0.393344801090445
Ar 3.42826634898451 0.740354211543403 0.688759687634494
Klc1 3.4188411696954 0.182069149688607 -0.0122117859804137
Syp 3.41304043043506 0.395648183604424 0.284204088303057
Nell2 3.41232559459297 0.432232237643892 -0.201636343876294
Mapk8ip2 3.39960733598509 0.564851902514336 0.595976012932986
Rian 3.38802547292941 0.550711931460371 0.14218452618106
Svop 3.38543178243073 0.510143560386042 -0.0686352321845424
Arhgdig 3.38416720501066 0.307757601023835 0.572352495124327
Dnm1 3.37612479795382 0.113342410824101 -0.041497026927359
Tmsb10 3.36736549395097 0.408890729363869 0.296880567460503
Fam81a 3.36231792000347 0.439932353300088 0.561271794551659
Slitrk1 3.35759165674228 0.232229784710274 -0.129889595680867
Nrsn1 3.35675021721131 0.405282344264032 0.521242872371022
Lgi1 3.35418785191343 0.482325201032288 0.675548124704325
Slc7a3 3.35290988441901 0.596619171769586 0.659714444704457
Grin1 3.34524457556159 0.488929522931041 0.0885330514512498
Kalrn 3.33835093742849 0.109657259242527 0.0939841358748713
Klhdc8a 3.33452790672445 0.419048847815463 0.193461262926811
Atp1a3 3.33366745855392 0.477519338398711 0.284687383574896
Pcdha2|Pcdha9|Pcdha5|Pcdha6|Pcdhac1|Pcdha7|Pcdha11|Pcdhac2|Pcdha8|Pcdha4|Pcdha12|Pcdha1|Pcdha3|Pcdha10 3.31651367757653 0.493591595883548 0.385670171033686
Sidt1 3.27910648496375 0.606328098855344 -0.0373366013168365
Il1rapl2 3.20739409790132 0.782239543583402 0.641161741722857
Kcnma1 3.07456765415451 0.657828859721854 0.641838105570122
Gng4 2.98837387231148 0.487432190317169 0.558053828265483
Cntnap4 2.92209959402659 0.612979900982842 0.564021401710959
Matn2 2.83961484941076 0.189120639066674 0.306221210432562
Bdnf 2.80624907555509 0.741619373437243 0.624008059688283
Scn1a 2.76996818550278 0.223619255526414 0.0354436536057419
Tubg2 2.72016508097587 0.401876257976714 -0.2133737007457
Adcyap1 2.6283727730203 0.684988760679699 0.143563918886817
Hcn1 2.60046672824054 0.428707627897514 -0.198684609437169
Rab3c 2.59207406581544 0.343347870828765 0.477379445377637
Igfbp6 2.52604653750183 0.459434135084243 0.267846795930618
Rgs11 2.2184900323736 0.727067250596709 0.694994596603458
