Dio2 7.34294597668341 0.736016454883914 0.787471722733219
F3 6.82204441941146 0.717777269357846 0.722474428275171
Fabp7 6.7605419129023 0.158989811924971 0.177649719014433
Slco1c1 6.68879237815425 0.850601574188162 0.87299018999373
Cyp4f15 6.6272407181175 0.896257791819158 0.894580383797602
Tnfrsf19 6.50838283138939 0.853262707310071 0.883201807792334
Foxg1 6.34590840119437 0.159831276993292 0.10027705199262
Lhx2 6.32257077729403 0.582351375585812 0.610148485900611
Elovl2 6.28033654785885 0.859380375829641 0.86953099495067
Slc7a10 6.24447713898131 0.856598370564621 0.852061872672263
AI464131 6.21618152968504 0.829292116490425 0.873227347698636
Tril 6.2092704242841 0.702035185471205 0.806142741710318
Aldh1l1 6.20271133349357 0.809112818941645 0.846807638617003
Scara3 6.19549307390681 0.770898275675599 0.788206465049001
Mlc1 6.16435091220595 0.768798773274132 0.825378370026054
Adhfe1 6.15021967881436 0.657442838303022 0.712598130426396
Fgfr3 6.10776646920219 0.784632792827844 0.802723370783223
Ezr 6.08145272893804 0.838240647169523 0.880660169033498
Plpp3 6.05349785643976 0.596534124289857 0.811978819760046
Acsbg1 6.02154560268953 0.837809917640586 0.848146629069874
Cldn10 5.97968256702873 0.739710945060368 0.725881227177818
Gpr37l1 5.96612412063589 0.426430342410533 0.733083747780239
Sox2 5.94530229271655 0.196892279965642 0.2568584868296
Ptprz1 5.90144530666103 0.821917039555287 0.861591437147945
Slc1a3 5.78967758349696 0.770774558404525 0.807293456785459
Grin2c 5.68581731524578 0.885840275664116 0.876545659118806
Mertk 5.680572700105 0.569329652480541 0.0261893883636564
Gldc 5.65907047122926 0.719627719296971 0.734191753881614
Fzd2 5.65826650540876 0.780427791261899 0.802411547201338
Gjb6 5.63088189098988 0.698492118149983 0.734317573133935
Cth 5.62501449903632 0.80732052892731 0.815719197888649
Slc38a3 5.59133298832551 0.854800241420965 0.862967923624543
Slc15a2 5.55995103050622 0.860239282600678 0.921009629470217
Fjx1 5.53895150332931 0.85902812381635 0.905608413797664
Pdgfrb 5.53866873845814 0.821013864470102 0.800023446873359
Cyp2j9 5.52225804897228 0.602291973591078 0.716019828295686
Slc1a2 5.51666571654008 0.87030006927215 0.882941646542401
Ntsr2 5.46513430588881 0.670492334246746 0.728002606316933
Fmo1 5.38880380113786 0.89450469076985 0.883333123416696
Cxcl14 5.37326015825405 0.507461852228127 0.475267304627807
Bcan 5.36177726314779 0.571980337537948 0.745927732045758
Slc6a1 5.34590670542523 0.504386298697198 0.799476991875667
Wwtr1 5.3354484026282 0.749653882105981 0.756990704355561
Car8 5.33395906803191 0.251193919874747 0.147790851630843
Gpm6b 5.33128974009868 0.218794035112194 0.327706582400241
S1pr1 5.32187718881922 0.754024672596521 0.758346552535745
Dtna 5.30859942124806 0.661246495594491 0.804227769190381
Ncan 5.26242347170031 0.775730031489575 0.819591384210325
Ccn1 5.16202578406771 0.88613974071682 0.857742276936229
Cbs 5.14786926300227 0.865979017287832 0.872145789365819
Nrarp 5.11808226605029 0.515586699888009 0.482849134485129
Ttyh1 5.11760124513738 0.485416418445482 0.681241771901208
Cyp2d22 5.11232184742895 0.866273702216705 0.859198077982984
Cyp4f14 5.09922525580965 0.848555818486252 0.858832994772507
Slc14a1 5.07220705648216 0.823745161719764 0.81487755164395
Atp1a2 5.06852923083018 0.782987792765297 0.869750555250992
Ccdc80 5.06453151327317 0.818572128804047 0.855930485978329
Cspg5 5.0552438811821 0.575607708318701 0.594014793965842
Pla2g7 5.04549881547991 0.689254098858515 0.725534139794617
Prkd1 4.99575132251381 0.61453650666881 0.67864565889689
Pbxip1 4.98125014880021 0.705643847581676 0.720814282442406
Aqp4 4.98078470711459 0.797236397251535 0.883748625533659
Prodh 4.97963872581555 0.857984921124008 0.848159221691957
Rlbp1 4.97479792826292 0.220912729242181 0.151462428712924
Papss2 4.94461162473743 0.731979622540078 0.734667449623514
Gdf10 4.93605065266589 0.855925539399025 0.862502561247135
Egfr 4.91658200068232 0.92221483149597 0.892989777886063
Igfbp2 4.91374094261029 0.800131613255425 0.777569344984925
Ttpa 4.91305108305079 0.769949420302744 0.772672191450678
Gabrb1 4.91243257513552 0.771995217038633 0.821049152718094
Axl 4.8953385910971 0.830339391257983 0.80705582270249
Emp2 4.88829946714578 0.852402752305451 0.831637440077007
Hes5 4.87919915524239 0.337527482961785 0.269336182674246
Ndp 4.86772918649665 0.564904612399812 0.631767424613954
Vcam1 4.86671889365562 0.708524851567138 0.735221645514732
Mfge8 4.86264993598345 0.718164053554934 0.776185206189974
Phkg1 4.85203545136071 0.831701441234661 0.813405923972753
Id3 4.81410256285294 0.486583985722498 0.455648052233081
Tlr3 4.8106761743751 0.680989059688071 0.858261417080183
Atp1b2 4.74238428717273 0.727142458847222 0.765441939397806
Hapln1 4.71306141019003 0.776549923072996 0.758635480881868
Myo6 4.70229355449148 0.575772789226753 0.540453592895223
Slc1a4 4.69476746811986 0.82664489943375 0.875382351314395
Tlcd1 4.6792583021103 0.730849781135054 0.744216793632352
Hsd11b1 4.67637405898547 0.866464017737767 0.876369198052101
Eva1a 4.66207101528687 0.577763830632753 0.738276592709824
Gli2 4.65989247426783 0.769062014629028 0.758859490315648
Asrgl1 4.61883671108205 0.103296088197862 0.290279942573485
Il33 4.6147980865327 0.207327325718376 0.108817894612257
Entpd2 4.6116327583024 0.876916100056936 0.887486402486855
Dclk1 4.61062996686313 0.689393489955819 0.697295984322277
Igfbp5 4.57948542666893 0.803174227881854 0.822619911904456
Cyp7b1 4.57336033200635 0.773862056382872 0.815562645959806
Ccnd2 4.55503924941794 0.608048292050224 0.592747707777418
Lcat 4.55468092097239 0.858491095785155 0.858793961130153
Ptpn13 4.55058992599013 0.435155111152499 0.426598513895313
Acsl6 4.54540586446534 0.680288556282977 0.83016356117573
Fgfr2 4.52784875633014 0.211193317698875 0.224298672133077
Slc4a4 4.49129924282733 0.85584102603468 0.873644462166918
Col4a5 4.48352165965709 0.950206000676493 0.926311892300568
Scrg1 4.47704752382796 0.0645145993464029 0.112704087755725
Itih5 4.46147580757243 0.773553988772767 0.76119937279555
Gpm6a 4.4579637641012 0.43209707936767 0.517704007365495
Timp3 4.45136587693748 0.832880607984507 0.834884378025812
Xist 4.43500427228739 0.182011658513065 0.0438292083858103
Gabrg1 4.43262855528642 0.631441667998249 0.756990714669715
Tmem51 4.40385327650554 0.691948555018513 0.65718091844381
Mmd2 4.39470344045187 0.188819993730786 0.520948834756598
Ntrk2 4.38421401505221 0.597765476777451 0.728940262777291
Timp4 4.37764539681891 0.328584831445297 0.324236408148064
Sorcs2 4.34924794832206 0.899203080653276 0.867509267604014
Vegfa 4.34577569836835 0.804542814451505 0.792286893005541
Amot 4.32567817097595 0.844441038171178 0.892030538981987
Fkbp10 4.28650543589578 0.884266738849617 0.899516779543883
Gpld1 4.28098459107379 0.748339822862169 0.808736437227135
Arx 4.25674123913873 0.509986863848314 0.485772261528614
Lrig1 4.23537609134856 0.792077776905621 0.849555268793297
Abca1 4.2174298453227 0.563651304118583 0.134537026901349
Oaf 4.20572219353224 0.67815987203786 0.798644918569623
Nat8f4 4.20354549598811 0.745455715779364 0.774272554907464
Cd38 4.19019927601721 0.804243157428533 0.735179708845463
Rftn2 4.16567997871768 0.528596095428453 0.580022633254166
Kcnk1 4.11398527130884 0.57595300743516 0.645084723565735
Pdk4 4.0981277984776 0.600870552230218 0.59812531115307
Spon1 4.0977890258913 0.514477092031895 0.554968617016335
Ednrb 4.09647410674985 0.588900758998034 0.520434038689209
Itih3 4.09193961466557 0.145517447806567 0.183021296056439
Fads2 4.09090451860468 0.823517243012592 0.84631677585485
Serpinh1 4.08284835740618 0.632344689439534 0.609044213058367
Sash1 4.07202585686063 0.601071148901896 0.787702825121012
Pygb 4.07139657268434 0.781208321132836 0.844283137607266
Gas1 4.06583785681005 0.488646242460641 0.433860113387943
Sox6 4.06537828154737 0.209683314097903 0.117995607184475
Pdzph1 4.06501377652199 0.672030790423165 0.682676867270913
Farp1 4.06098589922723 0.707400265640619 0.687779800403579
Tmem47 4.05420661590424 0.693539939605154 0.734182590864795
Abat 4.04907792343758 0.664042172118157 0.801334487512226
Sox21 4.03665946593912 0.488871998357986 0.428564846108335
Id4 4.02828582984651 0.474753841863613 0.510556664812665
Dkk3 4.01410014825731 0.5422659594338 0.63251802518297
Dag1 4.01186828133685 0.775873670227029 0.731620269442177
Prom1 4.00723427574463 0.303857804398558 0.280166162214014
Btbd17 4.00399145375273 0.863519909299734 0.848551679387617
Rapgef3 3.99898255814292 0.266411734448493 0.335395972496605
Sdc4 3.98567643397014 0.716319514156668 0.757489124014108
Lpp 3.98430673454572 0.759951986219198 0.688617377779324
Nkain4 3.97354086132347 0.56719102225732 0.578598975017792
Kcnn2 3.97039468017301 0.718158004403606 0.798804047092218
Efemp1 3.96130606916845 0.474759767488949 0.399241132194746
Slc41a1 3.95755125799714 0.863646506128642 0.847941245716804
Ptch1 3.95213304608176 0.677491441434296 0.759646177621088
Igdcc4 3.95153644264687 0.601204300177289 0.743135159352219
Klf4 3.93515373385909 0.306938287357126 0.471210838394412
Clu 3.92921274057779 0.665040988514619 0.7798997051574
Heph 3.9241717493007 0.875935362628538 0.864086925561756
Gpx8 3.91984320613915 0.446777701842158 0.40611633808638
Gpd2 3.9102631526904 0.544407595054276 0.592974072047527
Antxr1 3.88409866339784 0.675039459258802 0.819460475563837
Ak4 3.8793997253799 0.591730263154958 0.633055515335075
Ccdc88a 3.87202740611646 0.726808117398859 0.774516955658186
Aox1 3.85954514543219 0.775303071808771 0.588353436596799
Yap1 3.85926432816754 0.706288342120779 0.744639399541784
Gja1 3.85341619833049 0.431546769907451 0.553656114820993
Grhl1 3.82462181771383 0.767615869855275 0.805666335945257
Macf1 3.82186336536977 0.54535393552233 0.43380887181617
Metrn 3.82115962233711 0.355174191696501 0.304947926651721
Ephx2 3.81818465447337 0.763657437988581 0.775884783448145
Tgfb2 3.81618783386807 0.717188458116843 0.709535137625472
Cdh11 3.81418362786367 0.227057055290195 0.337064199337467
Mboat2 3.81186662453869 0.302347204541273 0.336516423860701
Ghr 3.79166622471177 0.565272021401026 0.453256583614035
Aldh6a1 3.78666926418114 0.583343045932775 0.76723316164955
Scg3 3.7766348265424 0.70793088582681 0.926812111977497
Car2 3.77574472198302 -0.0276625594839815 0.00128426818812924
Eps8 3.7660199544152 0.399452937182933 0.32788556517269
Fstl1 3.76134154678283 0.503601708723647 0.620589038463591
Acss1 3.75634288043294 0.55847258042166 0.68089049441288
Myo10 3.7544353773678 0.647204218073451 0.648873162901774
Aldh1a1 3.73655277413802 0.664811050294741 0.599168975722672
Add3 3.73072585704035 0.630318062277669 0.705829514370196
Notch2 3.72193635205776 0.548215040882547 -0.0431145382667697
Notch1 3.71772636699722 0.733428035662826 0.764167174464022
Arap2 3.7098538358161 0.214479216275922 0.282415503192476
Dmd 3.70490063062462 0.586477849841099 0.627342908935563
Gramd3 3.68470237015875 0.131329583869646 0.0802855762880574
Pygm 3.6790790202656 0.835399931909128 0.776881981121611
Celsr1 3.6703184523651 0.839847085637796 0.786958048540822
Mfrp|C1qtnf5 3.66964721450399 0.742312533806504 0.760653565725895
Pax6 3.66593917164311 0.741721229379323 0.744023487542505
Bcar3 3.66347407100171 0.807929678481624 0.807606325498022
Fmn2 3.65758941689168 0.747063892990056 0.752638027480369
Gstm1 3.65658444493116 0.527509583197349 0.54981590680719
Fxyd1 3.64937360102082 0.687119254480237 0.660596061160108
Ndrg2 3.64738520676984 0.47068009162807 0.508374393640426
Psat1 3.63010143673904 0.0307441100511425 0.0998992642256209
Fgfr1 3.61642888895595 0.638830422973582 0.503509983306997
Phka1 3.61475515923502 0.8743067549688 0.875128869026012
Gpam 3.60941600994512 0.830622734014968 0.909088868199756
Hip1 3.60473713270317 0.149370152031828 0.329892699173432
C4b|C4a 3.60134133631693 0.758133892682076 0.555585765469879
Ppara 3.59972064065514 0.803295155303321 0.799276126241346
Sept8 3.59559681423391 0.348128058549771 0.255090336416462
Oplah 3.59230105731417 0.884320813157242 0.872260674258687
Ngef 3.58678065160895 0.463695416543051 0.482825392099583
Sema4a 3.56561127113198 0.652291634629829 0.595987617290628
Trps1 3.56257218559456 0.70066871519132 0.731823877429972
Smpdl3a 3.56009888774058 0.853957075536292 0.856539361347333
Aass 3.55639390145813 0.851777921383928 0.804450685738106
Hnrnpa2b1 3.55217018020451 0.493998280581522 0.024113012278018
Prdx6 3.54713885286582 0.615761996426864 0.656825804103533
Prelp 3.54430970856933 0.793366720731507 0.62483887499915
Pdpn 3.52891468436249 0.452360445209812 0.404552205690492
Stk17b 3.52765339202644 0.522926895170563 -0.0309181338982068
S100a1 3.5238537443081 -0.0136342374938999 0.0427421537797832
Adcy2 3.51543943572949 0.589181084956902 0.763262550531987
Mgst1 3.51139357389458 0.579663939128511 0.57022102100166
Fam13c 3.50495237560875 0.229827690558613 0.401050204765811
Lgi4 3.49899840882578 0.853258720189855 0.805786163911624
Phlpp1 3.49863338277249 0.239381117144907 0.326652600917714
Rorb 3.48342984794027 0.777529431807364 0.770554160231219
Ppp1r3c 3.47947007634549 0.658968956387978 0.735751623222543
Klf15 3.47718641344815 0.54286780069786 0.617622827277866
Sox9 3.47253725607106 0.862431523824926 0.829629537420266
Cd44 3.46654712456691 0.761526051744728 0.686352541837447
Nr2f1 3.46118411574846 0.338854412488857 0.391243459300347
Ppic 3.45915317944655 0.728965332394097 0.498403036003769
Mmp14 3.4551728911626 0.677002713709249 0.649927060941807
Txnip 3.45188221378414 0.373522418296068 0.53409481607691
S100a16 3.45052075599074 -0.0267890773661078 0.145495965397372
Wnt7a 3.44959780186892 0.62687729051968 0.632391831925148
Kctd5 3.42843610253596 0.420431032796328 0.539425238475373
Tenm3 3.42611863200218 0.713244690045608 0.834699682241518
Adgrg1 3.40852811224261 0.623457230543333 0.381297856642244
Sparcl1 3.40295748518538 0.640392168595927 0.805923548495651
Cyp4v3 3.39523440008267 0.615946009383863 0.610980030295918
Efhd1 3.39360226797597 0.0284323515151571 0.38748675074385
Ddit4l 3.39069354292924 0.413623468678609 0.335094267788676
Tspan7 3.38488824363105 0.591345213432451 0.395234398320896
Ptn 3.35164719642802 0.0440903829548782 0.11003966012837
Acot1 3.35142123397791 -0.0330287198879364 -0.0615653343210839
Crym 3.34995974652232 0.225048509902292 0.11895293148542
Wnt7b 3.34778851542962 0.755239047772102 0.73918464061709
Fam181b 3.33315600666849 0.487668206204675 0.51287461459383
Astn1 3.330633674615 0.680285723893752 0.802312412885645
Snord47 3.29712457670191 0.368238400879209 -0.176266399212185
Tfcp2l1 3.280928568895 0.865781825090491 0.857023570596235
St6galnac5 3.28035209905762 0.787296544092406 0.775633285613345
Tnc 3.27486471992054 0.830520249571824 0.67477093525856
Fgd6 3.2664734625035 0.803006437876351 0.7705441186567
Itga7 3.26575356258412 0.750001567596574 0.709187708469421
Sox5 3.19374719193633 0.600317747269417 0.594323950801034
Rgs5 3.18003359015935 0.619960979387216 0.488654963436439
Swap70 3.08042801151549 0.585310786227547 0.193880719358242
Fbln1 3.00642098288693 0.87793286201634 0.879568643962427
Clcn2 2.96042432118844 0.502326008709303 0.462441553143367
Vim 2.95635736291029 0.400897910169345 0.0738604009165216
Acot1|Acot2 2.90259853741953 0.144806033056186 0.175273266024088
Adora2b 2.879393838406 0.708141218507658 0.695308296789542
Gdpd2 2.82532979691792 0.857680255300926 0.837933443381173
Prrx1 2.75462417888163 0.327320997566769 0.20026669389718
Arhgap18 2.75088493642484 0.577792423355046 -0.162287053575659
Gjb2 2.7417808070487 0.821086772167793 0.810559169454128
Tst 2.7080253630473 0.559776540742642 0.531840598795718
Tcf7l1 2.67258719365555 0.198808083403852 0.363575584321433
Pou3f4 2.66180670738597 0.774122125436914 0.728380173882932
Suclg2 2.53165209325072 0.479357538183886 0.154705569909139
Pcdh8 2.52380760935925 -0.0301522347849654 -0.0181922458324158
Gabra2 2.49715875622553 0.431559996885645 -0.110162209326426
Slc16a2 2.48966398485978 0.729153526193871 0.751667222833916
Itsn1 2.47246106023478 0.607093627251246 0.542094003570001
