C1qb 9.09023113678676 0.856163181067191 0.826260272738749
Ccl3 8.89790555369864 0.908638690922666 0.875010278610411
Gpr34 8.25511910394833 0.955895036395544 0.949005732697826
S100a8 8.23667019918861 0.956973096960402 0.934275182900211
C1qc 8.139432578576 0.876416762123653 0.855364296399817
Ptprc 8.13193504748669 0.936681252219896 0.92770960708297
Fcrls 7.90129928734121 0.920624882023561 0.901292070530544
Tmem119 7.86284807807271 0.921705930476064 0.914694448697459
Fcgr1 7.71791050379647 0.906661187505882 0.879459405437473
Atf3 7.59838683841821 0.760982877196253 0.830918790269464
C1qa 7.50022517220936 0.861278010767706 0.851490235657899
Ly86 7.49324880183737 0.903159981900085 0.907463383937587
S100a9 7.49045180084868 0.951596078304459 0.931212858003431
Lcn2 7.44379158556698 0.796083595865056 0.86690411586291
Cx3cr1 7.43289699710531 0.887647906875579 0.875260216921099
Cd68 7.40073357295391 0.933460995356223 0.911576814556398
P2ry12 7.37135105042596 0.871704554328224 0.862550960007451
Itgb2 7.34169454675531 0.954652733656549 0.940219873686282
Cd53 7.32426154012042 0.937524298211954 0.927687961573739
Rnase4 7.32395314017185 0.90100508356559 0.893119925283091
Icam1 7.28854039913127 0.901900596271052 0.889251240730328
Anxa3 7.27268627545596 0.917339309899872 0.91864696667275
Cfh 7.26874885699619 0.959985232866491 0.954176002950539
Tyrobp 7.23920371171903 0.913881345919219 0.892467346121742
Il10ra 7.19851442623741 0.974248073607834 0.972723704326646
Mpeg1 7.1925227397816 0.902165251852597 0.883325020049595
Chil3 7.16757489465436 0.959773651826877 0.919786055100224
Ccr5 7.15269198722171 0.959561205428418 0.963788597617164
Fcgr2b 7.14765083255646 0.934831543366727 0.919854728455445
Fcgr3 7.14185472216223 0.921946769747355 0.920306466436604
P2ry6 7.13227754069317 0.955083495862994 0.958522990465114
Naip5 7.13174095537482 0.975838732498806 0.974694269497003
Il6ra 7.1029267460012 0.969580822716342 0.968834468045587
Ms4a6d 7.05128930254361 0.964845739859118 0.965364043877448
Fermt3 7.04574953852871 0.89326148252795 0.897143260497269
Vsir 7.03875782308316 0.704480091446334 0.817507082236361
Olfml3 7.0345864332935 0.956175625097587 0.955976788575879
Hpgd 7.0333863407871 0.860327737769467 0.902381875546933
Lyz1 7.02665626233221 0.849272948769129 0.879523082964344
Ptpn6 7.01807877238417 0.964774998978036 0.970284061036322
Ngp 7.00627116439708 0.940102836729755 0.907253667416616
Xist 6.99811132627091 0.191325212819611 0.0438292083858103
Adgre1 6.94858002250203 0.923833196903334 0.909365664581818
Ctsh 6.94801891695935 0.922265572400851 0.921969990290907
Klf2 6.94762733143204 0.799025383431175 0.769883444767211
Cd14 6.94715588775517 0.902244501222637 0.895224222052279
Cd86 6.91237778314707 0.960541395571265 0.955761659608987
Irf8 6.86850153547379 0.93642329820924 0.932074870145629
Ccl9 6.86326654117531 0.946814409211993 0.928511238037821
Hck 6.81778444446706 0.940987241626451 0.936269201701485
Nfkbiz 6.79922571219311 0.670468941556532 0.869118393769463
Pld4 6.79164872900959 0.955525537203407 0.946661154057517
Selplg 6.77837272714714 0.924323699664675 0.916390716868
Sla 6.77239249017623 0.933040441341574 0.939436942841655
Rgs1 6.76859496230596 0.923763951971212 0.913783032329059
Fcer1g 6.75610708250336 0.947193769704692 0.93400792629559
Srgn 6.71784301930744 0.87915824462969 0.878047278847563
Adcy7 6.7057507804709 0.832003112501569 0.922209528742106
Laptm5 6.69041326900653 0.77623917958442 0.791436260745034
Cxcl2 6.68265061581486 0.92114416511389 0.887347150467016
Camp 6.66190694258574 0.957357664903285 0.911048280232838
Aif1 6.6198305237955 0.961517071185227 0.956695010629396
Havcr2 6.61127822037556 0.957803924721323 0.958200993309105
Bcl2a1b|Bcl2a1d|Bcl2a1a 6.60450839614655 0.931174123365464 0.9298968864865
Ccl4 6.59339814771923 0.936700421661786 0.923659975191136
H2-T23|H2-T-ps 6.56016492862412 0.79097237450227 0.822872207107064
Klf4 6.50334357626034 0.375432360070031 0.630011299392605
F11r 6.49105565574465 0.954288888366702 0.954229919836641
Vav1 6.45509847003835 0.956681437603919 0.961067409592749
Plek 6.4445179832432 0.912848311012679 0.914322195521385
Lyz1|Lyz2 6.361073423087 0.942588922540409 0.939028710520933
Tlr7 6.35399987653477 0.961518001122311 0.957070855625643
Blnk 6.34047885034977 0.911534023316075 0.909266046154179
Il1a 6.34010251670382 0.936229766081615 0.922074681523627
Tlr2 6.33436432545199 0.963049156583135 0.961998500122113
Ccl6 6.324331059303 0.944155148313561 0.934185017414068
Nrros 6.30714923701641 0.734452321156079 0.792080354658163
Ms4a6b 6.30239427637823 0.949085941567073 0.932735369709418
Naip2 6.29807821950607 0.962908840038076 0.957382124061325
Mertk 6.27545894889192 0.160821685451229 0.0261893883636564
Cyba 6.27220748123196 0.816007404897747 0.836822420217362
Gpr84 6.26563662777509 0.949060168338275 0.946098744373182
C3ar1 6.24641806368329 0.942781202617462 0.939961198405554
Lpxn 6.24058646167378 0.96367529984373 0.957661559189553
Pycard 6.22276006663598 0.873618290290436 0.909626848879343
Fli1 6.22037994369628 0.967831315647192 0.966218678836106
Hba-a1|Hba-a2 6.20680886559336 0.78560188437101 0.800086411562127
Slc15a3 6.19906291184221 0.941008688161273 0.934368395362971
Fosb 6.17873287154954 0.566212954880883 0.716245626208222
Socs3 6.1724455030027 0.700730005736898 0.807573837512272
Ttr 6.15702423165793 0.393380678819441 0.316776354853328
Fgd2 6.15207214814759 0.929876885932806 0.924591888366743
Txnip 6.13417085888751 0.516475896782754 0.53409481607691
Golm1 6.13028461859187 0.784983233350149 0.912150173780495
Slc11a1 6.11376004573488 0.953013436735273 0.955696090077804
H2-Aa 6.11126857895628 0.911068863162797 0.887894303071023
Zfp36 6.09048773842556 0.731995894818042 0.793942399564921
Cd83 6.07626900167552 0.750471278505292 0.897147056600767
Ctss 6.05147246217074 0.748745324011659 0.78372939665311
Inpp5d 6.03544571091001 0.944170226029043 0.937003060366815
Ccl12 6.03513616273233 0.95771730235509 0.959481196842038
Tgfbr2 6.01502361065878 0.877453332920822 0.907284716852166
Rgs10 5.97621429509836 0.867319089043565 0.930032924761725
Lcp2 5.96695950942777 0.965192716380676 0.958537099789537
Ankrd44 5.96156808785901 0.653485774458262 0.774227736142258
Lair1 5.94772041143971 0.876411583406952 0.893564252231407
Egr2 5.94255402421623 0.81487247970606 0.855232724756674
Rhoh 5.91879264066298 0.953220506947189 0.95187217832617
Ier3 5.90365411800266 0.813868394677279 0.892575784455379
Ier2 5.88833313763355 0.719754325420105 0.761337970588246
Pik3cg 5.87463974026442 0.962529635214716 0.943965037368533
Alox5ap 5.87319047300934 0.86793949253051 0.942622352175004
Tnfrsf1b 5.8576785570359 0.945447496082068 0.942017544524281
Rcsd1 5.83116477899981 0.956576628508252 0.951960198749888
Ugt1a2|Ugt1a9|Ugt1a10|Ugt1a6a|Ugt1a5|Ugt1a6b|Ugt1a1|Ugt1a7c 5.82200469471097 0.676194563432297 0.856600531425976
Pla2g15 5.80147620152391 0.852774778334458 0.911871410358419
Ncf4 5.78027574035827 0.960276793537838 0.965990762596429
Nckap1l 5.77605632903935 0.912198117400138 0.918810624846416
Cd48 5.76578755822362 0.9674352744153 0.960335106170609
Arap3 5.75854939493547 0.94068303015408 0.927801257675394
Ggta1 5.75299789370053 0.737817739334518 0.742119145974757
Slc40a1 5.74340687379675 0.897359924398098 0.899347347920266
Ctla2b 5.73813873938549 0.929569251947365 0.91949336645328
Ptgs1 5.73350952752682 0.584808420952221 0.535546514080042
Csf1r 5.72491696977072 0.719449770716764 0.660291347313418
Capn3 5.72013777330474 0.944931808984152 0.941623931086492
Fyb 5.71094362409961 0.94612235552753 0.942190799937016
Stab1 5.70775804869926 0.954751149939202 0.949999720804822
Ltf 5.70165067392186 0.824745360706362 0.752621472053893
Tm6sf1 5.69620663586712 0.736512989510185 0.883262267559447
Map3k8 5.6827766689279 0.951348377083742 0.944718327523361
Sash3 5.66451012713364 0.942314329303458 0.942717558366005
Ccrl2 5.6554110668512 0.90615248242204 0.89476894373723
Entpd1 5.6438721094845 0.893842192106296 0.92871377916462
1700017B05Rik 5.62972620749238 0.830397684498456 0.887736329966601
Slc16a6 5.6139296672444 0.833321895746367 0.888549594366103
Otulinl 5.60927672828283 0.885905511250377 0.950739715915111
Slc7a7 5.5984164828575 0.935939499515701 0.928345414686273
Evi2a 5.58517404601089 0.0916632830666788 0.123793673495937
Stat6 5.5684385436948 0.931984575053396 0.944485314401768
Dapp1 5.5311282175321 0.613268965245866 0.7316654390012
Alas2 5.53056733053244 0.919743204812711 0.917551696253395
Cd34 5.51418924888483 0.848502177585902 0.844376505059526
Tgfbr1 5.48813068781853 0.880521858838566 0.895941007327488
Hba-a1|Hba-a2 5.48372336645255 0.689146481100981 0.649753889295238
Junb 5.4832387463125 0.637794187447588 0.710325676330519
Mlxipl 5.4741195031883 0.789666935963709 0.810263329246178
Hk2 5.46890864471728 0.85872117225784 0.867097005396443
Lcp1 5.44523816834256 0.583631338748558 0.822900146558026
Adap2 5.44441877189107 0.937183287779443 0.953510245248495
Cysltr1 5.43940796421913 0.963904292230693 0.961910559768528
Coro1a 5.4393216773188 0.675930165871062 0.678631306779883
Rassf5 5.43585279444282 0.699754074817817 0.889309880325987
Kctd12 5.41396664070242 0.815657018946785 0.785278356355154
Tlr1 5.41362975507083 0.946917153802076 0.942972009087337
Btg2 5.40569612660297 0.511546715020098 0.302019874538366
Zfhx3 5.4008088564508 0.859295311379999 0.864637187550775
Cd37 5.38874396716372 0.921510624530285 0.918944626477695
Pros1 5.36514538412284 0.804932638901216 0.914612661125001
Csf3r 5.36477827114893 0.948652036918406 0.954263921064999
Clec4a2 5.34851567672049 0.952471593256804 0.939788422621545
Cd300a 5.33278905497997 0.938826256807463 0.920405327340653
Chil4|Chil3 5.31290475004832 0.937898893837747 0.880357062424372
Ets1 5.30173588883228 0.821353086702741 0.798932163578278
Akna 5.30114869428302 0.817615911967186 0.910062558306999
Hbb-bs|Hbb-bt|Hbb-b1|Hbb-b2 5.28837967113858 0.772247297806928 0.702822936030939
Crybb1 5.28047614266338 0.915888921481166 0.924176276207216
Il16 5.2653333524785 0.941097496819212 0.931905910700297
Ncf2 5.26139165076618 0.857229250956523 0.821566928619307
Casp4 5.22532968576634 0.959737361600488 0.950523297744447
Cd300c2 5.21041218580508 0.942800388893618 0.949159386518365
Tlr4 5.20128068614181 0.887100517292564 0.888197520393592
Tpp2 5.17934885571611 0.763386492186836 0.733933028598939
Themis2 5.17432699358343 0.944685501171515 0.934216602334326
Spint1 5.17032423176791 0.951140870162018 0.950795579003523
Arhgap45 5.15709434730212 0.935052470626163 0.942532303463858
Abhd15 5.14481634068089 0.886622403903944 0.877001403572972
Ctsc 5.11341971668821 0.529586469341694 0.742271812483732
Il13ra1 5.11094231516611 0.822004393380612 0.851013587645032
Klf6 5.10793567319935 0.833272085824906 0.853418388374044
Serpine1 5.10161792202919 0.958031095060812 0.933093825369431
Rab20 5.10089636862692 0.840463321662784 0.823035733235841
Syk 5.09739059571841 0.925595965179578 0.916583332912951
Anxa1 5.08287471633171 0.882706391741097 0.845597729896611
B4galt1 5.07964700753975 0.866274006950334 0.909670505680859
H2-Q9|H2-Q7|H2-K1 5.06697427932505 0.831166925843637 0.839085208581476
Trem2 5.05817946775369 0.933535806002249 0.923048534677776
Lyl1 5.05776444296936 0.95768294442233 0.956103429861046
Tmem173 5.03392087739082 0.905497071738373 0.926960777598044
Cmtm7 5.02575357577434 0.903616473896378 0.91599783592074
Hba-a1|Hba-a2 5.0199418406384 0.678319142373071 0.64631733596174
Hhex 5.00238141066719 0.952861788619792 0.943175870684163
Unc93b1 4.97532180966415 0.909943394059628 0.88849577103665
Ccnl1 4.96993854995848 0.602551998923124 0.79644374410402
Adrb1 4.96849358112034 0.638220552995271 0.828249379484997
Cttnbp2nl 4.96268163979214 0.874612674296336 0.923721152602066
Mafb 4.9625436204314 0.931914357968315 0.94476724696202
Ier5 4.95748256446954 0.777820112697314 0.835210837595264
H2-D1|H2-L 4.95203937761208 0.711331557274545 0.707796442936603
Pdgfb 4.9438043722599 0.935033314802992 0.933747046706351
Casp8 4.93879737831915 0.950220937528782 0.949552900161856
Parvg 4.9384433032446 0.934421228392625 0.923277072966874
H2-L|H2-D1 4.93348438975572 0.77954075250914 0.767797222031011
Frrs1 4.92977309572834 0.714870860172472 0.863091113981946
Csf2rb2 4.92641014637062 0.959264947411865 0.961347009595675
Irf5 4.92199666395526 0.944339759650343 0.922716153611728
Ppp1r15a 4.9207211098396 0.756265471980316 0.769972582969436
Wsb1 4.89960019274944 0.342359172770448 0.428163634759953
Pon3 4.88961448273726 0.92803012857192 0.92133875979289
Sipa1 4.87360409744395 0.916997619346527 0.938017741397689
H2-D1|H2-L 4.8669223541509 0.713853086035422 0.713519505520334
Tnfaip2 4.86381078235966 0.843160476543646 0.878006962288565
Arhgdib 4.85278313219357 0.922390197898177 0.913877764698909
Clcf1 4.85101788065726 0.945691283160461 0.936458027389983
Fes 4.84691565438939 0.936409771462318 0.931599858038054
Pald1 4.84297618925966 0.901424646841776 0.928793324255148
Dusp6 4.84173751087537 0.532538976326001 0.595104011435609
Lrba 4.83497787109366 0.758766217228075 0.878348383596823
Slamf9 4.8174771988529 0.942247241213961 0.9398275355924
Hfe 4.79574292928277 0.837276145625934 0.898690086936897
Hexb 4.77522171229362 0.823439391309562 0.7904495650039
H2-D1|H2-L 4.77324688508469 0.750963605162724 0.75846323307839
Abcc3 4.76385499808962 0.897003371178623 0.920153292504555
Srsf7 4.76168367864325 0.626453381168853 0.66856877761714
Rreb1 4.74915898921584 0.571068727427979 0.787064077130586
Adamts1 4.7253052243687 0.536078779267701 0.775484383005765
Tec 4.68356461681732 0.938650889839562 0.944402990173938
Hvcn1 4.68336339039072 0.952658506747642 0.950130935086771
Grn 4.6737987066061 0.729337346492918 0.873399989198547
Ppfia4 4.67262490482225 0.875600259157303 0.942269399721086
Tor4a 4.63637562751182 0.792841291851731 0.853479901834411
Samsn1 4.62902870567225 0.94887340563394 0.9390547711497
Mef2c 4.62865042589633 0.522595413159905 0.438951025089988
Trim30a|Trim30e-ps1|Trim30d 4.61743136682456 0.904646697093186 0.865158599382529
Trim30a 4.59807253804931 0.926874505458663 0.91299778038857
Ifi30 4.59730017611514 0.905523342139376 0.9293265496313
Sparc 4.59462478948217 0.462066482388228 0.5712743831825
Elk3 4.59221097858196 0.799127364805693 0.777628378042196
Rps6ka1 4.58709763144195 0.840939125860021 0.84682949472598
Xlr4b|Xlr4c|Xlr4a 4.57810910621413 0.820008998577015 0.768345647656754
Ang 4.57784627033652 0.958763241340626 0.936270646507277
Siglecf 4.56796024505821 0.962923393561285 0.963113640262738
Lrmp 4.56421955609176 0.966293107580491 0.961042577237619
Ptbp3 4.52677062602417 0.715224930019517 0.777432801346045
Igsf6 4.5223362353427 0.949880260771655 0.950248480907027
Plxdc1 4.51758901814112 0.548695527327864 0.719001985547235
Afp 4.51519642191652 0.93934964702365 0.930557363583417
Arrb2 4.49728600162475 0.877358758135101 0.861718971087627
Rrad 4.49348664189209 0.907979583175602 0.86885441043746
Trim12a 4.4923751681077 0.947819175956447 0.914433306321833
Birc3 4.49086343147287 0.930761585939478 0.934960841548849
Abca1 4.47309901233617 0.126759575705526 0.134537026901349
H2-DMa 4.47056010784366 0.837487581725281 0.908816691410672
Gas5 4.45956512255475 0.472715654341826 0.579511280860838
Il7r 4.45346930841362 0.952151485676782 0.927504095206674
Klk8 4.44425925206095 0.939362119861883 0.941719303780103
Mfng 4.44330479213119 0.924895854638815 0.918704315594184
Trim47 4.4387112898575 0.855392402037847 0.932213513898955
Lgals9 4.43116479664587 0.935665293941078 0.937749808673227
Lyn 4.43068449271393 0.869715711068516 0.909644388166988
Mylip 4.41880819235429 0.820767645321104 0.845228428749095
Lag3 4.41570933996462 0.928284584937972 0.928132940349833
Ceacam1|Ceacam2 4.40710361631293 0.896189081011324 0.871167305317215
Mlph 4.3965062596708 0.961951985096361 0.952668263817574
Cd52 4.3930083619673 0.928099003372674 0.901795616698258
H2-M3 4.39005476653171 0.83594724514199 0.876651262021088
Cxcl10 4.38747170420694 0.834839266686393 0.69856176833123
Ctsz 4.37818106092267 0.740198377950388 0.828921071951649
Rel 4.37773921716397 0.891355017328701 0.864259189795859
Cebpa 4.3685849238893 0.841574879242076 0.87501448082935
Ctc1 4.3683898862853 0.910676183242884 0.92251677696911
Plxnb2 4.35264052362255 0.421419941870665 0.702591554700873
Ifngr1 4.34801591725466 0.821258717103462 0.859010231008067
Runx1 4.34097443032529 0.916007208566528 0.841445298385406
Casp1 4.33761912462211 0.932202411719338 0.911371146859842
H2-K1|H2-D1 4.31935957418608 0.586778274307425 0.538827231906372
Slc39a8 4.31844141904841 0.731165228388203 0.764901025984507
Edem1 4.31775130929929 0.79560618320252 0.767918324079887
Sh2b2 4.29493212913238 0.857392488350714 0.83455325094322
Gpsm3 4.28262463036094 0.931810997347035 0.926403188215968
Ccl2 4.28029027532987 0.926168289232072 0.916482200341481
Ptpn18 4.27761090810264 0.900279528328497 0.907792967208714
Spi1 4.27700704822188 0.926683371293971 0.914316561861161
Il6 4.27513832065788 0.911573894735729 0.870859115857809
Gmip 4.27409677181705 0.919544473144631 0.919272893795823
Arpc1b 4.26222550259653 0.352195719660103 0.11048556736705
Rbm39 4.24964616574808 0.607352898447704 0.628134182694359
Tcn2 4.24814570914655 0.54325652347409 0.817371209963856
Clec7a 4.24144101083366 0.920155207323638 0.904175133572249
B2m 4.22126289589278 0.769625664995662 0.715184919529906
Hcls1 4.20628087344705 0.937571955488749 0.929837033835418
Mrc1 4.19854612219845 0.876135267446996 0.847305771674863
Npl 4.19852285779996 0.524302006111853 0.700004523370205
Serinc3 4.19252616256266 0.834899064246719 0.822849086632032
Phyhd1 4.18507915739954 0.702620167784718 0.722017233311674
Plxdc2 4.18405482696931 0.747169380155553 0.681432637933602
Hpgds 4.18235603857322 0.93338455625151 0.936023337329389
Tgm2 4.18135169477965 0.727071639335272 0.714558247291975
Ugt1a7c|Ugt1a10|Ugt1a2|Ugt1a6b|Ugt1a9|Ugt1a1|Ugt1a5|Ugt1a6a 4.16233415907327 0.647435441511983 0.670144410937881
Btk 4.16161858248963 0.921876236708354 0.925557641373087
Lilr4b|Lilrb4a 4.16051721375711 0.919977159432867 0.869890159977523
Rgs2 4.15258591785285 0.735238677019223 0.801068677978145
Myd88 4.15097285184066 0.897642117162004 0.915999493360353
Slc2a5 4.13594360979652 0.932589591281486 0.933763586482964
Cep152 4.1348262255405 0.842085895229531 0.817513234654921
Mef2a 4.12981199483552 0.858521125326521 0.846506686794126
Cyp4v3 4.12633908264571 0.244182503701949 0.610980030295918
Plk3 4.12554383428273 0.409709948127185 0.31595241466277
Nfkbia 4.12415773106904 0.670979803565472 0.740443446254942
Rnasel 4.11287570732808 0.912020508100364 0.900557452037408
Pnpla7 4.10294376717666 0.242271967367542 0.453948081481576
Lrrk1 4.1009697337592 0.89785738661865 0.855217105115679
Ripk1 4.09979803161469 0.688443592342915 0.838147934214828
Arhgap4 4.09961806734653 0.938191522944689 0.924372754827671
Cd33 4.0992613364558 0.928057397913157 0.920393915418191
Lmo2 4.09286701676134 0.735796125602254 0.845582996673139
Fcrl1 4.0815639650248 0.964183655092629 0.961999672993262
Resf1 4.07822545264196 0.699479788928664 0.772822309974476
Parp14 4.0655114010184 0.882496850470082 0.814696809414452
Spata13 4.06049017392401 0.695444881599098 0.842031245266465
Tgif1 4.05712371117123 0.91593768618941 0.921047299081203
Ly96 4.05689251647486 0.853366567214026 0.871134444589861
Ugt1a7c|Ugt1a6a|Ugt1a2|Ugt1a6b|Ugt1a9|Ugt1a5|Ugt1a10|Ugt1a1 4.05392771344398 0.852547233791871 0.921277580658776
Pag1 4.05160604119311 0.478854275129976 0.830757448823823
Herpud1 4.05004605009795 0.830762531493331 0.908403378113825
Rgs19 4.04720217267113 0.635759922832469 0.625774703356778
Notch2 4.04495226391816 0.157367196736878 -0.0431145382667697
Uba7 4.03813946714439 0.920938164448651 0.916194496978144
Pmaip1 4.03802021879834 0.931563915568354 0.923093063169517
Apobec1 4.01377309461736 0.81731098806166 0.840467309792975
Lrrfip1 4.01236520011539 0.753271625632512 0.768638722666259
Slc7a8 4.00482662677781 0.889823131942869 0.89671981448967
Adrb2 4.00173239851123 0.942122129367817 0.930054399556777
Cd177 4.00004284360566 0.93065627909099 0.890272581527441
Naalad2 4.00001829058825 0.902028179164079 0.910731026949092
Cxcl16 3.99822775008486 0.921557697582304 0.930510107052231
Plcg2 3.99414763237649 0.847534300705801 0.872023597011429
Jun 3.99191010670764 0.365727575772816 0.407492586906477
Rab3il1 3.99129096809779 0.94539658512593 0.941899209448314
Dusp1 3.99071904307699 0.3325819376961 0.349844153941768
Dock2 3.98973397671005 0.923681970685407 0.946252884416479
Myo7a 3.98249079340752 0.887779928578508 0.878726533395576
Gna15 3.98205952830426 0.929406359917373 0.938234863617351
Tgfbi 3.98084965168713 0.70260928439549 0.774506568660179
Rnf19b 3.97884115733824 0.881598602365909 0.874523947618719
Sirpa 3.9629279319405 0.328409670670068 0.675461524839095
Pnp2|Pnp 3.96215495943872 0.379172909353622 0.717571443896628
Ehd4 3.95417125331816 0.733663589381843 0.916802978834706
Glipr1 3.95382583186393 0.904800787140715 0.84411428257361
Sult1a1 3.9442309870612 0.343679383855093 0.148317382320863
Myo1g 3.93365357526948 0.923967333972708 0.908514206513806
Tbxas1 3.93260868271587 0.91459600965597 0.879936905457404
Arhgap17 3.92631847367052 0.790345303957779 0.814797078135117
Fam111a 3.92434438013522 0.756891584442394 0.699300212943908
Gcnt1 3.918164455975 0.951377460379525 0.932434213194526
Parp9 3.90318774990221 0.741277836698333 0.828615184502807
H2-K1 3.90215006926037 0.638812531780266 0.571151271462752
Pla2g4a 3.89623582319434 0.365877376208469 0.265679578354155
Cebpb 3.89561747217981 0.83087487278162 0.861926917952206
Tmem140 3.89520490392188 0.943757663071586 0.938147515630458
Tmcc3 3.88985404908386 0.591959088844437 0.533104613879965
Tifa 3.88821518420868 0.63999986658703 0.842208727064751
Tnf 3.88621835878509 0.892983282947635 0.865126284423679
Trpv2 3.87905385656435 0.632466842503506 0.762201654302125
Plekho1 3.87353377107547 0.788565536428457 0.788235215860598
Gimap6 3.87032119852321 0.931671050662148 0.928555523117799
Gusb 3.86127164454676 0.709176656267343 0.783390853831904
Plekha2 3.84590860268372 0.0015554715367821 0.152598260663507
Snx5 3.83523263510148 0.882003893051725 0.893605375600489
Slc25a45 3.83085690528328 0.80321207083257 0.802674843388815
Slc25a37 3.82701191355068 0.8189028852208 0.755797149762966
Ebi3 3.82219544649084 0.890560898274105 0.907467896042759
Ucp2 3.81984597550546 0.921211297532744 0.925736080431683
Vamp8 3.81851991918068 0.663597907145546 0.723195666338738
Il17ra 3.80557873894471 0.781064216829857 0.806217033563063
H2-Q7|H2-Q9 3.80343331339988 0.763205680887088 0.68879456734831
Dock8 3.79955087126124 0.919386942900754 0.885779956246621
Hps4 3.79456819780857 0.81849455866022 0.757692064328705
Clic1 3.79404097848015 0.784948944813096 0.837498015711099
Vrk2 3.79086982636948 0.818842593289826 0.852797321661004
Tmem63a 3.78914572918766 0.0745862600265831 -0.0975183256489013
Psmb9 3.78674253616342 0.87926926541188 0.797192482441821
Tcirg1 3.78419880565276 0.728412255500063 0.753210413303783
Igtp 3.78320163157089 0.698138621967776 0.601433483571723
Rac2 3.77369919402507 0.901117108609741 0.891517490419838
H2-Oa 3.77005774284102 0.934841660781659 0.926398123156816
Il10rb 3.76408607452594 0.788118970530525 0.866829486587767
Zfx|Zfa-ps 3.7563515304328 0.799258650961399 0.792130918558022
Ncf1 3.75384452353768 0.933776340060356 0.921842538921958
Arhgap9 3.75339158244994 0.673341416720397 0.506500261921995
Gdap10 3.75258105079399 0.356047543385471 0.498893816980958
Ints6l 3.75167845516262 0.537665752334255 0.506121765968368
Man2b1 3.75110003019004 0.751279377007051 0.677482272613863
Plcl2 3.74711442175025 0.833118597532282 0.789184720430486
Ceacam2|Ceacam1 3.7424818553058 0.839902056645096 0.854413328593084
Myh9 3.73581914026948 0.834652218171015 0.821736634259929
D17H6S56E-5 3.73428955818085 0.92958604377061 0.91535128114256
Zfp36l1 3.72537352417526 0.145250591411856 0.321053198039929
Stk17b 3.71392456376932 0.111486014945867 -0.0309181338982068
Snord22 3.71008071546569 0.611475969585428 0.747652135155631
Slc37a2 3.69560097582488 0.831650783721906 0.870871332826267
Cytip 3.69020392482851 0.780762482169826 0.722608789559203
Ltc4s 3.68837067758961 0.890179493347521 0.875747417788326
Clec4b1|Clec4a2 3.67673844509796 0.943975807002754 0.927183710969544
Chst7 3.67627501054897 0.659701940275702 0.649251307858187
Il4ra 3.67459326346833 0.911734148362736 0.929125545609617
H2-DMb2|H2-DMb1 3.67218823164812 0.907738716455245 0.90460715952911
Syngr2 3.66901836135209 0.566717498833753 0.678839470206685
Hspa1a 3.66292075668203 0.565676803245335 0.583085555598923
Pik3cd 3.65053864080631 0.913246009846432 0.925453588208683
Cebpd 3.64905413023263 0.33347327434297 0.45065287968563
Phxr1 3.64110013435365 0.755396018305603 0.744678481059365
BC028528 3.63349599790394 0.514239909738088 0.296661843788185
Asxl1 3.62517578396394 0.818281526441128 0.826117307818706
Jmjd1c 3.6231427598837 0.686531135079209 0.759223250556792
Per1 3.62312407684771 0.661348257379362 0.778482498491602
Nrip1 3.62106733101637 0.771468180707173 0.855706570350862
Lst1 3.61006842240675 0.870938544699956 0.903138078186826
Hacd4 3.60776806451182 0.690053150634954 0.650509092278048
Ifi35 3.59744280288464 0.8814627502408 0.879755331165718
Mcl1 3.58302112910154 0.789610279563993 0.844813275571466
Klf10 3.5826849802517 0.802296169408596 0.822010151299125
Cd79b 3.57582589241382 0.906722712118736 0.89094282819218
Nfe2l2 3.574946731017 0.317079151815366 0.453204696832214
Erap1 3.57275200803244 0.531391824555691 0.633822422530596
Trim34a 3.55689095359655 0.762948211324758 0.683217445325645
Tnfaip8 3.55632720681608 -0.0176228175951752 -0.0687511326400445
Ptpre 3.55526964322541 0.444057897369843 0.681432942308758
AW112010 3.54108562265606 0.938800483072975 0.942335391059301
Clec5a 3.53485419221968 0.943105781978976 0.937160321921037
Prkcd 3.51596939636881 0.54060046485452 0.688708725514112
Zfp90 3.5060351408286 0.895509075562234 0.891570664998467
Atp7a 3.50307625471269 0.732161453379005 0.791527745787337
Lgmn 3.50224095640471 0.746162136781906 0.75538821184546
Srgap2 3.49127242577313 0.807592761269922 0.884274059617656
Npnt 3.49044210514613 0.686223691439137 0.579417985853949
Dnajb1 3.47667904335849 0.875196870057153 0.849492330129476
Hp 3.47184167802202 0.883484175833998 0.78255240451605
Ets2 3.47164831268353 0.66126792647846 0.537652466298833
Gcnt2 3.46899061942122 0.736868199661385 0.662655704667559
Gbp7 3.4670296612968 0.302941187047065 0.318783171697342
Litaf 3.46201330634006 0.0463847618805437 0.446164633416549
Phxr4 3.46161313629864 0.368354698899969 0.123478879707711
Tmem37 3.46124955121924 0.920570161914784 0.916679800437933
Cited2 3.45660895360778 0.792369556669562 0.784187388766246
Itgb5 3.42562208173951 0.512404833073033 0.832456606116307
Ifitm6 3.42432747066884 0.91508116474944 0.838494465496628
Asph 3.4198075313951 0.242190990596092 0.205598381384253
Zfp36l2 3.41292069522556 0.0323094200017367 -0.0397896095159471
Rsad2 3.40922109422957 0.56074698668541 0.554416766449516
Sgk1 3.40577852394295 0.159825051243637 0.245624872193521
Samhd1 3.40559913012332 0.780982786240858 0.725833438877533
Was 3.40535631234075 0.903430284145419 0.906934230253224
Slc29a3 3.40265411779398 0.557623660233037 0.544499143390683
Egr1 3.39991551435071 0.513293517629784 0.776572714337506
Pnp 3.39834401893611 0.283509788701473 0.711749559477843
Tgif2 3.39741948600927 0.890830331696433 0.909633392024663
Cmtm6 3.38866030791418 0.738171280539133 0.820671636930779
Sertad1 3.38197428313507 0.867482512929578 0.874703651928551
Cdkn1a 3.38178280367424 0.719726655453576 0.628363727710872
Snx20 3.37781445564497 0.938801674642494 0.936078328207975
Tlr3 3.36863750803231 0.11215357048563 0.833342645686074
Tcim 3.36269959320344 0.472446813923074 0.245549962192037
Gtf2h2 3.36090858463854 0.866211994939363 0.874129201946195
Tubb6 3.35914024723131 0.807371703630831 0.893156506942206
Rasa4 3.35866870599649 0.923203942058383 0.901897510343866
Tap1 3.35801136965439 0.785754660604505 0.724211993986736
Ebf3 3.35752200359428 0.742155520694985 0.651507836063662
Myo1b 3.3464799199495 0.837008342971332 0.76525668855302
Fmnl3 3.33952939869494 0.901299652517755 0.881955950156956
Il1b 3.33886948722698 0.915107058920658 0.90533160526654
Psmb8 3.33704328069347 0.823804625606784 0.833212751846696
Fos 3.3347505437127 -0.0426662483872895 0.397663788507443
Tpst2 3.3333632960441 0.723514308314706 0.814376567990135
Fpr2 3.3332023090403 0.845723292433368 0.589001748502606
Maff 3.33223994624683 0.720206783404046 0.743797013341992
Pdk1 3.32876998140582 0.7503135751729 0.854402108388916
Rp2 3.31341656111406 0.854083515487943 0.820370686261358
Gbp3 3.31321273731333 0.383832022050662 0.197688377819953
Ptger3 3.30731898322017 0.865676612148548 0.886861251800857
Stk26 3.30539109456634 0.785592653324654 0.754377151795413
Arsg 3.29803075231738 0.0261849774713147 -0.13454317901363
Zfx|Zfa-ps 3.29691238704054 0.835543062664738 0.820493938231458
Naip6 3.27851068565575 0.929755517505607 0.898258761509904
Lgals3 3.276698168175 0.635284376208551 0.48078304706377
Ceacam1|Ceacam2 3.27455864809172 0.904876410595441 0.854546007478846
Tgfb1 3.248937815693 0.902366450641217 0.810611793893548
Traf5 3.2437282736468 0.87723220101294 0.878777841850177
Rbm5 3.23731863827896 0.195024120854962 0.170286101582299
Smagp 3.23515160127733 0.892864484453461 0.889543044330548
Col6a3 3.2309140778779 0.79753558642689 0.770490891483948
Parp10 3.22544838258639 0.844659284373254 0.775427265527832
Ifih1 3.22133663078089 0.767753362849695 0.706495043247053
Ms4a6c 3.21877174333202 0.914517227854908 0.911997224134611
Pf4 3.19159561676615 0.840285348080265 0.836430045685434
Nfam1 3.18838117171998 0.917037310862953 0.892802307102471
Batf3 3.18218878457576 0.756674262073344 0.771698513751399
Calhm2 3.16271475680297 0.887132129748227 0.86493137612578
Ptk2b 3.14024509507616 0.368821458986913 0.151941666197631
Hlx 3.09791892895688 0.917793626155864 0.898945392711184
Tlr6 3.08624121498712 0.768785267961166 0.814454308742572
Mpo 3.07081940452111 0.841903738549261 0.572743943876683
Irf9 3.04435516420796 0.800426416539719 0.792342799295709
Isg20 3.03745817914815 0.905853649760373 0.91611250330941
H2-Ab1 3.0193187862393 0.717856218145452 0.639214100328447
Plaur 3.00514815953902 0.880616848836092 0.873139858418824
Ptprj 2.97946753076215 0.806798074941281 0.809363108262489
Mrc2 2.97318314707628 0.866612449158523 0.839223579816271
Gmfg 2.97132298728496 0.874970070874741 0.871157297350848
Arhgap39 2.9684450131834 0.809534208059118 0.817786220724071
Cmtm8 2.9289833738136 0.913519342572518 0.90237308225407
Calcrl 2.866674176642 0.221442749684347 0.090445464157904
Irgm2 2.83514626168265 0.751447084869675 0.634221126947278
Sh3tc1 2.72703132705777 0.906138930865078 0.913548200605711
Nfkbie 2.67258598017054 0.735214199912266 0.709695613664964
Smpdl3b 2.66660279163418 0.511810474633834 0.792081319671928
Lsp1 2.65639473709554 0.844826349604652 0.869500619675756
Emp3 2.65481934742644 0.836696441720944 0.847471314064173
Myc 2.64687411266253 0.790796039637443 0.836613395073022
Tfpi 2.64577305576529 0.838865182611836 0.847078786501462
Srpk3 2.64526376715869 0.543254712408142 0.304828228240171
Ifitm3 2.6062555262916 0.197373736389858 -0.118774610174719
Tmc6 2.60377524821929 0.810544517348792 0.760202015860069
Nrm 2.50467978476732 0.485186088246418 0.51053858083159
Zfp472 2.4496214946347 0.319156689721941 0.191274397324117
Arhgef2 2.43734055412839 0.229630931614459 0.150889989252393
Ceacam2|Ceacam1 2.40732297577745 0.897459925410262 0.894462300971182
Il21r 2.40089377897045 0.92919086818083 0.940204302795195
Lpl 2.39303107497501 0.268936550751449 0.0418221770332508
Plbd1 2.37273434846942 0.859152532201559 0.756970040116017
Ehbp1l1 2.36771286274049 0.629674935814503 0.628513935537704
Slc29a1 2.34466357250122 0.743277061234793 0.838886630129861
Dusp2 2.30690928157752 0.892248270158207 0.892381849361662
Tlcd2 2.04140047803568 0.850603175560551 0.814853626358139
