Nefm 8.38432932047379 0.726506840782319 0.7401733316447
Nefl 8.31391926614705 0.615275706727115 0.630511282240368
Calcb 8.18183483414118 0.959542154817531 0.957752406785318
Calca 7.83071926400183 0.968446205152765 0.968861781166709
Stmn2 7.63679510901177 0.759520432820437 0.768180804783026
Sncg 7.57270251102837 0.966719079741355 0.967606462095435
Tesc 6.95198797332486 0.66982101807777 0.672912201264787
Spp1 6.94661034266902 0.913200118793556 0.851521384595054
Scn1a 6.89231659377929 0.690028317097002 0.63804006071546
Hoxc8 6.77618455713034 0.972992454602051 0.967342791576887
Slc18a3 6.74753700620063 0.962723204920504 0.956280836774204
Nefh 6.69929466053946 0.888205553971772 0.86379213571121
Prph 6.50866159905614 0.967261225755207 0.960764374429504
Cd24a 6.42275559682891 0.773457242257358 0.851174806711979
Resp18 6.34845435075686 0.719814392872463 0.74531281618116
Sh3bgr 6.29338751619728 0.911836466961669 0.90354259332669
Chodl 6.23392064320579 0.95694309836927 0.959925759512402
Hoxa9 6.2062967342144 0.967229140236118 0.966757460685694
Kcnj14 6.20600763337753 0.807121475242513 0.877814615934101
Uchl1 6.06200240724703 0.474585107566383 0.66309833880949
Kcnq2 6.0594819182538 0.398949075084509 0.279804892542944
Lin7b 6.04918028738917 0.641690727870634 0.675236123331661
Irx3 6.00682691573872 0.958391332278657 0.957183126589102
Cbln1 5.89706045632981 0.776565576132731 0.787497093982601
Susd2 5.88110741261706 0.936461266843937 0.916223472076642
Uts2 5.82407062406859 0.948781075186128 0.918535276356708
Nap1l2 5.78373873308137 0.432475648271374 0.536380958968739
Arhgdig 5.75319610682283 0.624107143780031 0.733449711058815
Fabp3 5.72974737314248 0.675560345986645 0.719862097275284
Bcat1 5.66006894707041 0.143288380186113 0.656839425455226
Rit2 5.6568428179525 0.360569530838308 0.217913966381187
Fxyd7 5.64341687439348 0.890722348243037 0.902834190045831
Hebp2 5.61385712751216 0.810096843764351 0.776918982214647
Fstl1 5.60486725302731 0.328126643962079 0.620589038463591
Pcp4l1 5.58330252017765 0.870951470120332 0.840892586059241
Tspan17 5.57728999760215 0.408641525378963 0.459009626622465
Cplx1 5.56811427214482 0.517925246966243 0.547100501317534
Chga 5.53998024063652 0.728730134670792 0.802948964487072
Isl1 5.53984337901592 0.940192013130656 0.94809401641568
Snap25 5.50503613183945 0.203926890108494 0.00396737412866585
Asns 5.50263566761023 0.210385029818563 0.264495840363219
Hoxb5 5.4630394420881 0.954196338373289 0.954818565528903
Vamp1 5.46152444693658 0.845401081224031 0.87759389390649
Elavl2 5.4613115677649 0.557092273299131 0.560151490240597
Stmn3 5.44661118516104 0.447891773940375 0.67123156504114
Fkbp1b 5.44151874046387 0.780769925772104 0.796077743687859
Tubb3 5.44135391369125 0.504045182159932 0.695264032455576
Sez6l2 5.4301979469747 -0.0327313777980372 -0.0596350938506179
Caln1 5.4253748948936 0.645374678955385 0.631148144115726
Ina 5.38032120915357 0.403557361907326 0.394425642642955
Nrip3 5.28764949773183 0.75710864337877 0.73334590474056
Gng13 5.26379895499794 0.62971027449366 0.691037284467048
Map4 5.22147949254296 0.482014123739727 0.829522367863005
Rgs4 5.21888769207658 0.432478488740837 0.30608820889835
Cacna2d3 5.20743913810775 0.619045599423026 0.597350253494258
Rnf227 5.17470459749429 0.583241472034664 0.696113818614282
Cdkl2 5.16496607815662 0.474168992889081 0.720232695817689
Kcna1 5.1523666936197 0.124695880890845 0.180416716480147
Map1b 5.11870084042912 0.566707442404813 0.623063680018025
Patj 5.1082870949638 0.928061254781288 0.942903415643387
Cartpt 5.10768350524717 0.89953232170629 0.897824927903323
Hspb8 5.10374657354768 0.635498326055906 0.76511466025414
Slc6a15 5.0918752453247 0.622960113082029 0.750714092038857
Pcp4 5.0790117458816 0.0614009734448304 -0.202563483577685
Rspo2 5.05329724781485 0.787941832992084 0.74182103612217
Lgals1 5.03063837826581 0.784970877681343 0.778899725450721
Popdc3 5.02879572203978 0.932236497023082 0.924655175711671
Mfsd6 5.0075768292023 0.140539810397987 0.337633765121055
Reep1 4.97210953483592 0.435557316796485 0.594880634514801
Timm10b 4.96339281097673 0.685172486117489 0.77827259674235
1110008P14Rik 4.96009147233413 0.697446277369721 0.719803499324818
Syt2 4.94755507611295 0.899229333405655 0.875926045513113
S100a10 4.93339936554722 0.746197646153643 0.725529367011848
Trhr 4.92043053411389 0.916991926967097 0.906932452481573
Dusp26 4.91327861169934 -0.0877794051434063 -0.0675058913087193
Hspb1 4.9096690144043 0.757277444220512 0.793682732927101
Rnf112 4.8953418108485 -0.0261581551315313 -0.0358910532775779
Tdrp 4.86567913357472 0.849545056018 0.905548805796921
Dync1i1 4.86473139874435 0.405924959029372 0.401105566650355
Prss12 4.85925509129252 0.782587903498045 0.839706967568258
Rbfox1 4.82747238892333 0.284858087478887 0.0827280702843058
Syt4 4.81541210467609 0.621520527921601 0.574432269008914
Slc12a5 4.79189920428266 0.346802500788945 0.216411261764536
Clvs1 4.7826162794647 0.573229273069387 0.779591328776212
Medag 4.7451064442697 0.786424105585906 0.76402880285776
Eno2 4.7233207968725 0.330621240836884 0.244023706870332
Tmeff2 4.68181441965875 -0.0810462245770578 0.375752277557377
Lrrc49 4.67448267811239 0.823864797566792 0.900209976349613
Tppp3 4.66692873219508 0.132717077102547 -0.031647347505717
Crtac1 4.65898306324466 0.378507658061703 0.337833104047593
Mllt11 4.65565106512009 0.44023526685882 0.720126774840065
Nell2 4.65345721997085 0.702052524400961 0.595896249014475
Slitrk1 4.64874510365661 0.435491390049 0.362898619581067
Armh4 4.62436313008587 0.262842925082255 0.531291761198188
Cdh22 4.56724103836497 0.752028185195639 0.765882240689026
Slc29a4 4.54812055556602 0.856902855305859 0.846316538195721
Susd4 4.49577182712934 0.229132068288283 0.414944149055868
Dpp6 4.4842341815685 0.539698237239561 0.582185237996924
Ckmt1 4.47517334741663 0.601260001969768 0.473589164627922
Prkar1b 4.45715028359812 0.218817560162153 0.0264956581562758
Hs6st2 4.45479738767593 0.577069259268307 0.480835044394916
Gna14 4.39836373656026 0.951837167762421 0.932012557579558
Klc1 4.36903080568631 0.256514232056505 0.593073110916841
Cyb561 4.36389829245026 0.640031645416161 0.539812129406626
Kazald1 4.35931077082735 0.842822695589614 0.839823275903434
Hcn1 4.34937149154621 0.772082953596424 0.769217635616984
Arhgap20 4.34758458773219 0.447989323347124 0.534266606668196
Acot7 4.33042027941423 -0.0163885990897538 -0.162359801068074
2010204K13Rik 4.31381113671582 0.454321647231106 0.360621026522714
Rasl10a 4.31236239426802 0.596846111116921 0.546700758979848
Tmsb10 4.30498320912985 0.591453330019785 0.743468411265106
Anxa2 4.30327735128182 0.820138231193582 0.803927299258399
Rph3a 4.2873567574524 0.737025839084957 0.741771743865404
Gdap1 4.28571253994458 0.256193186697177 0.435878902812768
Spock1 4.26596119727257 0.620068526510331 0.601604574900017
Sema3a 4.26005946384848 0.766419417825382 0.742534206052624
Cela1 4.25910871300021 0.447153172390521 0.71482444940209
Spock3 4.24783506207356 0.0797628750023471 -0.0855281701181289
Rerg 4.23601329503439 0.596474897205197 0.463466954464953
Vstm2a 4.22005181425015 0.468796697104125 0.454412091989399
Lamp5 4.21379211750078 0.280369614895308 -0.0116221536853566
Kcnmb4 4.19925420058552 0.273018404673619 0.307874516178032
Cda 4.18955375679494 0.961335126014661 0.941706429294841
Gng3 4.16741796522047 0.2017740484903 0.270651755575192
Wnk4 4.16027810580474 0.937290979802038 0.891843519650829
Kcnh2 4.16000384004583 0.827744106417775 0.819153776031014
Vsnl1 4.15959385924067 0.0402696351652607 -0.24140974885879
Edil3 4.15322507339551 -0.148282488797247 -0.160828702403079
Npr3 4.14881671589004 0.876720639353848 0.836870592619119
Atp6v1g2 4.13134325038017 0.447733968062934 0.520453361228954
Ache 4.12751254989588 0.848397989934202 0.853781632253168
Sytl2 4.12309279166469 -0.0387998532003055 -0.0688127521775886
Neto1 4.04427491867994 0.142737533741716 -0.153586347139765
Cd55 4.04192875460742 0.918572686034491 0.91072041158347
Eef1a2 4.04022744726065 0.287103452494549 0.0607778453986254
Ykt6 4.02888656507488 0.801513002488294 0.872865452962401
Ntng1 4.02557741840648 0.735905293795849 0.680309325507541
Chac1 4.02401242003124 0.799650381654428 0.813066909366544
Serpini1 4.02077303056967 0.392505746027785 0.350663000364136
Rnf157 4.01625029591513 0.422633529982843 0.512277793877658
2900011O08Rik 4.01173000017189 0.325709105088446 0.326233842168855
Chgb 4.01032549337441 0.352531051891556 0.232021050944572
Plxdc1 3.99538069428638 0.500094637847903 0.719001985547235
Snap91 3.99535836686233 0.0947732956536767 0.505685422126406
L1cam 3.99496479576901 0.662980245750278 0.564699319438501
Cops9 3.9942097781362 0.759512822813363 0.802216891516331
Cd59a|Cd59b 3.98773907774371 0.533757836206217 0.543010804310698
Fhod3 3.96663813037258 0.549867580261398 0.505983366006684
Sh3gl2 3.9653735610236 0.237940176675455 0.774828434914665
Mbp 3.96008602206314 -0.142693335023019 0.530660735141836
Ccdc92 3.95886903945103 0.867446007428379 0.918602143779982
Anxa4 3.95707267901107 0.813173814824907 0.81218102072193
Cck 3.92138266294408 0.29882543403203 0.0961604066910643
Rbfox3 3.91860764811117 0.459436177024466 0.344975459734457
Prkcz 3.91335358931956 -0.0789447046213805 -0.171725524477967
Dmtn 3.89680242649971 0.643471577164751 0.564374850744919
Nfatc2 3.89675944796483 0.438173898490138 0.349042247261069
Sult4a1 3.88531826189313 0.771498510682632 0.754849325670051
Kcnab1 3.88277884598929 0.449565307043686 0.326001909657358
Ccl19 3.84843170017013 0.732662829931202 0.674513275857761
Olfm1 3.84213774535251 0.114519060318819 -0.101220489426523
Lynx1 3.83972369674877 0.782783177395247 0.829738698429676
Rnf208 3.82831542212043 0.227883764869958 0.333356731156263
Atp9a 3.819058793125 -0.0705555153477908 -0.139343143356938
Pcsk2 3.81814259257107 0.293518274641113 0.334763371342736
C1qtnf4 3.81073665093002 0.139063245630418 -0.13733351143515
Chchd6 3.80691047234529 0.204207483473183 -0.103437252573512
Dnm1 3.80343365775483 0.0134921233470276 -0.0485336919699345
Etl4 3.79053505064794 0.504336759912296 0.390455040536537
Polr3k 3.78016539646952 0.235494273257749 0.212177097714417
Stbd1 3.76439848604066 0.754227477589479 0.837024530740302
Dpcd 3.76388899579038 0.686778402619591 0.822876207588037
Elf5 3.74718043163475 0.439564176913095 0.224317325998349
Kcnk3 3.74347216564299 0.831149417638768 0.869732237206706
Tpd52l1 3.73582714535855 0.635610827564282 0.576538119616247
Snrpn|Snurf 3.72707198373338 0.535433358589885 0.558244080564718
Slc1a1 3.71848220789109 -0.0322119290137403 -0.0572249590632089
Syp 3.71066651872705 0.377987710174464 0.178231509801413
Ifitm10 3.70087637026479 0.554177175439274 0.705896054634171
Pcbd1 3.69400065288834 0.538795253071585 0.436913339104028
Slc17a6 3.6875953492943 0.660496821886964 0.547104144110707
Slit2 3.6861750190653 0.601522228858452 0.707234169284698
Nipsnap1 3.68398030264206 0.509022134273582 0.489020161141251
Cacfd1 3.67852622270326 0.776243901046593 0.868871205397173
Arhgef7 3.67754709202406 0.226032473771106 0.359990497509507
Vstm2b 3.67304658240088 0.384909712070463 0.434507362739766
Nts 3.66797553848507 0.842548015507297 0.840802602901985
Cdhr1 3.65446699037118 0.792567535185845 0.835065405578522
Penk 3.64081236911386 0.434466861269936 0.263028419645845
Srxn1 3.63936096855184 0.852142214339026 0.889423232581845
Sst 3.62855032795352 0.353927816748859 0.174425683130291
Pak3 3.62426019637723 0.452506682481077 0.58235023738492
Gng4 3.613339300463 0.462984114502061 0.57132450608129
Nrg3 3.6117022984303 0.397094215050992 0.409564569623253
Arl16 3.60386689986832 0.853386480707809 0.91579546339226
Gpx3 3.60212306448488 0.878523138398928 0.880694295747872
Cd200 3.59674802964195 0.129958418335667 0.400241267523076
Mapk12 3.57791402191685 0.687993772044681 0.696220887625638
Lrrtm1 3.57598247406126 0.111205314602459 -0.188970828560264
Cpne6 3.5698341731847 0.690250708555454 0.622971366454721
Ccdc28a 3.55872860270586 0.892253850398361 0.897967013829114
Selenom 3.55532359675732 0.488063283812958 0.653958458166391
Akap12 3.54839761217308 0.731955242079558 0.652172804262859
Nol3 3.54025577316054 0.713054613661006 0.831450297439168
Celf4 3.53873382748906 0.325445071150668 0.129977697821262
Cend1 3.53458686009916 0.619370154651901 0.71266648671691
Habp4 3.5295846936225 0.683434351530224 0.773390253213065
Dffa 3.52266010454005 0.879194552110383 0.897451717444593
Esyt1 3.50471197667585 0.651654922777057 0.837803297098996
Aard 3.50350525203909 0.662214223429488 0.680529273770375
Sln 3.49600025778464 0.937861606441685 0.928344800638437
Tmtc4 3.49523385887297 0.68301577770402 0.683479152465858
Mapk8ip2 3.49023340427754 0.792751020474159 0.83290787359693
Mycbp 3.48162131728466 0.781920416639042 0.891732275293734
Gap43 3.47219668054893 0.205835167872891 0.0374299424743076
Rasgrf1 3.46949989444103 0.298690066426245 0.0879951858618038
Rell2 3.46947496358875 0.629028144343098 0.728636739582045
Kcnip1 3.46907805524535 0.276100246890623 -0.0203667671503337
Armcx1 3.45291545263549 0.366174105665944 0.593005213897996
Rufy3 3.45143983853838 0.360867903838996 0.792117436144338
Fgf1 3.44688543706656 0.235232687728903 0.248979153281097
Mast1 3.44180767548345 0.797440634715518 0.786890663837916
Thy1 3.43580616132897 0.40325000657768 0.392053900592534
2310030G06Rik 3.43378851045168 0.92947749150213 0.927540423662693
Lcp1 3.42608188785193 0.367172676930661 0.701781111401141
Rhov 3.42438594146548 0.892516440513351 0.888478523215088
Emb 3.42329057000846 0.78142222503107 0.777767728185548
Isoc1 3.42112492820341 0.483090572601193 0.38920251280584
Cyb5r1 3.42019591544173 0.55314816003224 0.671581490072941
Ptbp2 3.41685652664258 0.390791883910871 0.594189809103849
Bex1 3.41376667838088 -0.030040904566221 -0.121744418414191
Napb 3.41023498448505 0.402098882603287 0.232771480387731
Mgst3 3.40997395079442 0.638838362069672 0.767504520145374
Tac1 3.40957935441237 0.0674712256657888 -0.236847766615995
Pdap1 3.40117285928883 0.473175859432956 0.512173198162917
Cntnap4 3.39708071998304 0.721545909372768 0.603581844067448
Pcbp3 3.39442203569735 0.532090913904943 0.529026909146428
Rab3a 3.39161052545979 0.409758139800338 0.435228171060947
Car10 3.39095175115251 0.162146622590781 -0.106854238366545
Fgf14 3.39003931959337 0.366321057418172 0.233279610389602
Kcnab2 3.38415602858119 0.469505341252721 0.479059740390129
Ryr2 3.38134388107475 0.578099157126886 0.407628415616789
Synj2bp|Gm20498 3.37651830854262 0.647108353561535 0.765494744140912
Mcam 3.36930933745151 0.247734855225052 0.12402100545377
Dynll2 3.35140575624664 0.126646488466282 0.20751926368247
Pfdn1 3.34845372454735 0.412790609919268 0.430783264100594
Atp5j2 3.34718905195878 0.513014938938427 0.565503200085669
Grin3b 3.34572965513264 0.90487667494677 0.919916595210348
Lor 3.34336827251464 0.433790136406992 0.426649648044259
Hist3h2ba 3.33647393892617 -0.0587959672395919 -0.0595408236105974
Mest 3.33307635318282 0.781655026726729 0.726073144118021
Nap1l3 3.32767514747119 0.222219081462132 0.305725348905471
Atp1b1 3.32482249762956 0.505633385051982 0.578010303430799
Flywch2 3.3020951235677 0.435412726764945 0.365421241475245
Mmp9 3.27820410515891 0.7147198258776 0.427130734083418
Parm1 3.27737437925556 0.292719395198015 0.187211813486457
Polr3g 3.26325492964632 0.823362499276477 0.84527241707157
Pcdha7|Pcdha1|Pcdha4|Pcdha9|Pcdha12|Pcdhac1|Pcdha6|Pcdha8|Pcdha5|Pcdha3|Pcdhac2|Pcdha10|Pcdha2|Pcdha11 3.2456416376024 0.120401676401602 0.043760194553158
Fgf18 3.2437959932449 0.883372666781593 0.891611441794109
Myt1l 3.23516381388952 0.23303729526647 0.0171794797099452
Rgs11 3.22073105254749 0.907163730443869 0.902228379293542
Pip5kl1 3.2073425213855 0.872317124421683 0.908388049419018
Cst6 3.15756495704275 0.882419815098002 0.886839963330619
Gabrg2 3.14857388072841 0.704832053389669 0.582382552424971
Oprl1 3.14272428166917 0.194719197392272 -0.115394881954551
Grem2 3.13792221630372 0.847749936044719 0.821132750723481
Sh3bgrl2 3.1091635666034 0.75468875202655 0.750261011973543
P4ha2 3.09353995573678 0.194676725179857 0.0652094989372272
Clmp 3.09111128591676 0.878547518499301 0.8894866400865
Agmat 3.08405262228578 0.883173507081147 0.904415988693378
Tnfsf13b 3.07766598825839 0.609563856594099 0.0443280032731206
Gabrb3 3.0504261605086 0.712678779620702 0.678740754712609
Fam241b 2.86729241631293 0.122206552581324 -0.165312353448802
Scn3b 2.85722484028909 -0.0244971986553279 -0.16722517165349
Magi1 2.77560256803526 0.602411974762979 0.485710507726164
Hrasls 2.76545583664762 0.549404366962135 0.450180414906081
Coa5 2.73100097167275 0.770825178862941 0.814398049244313
AI506816 2.71802364450012 0.668746503090399 0.527119376410155
Klhdc8a 2.65119665394734 0.392403149476415 0.160952226393694
Cgnl1 2.6098014152028 0.876266246178851 0.815646579066497
Bean1 2.58555815195646 0.835984583652082 0.809028425880256
L3hypdh 2.57443993728334 0.445113069198401 0.571445658109704
Perp 2.55477340330276 0.724965362356783 0.665751866530221
Nxph1 2.54089866498538 0.433746667077549 0.173087039698272
Slc32a1 2.49165421806079 0.111962079074772 -0.084577022295768
Lhx3 2.24521232129351 0.833647231944565 0.802202457170045
Pappa 2.23575544495556 0.83833726428325 0.805496922530747
Csrp2 2.21414884170374 0.535217070000154 0.443536140269692
Cox7a1 2.2088137681536 0.705639678992441 0.778829112732306
Add2 2.15790929505792 0.717143438820937 0.676794577495975
Acan 2.07983868263581 0.839159382241237 0.824170566804418
