Xist 5.73744963323256 0.515481120962574 -0.369037754186941
Tfap2b 5.73255761000121 0.787470179763271 0.368512304970659
Ptprk 5.64111946431926 0.754329096515651 0.54324430856381
Sla 5.58322085113849 0.759155665545597 -0.264326880777117
Socs2 5.46412366840614 0.737984630014404 0.688814213344006
Kit 5.41153717826383 0.755437084955665 0.765439594524326
Slc32a1 5.37582292141762 -0.0844319906745667 0.0463794630960652
Parm1 5.23968286542477 0.694334245039176 0.685563065091573
Ptprz1 4.94575573488613 0.670821371756486 0.507865298924254
Eml5 4.52856590010357 0.654453192338124 0.540955124222635
Cxcl12 4.42190181639822 0.74276304578045 0.623425676950716
Lamb1 4.38140007214675 0.293502790904662 0.382263655371134
Sorcs3 4.29877752760119 0.819505893083228 0.694110398175392
Kcnma1 4.26097736970239 -0.0701742363118128 -0.0494102829402764
Cacna2d3 4.25601578103652 0.692331831882366 0.450831559507089
Elavl4 4.09662235414494 0.611352107452936 0.553864872379923
Gabra1 3.93894117849597 -0.0997578754507812 -0.107445845615333
Iltifb|Il22 3.88796183411995 -0.0449800616533161 0.655112631025547
Tfap2a 3.8851553346581 0.3783553473875 -0.183178715521581
Gldc 3.85184806258199 0.703061706747487 0.136602446123293
Gad1 3.84132853777343 -0.06799190249565 -0.0181003004945374
Cntn4 3.80969294195028 0.493733003642244 0.486172401436897
Ntn1 3.78776752995554 0.708899255050684 0.710312470044874
Snhg11 3.72189023895772 -0.0513155859010382 0.115272798353537
Mia 3.66148117152758 0.807498092788796 0.645742507976064
Cidea 3.63889329511868 0.743283820555379 0.311554271925471
Ly6h 3.58213384569159 0.657587139996085 -0.0828727645072155
Atp1a2 3.56082465259644 0.320874985538932 -0.147453139835686
Mpp7 3.52011519287663 0.712905508910309 0.518296422120795
Apba2 3.5114604047194 0.666970706895702 0.558074637659775
Timp3 3.5104776442485 0.760186456173328 0.591265470825459
Plxnc1 3.49078159586049 0.592474921503839 0.175566305301442
Gdf10 3.48440608441854 0.404455462683088 -0.0801410489321484
Hcn1 3.48018069738692 0.267430242721964 0.263596513229003
Dcx 3.41961313807442 0.576741705694032 -0.0360750259682513
Slc1a3 3.41436155676177 0.364037575498928 -0.15219595223783
Dscam 3.40083903912937 0.380965046519181 0.295952929602944
Meg3 3.36565208546068 0.116766872229233 0.043731476132364
Sp5 3.36085932001101 0.797853262278495 0.480991411848782
Gpm6b 3.35889695195767 0.162550327433552 0.104076877292232
Pak3 3.3564771600783 0.571850277067018 0.323804339955254
Mmp14 3.26996680461432 0.596891681093925 0.111251898128526
Rspo2 3.20898687437662 0.77179617730999 0.575764343455825
Magi1 2.62180830199636 0.724022209870536 0.379935373111056
Tsks 2.60041721183196 0.530547848846115 0.177062478323185
Syt17 2.58680026603403 0.566628456377163 0.242981467149302
Adamts15 2.56739986499843 0.801428471782192 0.707335887040395
Rec8 2.293086995555 0.664905778394353 0.0830484278296952
