Serpinb1b 6.39657658208302 0.885736111202032 0.853923855702469
Lrrtm1 6.07249444669775 0.605540769460563 0.662339387198684
Sgcg 5.93439032692403 0.939724861196156 0.936619628711955
C1ql3 5.89164674566701 0.734293252274379 0.349922765865985
Penk 5.45419079372504 0.455127539813575 0.491095914012894
Lypd1 4.91591697844256 0.716198289072949 0.76361307014902
Elavl2 4.86397575358776 0.590154665752725 0.661984751728425
Slc32a1 4.70818414198493 -0.385297078885585 -0.210889044745043
Serpinf1 4.4822754953187 0.629595248251496 0.0745216060470998
Plxnc1 4.46920331040445 0.384732726176273 0.175566305301442
Resp18 4.44193224847411 0.548334616507865 0.539264766417628
Tfap2a 4.38377398995623 0.19046568060993 -0.183178715521581
Ceacam10 4.26998451363285 0.912629777556379 0.900406196420259
Hspb8 4.24832653447545 0.735834692467353 0.713851352697243
Etl4 4.24370733859547 -0.0306876813784543 -0.210125717651843
Neto1 4.23209944749076 0.682345694661697 0.184180051793389
Lgi1 4.17488287874968 0.645737505814065 0.749731735412232
Cgref1 4.12217673432712 0.792372735497196 0.799039045624373
Mcub 4.09461201097423 0.909047498245223 0.911925312758789
Scrg1 4.06820820732659 0.497398632651895 0.203327964117498
Rpp25 4.04238754123182 0.54778711732159 0.356708237310349
Rab3b 3.99503792085558 0.644280357148235 0.664665822245511
Rasgrp2 3.96518238632774 0.818451274964356 0.788628780470133
Gdnf 3.87912259344801 0.909484284624711 0.871285689428668
Mal2 3.87548917644973 0.773030348065383 0.673838739897509
Ptprk 3.76471019810273 0.260555803141259 0.54324430856381
2010204K13Rik 3.75280609616539 0.655463177317362 0.714329965253573
Klk1b27 3.73195112500951 0.931276058529526 0.916306723619613
Rab27b 3.66308607217127 0.633435752675595 0.537168967636772
Cacng3 3.5701759431407 0.768972796171096 0.546854011871215
Vstm2a 3.55100720566933 0.383543755573512 0.403357771207395
F2r 3.50838286219778 -0.0413722778118825 -0.195629945832119
2310030G06Rik 3.43860775280502 0.690691360815076 0.714299239891913
Tex264 3.42766106657658 0.72826068642988 0.732071540165912
Gsta4 3.39408363868834 0.437593490155937 0.537381580671073
Aif1l 3.37004296422541 0.225839068686777 0.108643681070384
Gnmt 3.34052222633517 0.770467017809009 0.476780745387311
Nrip3 3.32937999373628 0.0324849875075252 0.363919024624639
Cplx3 3.22542614482279 0.776243226066452 0.813910880005912
Sln 3.14325788519247 0.713324776490314 0.0934805435371982
Ccnb1ip1 3.07654000651141 0.598803371556752 0.173177576063119
Flt4 2.98802403933353 0.704326586823111 0.666339803148097
Slc35f4 2.91312923138477 0.768625099589083 0.802824871719634
Cited1 2.89024953132091 0.566510027228037 0.457106834557128
Rgs6 2.85017470080767 0.811103954526529 0.75523984507007
Nppc 2.84365546896503 0.612695978256126 0.630065732710345
Sult2b1 2.82930064067072 0.363379852710971 0.36386477214144
Actn3 2.67978434902206 0.848139841476075 0.829300317582842
Amn 2.4558496845157 0.537434306507756 -0.12586726391833
Dapk2 2.4401639601479 0.467229445270114 0.46676848083466
Pnoc 2.26711378375513 0.597972218578339 0.284561623438358
Kcnmb2 2.22763072472488 0.652918777224171 0.620360102614885
Cda 2.18839123950044 0.803744429491722 0.77323360516791
Grem2 2.13522873641865 0.776794282866331 0.750894675981301
Samd11 2.0562251717956 0.652223557666136 0.596350560084122
