C1qb 9.41443973331806 0.840420042095154 0.798674317986113
Ccl3 8.95479635097775 0.957625079346701 0.960565508929849
Xist 8.40251485033921 0.384621078616768 -0.369037754186941
Gpr34 8.28296294585718 0.970441684598628 0.958796681891284
Atf3 8.27981732334482 0.941261949948161 0.929145301741367
Ptprc 8.23838420531793 0.95692946986556 0.95013707460801
S100a8 8.22849965503213 0.958318928866656 0.943693064231871
Laptm5 8.17619451446076 0.779909791264418 0.726943116966914
Socs3 8.15178903216152 0.893683978189673 0.862740033327676
C1qc 8.13033789791963 0.931145397772264 0.924525457182374
Ctsc 8.01391600512382 0.886534710685198 0.74323573380215
Ly86 8.00919787021764 0.917639504792346 0.923082765446362
Fcrls 7.99371926250845 0.904432111299558 0.910021244401732
Vsir 7.94992378072754 0.928815942939858 0.888447361867775
Ctss 7.78402554232079 0.787348933730181 0.716892733005827
P2ry12 7.73623484752866 0.950114276324384 0.93394670703034
Fcgr1 7.73346117578895 0.851812483026278 0.862623515850292
Lcn2 7.66839985542319 0.962750005442088 0.943057086572449
Tmem119 7.64893988661714 0.919029023510343 0.944941016923288
Lyz1 7.61726532975337 0.899317532013705 0.877006093780347
Fcgr3 7.58918796637643 0.899381846251755 0.897409586937614
C1qa 7.57643228359278 0.916576380916307 0.910668359987277
Rnase4 7.56512181522866 0.917874093501639 0.912760100525583
Klf4 7.54223193150874 0.832116032391312 0.68710911800539
Mpeg1 7.4864393888062 0.927124052113337 0.926417783200688
Srgn 7.4857572294037 0.878842823539949 0.869499450366608
Cx3cr1 7.4684274241547 0.897269852634637 0.902615348454322
Cd53 7.4412943268075 0.921040518953181 0.912740771129743
Fermt3 7.43440976164793 0.770704001113025 0.693960938231346
S100a9 7.42949561401226 0.900443068449683 0.867340189441947
Cfh 7.42275458275793 0.964962997780109 0.952449709932713
Ctsh 7.39366555831347 0.941053438580876 0.925967922373586
Anxa3 7.38817050362384 0.931416599820239 0.931411722290005
Ptgs1 7.37003069147015 0.948740258693644 0.930962515187208
Cd68 7.35043488658808 0.932230178881911 0.92153967605332
Ccr5 7.33893947291656 0.964249815636296 0.965197217309499
Icam1 7.32377289116344 0.950854010709894 0.944340959142798
Lcp1 7.32136028065005 0.703203870513956 0.795690761065283
P2ry6 7.27330089359626 0.964559259339352 0.964841059888528
Klf2 7.26070618856235 0.941606160608881 0.942390823914519
Olfml3 7.2603230061876 0.935074643862626 0.939621059142164
Fcgr2b 7.25892733592907 0.924983517933024 0.906661574210933
Chil3 7.24798762814927 0.949159200085917 0.908145430221001
Itgb2 7.20725603747008 0.956788041317547 0.952099943422677
Tyrobp 7.20541602920182 0.912668149004506 0.892359724177077
Tgfbr1 7.18495713333573 0.798659741259051 0.788808500850346
Il10ra 7.10734113457577 0.957516208174563 0.951347747685614
Ptpn6 7.06154752752074 0.955258931332302 0.95313431213703
Fosb 7.02398737931408 0.868755872888688 0.866875869825224
Cd14 7.01972083983776 0.902889790551899 0.915610920710075
Txnip 6.99644245690912 0.845741674497212 0.876547769149215
Itgb5 6.99418535095663 0.70038291239964 0.799824948840067
Irf8 6.97917328721201 0.94210345496737 0.944533807662782
Hpgd 6.95575239095465 0.799501384479236 0.850070193058556
Egr2 6.95179648130134 0.904059566221052 0.860833884275848
Naip5 6.93950354283961 0.968297215197122 0.962854266709523
Mertk 6.92360989603481 0.824749517376349 0.807927909469562
Ccl9 6.89731621099921 0.948023959246925 0.939434166599601
Nfkbiz 6.8777347503285 0.814192195508078 0.720190510555893
Pld4 6.85370012831435 0.927798024236274 0.926158378502388
Cxcl2 6.84940622503595 0.964665716457858 0.946498999939715
Il6ra 6.8487742959898 0.944409594745646 0.934889394620132
Adgre1 6.82827371006287 0.898895402721084 0.833539570282416
Ms4a6d 6.80499758636737 0.95593558557779 0.952783244404911
Cd86 6.78740318644031 0.948042399232608 0.948942404754957
Rgs1 6.78507748013789 0.952704154742316 0.949769336390499
Selplg 6.77056742949716 0.814660214724798 0.838743696502057
Aif1 6.75303687095684 0.91577457096175 0.910973906035316
Fcer1g 6.74157531143211 0.926421260895564 0.916669023256836
Zfp36 6.72776833885273 0.852513424767637 0.694559489036718
Adcy7 6.71959806193956 0.661424937512434 0.570270638674335
H2-T23|H2-T-ps 6.68833873708917 0.637516306844599 0.648843762783022
Bcl2a1b|Bcl2a1d|Bcl2a1a 6.68409856556099 0.943372053955457 0.92204407333619
Zfhx3 6.66728539679655 0.908343965396478 0.926121013261666
Csf1r 6.64920379954528 0.842010068089143 0.861290027070405
Tgfbr2 6.60583967422045 0.844951992649578 0.829546181027183
Ms4a6b 6.59303047999548 0.93723591511469 0.91797637715054
Ngp 6.57153693965356 0.873744148422526 0.889635874144742
Ugt1a2|Ugt1a9|Ugt1a10|Ugt1a6a|Ugt1a5|Ugt1a6b|Ugt1a1|Ugt1a7c 6.53175696585035 0.791607169315858 0.785331442432605
Tlr2 6.51740573534315 0.9135236226691 0.92313136023187
Nrros 6.48295065760853 0.88472454686766 0.884864346621295
Blnk 6.48051748048941 0.95111863924773 0.889878293082976
C3ar1 6.47604508204774 0.922950862177838 0.899621941531899
H2-Aa 6.46171361573729 0.942882086366287 0.918435118820683
Camp 6.45245819909049 0.949218287209587 0.914705707338227
Evi2a 6.43468021887676 0.469911634005074 0.622347329217511
Syngr2 6.43000741264457 0.665251983521637 0.699178358041915
Havcr2 6.42603594838748 0.93248639273651 0.919653362436391
Vav1 6.42465450274205 0.939101963078951 0.932684430916242
Ccl4 6.38513735373558 0.816610268971658 0.854609273344188
Hck 6.35450910654086 0.900143033292302 0.884344255145807
Il1a 6.3529110978957 0.958657135592143 0.957664881833965
Klf6 6.34218919117861 0.724902818132927 0.685146358292102
Lpxn 6.30182967667343 0.916631848239283 0.92500015217058
Cyba 6.30043078237911 0.901136281687515 0.929167326370093
Fli1 6.28437475790711 0.938659523964413 0.868372280231443
Plek 6.27517636000669 0.825159404461307 0.832767129274647
Naip2 6.27331763041467 0.953819666974417 0.948615811031999
Ggta1 6.25648234292033 0.952319143247174 0.946013498938168
Slc40a1 6.24158255236041 0.904789329499509 0.868805310723089
Tlr7 6.22736593800868 0.933457354554958 0.930858785799106
Ccl12 6.22113711645333 0.965593503426427 0.955445254307874
Pycard 6.18380370913547 0.874271584119712 0.855663365685597
Alox5ap 6.17452691621559 0.644487598451113 0.818443523243668
Slc15a3 6.1501647959313 0.943646407299085 0.928738278603162
Cd83 6.13663078675798 0.829523956786934 0.845924445866917
Ccl6 6.12065805866946 0.942604497617508 0.932097429888412
Gpr84 6.09292883952336 0.921353119741883 0.924080915809037
Gusb 6.06768767772842 0.847648487859662 0.872324102882908
Inpp5d 6.02826217049895 0.871372180681858 0.862674670258528
Pros1 5.96701818201688 0.909892941417522 0.901659703877684
Junb 5.95866826438935 0.893738104055511 0.890503848091787
Plxdc2 5.95260575704945 0.546192410942739 0.460913910034892
Capn3 5.95022524675294 0.918424594745555 0.866857424368466
Epb41l2 5.94643720019501 0.765291343412175 0.875018051600188
Edem1 5.91290701146322 0.830135477343958 0.8160326451281
Fgd2 5.90125242749896 0.922824158509513 0.917667131601492
Rhoh 5.89177777051886 0.917365990905217 0.904878813646995
Arap3 5.89032081094635 0.951801629134069 0.948283781524461
Pik3cg 5.88426799909184 0.95265897938061 0.944605232371135
Slc11a1 5.87805861536963 0.902067087096296 0.910247291675983
1700017B05Rik 5.87657521354127 0.898799391259111 0.897414257315794
Nckap1l 5.86872476184991 0.868794221209761 0.880675255473473
Dapp1 5.86695342786822 0.954203728926938 0.934472857792886
Lyz1|Lyz2 5.86030638217253 0.916564982298141 0.926040143028911
Cd34 5.84063243869224 0.910824309193373 0.896842551176884
Entpd1 5.81931355915717 0.898613128807179 0.898287517496257
F11r 5.79308968866342 0.85176649454433 0.871874406378712
Tgfbi 5.78691826719802 0.844598844934837 0.848973160109907
Sash3 5.77798668375411 0.849303204508552 0.859129849727153
Ctla2b 5.76395555831533 0.949516425288087 0.940233790168135
Sla 5.76391529649797 0.382384334437324 -0.264326880777117
Ier2 5.7616268907338 0.733793235148095 0.781190619979481
Ncf4 5.74531614368004 0.930556502938228 0.917816493796664
Slc7a7 5.74199428831414 0.920008703257154 0.872017076449766
Elk3 5.71431804793034 0.821666549135925 0.690782079259214
Lair1 5.67180519662068 0.924239523571623 0.915782142752279
Tnfrsf1b 5.6665233111507 0.910357235999144 0.914081109813871
Cebpd 5.65091595402839 0.684565769594689 0.726197113633136
Hba-a1|Hba-a2 5.64662014943329 0.641435359945079 0.636485327832813
Ccrl2 5.64130052409513 0.904627343301823 0.907511903271608
Spata13 5.63944932463698 0.778872860220463 0.835438658624543
Crybb1 5.63907100748177 0.900674689868443 0.883463677677734
Lcp2 5.61215530481647 0.915907717169198 0.892718424335841
Zfp36l1 5.60301479095509 0.591209415088697 0.637309831358817
Cd48 5.59768130777185 0.945726873336856 0.942817136202145
Tgm2 5.58898192280439 0.855055754147889 0.838654503998205
Pla2g15 5.5835016993717 0.857778145203484 0.863526440437489
Mafb 5.56674858122443 0.946387144447514 0.938693940645179
Frrs1 5.555182006112 0.901056161070795 0.841877956386073
Tlr1 5.54087299917808 0.950835015553919 0.86462041226277
Rcsd1 5.53195462939613 0.848747304566334 0.867093310717358
Pnp2|Pnp 5.53099866494268 0.753091220483581 0.813740406562438
Btg2 5.52853259045829 0.797238968533346 0.728004420984991
Stab1 5.52695173637165 0.892635070302851 0.852976166698878
Ets1 5.52557270881197 0.900442784031032 0.845096259415408
Fyb 5.50277520001459 0.900412615117581 0.891882790998009
Map3k8 5.49736228673353 0.932045130654508 0.913167625483462
Clec4a2 5.49689275987203 0.937156048022881 0.926908366555934
Akna 5.49685208579098 0.868118577790008 0.877839374380604
Alas2 5.48080794147783 0.883550996674176 0.86967852933878
Hspa1a 5.4678409092927 0.766671397163545 0.725203885531433
Stat6 5.46432137896531 0.898683836435678 0.911311142984372
Il13ra1 5.46282959833406 0.95317041235138 0.944208276524969
Mlxipl 5.46164006138606 0.759395422073031 0.783087533674589
Ankrd44 5.45758562012757 0.811013847804945 0.796947521360378
Gas5 5.45542075306946 0.764770853308893 0.609104306519582
Srsf7 5.44868001361471 0.783308779953184 0.77373688439399
Zfp36l2 5.44373068959535 0.719844511999755 0.851040220363796
Ptpro 5.41384499713506 0.742926155516103 0.536798381474911
Nfe2l2 5.39972342523175 0.617378244734212 0.630199626892914
Rab20 5.39965805763065 0.90035644089911 0.883639461286951
Cysltr1 5.39860658346751 0.953322350977536 0.947627439359827
Trim25 5.3969092245547 0.579801277083867 0.567845280578038
Tm6sf1 5.36559825686186 0.0704074532046314 0.102579065041499
Ltf 5.36220470683114 0.868400385142617 0.710180193931448
Tcn2 5.35324498974377 0.86489871129113 0.896076867726937
Ctsz 5.3502960017402 0.721449939690602 0.77128109392615
Hba-a1|Hba-a2 5.34414756324115 0.666825138562083 0.61877398008487
Adap2 5.3201399673423 0.930715594915947 0.914821888482256
Hbb-bs|Hbb-bt|Hbb-b1|Hbb-b2 5.31920919116492 0.690016493896749 0.662268404804164
Adrb1 5.30952057112979 0.836341238909137 0.876167459690646
Ncf2 5.29177599978916 0.923406314389344 0.912428385785646
Chil4|Chil3 5.28953018688093 0.920353031955629 0.883465757456024
Pmp22 5.28154278601095 0.441407747616875 0.23428016527044
Hba-a1|Hba-a2 5.27678252690641 0.676503649318437 0.615558704895754
B2m 5.27331226474004 0.681911120588159 0.781822919601286
Hfe 5.27175043826286 0.716946808986984 0.765564621436581
Golm1 5.25930790522454 0.782512972898139 0.772645475647935
Tpp2 5.25778800217542 0.66054951433186 0.428419313439956
Ier3 5.25407075833015 0.574907700338031 0.804426602063755
Arpc1b 5.2509269609688 0.697299193604101 0.858957740845726
Glul 5.23831284627443 0.35641044477829 -0.0272545403276901
Grn 5.21530108335232 0.883268173543078 0.877342714366015
Notch2 5.20079615177166 0.707345002774486 0.738620246104239
Csf3r 5.20038470081503 0.819446619542275 0.82083280553807
Casp4 5.19306535405819 0.937736212799585 0.94109274038826
Syk 5.18752247737421 0.869011703801258 0.854902519819902
Tlr4 5.1836158781212 0.928388915109871 0.904435059757154
Dusp6 5.17842347867099 0.730637673500489 0.737338344926578
Themis2 5.15520417879944 0.93570557641152 0.923905371151809
Otulinl 5.15365906803716 0.895863760974217 0.904092420716524
Cd300a 5.13071326445407 0.903085652433793 0.897692264660548
Lrrfip1 5.12555483850329 0.606993904242031 0.676082982837637
Tnfaip8 5.10210688496835 0.746454559899562 0.533009831923654
Cd37 5.08216828707294 0.90612396120475 0.902204979749263
Serpine1 5.07929209916062 0.881317407486149 0.855947727985354
Cklf 5.07688212469957 0.684805522576665 0.565557800986262
Rbm39 5.06843282589903 0.497525236193939 -0.0264619263761985
Hk2 5.04831953372993 0.637247160180517 0.172069347382287
Cttnbp2nl 5.04014921696989 0.667966995299948 0.151476900871318
Ttr 5.03685691444813 0.240147644074906 0.348082475840892
Pdgfb 5.0258606323092 0.889057595453037 0.898095367913057
Jun 5.0241567090516 0.652038652422375 0.501367152313603
Ier5 5.01865135682105 0.85018378284931 0.878552658656755
Slc16a6 5.0164349741603 0.770412470160223 0.78045322004141
Lyl1 5.01577479220956 0.919561271518998 0.921235745321277
Clcf1 5.01381257566934 0.944634244157271 0.936817554066414
Hexb 5.00348792571188 0.781257395094041 0.778914576277256
Trim47 5.00080426837497 0.926234134634444 0.930088008157391
Cmtm7 4.99987508593421 0.866096731364463 0.810362129081832
Csf2rb2 4.99857052193021 0.925523883912074 0.931366772143206
Fes 4.99169019316777 0.928927360202928 0.910464934137565
Zeb2 4.98819318384906 0.310108114539137 -0.0225556341480795
Cmtm6 4.98772759274918 0.681550712987895 0.648752677568968
Il10rb 4.97663220337595 0.886925498717224 0.870328046651645
Lgmn 4.97267966692817 0.791337145309425 0.76488823760036
Anxa1 4.97212560506213 0.920841778434641 0.855048123794104
Hspa1b 4.9655510105883 0.752740402336038 0.768358343151291
Ifi30 4.95460841984933 0.824148038889014 0.788292652442627
Vwa5a 4.94802928315786 0.81602877273633 0.81215863911497
Trem2 4.94279197349733 0.882746186023343 0.887010223792695
Rgs10 4.93983959741488 0.591609037694355 0.76191364398115
Rassf5 4.9387508626248 0.774561564770395 0.76533487694867
Abhd15 4.93652796544246 0.791614955153691 0.758222104141672
Pon3 4.93308878929878 0.94323760672112 0.929743772864147
H2-DMa 4.92969374751216 0.833624912267911 0.814517570045622
Nrp1 4.91643201519948 0.834843835382733 0.820982394697495
Pld1 4.90339336534417 0.816040016528133 0.828984025297673
Hhex 4.89781649061806 0.913675619745398 0.920046509167557
Serpine2 4.89648430611002 0.409051673365458 0.391390477737179
Arhgap45 4.88319975243988 0.900964614743718 0.897322780454036
Rin2 4.87788917707554 0.75339495055087 0.665166275394698
Arhgap17 4.87569763767971 0.825562207160372 0.826201495325491
Pla2g4a 4.85587877265736 0.786575317269563 0.782625957741725
Abcc3 4.83559216250544 0.861698119914423 0.86218838631227
Itga6 4.81795175158435 0.699956509408167 0.709013857632534
Sipa1 4.79103582137552 0.909399230785076 0.917601268417568
Ppp1r15a 4.77268741414065 0.876564478662264 0.860450701295527
Clic1 4.76857704725257 0.70477785164281 0.741780861691334
Lyn 4.7650484722701 0.748604391327248 0.823232800213562
Trf 4.75953271034928 0.23642849207538 0.0764649893976988
Spint1 4.7584069850585 0.814746211308052 0.849789813050908
Cd300c2 4.75006676397556 0.750469260331318 0.781104365819489
Wsb1 4.74651614707053 0.498631565685081 0.190504367491115
Klk8 4.72846516918686 0.930941492511052 0.920783741369792
Trim30a 4.71355999042831 0.938310612232371 0.920930183906007
Casp8 4.70808063226702 0.927465382049783 0.925095466818725
Rrad 4.70423036609943 0.873891106428414 0.885995054047032
Myd88 4.69334888621666 0.882207374371005 0.877127421943517
H2-Q9|H2-Q7|H2-K1 4.69070033672021 0.357195519835155 0.461967721198376
Tmem173 4.68005856316771 0.834150601506 0.83150964678687
Hvcn1 4.67320039322012 0.921623079949454 0.911629978265973
Cyp4v3 4.66962428965161 0.498889741092803 0.500837106414784
Irf5 4.66784980474125 0.905736554834839 0.913131003997897
Tnfaip2 4.65753152416738 0.632864510166631 0.458711504679595
Trim30a|Trim30e-ps1|Trim30d 4.6541745720772 0.857904068444697 0.792256610819828
B4galt1 4.63546758288315 0.799614280542219 0.786164867470393
Xlr4b|Xlr4c|Xlr4a 4.63232031024494 0.668760112046926 0.58716643312447
Cd9 4.61988224283846 0.371443622021873 0.421738623850451
Itpr2 4.61138452099352 0.793871533583754 0.730496781293845
Ptbp3 4.60552411909232 0.816060635558111 0.857836881033369
Slc29a3 4.60169364865831 0.772365258853248 0.785779204545554
Slamf9 4.5996698402604 0.711292855537351 0.699835515730011
Clec7a 4.59820675450477 0.886001075779552 0.863515081049542
Afp 4.58479656185642 0.189866815889781 -0.157192723963863
Parvg 4.58440775080456 0.823590995474785 0.844261069986557
Il16 4.58256289961483 0.752480956188427 0.787732655174127
Samsn1 4.58243396653274 0.96049902879967 0.934238993570527
Ifngr1 4.57951697351884 0.861352246802094 0.854083618481914
Cxcl10 4.57353050445799 0.942239185762291 0.935028987465517
Abca1 4.57292776375651 0.673542620388783 0.656864694876291
Il6 4.57239958302183 0.962134989261758 0.932294634090608
Man1a 4.57191291588887 0.436773842719708 0.434126721011508
Pnp 4.56555990087767 0.70686326569275 0.713999631772523
Sh2b2 4.56274877034287 0.791405501266916 0.503082221617731
Coro1a 4.56021273341535 0.588909153423393 0.703481030021099
Man2b1 4.55080096028887 0.769487533937939 0.762193057743443
H2-Q7|H2-Q9 4.54917399751217 0.8461198368918 0.764470564985071
Npl 4.53906238368811 0.803781003081378 0.824900552297998
Ctc1 4.53901855793431 0.861342360528284 0.861421295288572
Lgals9 4.53560802127935 0.885542182704769 0.894214866311519
Siglecf 4.53172878454676 0.945526898876577 0.93339036654175
Rel 4.53107098386903 0.90823572696886 0.896516323357979
Tec 4.5135730346944 0.841132093680479 0.854403132691057
Mfng 4.50865439975377 0.922550919459866 0.919538808962149
Trim12a 4.49878254866784 0.938391117612041 0.925814893097525
Tcirg1 4.4903810208661 0.865785897912106 0.861480562583964
Cebpb 4.48505891123843 0.807898027428338 0.809434623495539
Unc93b1 4.4846436780467 0.818031197608655 0.820026406440874
Igsf6 4.48429623958402 0.926527406887867 0.912981688451174
Msn 4.47591653051055 0.658272956820957 0.64229162060895
Ang 4.47308128543033 0.90508063380633 0.875934112390331
Fkbp5 4.45757381873052 0.843110258876817 0.837283544388476
0610040J01Rik 4.45646884474734 0.678551716292533 0.318147167797192
Arhgdib 4.45348763001803 0.856314703547882 0.850700769868696
Pnpla7 4.44093195552494 0.721541345577983 0.736798920900029
Pdlim4 4.43818554841381 0.728746260721916 0.784280875754992
Lrmp 4.43595347169641 0.924968594021385 0.925591764981294
Ceacam1|Ceacam2 4.43488215794198 0.853085822620275 0.822352013357637
Ftl1|Mir692-2|Mir692-3 4.43419723511253 0.741171555782805 0.685148659998883
Lmo2 4.42622155947371 0.285024566483455 0.447902476634836
Serpinf1 4.4251074429403 0.624586586157202 0.0745216060470998
Egr1 4.41403091256689 0.677451029811474 0.758025208831353
Gem 4.40125390361221 0.927196293116723 0.872800483320683
Herpud1 4.39741165402266 0.817524767296259 0.785829011778153
Lag3 4.39209785809943 0.88185808392431 0.878661333050665
Frmd4b 4.38596415243411 0.550359541710064 0.574984819789853
Mavs 4.38422135560144 0.646408804107526 0.661830252730933
Ly96 4.38221147328858 0.586186553395365 0.616163642230097
Skap2 4.3811486077318 0.630623966288151 0.635663969532332
Mcl1 4.38022398162945 0.796156994471901 0.78366779852895
Kctd12 4.36206249866661 -0.00860800595586394 -0.149692324142429
Il7r 4.35848861116279 0.809004822770655 0.775954544569703
Adamts1 4.35332579474696 0.675269499502107 0.646633796658385
Cmtm3 4.34918035411085 0.803453608514637 0.706783107629392
H2-K1 4.34816286153871 0.89286765031175 0.892249295055638
Phyhd1 4.34397664804993 0.771819003166254 0.804152047940899
Gcnt2 4.33976542489581 0.873535408518504 0.883818276668094
Gmip 4.3385372964281 0.837549619272482 0.824845974727878
Plcg2 4.33104667738988 0.71579908843354 0.774007640220428
Plk3 4.3287290377623 0.830339788205675 0.721772797536494
Cebpa 4.3267182237001 0.810259955611817 0.79818261713744
Galnt4 4.31993047424539 0.729929517646437 0.714352200088871
Cyfip1 4.31951722935987 0.636239947889786 0.624440229625401
Tifa 4.30452930082628 0.79205480231751 0.846574412590736
Ccnl1 4.30285504083299 0.600757573891882 0.556843073324211
Mrc1 4.30242880946615 0.920824816458285 0.872859002671383
Klf10 4.30116908583687 0.735334338024629 0.833954254465438
Ccl2 4.30034070882123 0.910513265565393 0.903203155768196
Cd52 4.29996221329394 0.894172998596165 0.867094580903044
Tor4a 4.29975686876518 0.403764184421795 0.432297760656265
Slc39a8 4.29385171511587 0.871476907724782 0.801469908785667
Spi1 4.29032467350204 0.844874885520908 0.860757750198719
H2-K1|H2-D1 4.2887180619844 0.728783686118865 0.779293075398471
Lrrk1 4.27921368418405 0.85998341785772 0.851742746339136
Sult1a1 4.2776891176936 0.842715338517893 0.855255784107093
Adam17 4.27149295168919 0.727763287955986 0.779289746828917
Tmem176a 4.26815894383158 0.789792393842646 0.565979985042137
Ripk1 4.24345403944241 0.789815965376791 0.80293258588019
Rgs2 4.24174840220887 0.805367263926177 0.857271350605101
Birc3 4.23772897685029 0.770350558527319 0.800174065445562
Elf1 4.23389795580641 0.768071017404606 0.864488086747646
Tsc22d3 4.23108025260272 0.714381092110049 0.779503230525536
Atp7a 4.22362245004609 0.745519449220588 0.713691130302161
Lamp2 4.22232199999613 0.585157271982918 0.708022909787477
Nfkbia 4.19996254577093 0.810087543720429 0.859274287236845
Pygl 4.1958936006307 0.911302103794785 0.82688315005178
Hcls1 4.19353769157764 0.916409614867127 0.901866137741977
Arrb2 4.19004761253377 0.77426518622011 0.766408521706721
Pald1 4.18784914085872 0.810125976720295 0.817846909021004
Slc15a4 4.18192037325452 0.758821969206827 0.824767010363125
Chst7 4.17758278134595 0.778571155550019 0.538295152831137
Myo7a 4.17514244698798 0.813738687735334 0.803328330299292
Parp14 4.16841003529078 0.857677946468819 0.851315793965053
Ptgr1 4.16474179199776 0.715597555799477 0.683161806206727
H2-D1|H2-L 4.16284868777879 0.20116633387912 0.188574240898546
Arhgap4 4.16025332881307 0.868804369879392 0.854779458048591
Ceacam2|Ceacam1 4.15996930846175 0.889171079832745 0.885449022556056
Rps6ka1 4.15386624425375 0.727578682742337 0.688989572325485
Litaf 4.14746186820429 0.440881110214406 0.15587495571802
Tubb6 4.14664349793505 0.881218180724203 0.896394721203925
Snx5 4.14408258081298 0.633644208565253 0.667696249313776
Casp1 4.14063825346601 0.797366040121274 0.808933544693361
Ugt1a7c|Ugt1a6a|Ugt1a2|Ugt1a6b|Ugt1a9|Ugt1a5|Ugt1a10|Ugt1a1 4.13735166419117 0.939602779803764 0.913467640666395
Diaph2 4.13574464474918 0.66554446393182 0.409789403327855
Lilr4b|Lilrb4a 4.1342442015797 0.94607203633012 0.915586732867557
Cep152 4.13031067753417 0.920507054533657 0.894703657286542
Gpsm3 4.12997810342412 0.934781102175844 0.929555066353068
Tapbp 4.12632992622984 0.81857457314139 0.843106929272646
Tcim 4.12532508516628 0.898670669025836 0.855270047827791
Cd177 4.1156594601577 0.885320551555277 0.859596685530133
Ctsa 4.11178299085754 0.858870775995508 0.857732456198225
Btk 4.10880202862127 0.860391626524071 0.865365783720154
Scamp2 4.09945788401714 0.817480758389536 0.860099522970014
Dusp1 4.09840787632971 0.659330576962317 0.705991229151467
Tlr3 4.07872919885904 0.718812301456345 0.786188676107581
Slc25a37 4.07653549978795 0.759709773775189 0.781078992317352
Naalad2 4.07512336564562 0.832628884272807 0.811229827651656
Pmaip1 4.06905463297927 0.856025308574762 0.819174653003986
Il17ra 4.06173822005857 0.752474478820607 0.798038669492604
Mef2c 4.05638843989688 0.103952445584565 0.0447068027893849
Serinc3 4.05598640681076 0.397214569012246 -0.0230713954947044
Zfx|Zfa-ps 4.05536125275607 0.671577604683045 0.668004174522744
Ptpn18 4.05503232468382 0.90386485190487 0.889104709555533
Rhog 4.05283020709576 0.460217903361194 0.00315324351533389
Sqor 4.04022099702004 0.790205706299227 0.82743561133872
Uba7 4.02249594079186 0.879564786596353 0.873398609989583
H2-D1|H2-L 4.02167919070432 0.189979242419825 0.318416971129881
H2-M3 4.01969482982021 0.68880732279618 0.753061868781348
Wipf1 4.00453041724593 0.434816806173241 -0.0182204492013586
Igtp 4.00445303028469 0.851618172170096 0.871769027011491
Ebi3 4.00154226107982 0.891081191433621 0.883630751601597
Tmcc3 4.00088366755112 0.651129271053221 0.0420080872803995
H2-D1|H2-L 3.99151966956602 0.180552307427544 0.333270200587871
Mlph 3.98794078375343 0.506331439086646 0.687466961835958
H2-L|H2-D1 3.9854728890428 0.195202750003352 0.260116251920495
Fam111a 3.98519290428117 0.883277353036903 0.722861351187038
Fcrl1 3.9803041619824 0.924916200571346 0.924722560592162
Rab3il1 3.97857879798832 0.839203638503817 0.824936544604145
Cxcl16 3.97682698321331 0.908648657735804 0.888570910316278
Hpgds 3.96977636082276 0.912372612275437 0.906570420811141
Fam91a1 3.96894997115866 0.62229633184355 0.698748934523854
Hacd4 3.95797550670554 0.790437361529921 0.74030776558246
Snap23 3.95008099677766 0.346922398974475 0.0379934940977167
Pdk1 3.94921777250572 0.690975663507611 0.57501245859708
Sirpa 3.94530325966731 0.671637352124284 0.726527141787682
Runx1 3.94442864510251 0.902901001957413 0.876811624241744
Scarb2 3.93895820257673 0.521866544428429 0.248096726891934
Plxdc1 3.93869792741523 -0.2488265077181 0.0639963159154627
Ints6l 3.93019371213824 0.337477868055186 0.232682939529592
Tmed5 3.92582444343252 0.58136589062799 0.503737729980859
Glipr1 3.92411165797093 0.91290704961964 0.910806526717664
Dock2 3.92041214138923 0.88352828510812 0.888223049129649
Tgif1 3.91706240607947 0.890371607298338 0.888448528272889
Adgrg1 3.91600711050669 0.821280988995175 0.83037767573636
Fos 3.91412294408892 0.305137055669923 0.239075734205915
Dnajb1 3.90996530839257 0.848374952902539 0.857160971423402
Plcl2 3.90854505615453 0.777000054261496 0.87493115660916
Sgpl1 3.90294461127112 0.781688597511721 0.801913029031302
Snord22 3.90008023859878 0.858293264593246 0.803417443309182
Tspo 3.89844148777809 0.471862592532539 0.455589347456471
Asxl1 3.89104057312857 0.776674503654252 0.666760491947683
Naglu 3.87977297308333 0.834638125364756 0.857038987038946
Cd33 3.87641509689307 0.734564852659489 0.723224745904328
Slc2a5 3.87477116533738 0.819458678733876 0.809073175356783
Nupr1 3.86820561563996 0.297618242071033 0.280235806609027
Tmem140 3.86818619057101 0.878992229525606 0.874886830385469
Prkcd 3.85989460313986 0.240772585441952 0.209078811631899
Gdap10 3.85528644452714 0.626415128477746 0.409850065397644
Snord47 3.84836325429407 0.17558247529159 -0.317035412421015
Rrbp1 3.84780782475494 0.65548708301464 0.644546241291252
Maff 3.84724482306593 0.88896571798247 0.882086996271688
Trpv2 3.84712880077566 0.839186767012525 0.842312914589428
Morc3 3.84098063135359 0.683009398617549 0.686902754670109
Vrk2 3.83978254154278 0.70656825750885 0.71628081364103
Sppl2a 3.83952800362416 0.72964231165622 0.818864389352738
Rnasel 3.83909665924073 0.735826892841357 0.306997066173956
Lrp1 3.83648189288441 0.639547642188819 0.700652534553537
Mylip 3.83386748023711 0.613579720082744 0.745030004386701
Adrb2 3.82432869446087 0.821060651256587 0.808151309127724
Gcnt1 3.82227619553403 0.864778795014668 0.818025463148942
Slc7a8 3.81975163496747 0.646305242133142 0.631000028487033
Prkd3 3.81876068065977 0.413153773305424 0.273571776978026
Rps9 3.81626341742206 -0.0220199677027926 -0.105814163355035
Parp9 3.81153254966157 0.63091966777795 0.643016928429152
Myo1g 3.81069741319411 0.833862110180427 0.670706257242271
Abcg2 3.80700740099059 0.626400847429439 0.497988576237559
Gbp3 3.8026753269098 0.921796169671597 0.890127406955337
D17H6S56E-5 3.7955600486791 0.905763315180651 0.84187556465794
Ppfia4 3.7942993128472 0.725731332866088 0.776532705762676
Rgl2 3.78908219588457 0.546419372676632 0.487931223481223
Ugt1a7c|Ugt1a10|Ugt1a2|Ugt1a6b|Ugt1a9|Ugt1a1|Ugt1a5|Ugt1a6a 3.78630450800355 0.830792387559859 0.832454979302172
Cables1 3.7790299445337 0.670293814391416 0.109838832608133
Parp12 3.77443330276755 0.640810544218854 0.68282931310446
Marcksl1 3.7739815816834 0.100997635569283 0.0487725902856862
Tbxas1 3.76885019979827 0.86565487510075 0.872919373656112
Nr4a1 3.76865233630158 0.712216057755829 0.769011687959369
Lims1 3.76649143464106 0.556914876488797 0.631755454416692
Mlxip 3.75695894011557 0.751752163485985 0.743871254814924
Plxnb2 3.75611447321658 0.706538901450152 0.801664638909431
Ptger3 3.75595104847409 0.92063048297473 0.876330245630842
Hps4 3.75518794269934 0.760703586980817 0.757082644504535
Gna15 3.74907870587476 0.913178595543405 0.912537274254338
Lrba 3.74770364490433 0.565620035432134 0.516628020215884
Gns 3.74166187484515 0.812873587101216 0.809063386541889
Npnt 3.74016571572145 0.36555023719054 0.139649799450805
Myh9 3.73932003974461 0.554752466775909 0.217499221137847
Tmem176b 3.73674617039239 0.581688839229221 0.39114764674545
Lpcat3 3.73173189442205 0.67509763561129 0.677633287288048
Rgs19 3.73173044958711 0.763479348464401 0.757987618615433
Cytip 3.72757998936862 0.726430749842321 0.63218773290905
Phxr1 3.72311390078298 0.662997486630593 0.594765764074668
Gbp7 3.72083182676294 0.81657919843422 0.788085038695289
Rreb1 3.71370889520967 -0.00360411870676462 -0.302373354496893
Oaf 3.70926261803618 0.813392179152142 0.842526066018643
Ifih1 3.70731130648918 0.788401222530607 0.794105728248934
Dock8 3.70482106228424 0.876958487779588 0.871268024488368
Lgals3bp 3.7037788658932 0.856787205577723 0.838622428204326
Slc25a45 3.69823547258893 0.656937458733308 0.70874505401968
Hspa5 3.69507111068873 0.460194718129122 0.54922208778337
Acss1 3.69467282204989 0.589211101184405 0.151624735768479
Stt3a 3.69076851038999 0.628605837872577 0.656958930451078
Rnaset2b|Rnaset2a 3.69064123696036 0.587402397702878 0.63016608391054
Nrip1 3.68812628795401 0.622685290456159 0.651525458605137
Tnf 3.68251816679721 0.854535098636809 0.853834875643946
Calcrl 3.67504605014767 0.69830672986826 0.382104456589366
Arsg 3.67396229707431 0.526483383117537 -0.114147622202315
Pbxip1 3.67349232810833 0.712891788923087 0.535942091903432
Arhgap9 3.6613734968968 0.844318628177001 0.811736434223465
Tuba1c 3.6583902571277 0.745000599516347 0.695841632782184
Ctsd 3.65434510378452 0.763357763251178 0.760625913320839
Stard8 3.65262109948892 0.723132439189057 0.591310023170775
Asph 3.64523399294781 -0.265701168467463 -0.182783496119935
Smim3 3.6424728785774 0.868078877664977 0.835730644157733
Clec4b1|Clec4a2 3.64167493422048 0.884339857380592 0.856475543778443
Per1 3.64073708386467 0.824823899840442 0.824575751898668
Ncf1 3.63945141597053 0.895631766789152 0.887103109142993
Pik3cd 3.63567979448661 0.908655399632348 0.914843154489768
Mfap3 3.63546123705859 0.414540701227429 0.351533953257472
Lst1 3.63483095447101 0.792146286236671 0.846730670320015
Psmb9 3.63318946854028 0.895706221841231 0.884369861152787
Ehd4 3.6326659969107 0.791140804547467 0.77718742937656
Erap1 3.63042052067659 0.824109619992131 0.792524094969764
Rp2 3.62898208259627 0.762955550305535 0.719992234841273
Pag1 3.62832538834494 0.670346259956876 0.709605404279252
Tmem63a 3.61812125008887 0.485237933070964 -0.068536436754425
Vasp 3.60767823941761 0.531971235966455 0.43983596406254
Lgals3 3.60635758990776 0.541079045303352 0.517645927400432
H2-Oa 3.60059125219327 0.918183036381826 0.909960646468468
Cd2ap 3.59110243162829 0.761530191674437 0.757680591948312
Ptk2b 3.58769372579833 0.688120829420075 0.469000387935458
Tnfrsf1a 3.57933764172295 0.762638004898044 0.580993672197216
Twf2 3.57791017897592 0.773352184869305 0.819131240959056
Itprid2 3.57264111212222 0.697518903618228 0.73678668480381
Tjp1 3.55853541242479 0.479106537074999 0.527043205570927
Hps3 3.55827697391742 0.705866605977562 0.816959596474157
Rnaset2a|Rnaset2b 3.55703862879071 0.608148896815911 0.644041241456672
Stk26 3.55545439643121 0.87426881057269 0.801874569854376
Ifi35 3.54352770482715 0.846941709985054 0.893678140672344
Stk17b 3.54345565922825 -0.235250548855307 0.14002043260151
BC028528 3.54282412273872 0.717387672619425 0.471040368263869
Npc2 3.5309020703089 0.562278857817913 0.422674377041161
Bco2 3.52933622892153 0.74729763576661 0.736711738566899
AW112010 3.52638461697904 0.854754173190125 0.852508534877411
Vamp3 3.52283778444317 0.337333801736575 0.0448232062498694
Sox4 3.52280341024278 0.585136791231233 0.291011799600519
Apobec1 3.52191894316065 0.688718789737511 0.714465995725938
Cd79b 3.51928680425135 0.903226591584766 0.873308793948448
Resf1 3.51595414722822 0.576089874012729 0.297828136261308
Clk1 3.51494183910316 0.641921504275741 0.65961532703621
Tpst2 3.50870069346879 0.794692892794545 0.798312912325889
Cd164 3.50758578016856 0.581845871462565 0.572068399118307
Cd82 3.49987798293057 0.531864753897541 0.00339197353371058
Slc46a1 3.49195125715314 0.709731339788776 0.799548502867603
Rsad2 3.48654513188264 0.695898047721949 0.68233773140832
P4ha1 3.48311528485599 0.76179062142788 0.619998677912514
Fmnl3 3.47358416463154 0.811213628073376 0.791663805920193
Eloa 3.47278233316233 0.807043149416644 0.810943170333188
Rbm26 3.47218585999993 0.473458043281585 0.423206612063198
Mical1 3.46770348253507 0.638952463562708 0.66193983782512
Rhob 3.46095001420106 0.322279508561124 -0.0122999474994219
Slc16a7 3.45870381061423 0.674158159355195 0.684879725255352
Tgfa 3.44853174454415 0.494841645286074 -0.022141052983971
Rac2 3.44718569352548 0.74218141429967 0.713346622756258
Ptbp1 3.44700035137106 0.784219716888428 0.805802153429362
Mknk1 3.44130172959319 0.666819521635322 0.712745916809317
Selenop 3.4391146164009 0.238642170590544 0.277232191248551
Srgap2 3.43408782190253 0.0577555959113236 0.365688761788256
Hp 3.4281759575912 0.890719616425943 0.712343419842441
Pmepa1 3.42778970992006 0.586825025346449 0.579195768509664
Dhrs3 3.42736751774711 0.413835238579154 0.681793412761995
Sgk3 3.42133065967202 0.535516439072495 0.14408637851168
Ifitm6 3.41819423221868 0.895595629167675 0.815090307145828
Dnttip2 3.40924732925659 0.605156285086569 0.21827351898167
Was 3.4091040070037 0.84783946163765 0.826299792833882
Gimap6 3.39327448027568 0.86589586107758 0.854712262953739
Rnf130 3.39229763386627 0.558487058781993 0.52414203441862
Ppp1r10|Gm8801 3.39040864973088 0.840163506011128 0.843758987060694
Rcbtb2 3.38478255179987 0.526397738807477 0.4750020096574
Cln3 3.36841226650962 0.683301211945848 0.669291624806327
Trib1 3.36659213118698 0.611738752420009 0.62538946778862
Rela 3.36122083825282 0.698446321807702 0.77269212412312
Pttg1ip 3.35899219942865 0.421255288294039 0.502455578217503
Bid 3.35262455683493 0.799809363589602 0.75164581684051
Traf5 3.34593462710527 0.868806409226402 0.842726839090713
Mmp2 3.33576448222084 0.727975916268265 0.255317084883457
Rbl1 3.33108770868033 0.705731275689652 0.422484012320608
Cd302 3.3280663966258 0.440986473604451 0.341335279362066
Trim34a 3.325334765875 0.829061044579899 0.810228534956518
Dok1 3.32478008722876 0.874347730523457 0.857429961217875
Phxr4 3.32171400039017 0.785180347878996 0.758554070827479
H2-Ab1 3.32122486251014 0.709450281336456 0.671473461966581
Slc37a2 3.31947859080115 0.877065022435893 0.885960341063318
Mrc2 3.30119782009387 0.685409813407779 0.539655803358769
Zfx|Zfa-ps 3.29182462091951 0.656429385899486 0.660487680753439
Clec5a 3.28655639180403 0.905641242502099 0.886896128449176
Casp7 3.27817901814642 0.703692187827009 0.417622120888817
Tlr6 3.27290151196049 0.859946592342603 0.842175514012849
Fem1b 3.26792812404087 0.495503483141947 0.153920807040252
Ptger4 3.2377359790853 0.728885005435126 0.574880172338386
Ceacam1|Ceacam2 3.22400799611209 0.8685114895173 0.862965494048199
Col6a3 3.21261763667099 0.669974678781641 0.634712852194104
Rbm5 3.21166468652492 -0.174198668371465 -0.231078221945189
Parp10 3.20299458608195 0.831057507186582 0.831028043784964
Myo1b 3.19701634321839 0.366126729560623 0.277568888578687
Tmem100 3.18307874569463 0.670567823634522 0.274027190597769
Tmc6 3.17017680257304 0.778237096380739 0.67777717421847
Eif4ebp1 3.16382615247301 0.639926871852915 0.639312793196609
Mcm3 3.13607872636068 0.708169701661129 0.706793286080643
Relb 3.13336861698295 0.77368732372333 0.797162953813346
Smagp 3.12051271828889 0.848588717519051 0.809870447165912
Isg20 3.11696265675627 0.885129632025996 0.867482426413027
Calhm2 3.10374244209568 0.911613475179095 0.887472895124126
Nfam1 3.08954970730835 0.893215769942788 0.883258163468052
Il1b 3.08699920416651 0.711126086314881 0.640128317785578
Il4ra 3.07720101312324 0.571866754690355 0.522616684656582
Irf9 3.05174447438326 0.873504540066704 0.827386993815599
Tgfb1 3.04952054086267 0.683684707625482 0.625663618942371
Socs6 3.04694543595942 0.666585212135552 0.722965764684826
Batf3 3.01520431455166 0.856735313882587 0.850396040296454
Hlx 3.01329779192684 0.886576189549738 0.877220901978581
Wls 3.00326240790181 -0.0741775287644236 -0.14807817969187
Tap1 2.99108392768495 0.780025022262513 0.682532254198661
Map4k4 2.98063047604478 0.297093323121755 0.0186749636905757
Gmfg 2.97284071567358 0.810078765642324 0.744823447134065
Cmtm8 2.95149563668093 0.37310919915498 -0.0886467386092487
Ptprj 2.93476508902292 0.624085830091164 0.579823203048665
Rasa4 2.92344556479549 0.487435573453289 0.404031418005706
Pf4 2.90947912922048 0.876840189742934 0.805492396202035
Abcd2 2.90543874317591 0.303188134161745 0.124946363333451
Ms4a6c 2.89378656693445 0.784212860704421 0.76639269335126
Irgm2 2.86744074039164 0.812234894156583 0.808556345872533
Swap70 2.84275643219454 0.838703320696924 0.78882219073846
Lpl 2.8330622731414 0.78306883764358 0.775451471795575
Tnfsf13b 2.8159637644337 0.854973986243362 0.83264099391396
Smpdl3b 2.81222627010908 0.870422885226739 0.844096395112823
Myc 2.75958810358535 0.769239421002478 0.793321434021607
2510039O18Rik 2.71466366737716 0.584445892175192 0.422518686337739
Mpo 2.66115213816308 0.743137356070248 0.435868204066167
Emp3 2.64425742383359 0.853720241209996 0.864129858376907
Tor3a 2.6162648418558 0.678965279791447 0.629188684727426
Srpk3 2.6089006156876 0.859139411166726 0.83633413199116
Tmod3 2.60595962604366 0.480410307815147 0.149478270059718
Ifitm3 2.56083802692608 0.385124076954777 0.390411852970978
Sh3tc1 2.54546762320031 0.808139228857742 0.820217431163439
Acaa1a|Acaa1b 2.50623725295402 0.451867936189892 0.193055742964093
Slc29a1 2.49689224822364 0.453716061888054 0.448254337504662
Bicd2 2.48395238629086 0.590780660266442 0.47581983762259
Parp8 2.46761865242804 0.58858213805488 0.423297716066492
Gpr137b-ps|Gpr137b 2.40009947386007 0.49198935357629 0.452215730659216
Ltbr 2.28530435840631 0.631149553891066 0.655460551643255
Phf20l1 2.27395811773174 0.494255336133646 -0.0770186820717538
Map3k1 2.2535019688789 0.789593087276676 0.738866882987571
Tnip2 2.25219867407683 0.766315573360271 0.729425005633125
Tmem168 2.23420353755634 0.597748454705136 0.585569962813918
Cyp4f13 2.21694832278296 0.73236805256886 0.749024439678684
Il21r 2.2155618274884 0.780118787474541 0.716617040540921
Sft2d2 2.21060755246919 0.448722768532844 0.167863683116035
Dab2 2.20935842734399 0.638825710739527 0.29633299124102
Retsat 2.18447649453472 0.578584839103148 0.532912013289188
