Ppp1r14a 7.00264914158974 0.70301107754287 0.726577621282322
Mal 6.89320864590339 0.593482484225276 0.651962533337738
Mobp 6.7035385149609 0.694198171958179 0.699667262003595
Mog 6.53322642024272 0.718404739518659 0.725698655435354
Olig1 6.09857081268803 0.575262758951862 0.614557053882455
Plp1 6.00950123630672 0.49080639880682 0.553742167052314
Ptgds 5.98363027688209 0.546023485929898 0.59925591047316
Ugt8a 5.97098879722957 0.397857537518157 0.618597680067004
Cldn11 5.85894941509252 0.582556441461227 0.492917901138571
Gsn 5.80716815499257 0.614045369762155 0.604702413757777
Tspan2 5.79646168058468 0.423780463014912 0.803869980838502
Apod 5.41379427230437 0.609501628697792 0.610557939338552
Mbp 5.36685979764188 0.402781889918551 0.498718846197291
Gpr37 5.33826945844856 0.732121103705669 0.767109728272348
Aspa 5.32661435786552 0.785853477802728 0.822321129475334
Plekhb1 5.28720961362685 0.532180301606968 0.531304259822859
Cryab 5.28376335209283 0.431347857016 0.574512815592048
Il33 5.2307833265046 0.77001848428947 0.52539937075055
Anln 5.22503811211728 0.779944288445368 0.752023162176878
Evi2a 5.19154506260733 0.613983028986299 0.509410787789385
Efhd1 5.19085151374556 0.580861933233146 -0.0739476477828525
Ndrg1 5.16123124931734 0.567890168738759 0.582492222583059
Pla2g16 5.01501103521775 0.659286473796103 0.188407254053583
Pcolce2 4.92720005193982 0.786160095264133 0.646921339147029
Pllp 4.91490775795837 0.767001912818252 0.773559610563912
Olig2 4.89273944682891 0.831207656517474 0.797620014743804
Trf 4.88990580924933 0.48224508955854 0.0764649893976988
Gatm 4.76379606421745 0.624859079171403 0.474524177855113
S1pr5 4.7232331922399 0.627955870503089 0.624041830150221
Grb14 4.69645848525565 0.652281130757378 0.789442844233178
Carhsp1 4.67631824457949 0.728564215615002 0.562271163578188
Fa2h 4.61483730800721 0.788144470527009 0.826216252640812
Tmem98 4.52809872673875 0.781251892811458 0.772442564047427
Tmeff1 4.44661955028962 0.622755542418228 0.5708438274146
Pou3f1 4.42458508634492 0.795797606277729 0.746861726116156
Gpm6b 4.36894301302512 0.299043576233095 0.145345864066351
Serpinb1a 4.35220973702641 0.729769034737756 0.462227344024925
Trim59 4.32594872577511 0.793091444184583 0.771691161304917
Nkx2-2 4.31917277954886 0.637341430801593 0.179038460268581
Lpar1 4.3114658186454 0.627649017799323 0.495000118714205
Pdlim2 4.30399228324381 0.701948648938962 0.531638078693854
Ddc 4.30281835154252 0.815896857594816 0.822068622217192
Csrp1 4.29874441658423 0.458881160692128 -0.00166145350432179
S100b 4.25361004942854 0.199709531947231 0.0287702827337152
Mag 4.20811890430834 0.714656840801333 0.700525889075847
Glul 4.20654570678842 0.457750174635676 -0.0272545403276901
Slain1 4.18599027683405 0.591824959048712 0.711570644938864
Tmbim1 4.18290273915201 0.525977380619787 0.403916327629487
Enpp2 4.18268744966942 0.58282567024721 0.667903334374694
Sox10 4.04263909078248 0.826041628684473 0.790370576436897
Gng11 4.03303984829994 0.65490694093086 0.00566631177836898
Pmp22 4.02895931231382 0.436741622197698 0.0534176687585902
Nkx6-2 4.01072056866207 0.628150326512054 0.524915211649241
Psat1 4.00884914771447 0.61261763171073 0.348517349731944
Adamts4 3.98153156045245 0.108991090063137 0.174854757746141
Rhog 3.97310976493303 0.667555815755366 0.00315324351533389
Zeb2 3.95206533065778 0.425485786789382 -0.0225556341480795
Slc44a1 3.94852403578372 0.750864877182685 0.678610442522409
Abhd5 3.90519367107455 0.593998779004222 0.198238126421836
Gstm7 3.89398133668554 0.571009915218484 0.46489460673817
Klk6 3.88852552921064 0.716037886863866 0.555043944498677
Gamt 3.87421282802464 0.793314497693292 0.843371807843911
Car2 3.85787858490454 0.534324637625935 0.696486710905358
Tmeff2 3.83136868346635 0.392508240149549 0.731884448349665
Pex5l 3.82177499901533 0.76079992220914 0.343400073850892
Hapln2 3.80980846315364 0.785229976600832 0.576612004304496
Kcnj10 3.80638726382698 0.304988855828539 0.157616518416798
Efnb3 3.71983224194468 0.685919222382892 0.682933468415753
Gjc3 3.70507642948988 0.797493708319688 0.364854006118482
Wipf1 3.69800621419872 0.632431300659702 -0.0182204492013586
Nfe2l3 3.66910303322782 0.852216373227917 0.794575790477892
Elovl7 3.64623717861415 0.75246906076733 0.769611715929965
Tgfa 3.63128273874748 0.632148535780032 -0.022141052983971
Rapgef3 3.62221364018727 0.608207492588717 0.442464240526737
Elovl1 3.60671417670873 0.529235748817386 -0.0122285192007284
Clic4 3.59630465463896 0.354121767859667 0.342057079866025
Vamp3 3.58498255161995 0.585391386179112 0.0448232062498694
St6galnac3 3.5746030607368 0.693400306624939 0.406254448404623
Slc12a2 3.56270546221329 0.599744087981872 0.0408476277775877
Tppp3 3.55894697234124 0.593951131893633 0.236453704530119
Tnfaip6 3.55577217990349 0.754771360343005 0.463070564716528
Gltp 3.54575760136798 0.585248310399871 -0.0292778237621429
Kctd4 3.54174593110726 0.865070071841628 0.783787087578571
Litaf 3.54075474829635 0.645917542396239 0.15587495571802
Ptprd 3.51490569094495 0.517014788152436 0.319671244159233
D16Ertd472e 3.46126158721134 0.632890200809344 0.575810839645323
Arhgef10 3.46047702248025 0.673102203137255 -0.000793925857794735
Plekhh1 3.46042654563422 0.780798291926944 0.601745818766958
Stxbp3 3.41223264039323 0.541229111374155 0.0166008282321226
Gab1 3.40340775344973 0.608964684897385 -0.157069306859694
S100a16 3.38422640765039 0.50493752895217 0.00215787989496021
Hist1h2bc 3.3658755592755 0.420272181802952 0.457869885329564
Cers2 3.36360403331006 0.606766025519362 -0.0773553562988892
Cd9 3.3511179097522 0.384576446442912 0.138042998278203
Dbi 3.34335829445943 0.368962188245386 -0.0963038748158988
Scd1 3.32567500441048 0.568872941723058 -0.177066141505379
Tyro3 3.25628969328342 0.544079137017034 0.0620292558101723
Stk39 3.15285678522723 0.454182120822105 0.233178855291188
Limd1 3.08362917769085 0.617223113131765 -0.250022394054314
Kazn 3.01582138016147 0.523063219471636 0.180176926347262
Gjb1 3.01572246812831 0.76589678102508 0.497823577851592
Fbxo32 2.95660194010173 0.777810884552507 0.293278306862273
Dock5 2.70852239779187 0.699982081152526 0.591067569267843
Adgrv1 2.66457331766981 0.778912690091758 0.64088223418463
Ick 2.5889512343102 0.72117263029894 0.577949509871918
Ifit2 2.58327497242051 0.584380861834412 0.159684883284894
Il1rap 2.49931759719121 0.838526714737192 0.73416465955096
Gmfb 2.45142215256233 0.446844126994347 0.000138652823515876
Enpp4 2.40281794586937 0.691481928379299 0.452964468107393
Ddx46 2.16565495634732 0.534491953636605 0.00206464428785613
Ptpn11 2.15105262543792 0.504831180542089 0.000562238519744222
Rab18 2.13835763806217 0.330348421013226 0.0593709126607564
Gpsm2 2.0456713935306 0.626055889259292 0.0593848293069667
