Slc1a6 6.18589318076397 0.675671917320791 0.580768269497369
Pcp2 5.91731131796005 0.650376321853788 0.619795086577017
Nrk 5.77138564525942 0.588418274707058 0.507340136591583
Iltifb|Il22 5.44638936088207 0.53645659559026 0.661913577405701
Ppp1r17 5.34926577517602 0.762204317578308 0.83557788179325
Itpka 5.34213751464304 0.817825694712451 0.841723841273067
Smpx 5.21565378455581 0.765343464924752 0.748873516062898
Ptprr 5.21212907556461 0.836120320047293 0.843178088187049
B3gnt5 5.14697103384233 0.628734646325205 0.607535352884142
Grik1 5.14639847881359 0.697271157488963 0.572444118263888
Krt25 5.11533785564298 0.836337022314662 0.791679583873597
Atp2a3 5.09036421686027 0.766420798218307 0.764208592669843
Trpc3 5.00942983324109 0.75838437164337 0.72428445449948
Plxdc1 4.99083280899484 0.63186698991288 0.0639963159154627
Prkcg 4.98782392624249 0.549254199729544 0.475478819184457
Bcl11a 4.93869646554341 0.782933863014354 0.802388710328384
Lmo7 4.9165060362666 0.701281969646661 0.733562802522656
Snhg11 4.88304300642112 0.294475696290855 0.115272798353537
Fam174b 4.81611196665024 0.820177628389135 0.840011962809233
Tpm2 4.80194959026582 0.549836574869228 0.276423920382086
Ebf1 4.78962503271949 0.762728425238178 0.732198662086759
Kalrn 4.74369223332841 0.617003855062551 0.57735077863866
Slc32a1 4.7237783593321 0.249033203638932 -0.210889044745043
Col18a1 4.68466051381896 0.584309079590787 0.431994631308442
Sycp1 4.62493031095636 0.801586842270114 0.776847478334956
Washc2 4.54981284135958 0.588030854336528 0.549477494301347
Stk17b 4.53503404538043 0.733569961936851 0.14002043260151
Cck 4.47504516565154 0.740318640219362 0.756521908504577
Ryr1 4.4733689902388 0.544057431080723 0.33746576948539
Doc2b 4.43254467850379 0.714810515880176 0.674269103586658
Spag5 4.42664710405185 0.487140737038843 -0.274116228663131
Casq2 4.4149307309616 0.730923287043446 0.616909608640697
Cacna2d2 4.34050475549735 0.576295080616648 0.542882659133076
Gng13 4.33677024432164 0.648537183914766 0.757917645142294
Calb1 4.25896387462293 0.589938523821876 0.663514843673893
Tuba8 4.25009316057295 0.683925996463867 0.616594136742836
Igfbp3 4.18867103206511 0.6335899095392 0.578542838336202
Kcnma1 4.16294159613389 0.242180930560958 -0.0494102829402764
Dgkg 4.14607062680636 0.746822117956882 0.603778917740684
Rgs8 4.1395867494538 0.563354813841846 0.666203783331483
Eps8l2 4.0795647014927 0.701222370433933 0.658548701004945
Rasl11b 4.06724885891379 0.615508293877921 0.545682859391304
Car8 4.03788200626357 0.492461901358904 0.595108918098737
Cacna1g 3.97926363191819 0.55512064287115 0.437711759331316
Icmt 3.95902466955459 0.776128204282884 0.747794035264661
Slc5a1 3.95195171233282 0.836202291141826 0.823235467911894
Asph 3.94282099805331 0.640125279633187 -0.182783496119935
Homer3 3.92583231056385 0.653620212053902 0.556455437608007
Kcnip1 3.84457211661632 0.685812880562421 0.621978229201536
Ebf2 3.83963649495964 0.725828361486876 0.66590408273343
Arhgap20 3.77841995677302 0.331803578190836 0.101826203213339
Tgfb2 3.76531034265338 0.68216244277959 0.630847529879511
Lhx5 3.76089434110174 0.693593150224334 0.705344176232867
Hdc 3.74158189513741 0.483945421354201 0.122078017459063
Stac 3.70630767319633 0.818430507818132 0.755842491254735
Cpeb1 3.68384957040616 0.457204918146995 0.120040385713098
Tm6sf1 3.67629658695514 0.483409651420397 0.102579065041499
Gria1 3.63855716917237 0.224448545130461 -0.0449625022546102
Grid2 3.57383912855686 0.506388493736347 0.399202322300731
Thy1 3.56511386187752 0.625305893972061 0.260488229473913
Kitl 3.51992688543428 0.458701717393881 0.158486542948219
Adamts4 3.51719309874735 0.229490273810547 0.174854757746141
Car7 3.46300959837968 0.656192931133449 0.50579060403536
Tspan2 3.45247871948203 0.417179656257108 0.531850207071461
Lhx1 3.42113616975562 0.38867758724058 0.253836337805592
Fgf11 3.40610976338822 0.440721181547375 0.321813913100718
Ptpn2 3.40068955393606 0.778546775486409 0.729392199776391
Epha5 3.39626049607333 0.445067946427296 0.217239799301627
Itpr1 3.39347380687646 0.482428921100001 0.36863837231833
Pvalb 3.38207724447686 0.373166385888779 0.0937855807045578
Fam117a 3.37077939066359 0.662155590679167 0.611998941464803
Prkg1 3.36368769742877 0.523117980190933 -0.016407159806136
Kcnab1 3.36367993824642 0.561009862401009 0.413539649621106
Ugt8a 3.33938076568073 0.282192102477721 -0.252968257730574
Nefh 3.33329023251213 0.592031352043634 0.449697419347904
Ebf3 3.1689570738706 0.722422451951 -0.128065199207347
Igf1 3.14748630139667 0.54954505936062 0.291074415953873
Slc41a3 3.12616689324639 0.572536586848715 0.213482886841261
Vav3 3.06231544214147 0.339708638593642 0.0169361168397886
Gipc2 2.99992469008021 0.65443225667267 0.52846307909686
Igfbp6 2.92253744670498 0.671597334920669 0.605724491938552
Gabbr1 2.90137449298638 0.499762430080469 0.221563595271423
Grip1 2.89393346778327 0.472238767941461 -0.0535055016573903
Rhod 2.77705370551934 0.723916509296103 0.342116670118005
Bean1 2.63352154717406 0.739758726142007 0.454890561959353
Atl2 2.59189068900274 0.311162318398963 -0.298904069417592
Ccdc85a 2.54073217439296 0.641137470241574 0.467186106619862
Alpk2 2.41399168068524 0.395744595100622 0.13267094201978
Dlx4 2.38700883545945 0.703116378658194 0.567826702647577
Pcdh20 2.32941477177195 0.238980024199172 -0.246769548584815
Medag 2.3112206920304 0.568431013423803 0.153191935095988
Cntn6 2.24825544058243 0.202070415995395 -0.262124299292193
Cacna1a 2.21021734994655 0.231199694368841 -0.195474104323498
Rps17 2.1722889672532 0.319259915574373 -0.366651381052705
Lgr5 2.08160261745968 0.345975596315251 0.0638544819970007
