209378
75541
13527
17387
56376
20598
20682
214359
77559
27360
23972
107747
76187
67896
13998
104174
52538
102644
114874
20652
17304
12759
30956
74013
210126
68801
14184
53896
18679
20511
58807
14813
70097
72014
16007
104776
53412
107869
72792
67122
14633
29820
19249
18508
18760
26362
18994
17909
216190
19206
54381
21808
16779
13618
56448
17920
223227
18212
54403
319757
20971
30937
14366
14580
13649
56741
57257
13371
74114
29811
27494
56188
14230
20512
12950
108052
14451
192216
76257
81879
11829
14862
74519
57776
68385
58187
13123
20498
22329
83925
20787
15483
13004
19125
12411
13731
20917
22350
66873
57738
12830
16870
14221
56473
11758
18128
243914
57265
12494
18682
66277
58237
54326
16816
67442
16206
22330
19283
50500
12505
215819
14766
57319
66116
68607
18596
106861
16404
14661
16562
116701
81840
58238
110078
98396
232146
14560
14405
329828
11932
22421
27273
27226
216739
67111
69239
12496
19013
219151
170790
75475
11761
14261
106648
13609
14756
64385
94180
69538
14066
17986
18217
13650
19682
228357
