Ccl3 8.89777940723145 0.890903528416572 0.874965583428724
C1qb 8.66942418936739 0.712621634834843 0.625448023701326
Gpr34 8.28138179900838 0.941243676089832 0.93840741522315
Xist 8.2656797134446 0.464950870975992 0.043416087245151
S100a8 8.23302901488482 0.954258943491863 0.944772324906759
C1qc 8.1646365622404 0.843248881569664 0.855340219989704
Ptprc 8.10969932626446 0.917223350323211 0.906751586052005
Atf3 7.9990935032608 0.835566225348398 0.830764007673631
Fcrls 7.81679092827221 0.798313455393502 0.865502415801178
Tmem119 7.77432973542243 0.836168230879777 0.840278328664666
Lcn2 7.51978496919568 0.903692045285031 0.907870360042973
Ly86 7.49230530998931 0.790875705408471 0.863415400313591
S100a9 7.48348951976937 0.928291056755858 0.908051279955081
Ccr5 7.38083428405578 0.936281239841687 0.925125227658584
P2ry12 7.36621564367588 0.881105699886564 0.86236366443333
Itgb2 7.3388112375493 0.910369056702902 0.91299437508211
Cd53 7.30976338290356 0.818247076523301 0.752022900548174
Fcgr1 7.29400296218828 0.911489881295649 0.879315103712133
Icam1 7.28560185132695 0.874864231653752 0.889225151475047
Fcgr3 7.26758788850493 0.899224624098712 0.888795118583215
Socs3 7.25304124433941 0.681477826062627 0.807427989730807
Nfkbiz 7.23048920128478 0.736682289974864 0.868946319052621
Olfml3 7.20769469271718 0.870990023664658 0.838912598831446
Cfh 7.20434820424078 0.814729711488838 0.7120821647572
Cd68 7.199393883307 0.931873344487749 0.911444553254431
Cx3cr1 7.19739345250719 0.807292547964526 0.827990214610737
Mpeg1 7.19305309442597 0.851473884229739 0.865616310371509
Fermt3 7.19081802075826 0.851139503775687 0.854366273147326
Anxa3 7.17951727029507 0.882920688735891 0.866445304725327
Chil3 7.16541661567215 0.871894736951598 0.853855290200827
Il10ra 7.15676960749382 0.954330544182233 0.946176356380483
Rnase4 7.15458334868125 0.832207760704555 0.807802047166032
Naip5 7.12916854620141 0.893862099839842 0.876749962801277
Irf8 7.113834624327 0.930963989684282 0.927774580816601
C1qa 7.09663240544362 0.845815777560678 0.849168808809551
Klf2 7.08492440044917 0.859167577229774 0.769704468031332
Ptpn6 7.05834622099099 0.957198452262449 0.949719617140474
Vsir 7.05812003312175 0.795455915938312 0.817506829988976
Fcgr2b 7.0359277113647 0.923967315357803 0.917100047487162
P2ry6 7.03370839312866 0.928575201175206 0.936625778482229
Ctsh 7.03279969349149 0.862920987508042 0.835442795873443
Tyrobp 7.0230035999233 0.862469353993406 0.864966131181277
Il6ra 7.01427729224427 0.919947136677063 0.890239670156536
Klf4 6.9791293025127 0.561755728686996 0.629645760718684
Cd14 6.94298749938652 0.842000223549062 0.823689483223966
Lcp1 6.94105785038835 0.740195243448062 0.822778027882635
Ms4a6d 6.92154485419344 0.943494431425201 0.933175492702546
Cd86 6.86901379480901 0.940593651627983 0.92605423006013
Ngp 6.85398758511059 0.827866056801506 0.800372014038914
Adgre1 6.84945116834852 0.879782914730262 0.871430029769484
Ccl9 6.8489243914743 0.902138419697567 0.887288761970235
Cxcl2 6.81891096475717 0.905429645508175 0.887336454289424
Ctsc 6.81508987282341 0.586750810165738 0.741998073095641
Rgs1 6.7861234443617 0.919066933647859 0.913704339101885
Hck 6.76258751038826 0.882668458941234 0.862904157286228
Pld4 6.7521343196621 0.853941443161138 0.841224784584513
Fcer1g 6.75103138923978 0.822840018646208 0.824378069626441
Hpgd 6.72274640236307 0.873537815201525 0.893971569612856
Selplg 6.64761375790199 0.694750752041967 0.720484880074284
Ccl4 6.62376266687266 0.81223824985208 0.797155864425062
Sla 6.61664842245512 0.928119264122166 0.917819961561887
Camp 6.57300149541576 0.864617549727623 0.801717620949601
Bcl2a1a|Bcl2a1b|Bcl2a1d 6.56871422920697 0.909835916450466 0.902488054227698
Itgb5 6.52601100154471 0.553381104596612 0.83172489091188
Ptgs1 6.5213732815304 0.747651007632019 0.5355030866188
F11r 6.47809363432266 0.90275343902028 0.865816219399022
Havcr2 6.46067430323117 0.948083972768367 0.94057437930772
Vav1 6.45427510592155 0.947333108098045 0.933137916185804
Aif1 6.45259119408374 0.833457345117157 0.762083871341622
Ms4a6b 6.44907551826161 0.907861134950352 0.893598100563759
Txnip 6.44072140018619 0.664748911643502 0.534275457018026
Plek 6.44035925533032 0.889627997383091 0.904785698167821
Laptm5 6.42318043483711 0.469930781934138 0.430549918524157
Srgn 6.3980318427536 0.854542720338274 0.846318910816817
Csf1r 6.3531432849004 0.442225472475977 0.627279481981655
Tlr7 6.34092865032676 0.901526923013331 0.883255991303354
Il1a 6.33862650319998 0.924698807192171 0.922041603079999
Tlr2 6.33169462440422 0.864394858213715 0.827987801730742
Naip2 6.32236499458086 0.949339951446899 0.943826557034747
Gpr84 6.31644353673549 0.919548607003443 0.900547097591268
Nrros 6.30108687566918 0.766158260394611 0.791824786290472
Mertk 6.27162244311921 0.499083607518285 0.023616097947432
Cyba 6.26921635707359 0.852825993404265 0.836618912110019
Slc15a3 6.26574750991739 0.951406149439113 0.934309287413246
C3ar1 6.24310164095234 0.832475175577013 0.832886162480963
Fli1 6.21987728571493 0.924300518202454 0.902077507809344
Lpxn 6.21372892983708 0.870999460166717 0.853918087353126
Lyz1 6.20848016113693 0.812389119853308 0.78240518612454
Fosb 6.20368919847213 0.693090978228446 0.716156298176386
Lyz2|Lyz1 6.1580151614421 0.807386182513355 0.776180382940758
Pycard 6.14802321523217 0.88864903870668 0.909516575575799
Golm1 6.12535334381941 0.821742374565793 0.897175220415006
Slc11a1 6.11049423743853 0.667619712899848 0.651480734004567
H2-Aa 6.10904519703356 0.692606410225904 0.556747725940127
Blnk 6.10053144009542 0.897370266827853 0.898756224741526
Zfp36 6.09028973279817 0.762919077138928 0.794312073401642
Fgd2 6.07768865226689 0.887203940514605 0.86045666469005
Ccl6 6.05659616967562 0.931072605166424 0.942572953172218
Ctss 6.05016354123575 0.643542595716796 0.7516728920731
Ccl12 6.03739810113278 0.955393103123677 0.950614433559972
Inpp5d 6.02958252571027 0.873313553849424 0.850213412572684
Tgfbr2 6.00986492808003 0.854788397080727 0.844990245391401
Nckap1l 5.98358030046604 0.73928610367213 0.771331195591793
Hba-a1|Hba-a2 5.94292376326921 0.746449638328942 0.741062847122194
Lcp2 5.94161999288392 0.944599503190048 0.943598653963182
Egr2 5.9393941953564 0.817696156789777 0.854569551601761
Ccrl2 5.89716687325402 0.870502273669488 0.845923790259253
Ier2 5.8841724121897 0.712986714265789 0.761547761270482
Tgfbr1 5.87543017062453 0.851858663802599 0.85794468421271
Slc7a7 5.86901208095641 0.914671180718745 0.897009388442755
Alox5ap 5.8670748718418 0.855533222349891 0.862842233593254
Ier5 5.86533217684452 0.698275662424324 0.760044154980542
Lair1 5.86278167835042 0.862151277822374 0.852488648155638
Ugt1a2|Ugt1a7c|Ugt1a6b|Ugt1a6a|Ugt1a9|Ugt1a1|Ugt1a10|Ugt1a5 5.81885277349412 0.715748559252036 0.796235103085656
Rhoh 5.78847961784974 0.943753319335072 0.934738411208348
Dusp6 5.78390588757575 0.581942931161633 0.594778117435366
Rcsd1 5.76527959311516 0.787322866686493 0.779921366909029
Sash3 5.75575841997038 0.651586619693593 0.642593539576984
Pik3cg 5.75208416716931 0.915420096599726 0.898706137048291
Fyb 5.7507539409085 0.916158344442973 0.89362625909963
Arap3 5.74899181281073 0.92169757666408 0.910050006965717
1700017B05Rik 5.74173990123089 0.826475068234715 0.868393557699708
Capn3 5.74122390154674 0.90430931738235 0.887626932035289
Tnfrsf1b 5.72176505029116 0.745057583644732 0.737200235291426
Slc40a1 5.71737217361527 0.810947760837783 0.866241131950816
Ctla2b 5.71694651818862 0.86099738700507 0.851839866495124
Cd48 5.70312303733999 0.92137553052428 0.913439246036274
Ncf4 5.70037879753199 0.914044836735487 0.903441826522526
Evi2a 5.69048429964473 0.413202008782697 0.122083941499024
Entpd1 5.64050479794348 0.855986538359167 0.843395778658876
Crybb1 5.61308260049663 0.886440175176266 0.861028599659509
Pros1 5.60923221527994 0.742750188367245 0.718331354149935
Map3k8 5.60773221335941 0.951920940661421 0.944719361425179
Tlr1 5.60707407674358 0.950963152054721 0.942935206661479
Tm6sf1 5.59836188319321 0.700606287886778 0.813661679650002
Ttr 5.57670031223657 0.415859228948768 0.316585366486108
Cmtm6 5.57306854924874 0.646487644824104 0.738285743793166
Akna 5.57061884995547 0.848662244507853 0.909971376627676
Junb 5.5702265653579 0.702389045265898 0.710290375201287
Dapp1 5.52955098629696 0.746226320477423 0.731428075918814
Alas2 5.52901386473909 0.827955793916767 0.815797530274247
Cd34 5.51288751885954 0.785596502191669 0.780953852741404
Stab1 5.50821728825029 0.892793034579198 0.863125347481778
Kctd12 5.4856693739416 0.765137445139351 0.784972493366985
Btg2 5.47873078164689 0.696556154043338 0.301508566656002
Mlxipl 5.47257235060557 0.605121769024994 0.618845271841796
Cd83 5.46420399961116 0.74171930775986 0.845116563166817
Slc16a6 5.45816017486347 0.819868589118179 0.812988159030414
Ggta1 5.45113403032906 0.801801910590187 0.741996856720129
Chil3|Chil4 5.40023138492739 0.798182627060014 0.740089297731431
Cd37 5.38592951006497 0.739191568428362 0.751376208913459
Ankrd44 5.38263671177936 0.722721323749379 0.77415610152197
Stat6 5.37082223507245 0.725107959441259 0.821312877864025
St3gal6 5.36156269679316 0.792160623765352 0.792268323049702
Arhgap17 5.35916055891342 0.723883622971327 0.814221950493466
Cysltr1 5.34731501632633 0.925296303980219 0.924365373758827
Edem1 5.3430572911052 0.769097330584557 0.767825289755816
Clec4a2 5.34160790089522 0.923911482765663 0.905481651875605
Rab20 5.3364139137653 0.875382283248505 0.822872062649342
Il16 5.31160963267152 0.873539337841936 0.834616772567236
Ets1 5.30030287705535 0.862229624213989 0.798717657551142
Csf3r 5.30000111888325 0.741362736529509 0.660626059742128
Srsf7 5.28379879506831 0.719213001075726 0.668273534190973
Ier3 5.27460333482047 0.724267165867644 0.829833737947902
Tmem173 5.25746457736065 0.803852723029696 0.749693963682884
Ncf2 5.25495204242319 0.867465128835777 0.821452301139409
Syngr2 5.23957319849249 0.505465267964038 0.678299428842201
Ltf 5.22365945228848 0.674267510904315 0.688960431665638
H2-T23|H2-T-ps 5.2129512312886 0.733372684434128 0.755081915805705
Mafb 5.21189262085587 0.91013274268438 0.898825051466887
Adap2 5.20932438733205 0.884467294619715 0.89589017278028
Cd300c2 5.20644533660211 0.769668667763095 0.746221590022922
Casp4 5.18741819925627 0.858952778166163 0.841795920940869
Tpp2 5.17866105678472 0.813968819944563 0.733521750385064
Spata13 5.17833610087722 0.732935655744512 0.822541574232741
Hk2 5.17526217899463 0.842767013309398 0.836232522142562
Cmtm7 5.16919053076761 0.892171955641907 0.884859426902135
Cd300a 5.15329249003946 0.814504524093011 0.797864357702
Tlr4 5.14702871175081 0.852073080950179 0.833893243030771
Abhd15 5.14382605938026 0.803342489667888 0.802681386589946
Rassf5 5.13284844707993 0.734678705944995 0.849659248421446
Spint1 5.11990286565311 0.776207447950599 0.80546541886515
Klf6 5.10146231019577 0.7559127817736 0.706257430098815
Syk 5.09828891297957 0.871774064849837 0.843963002181993
H2-K1|H2-Q9|H2-Q7 5.06385992913386 0.816766465080214 0.795361355342317
Lyl1 5.05701728594172 0.905150006381108 0.901191051834884
Trem2 5.05398905728961 0.827555972948617 0.799454240283858
Rgs10 5.05125696390378 0.768148783697456 0.851420290159732
Grn 5.02801617078597 0.702136864594213 0.800431278605859
Hbb-b1|Hbb-b2|Hbb-bs|Hbb-bt 5.02053750228511 0.615967492736568 0.583030511225756
Arhgap45 5.0100860323019 0.82388055699367 0.789484953639823
Hhex 4.99724859323692 0.76773457280907 0.76685197354372
Pla2g15 4.99130648274192 0.833038330966352 0.887885531793003
Clcf1 4.99041509236586 0.926352405494686 0.915799032402818
Fam105a 4.97924203468981 0.848953919996519 0.854696269896252
Themis2 4.97501290841971 0.867905003988977 0.819645227217916
Unc93b1 4.97159278524514 0.83251026724073 0.784330861324893
Fes 4.96907718863315 0.916263711528805 0.918269745606731
Ccnl1 4.96655402866893 0.570747028932322 0.60486701056394
Adrb1 4.96576309430913 0.707774692177079 0.795565561937144
Cttnbp2nl 4.95904305225656 0.716798119142428 0.690201256423659
H2-L|H2-D1 4.94881626580149 0.741817819265673 0.707632400494705
Casp8 4.93805030985813 0.830800687409705 0.794974407022506
H2-D1|H2-L 4.93003741236123 0.763088775484669 0.741226369285981
Frrs1 4.92777866402759 0.632340404150433 0.589007455229009
Ppp1r15a 4.92654038914195 0.775401370970416 0.770078535783624
Nfe2l2 4.92207482363633 0.470524090869294 0.452443442925438
Rps6ka1 4.92167798032582 0.704624481418618 0.678098710018846
B4galt1 4.9154519085686 0.622872894875188 0.639633223908502
H2-K1|H2-D1 4.91392249273651 0.543107450160128 0.538659872599817
Anxa1 4.90938652477921 0.260065891082983 0.0909543148847759
Coro1a 4.89909510373289 0.601655212488178 0.609948706493806
Zfp36l1 4.8968630781826 0.345885729511022 0.319838572169749
Wsb1 4.89460275769738 0.0341137422461391 0.332773627463564
Gusb 4.88966480014738 0.643164084450884 0.783418768187215
Hba-a2|Hba-a1 4.87031845604257 0.585142697708216 0.54582217957584
Tcn2 4.86680786937796 0.62068301243745 0.799068040794858
H2-D1|H2-L 4.86415320821514 0.763088775484669 0.741226369285981
Pald1 4.86300688920298 0.696130781337789 0.764589318597646
Tnfaip2 4.86205899636639 0.836074454411153 0.835036234614228
Xlr4b|Xlr4a|Xlr4c 4.83539088488081 0.848899380959719 0.757904281076401
Hspa1b 4.82251768552914 0.423595517499116 0.451331534203058
Slamf9 4.81399873419455 0.622165040088664 0.600928466403318
Epb41l2 4.81101761391541 0.352883765906473 0.635034312601949
Hvcn1 4.79893352763795 0.934159428302227 0.925556651974156
Pon3 4.7944316918832 0.919539836519935 0.910653848974614
Csf2rb2 4.79397651063685 0.414786647825821 0.124213304372801
Ctc1 4.79363296429984 0.813161614174545 0.754558352690748
Hfe 4.79225983993936 0.746397517108608 0.69293487069271
Trim47 4.79143107619685 0.859600543139101 0.882931645007043
Pag1 4.7830680183445 0.626284897455991 0.83022630472362
H2-D1|H2-L 4.77226310678439 0.763088775484669 0.741226369285981
Abcc3 4.76281886176619 0.800977186796135 0.803332271340281
Irf5 4.74829966353871 0.80449558779805 0.785552634359777
Hba-a2|Hba-a1 4.74609271192693 0.585142697708216 0.54582217957584
Hspa1a 4.74596224826368 0.598666119964017 0.582822142158588
Klk8 4.73893579510046 0.905196177267023 0.894065317519132
Nr4a1 4.73338111348897 0.418415421697818 0.55125674601233
Tgm2 4.72922992796143 0.575853912028982 0.462958915403081
Parvg 4.72454093814331 0.716952499005673 0.679543106513591
Arhgdib 4.72238731115106 0.617194357250458 0.629475821476247
Adamts1 4.72107713428773 0.592507421373518 0.720804605439319
Serpine1 4.71999250890652 0.75838973587102 0.772469276401093
Rreb1 4.71538110027256 -0.0868987241070453 -0.00873457087364013
Lyn 4.70837552593745 0.847970390592902 0.88629697451669
Lrba 4.67396776852425 0.7192940314574 0.739039615167681
Tor4a 4.65742748239571 0.780702663538938 0.78791639529386
Pdgfb 4.63589503922207 0.779153417121488 0.723711256011854
Sipa1 4.63007537669107 0.888279055237355 0.891727911367738
Mef2c 4.62603158487164 0.305171970307112 0.167671283052158
Elk3 4.60713472864803 0.790383193046074 0.777284563967688
Mcl1 4.60424503279594 0.670408322629374 0.754786911632478
Plxnb2 4.60237821367436 0.575997971544693 0.702560125132365
Trim30d|Trim30e-ps1|Trim30a 4.5917611797393 0.369005866565034 0.174778373120494
Lrrfip1 4.58718516220205 0.739387036828162 0.768529682154086
Adcy7 4.57776058201028 0.426616742981555 0.405243001777243
Ang 4.57556502263546 0.938378381062559 0.921005554800001
Trim30a 4.56982733841518 0.8989915483873 0.88939019128995
Myd88 4.5644789751106 0.822090527914327 0.772782746862068
Tgfbi 4.55435058231912 0.690905637856787 0.661822243741346
Il6 4.54962904004659 0.924236116806099 0.870682946136026
Sh2b2 4.54906908881958 0.878177589105004 0.834331520421962
Samsn1 4.52487694705679 0.92496281789539 0.904502243785012
Lrmp 4.52392664714619 0.932658159075716 0.931019402762976
Ptbp3 4.52266759659525 0.595578133332844 0.723570813422266
Igsf6 4.5197928939069 0.900489674050863 0.863104115575813
Slc29a3 4.51949524991192 0.563763095071625 0.543906506479103
Phyhd1 4.50463519521316 0.726869826808105 0.722037066712868
Il13ra1 4.49763656284842 0.625934350525409 0.550150294986224
Mylip 4.49425474608465 0.651297343877311 0.626098854921702
Cxcl10 4.49406273005736 0.81148640960493 0.698499428715145
Rrad 4.48628236483788 0.870198149808699 0.86876722337327
Lpcat3 4.48282462848375 0.374507602642358 0.368487033446007
Abca1 4.46996484587812 0.438571684334261 0.131832799862662
H2-DMa 4.46685346585931 0.8328875521069 0.880014801228871
Gas5 4.45880604589051 0.525426634448681 0.579234766118862
Vamp8 4.4521279128161 0.656393258066686 0.723031421900338
Afp 4.45196189019544 0.88902337923169 0.859020847583768
Il7r 4.44373688037241 0.712088266599999 0.666726681862827
Spi1 4.43785511979371 0.890993251727385 0.866156133409175
Tec 4.42959386381218 0.59843449248566 0.560546547178157
Plxdc2 4.42956361757261 0.603485418298294 0.59701178492877
Ifi30 4.42390661364148 0.828000410314409 0.871854735508474
Npl 4.41701417454817 0.647775506585951 0.699653960707303
Lag3 4.41421889240693 0.798500023632172 0.759580947955818
Arrb2 4.40974126280652 0.784993846961278 0.768142700133339
0610040J01Rik 4.40570568693609 0.58900356544645 0.417867811944527
Ceacam2|Ceacam1 4.40477817826069 0.795308826685936 0.773097217974399
Mlph 4.39524625383281 0.705834066674166 0.648272789015794
Birc3 4.39485925953643 0.857783220952645 0.827229757938838
H2-K1 4.39041536291372 0.759333081704035 0.570739190218655
Siglecf 4.38045822549475 0.925060140634625 0.920658627604494
Rel 4.37675088184053 0.873562744024147 0.859346420377097
Clec7a 4.37350825649955 0.755176747435937 0.735975015961589
Ccl2 4.37144229608385 0.906842268518294 0.892781839184554
Cebpa 4.3629222016058 0.852045964536406 0.874981085720788
Trim12a 4.35971381646527 0.922081232904452 0.903517231450121
Cd9 4.35358954685693 0.103230927374716 -0.20040857485584
Pld1 4.33887073162714 0.654213311161824 0.794462402615765
Gmip 4.33610567808723 0.811540489384756 0.734001301317462
Jun 4.33609708651627 0.448888742924061 0.404707302879475
Sparc 4.33095992487657 -0.0454317646451999 -0.0623114280993149
Slc39a8 4.31625290286246 0.601809262930801 0.498678120717503
Elf1 4.31587684015416 0.57587858362449 0.647953626575814
Runx1 4.31129378223559 0.899259607468934 0.867100937826771
Pla2g4a 4.3089057255988 0.577152168833854 0.265785279023491
Zfp36l2 4.295551187988 0.375755845987323 -0.0438182143146671
Cd52 4.29083418133921 0.842754870896285 0.809218741559844
Zfhx3 4.28640154622867 0.153879828535143 0.14075291558806
Nrip1 4.28548260862093 0.754733946425987 0.855932538465098
Rela 4.28533186458071 0.594215174790627 0.690808598805135
Ptpn18 4.2757097661079 0.802433856379556 0.777184579907332
Ifngr1 4.26522962843562 0.810969875956278 0.809412371220857
Mfng 4.26388653593485 0.778606806095491 0.770860353498733
Hexb 4.25917519817445 0.707609903032701 0.646331328259275
Arpc1b 4.2586144319225 0.59643114164635 0.110343180367653
Tspan14 4.25541155722522 0.305265561489185 0.410186478896844
Rbm39 4.24816414448224 0.507112823994905 0.53294972185286
Asph 4.24791000570094 0.422431687962431 0.204044268100301
Tnfaip8 4.24123604225386 0.326516496536194 -0.0685184420173606
Scamp2 4.22767390069809 0.601834110102798 0.7155737725286
Lgals9 4.20231164059374 0.903784363534375 0.897232498563263
Casp1 4.19582423062552 0.889284742337627 0.90330128642279
Serinc3 4.18970009263427 0.571965430497722 0.369561885794836
Gpsm3 4.18618222543468 0.890633548377754 0.871617375702541
Usp2 4.18491329681097 0.581914103501238 0.756316924841759
Hpgds 4.17985660237244 0.801880809906255 0.793742852729496
Prkcd 4.16233353887355 0.660054678503398 0.688797133000079
Mrc1 4.15879326264955 0.813203641074756 0.75898732639586
Ugt1a1|Ugt1a10|Ugt1a5|Ugt1a6b|Ugt1a2|Ugt1a9|Ugt1a7c|Ugt1a6a 4.15603011783339 0.634052232729138 0.669671935068351
Parp14 4.14758088809449 0.702026662315632 0.68207221075031
Cep152 4.14324290981334 0.839255695832501 0.817184412170687
Rbm26 4.13950261276407 0.705137170497542 0.668977558032921
Lilr4b|Lilrb4a 4.1286177493795 0.877486499125483 0.856014239697847
Mef2a 4.12576943478619 0.695183877497931 0.616496580668851
Arhgap4 4.12491006012482 0.859994888689475 0.803467151876557
Nfkbia 4.11868550637119 0.735658220138063 0.740459639088568
Slc2a5 4.11526800823997 0.460886637454515 0.33520761825858
Lgmn 4.11429440668674 0.604549024364154 0.754817110237683
Hcls1 4.11334324754927 0.928958076807662 0.895179488623793
Btk 4.10103786106699 0.730286681452201 0.694295153449904
Pnpla7 4.10071897832548 0.517748655369566 0.454028729854378
Ripk1 4.09812795704824 0.598412499024125 0.610434377354206
Fcrl1 4.07976026945955 0.84032384807455 0.771777985312741
H2-Q7|H2-Q9 4.07922376534955 0.779807719570894 0.68841466127215
2810474O19Rik 4.07688638901582 0.562154102824243 0.513684938038155
Lrrk1 4.07443967876849 0.825851460372571 0.79460608017175
Cyp4v3 4.06960487096289 0.255303947674592 0.382201855238099
Slc25a45 4.06664084361355 0.422668954550963 0.321289122443169
Lmo2 4.06108678246664 0.740514059182453 0.803746816010765
Myo1g 4.05636870877745 0.80443178069504 0.759349955985263
Ly96 4.05500416548639 0.840964287741457 0.816066587454209
Tgif1 4.05485429248406 0.87287169252299 0.853101032190137
Pdlim4 4.04887089803671 0.392700438449412 -0.107626616301089
Ugt1a2|Ugt1a9|Ugt1a10|Ugt1a1|Ugt1a6b|Ugt1a5|Ugt1a7c|Ugt1a6a 4.0479680724772 0.820081499683909 0.818998242257466
Rgs19 4.045038092192 0.585687186872548 0.625340563496616
Herpud1 4.04477132446654 0.728806801427379 0.882919188242223
Notch2 4.04152654497967 0.22207310846729 -0.0435635125582493
Cyfip1 4.03935734381315 0.50978273228444 0.665214244733654
Cmtm3 4.03374799070733 0.358426329478354 0.360412130372395
Cd177 4.02970477841071 0.848789585017277 0.786387403267038
Cd33 4.02659708377685 0.697238708669961 0.683178355535824
Man2b1 4.02336734457484 0.749297134023692 0.676780720554934
Sgpl1 4.01343374684173 0.489218681739671 0.674196841431123
Apobec1 4.01273280686365 0.458774370225454 0.436450284713381
Ceacam2|Ceacam1 3.99761881733475 0.795308826685936 0.773097217974399
Cxcl16 3.99581724065178 0.891457444213658 0.873088105435554
Cebpb 3.99149023745272 0.74679729591878 0.76060622536153
Plcg2 3.99077881924855 0.544957929076886 0.527332368044548
Dusp1 3.98908663832897 0.486338737560145 0.348690815171587
Rab3il1 3.98871434465787 0.712511037679627 0.586356515527939
Dock2 3.98740805589174 0.705722028465037 0.66457681384136
Klf10 3.98196602632683 0.658337382239165 0.677137187719495
Gna15 3.9797939429669 0.859353971737275 0.799112144024648
Naalad2 3.96792074489819 0.646855207997908 0.615196190387861
Tifa 3.96395694751503 0.719100637043841 0.825687665070608
Pmaip1 3.96309229881381 0.931606274341584 0.922962302276302
Pnp|Pnp2 3.95926630690441 0.420800849901516 0.716726873651538
Adam17 3.95791643536034 0.376793054793666 0.503480885923154
B2m 3.95776042606648 0.61292871413898 0.571264363349846
Galnt4 3.95691568888985 0.409522513532244 -0.0862625467877269
Uba7 3.95119896850896 0.883602230726536 0.851231420966414
Cklf 3.94475944227134 0.617820225736737 0.748346411462709
Itga6 3.94373919202417 0.44727391543565 -0.12839271730186
Sult1a1 3.94260553487819 0.483791315955641 0.148153281074568
Pxn 3.93006821673865 0.353959074977491 0.39716112132977
Prkab1 3.92071240566194 0.774425218720208 0.713851449914471
Gcnt1 3.9116973815784 0.910397509616024 0.880168457430488
Msn 3.90887955841537 0.637727757882726 0.683825692490507
Adrb2 3.90713382711045 0.756264532027312 0.672789668526366
Slc25a37 3.90334149650447 0.633087346835153 0.512575958635036
Parp9 3.90130000685846 0.591879648839715 0.55211870105345
Tmem140 3.89257258321482 0.792722528224917 0.691825622748171
Tmcc3 3.88860773513161 0.725187071972551 0.532731528637081
Tnf 3.884747280643 0.754677678907526 0.69840883232456
Litaf 3.88461881604847 0.331193159707605 0.443693772192225
Plekho1 3.87189016857407 0.761739244058047 0.788066034580518
Plekha2 3.8712534833889 0.168446540397772 0.150058165527655
Dock8 3.86719967354532 0.785764931122355 0.715525507824545
Chst7 3.86344013716329 0.640995144534357 0.649147471830705
Rin2 3.86199616617787 0.599580599132842 0.644402352634606
Myo7a 3.8542291757353 0.736501765635523 0.704400388158652
D17H6S56E-5 3.85206880190398 0.848604160817909 0.779974211906259
Plxdc1 3.8373594889288 0.570791605716231 0.691131392598507
Tcirg1 3.83432097354032 0.661786279905719 0.64319356575803
Sirpa 3.82987464817418 0.555226156556122 0.673452449319169
Snx5 3.82844425737832 0.585508523731658 0.678193829488984
Glipr1 3.8252443179456 0.792610444245284 0.666215261986559
Fos 3.82369531492014 0.261501608375946 0.396804145337738
Ebi3 3.82049651237347 0.786706234612182 0.717724066851372
Tmed5 3.82025613663348 0.48496725662615 0.28474799051526
Mir692-3|Mir692-2|Ftl1 3.80892717800084 0.518159074069529 0.385322128414015
Lgals3 3.80765682042665 0.729442551713293 0.480134285385581
Rbl1 3.80532227597751 0.645169710568406 0.440152162650621
Il17ra 3.80237715097168 0.727643677465391 0.709792878944159
Myh9 3.79396736334821 0.565667063883466 0.407727954684007
Ssfa2 3.7932381658682 0.365986016692333 0.159445505663991
Clic1 3.78956668370234 0.741448262566035 0.821660212656629
Hps4 3.78881843802576 0.750480038431293 0.692465691385308
Vrk2 3.78839521428935 0.721616121814871 0.695245171423605
Ptgr1 3.7805769821253 0.649002539895194 0.775430537021147
Tubb6 3.77572554697636 0.845595344890098 0.881782244265613
Rac2 3.77187129410444 0.463911999356719 0.340957548370832
H2-Oa 3.76736304338595 0.879952457987788 0.841015664106886
Il10rb 3.76171895713552 0.728804729924168 0.743304353010071
Tbxas1 3.76054379425149 0.858710424547263 0.831930304133101
Ctsz 3.75932599653972 0.538440802876924 0.828783034372294
Ncf1 3.75433545229399 0.87261606394966 0.829339404471351
Zfx|Zfa-ps 3.75378069892902 0.771613834269535 0.78078571599338
Arhgap9 3.75153827823331 0.803665709545008 0.762729789854804
Man1a 3.75028228555986 0.516664455987772 0.248399879781027
Gdap10 3.75022026325916 -0.037615114995354 -0.175605493293307
Ints6l 3.74533700284698 0.320854004730936 0.360309932687475
Gem 3.74465048140829 0.443064672381658 -0.0434942884069334
Cebpd 3.71655629209849 0.434919301395176 0.450852912095384
Stk17b 3.71120104048932 0.337867499182545 -0.0324488707098534
Snord22 3.70734394500874 0.722197068292869 0.747003918737636
Rnasel 3.6956745206262 0.392170361494912 0.256328314782655
Itpr2 3.6952196353326 0.341108137211373 0.125989773983375
Tsc22d3 3.69131411621926 0.603499757887217 0.687128799337793
Bach1 3.69016582397387 0.703736584914752 0.806125401643508
Ltc4s 3.68685646351861 0.634717269951062 0.55384325737814
Plk3 3.67766131366034 0.574705437248744 0.315143668563012
Clec4a2|Clec4b1 3.67408072154333 0.904829245516236 0.880812196435236
1810011O10Rik 3.67075113391541 0.613643966363716 0.244803155184718
H2-DMb2|H2-DMb1 3.66988240232965 0.702972147906252 0.68408973554214
Psmb9 3.66970830446052 0.822052296571149 0.785911085142458
Lamp2 3.6685197083394 0.212086499477782 0.127384404431192
Tob2 3.65842403622326 0.552220997637631 0.74728206977533
Cytip 3.64666185491652 0.685075324024981 0.658062850921678
Sertad1 3.64503410905696 0.738844149350297 0.759101918828126
Phxr1 3.64000245364294 0.573155025652073 0.527893394217594
Igtp 3.63672503331876 0.589650117557752 0.541093537411998
BC028528 3.63081370426868 0.594887696640131 0.296370649208761
Atp7a 3.62755725284866 0.653028714218636 0.62920625807277
Sox4 3.62718158339649 0.427506623467301 0.0883197248425032
Trf 3.62633580194551 0.210027597693527 -0.0912677242073283
Asxl1 3.62331158720765 0.800943076292226 0.803429670627233
Srgap2 3.62062505886541 0.82333452480731 0.808601195495113
Per1 3.61979296834429 0.613968654081817 0.626357073886586
Jmjd1c 3.61858366619972 0.698234930293552 0.753087598585713
Rnf19b 3.61298967092974 0.655123965106839 0.524342258006725
Sgk1 3.6075287970806 0.388432918349075 0.244141776976519
Naglu 3.60578716526574 0.755806704682831 0.813876600954315
Gimap6 3.60121834527434 0.824809639720887 0.821689227563879
Slc46a3 3.59436673080062 0.761517517563591 0.775008171163994
Mlxip 3.59176298222072 0.816605203632843 0.808444740480553
Fam111a 3.58664989055046 0.819124528081654 0.698672050537225
Slc37a2 3.58571333531251 0.829457799107297 0.825359681219632
Nfatc1 3.56402756484961 0.760045603183772 0.753172111302284
Glul 3.56234000799795 0.027419744154842 0.48517509232173
Fam91a1 3.56188305741804 0.536547434942235 0.762003833236604
Dhrs3 3.56160956295636 0.565544834099357 0.359647258867642
Prkd3 3.56024813472335 0.0760483869337511 -0.155987928564746
Pik3cd 3.55510196758268 0.830233893802931 0.800002792911475
Rhog 3.5511990013452 0.221787987502541 -0.0900373870533999
Ptpre 3.54767450354268 -0.033586192903273 -0.29514113355722
AW112010 3.53852353414661 0.797715107273491 0.757552259875947
Ptbp1 3.53689721512248 0.596038456756949 0.512764159168053
Rsad2 3.53179140262328 0.277456521130488 0.228652323566396
Sqrdl 3.52544623953824 0.734259710952321 0.726613610397791
Cd79b 3.5174367900883 0.859537172504797 0.838726608408507
Tgif2 3.51345812688341 0.801800196856419 0.752820619625142
Slc7a8 3.50868550405612 0.726740563801565 0.735093127018211
Tmem63a 3.50365416160482 0.136930118999583 -0.0979142640358685
Lrp1 3.48767034057443 0.336384140259053 -0.154154108627708
Dnajb1 3.47337885389171 0.736961259326006 0.832712978193851
Pttg1ip 3.466381531334 0.165446372519958 0.0558812596933961
Gbp7 3.46451606307528 0.577400370191425 0.316936611536916
Phxr4 3.45879436320065 -0.0680702104162023 -0.264173778694617
Ets2 3.45603583872155 0.597302902298488 0.537307615802759
Ifitm6 3.44991326843544 0.750055692285644 0.655387561575548
Clec5a 3.44958072054058 0.80361026740402 0.772113500751082
Sesn1 3.44394016645953 0.568116034649587 0.727068716853079
Plcl2 3.44256619478873 0.700869772866021 0.786518169201566
Gcnt2 3.43001837776222 0.570763518905018 0.565016789270568
Ucp2 3.42620084142268 0.747087837092711 0.78778699927226
H2-Ab1 3.42120501897575 0.759143307452812 0.638511414524865
Hp 3.40746093666869 0.84777141946715 0.763165014637897
Mfap3 3.40688400458394 0.469331295554479 0.576917914397853
Was 3.40288581097503 0.736398438371804 0.716487040509677
Trim34a 3.40120361114926 0.663565490597234 0.610042855699969
Vasp 3.40071662543368 0.749048846284207 0.686884363228801
Egr1 3.39810289247136 0.521465824730445 0.555638148513216
Pnp 3.39492272373038 0.435333286054376 0.710310418535471
Rp2 3.39131577740531 0.831992627155367 0.820189718788966
Rcbtb2 3.37674842878684 0.609995606880157 0.593457514522923
Snx20 3.3753706248244 0.742697310528286 0.614475767547875
Mknk1 3.36749762332097 0.568651065373933 0.473731405964001
Tlr3 3.36641736079928 0.193464722564033 0.313731880370116
Zfp110 3.36547102348845 0.41035001442666 0.64912885178446
Cables1 3.36345110957389 0.505745249785375 0.569692128875427
Trib1 3.35659753164065 0.676222216420568 0.584635595823321
Tpst2 3.35560808579188 0.643228538880044 0.81442471149183
Skap2 3.34894925796283 0.788634593434225 0.770185404238867
Lgals3bp 3.34381979805245 0.633348145814491 0.455927707533835
Myo1b 3.34363457838691 0.834721622156844 0.764825770678646
Stard8 3.33904170979752 0.401788656286943 0.0582449608474173
Fmnl3 3.33655250274669 0.813001598820535 0.777820302484474
Il1b 3.33602293881545 0.749356380476887 0.671381252538965
Tap1 3.33146088284447 0.712126468236609 0.723750925295931
Pdk1 3.3260863296621 0.726298571200348 0.698730498033543
Casp7 3.3216232404044 0.476572351479942 0.0386080424752211
Zfa-ps|Zfx 3.2941618872572 0.776194741441987 0.770766723334918
Rasa4 3.26069251049718 0.784888198063924 0.737676473393572
Gbp3 3.25560623863552 0.581324848423313 0.196402495190063
Il4ra 3.24771677248987 0.794887857028207 0.743863447282443
Tgfb1 3.24629170906126 0.836003477239329 0.769073053211043
Traf5 3.24076580097101 0.806170151346565 0.751142426926196
Naip6 3.23926446084067 0.311242809110551 0.159942623967739
Rbm5 3.23461974112042 0.0668837390655923 0.0103389771188512
Erap1 3.22671987610525 0.665835974146183 0.632822405285259
Parp10 3.22254116630581 0.743515446063093 0.680660726068902
Ifih1 3.21850980762471 0.708285682394835 0.682461467220985
Ms4a6c 3.21626542204227 0.700327444337808 0.597419324161148
Smagp 3.21030283820355 0.856893716477504 0.829073385783042
Mcm3 3.20503981590977 0.749810263263208 0.722837886467348
Bach2 3.19457487924765 0.365933290022658 0.278486993602626
Arsg 3.16999428776877 0.372205719799878 -0.13508894310526
Calhm2 3.14186201192777 0.856681513480483 0.822842449334667
Mrc2 3.09933908941038 0.45339303590175 0.279940576884981
Hlx 3.09220317075923 0.677765626348942 0.58682189932979
Mpo 3.09046351629842 0.450113069071858 0.303245967034198
Nfkbie 3.08522602310213 0.776812775219929 0.708983678523823
Nfam1 3.08292005810915 0.740563032493713 0.699468559586978
Tlr6 3.0825972923238 0.705184014199195 0.655492544244101
Calcrl 3.04420606676845 0.484806291295844 0.0898651710199407
Plaur 3.00248614636571 0.589905861470582 0.539906492111756
Gmfg 2.96842445498442 0.794652891702855 0.72200339405796
Npnt 2.95735290498777 0.617934236686497 0.578921424938188
Irgm2 2.95271980619275 0.574097137751848 0.467802257357378
Irf9 2.92563822352142 0.777248177252766 0.791887882303619
Batf3 2.88791371445792 0.61104989191929 0.471770311891831
Pf4 2.85621893996042 0.79154886553069 0.587299261527426
Isg20 2.82100676567011 0.698293776076616 0.628061083503631
Tmc6 2.77962644983794 0.76969810854409 0.7598115818415
Sh3tc1 2.68521626063165 0.536280231689097 0.424466684891794
Stk26 2.67711973210978 0.656801430691344 0.596469758920372
Myc 2.66288505696282 0.756633937216157 0.836247106327214
Lsp1 2.65337509659658 0.756722942443662 0.685000880896343
Emp3 2.62358353678364 0.776681555741119 0.730206751194728
Map3k1 2.5811750043237 0.646052123073221 0.531909400950175
Smpdl3b 2.57940631566156 0.659175566005595 0.791498206920445
Nrm 2.57618413541178 0.337351561599771 0.267984664923538
Tnfsf13b 2.57206342936119 0.641777098381371 0.400545244183976
Srpk3 2.54796266587979 0.627466872386705 0.304890720417605
Arhgef2 2.43418265312406 -0.164431828330613 -0.18454512405209
Il21r 2.39789926851804 0.831761383913632 0.773828075405138
Ceacam1|Ceacam2 2.37776198101113 0.165603473532393 0.210112487536378
Dusp2 2.36937471664567 0.173496126656684 -0.131941752934398
Plbd1 2.36413008194084 0.456500585642175 0.302956500304939
Kansl1l 2.3056561050213 0.357620634761719 0.229572890505895
Ifitm3 2.28666204646154 0.20291425181068 -0.118718646844368
Casp6 2.2647850397027 0.357604997297905 -0.0162116405794836
Tlcd2 2.03792539863899 0.377085881842557 0.182633930034186
