57444
17210
547253
12259
17534
22323
14130
19766
12524
18787
20308
106326
16172
19698
17970
12042
171531
11977
14455
11796
21928
18037
69774
20321
12774
16978
80859
67742
16176
13685
16193
16391
12394
229900
21354
12702
12522
15216
22228
70110
26410
20310
12795
17133
72512
80285
22324
12508
66102
74734
15894
56193
17969
16822
20963
65972
12013
74213
65221
23921
24014
16190
17874
54720
170625
14127
22019
12257
14131
15945
19205
53599
67547
24088
170743
20293
21899
71586
20732
22695
17972
16175
15937
12608
108829
208104
21817
80910
20303
12363
207818
75234
74091
108673
68774
15162
99100
671535
60322
56437
20128
15284
12984
13025
20689
58801
20296
14595
12475
19697
67951
18626
55942
233571
19332
59010
