Tspan2 7.14126903709001 0.867329902088657 0.845927289346918
Ppp1r14a 6.86222721619779 0.905089439955178 0.892378548208573
Mog 6.83890259982553 0.821659831733183 0.719445456561167
Ugt8a 6.50591636621728 0.742468826529242 0.695744463566458
Cldn11 6.31803001120814 0.827121646810932 0.760480277805929
S1pr5 6.30760102357204 0.830103735003992 0.73093885879952
Mal 6.26006792291022 0.832205227495532 0.813603170278396
Mobp 6.19312299400078 0.838717352252199 0.740114434337649
Tmeff2 6.12508554353596 0.849335192374532 0.822311239926936
Grb14 5.98975498160398 0.925034547637429 0.929477638581644
Sh3gl3 5.70462403144798 0.793314779854338 0.891359207470515
Efhd1 5.52470794079753 0.281571830424776 0.388459360248184
Mbp 5.49346797131825 0.625797017269842 0.461841951971407
Ndrg1 5.36075802751094 0.790046958637474 0.731839371879345
Gpr37 5.3440751354498 0.329486723104663 0.340074477451517
Fa2h 5.30973790294626 0.827620972471069 0.755467240674068
Sept4 5.28233506524621 0.656720435860655 0.764913253155426
Dusp26 5.21966749724733 0.751332607961537 0.688420179956636
Sox10 5.11286117616073 0.88044945731508 0.834277005557143
Ptgds 5.10539948726959 0.584819703372995 0.373873173525416
Sez6l2 4.99326970563583 0.624587978141022 -0.11138084557496
Pdlim2 4.98493273169009 0.797993284439821 0.744524284168248
Stmn4 4.93188605084516 0.617118436055464 -0.0822991259139838
Pou3f1 4.93095877195279 0.817758663009974 0.770750962877445
Aspa 4.83840288207272 0.657908608568385 0.68417747258489
Ddc 4.7502900417772 0.831918607203453 0.766098697312827
Olig2 4.74944426796316 0.636522428126106 0.698161855023154
Tmem163 4.73134896176071 0.808186072793291 0.654476251565295
Trim59 4.73081386688467 0.668785315765212 0.00515087150541969
Pllp 4.50982071772479 0.876242164949859 0.846449497117576
Edil3 4.45734195140503 0.614380980542366 0.388007101046987
Rnf112 4.43753423164228 0.716854664293693 0.403401781537736
Gal3st1 4.36844727233264 0.819393141867083 0.702184935270025
Apod 4.36829865148065 0.656721455742749 0.60633824884296
Pcp4 4.27599104451751 0.390625767406277 -0.0404842808371797
Rab33a 4.27124628212005 0.774559838453672 0.789544833213399
Bcat1 4.24080944637044 0.695534667115469 0.270709444124467
Anln 4.22871293163755 0.680695201316478 0.358915809766507
Cryab 4.22358608310088 0.69638568786971 0.834471127060281
Ank3 4.22160726384265 0.678069257197985 0.441706729924801
Lims2 4.21091339526174 0.79117515803115 0.667615259283024
Slain1 4.20716216570725 0.679569725700969 0.533674600845963
Prkcz 4.19511495268667 0.701741528819348 0.366437013573192
Ell2 4.18941990098805 0.709043264653077 0.740723877750557
Tppp3 4.1722177207033 0.602325929677277 0.570716420218204
Kcna1 4.17193061499945 0.766808720792995 0.596053199070766
Sytl2 4.09810021046235 0.741727196738008 0.585788923797124
Gamt 4.09221083497005 0.747398512214002 0.725366004236085
Sgk2 4.08120731284119 0.790357847799529 0.677379586429973
Josd2 4.07279259491097 0.816170598245833 0.795994630488052
Adssl1 4.05299209840672 0.74390078112337 0.676174592070587
Nkx6-2 4.03908721160265 0.767134374068682 0.731422114184493
Larp6 4.01680006109219 0.849535202017844 0.791936539298361
Efnb3 3.96250527887961 0.645882349158687 0.218486317797719
Lpar1 3.9267839603145 0.74645292665684 0.622466185758391
Cacnb4 3.89182342264727 0.659630750223353 0.324086633450848
Adamts4 3.87098158838005 0.602573540121659 0.165025437462111
Tubb4a 3.83889243603807 0.76292170815711 0.645488835348353
Slc1a1 3.83297366471393 0.798576292659246 0.764206721807495
Plp1 3.82380003397054 0.622425625258002 0.656972166242649
Acot7 3.82263166025911 0.681213020148563 0.444638404240479
Lrrn1 3.79852254723662 0.595628965414564 0.37548287659541
Asns 3.79822499769764 0.531905182101378 0.118799659407598
Atp9a 3.78781857417475 0.563384180580698 -0.184480072443271
Glrb 3.77243419600457 0.146471786932799 -0.0176370027291613
Nkain1 3.76929480481892 0.678259355541016 0.429845795241979
Plat 3.75973230279152 0.0605889291596357 -0.028072673042912
Cadps2 3.71993028169485 0.282944311062808 0.128194283414201
Mag 3.70748194119679 0.680243327624927 0.470316564716004
Slco3a1 3.69651807381962 0.591497267100243 0.550360755889198
Olig1 3.69416115883663 0.44228368762835 0.776461144764042
Bin1 3.68836220055534 0.507386146045953 -0.185722472897343
Prickle1 3.68071051241007 0.835808894120396 0.833835644192987
Tnni1 3.67976899296175 0.814790307193563 0.735223895380934
Scrg1 3.65985628535181 0.114370664063595 0.111733237102384
Dbi 3.64224353153453 0.246204687222125 0.105053643489445
Gsn 3.63401343950487 0.642840469760296 0.471600054466783
Vsnl1 3.62612619942171 0.38271789611506 0.240460128082445
Nkx2-2 3.61070586035751 0.631148306455704 0.628127796461976
Plekhh1 3.6054607109022 0.694971391907085 0.441930277769481
Ninj2 3.60433036062455 0.829604572611432 0.765826158506637
Cdc42ep1 3.59482974587994 0.498253231563478 0.488490068273796
Gpr85 3.59053608368735 0.679143846425973 0.445262404940759
S100a1 3.57928126625952 0.0960930376726643 0.0430599170682172
Plekhf1 3.57395809910129 0.636380591659813 0.596925216059921
Omg 3.56772575030926 0.106324559592019 0.255422508787939
Mfsd6 3.54572821168087 0.547347588864097 -0.191777133176089
Phldb1 3.49735066198504 0.650958023170378 0.364866498239658
Ggct 3.49665131476413 0.853722522569047 0.833254375937036
Slc44a1 3.49291026322386 0.73383850631447 0.821301697050406
Rtkn 3.4580425321564 0.607059698045586 0.586169722897229
C1ql3 3.45538213115526 0.610950031317385 0.643942425894308
Cdk18 3.40943269849673 0.749514043259612 0.614976143040545
Dnm1 3.38257670760972 0.722337113214831 0.604727927498544
S100b 3.37425084765155 0.157540989437505 0.124959396958816
Gjb1 3.35634992697623 0.699581479598833 0.475683527891415
Frmd5 3.34120820473713 0.68842477639195 0.236973332922383
Car14 3.33726180342308 0.63000613620051 0.218093119669936
Kazn 3.31068782899743 0.889901705281069 0.871763008549246
Nefl 3.26756647107499 0.418246752859934 -0.260245457810558
Hapln2 3.22811564273253 0.630534545813926 0.355451378886966
Elovl7 3.21459968856266 0.664658292968404 0.521437599866632
Susd4 3.13659775801579 0.68019863772292 0.384835166862996
Pcolce2 3.10999230496569 0.673115952950459 0.276053729179736
Hist3h2ba 3.02461671692347 0.648974501568894 0.054714985404309
Map4 2.97678441508794 0.722957695691163 0.593132720975358
Nap1l2 2.97410296927893 0.445265488764562 0.0685395266543261
Tspan17 2.9718468621838 0.702187198650358 0.532340715890473
Rit2 2.97040710672472 0.43451044334102 0.169424903008702
Bhlhe22 2.93153450429219 0.70621258640384 0.726633993878215
Lrrtm1 2.85877568931057 0.522469428005186 0.167533678170736
Brinp1 2.8583651709845 0.412056632848119 0.0954031622318888
Wfdc18 2.79002754177168 0.746627449520411 0.646489593556996
Ptprk 2.78873654389352 0.514274383600475 0.431044008252063
Dync1i1 2.74719163594733 0.424225790488643 -0.125296919795979
Rhpn2 2.73367384867872 0.346517258210061 0.366601028299514
Dusp15 2.69336357539388 0.778551848683064 0.773501857523352
Pex5l 2.67221479909474 0.724615216270457 0.623836604338117
Bmp4 2.60151099616076 0.620480452766157 0.425793827703113
Cpox 2.57935187335498 0.777730947362829 0.685517122181355
Crtac1 2.57302906531397 0.537421211197433 0.0244423808117858
Lamp5 2.57099668360196 0.452076132404507 0.0768987200331288
Cd200 2.5699745126619 0.728207922844052 0.695837238189684
Lad1 2.54314503612562 0.434718460432564 -0.0123269072811194
Mcam 2.54010820135655 0.547289392439907 0.371799988922572
Oprl1 2.52542725738653 0.449724649420976 0.0832620850739263
Brdt 2.48553074790826 0.790158076300737 0.795803586224797
Car10 2.46064503788824 0.378646872035895 0.201441690284117
Dock5 2.39260441388404 0.554661801908024 0.334306664623763
Rab40b 2.36888169579219 0.469624299788488 0.192613803317651
Rgs4 2.11977941706801 0.283074238865099 -0.0339422993970324
Rprm 2.054329372392 0.363453063629052 0.0410424710871321
