Itih3 6.69363088551644 0.388685786743574 0.0558396315450101
Timp4 6.61849994513096 0.415458960705853 0.0976328723739143
Gdf10 6.59088263106823 0.627738162579925 -0.0801410489321484
Vim 6.55081614667699 0.430380474991651 -0.0508385305554854
Gabra6 6.374082220021 0.582973843465848 0.267046123341593
Tlcd1 6.33917939913609 0.635216245151141 0.378673674313307
Aldh1a1 6.29583260626899 0.285900424369325 -0.231410366492189
Slc1a3 6.22722334730554 0.484136671820435 -0.15219595223783
Ttpa 6.08199709318768 0.752573268353319 0.401807404301584
Gpr37l1 6.02802199098174 0.375532882558502 0.0971005846891085
Mgst1 5.91588267826623 0.55889623266364 0.0713358668043659
Efhd1 5.80817450057325 0.443319063625308 -0.260651417036156
Wif1 5.75496390078906 0.750663645053589 0.081880290080188
Fabp7 5.74781562359272 0.409506282027036 0.018846897926542
Apoe 5.69403019246239 0.359112278469685 0.0795290989881965
Ntsr2 5.61577061458631 0.578719202825307 0.523351775180755
Hopx 5.54217054482304 0.366058373795758 0.50835571395187
Sparc 5.53052714748206 0.0926723821906841 -0.245502343070245
Elovl2 5.46325044507559 0.662686668632574 -0.0152177349493936
Cyp2j9 5.40576871296924 0.550895090042172 0.371894070630543
Cdc42ep4 5.38987953706983 0.633099055773523 0.542431656665734
Tril 5.38084833488726 0.513676073892159 0.102516196993768
S100b 5.35389749421393 0.314859083183868 0.271022597626943
Aqp4 5.34471660311597 0.395448210473929 0.0742452798348792
Gjb6 5.32559754490924 0.594460356384453 0.476218330029412
Slc14a1 5.32255061230839 0.727915145518085 -0.0843326762696102
Mlc1 5.32205220614648 0.486546051781231 0.369624004192378
Scrg1 5.30770356809281 0.530112810677728 -0.165110706275699
F3 5.25227892112631 0.561681984554709 0.337815099956717
Fxyd1 5.24883177075378 0.70850138141947 0.416045591768562
Pltp 5.20345726759949 0.526816461986491 0.326024137539831
Hk2 5.1530958252584 0.728822898570871 0.172069347382287
Cldn10 5.11847639899336 0.717580696701158 0.187529796389661
Fam227b 5.11292850369041 0.754832030585793 0.628893726325241
Pdlim4 5.09981996236882 0.713283865381923 0.20208360779834
Itgb5 5.08750774526381 0.510133581187959 -0.0708490095197762
Dao 5.05858505410447 0.83681869525804 0.63082204956126
Cd70 5.05490862310087 0.848349462776588 0.678682652443632
Pmp22 5.0515862741864 0.356307121038463 -0.00267192216683126
Acsbg1 4.96709927014403 0.643481946397358 0.166824184475238
Cebpd 4.96483066260148 0.565631034675876 -0.0567899151413907
Gas1 4.94592851386048 0.536992342381371 0.0427762787749071
A2m 4.93489180074637 0.745354738968528 0.420326476938745
Tnfaip8 4.92782891993718 0.609106538664253 -0.000558638112527413
Gpm6b 4.92515026610043 0.189566244281506 -0.0311798084164471
Zic1 4.87991441388744 0.232191325984405 0.270649765887373
Cbln1 4.86463421556511 0.29969245983447 0.121553578823058
0610040J01Rik 4.86220631557487 0.702936815597762 0.318147167797192
Sept8 4.84831124684396 0.495610149338119 -0.0948538059143455
Sox2 4.84467037622637 0.320945015136002 -0.147450785491978
Lcat 4.83566259544652 0.671074110607807 -0.103217465407325
S100a6 4.82962041899381 0.444882921962125 -0.11331003735248
Wwtr1 4.8286296191831 0.42403222391952 0.356609021674504
Metrn 4.81957328847101 0.610640080996477 0.488332807316713
Vamp8 4.81809754656063 0.583840121168786 0.545016191898899
Mal 4.7993971004366 0.0758325304651615 0.190016804098961
Slc9a3r1 4.79317900890323 0.47191193747496 0.446519400771099
Cxcl14 4.78132701301089 0.481248068025912 0.176725367277542
Zfp36l1 4.75324001689651 0.40822723722941 0.0110681030257889
Gja1 4.70230064914128 0.160771166316958 -0.170993329414026
Cd9 4.68859360304458 0.395286418729109 -0.151988326765799
Fgfr3 4.67040110544409 0.534733025701559 0.496887323168715
Aard 4.66570391412165 0.603585285559473 0.602826571428791
Spag5 4.6444620496022 0.331076208029111 -0.274116228663131
Emp2 4.63098640339765 0.680017728484444 -0.0869752716032026
Hsd11b1 4.61457895958815 0.58586605280147 -0.0697801940313434
Mdk 4.61421454324073 0.651184980455861 0.214857371166014
Pla2g16 4.6048170201543 0.483644580350019 -0.113571427607257
Fam181b 4.60226084795625 0.673908395928795 0.214523614346493
Zic3 4.59275122005264 0.458288922721954 -0.147897727673122
Tmem30b 4.58098611314271 0.777327998894999 0.502813949605177
Id4 4.55937329063452 0.27456012485952 0.131555684412558
Atp1a2 4.54425795163154 0.216554679761953 -0.147453139835686
Cdc42ep1 4.51549191427637 0.628390167797654 0.418475603322998
Lrig1 4.4932089665219 0.435877541395721 0.0646476488309459
Plpp3 4.48742196630846 0.326972688875135 -0.174737399404804
Rdh5 4.47961994944088 0.70720138858825 0.548706009615416
Pla2g7 4.4689120872018 0.482747368919203 0.165234732774205
En2 4.46691155388947 0.408237872839485 -0.0555063987771823
Evi2a 4.4465857396851 0.410434912277674 0.186854963861502
Kcnj10 4.43430374886051 0.205486506936346 -0.164853776725817
Selenop 4.42830098803443 0.212630971902348 -0.0150115309512303
Lxn 4.36451619170612 0.495936442155985 0.527193671091643
Gstk1 4.34072348472853 0.467130353944072 -0.0658312227152505
Hpgd 4.33852868764129 0.715916089917685 0.715241219910287
Tesk2 4.32408589043419 0.587370293500138 0.262803952078203
Casp12 4.30456721489929 0.845196471497935 0.502722333709002
Ptch1 4.29542064498869 0.389470471542456 0.0258396034140503
Clic4 4.29363380750078 0.263653412651747 -0.176925479098552
Gramd3 4.28224885203392 0.610812113662251 0.254063270221496
Pon2 4.23539723849877 0.238065813750581 0.0751245390881852
Trip6 4.23475818326543 0.569406610425608 0.286587922151415
Gstm1 4.2337440461957 0.476925127501997 0.27231388690322
Sept4 4.22523769585707 0.309273498056243 -0.247024115056819
Mfge8 4.22057683472222 0.400687674263918 0.106535817249782
Mbp 4.20200124944648 -0.113071793755352 0.0473823629098469
Efs 4.17686785420528 0.522654468649972 0.0240559780598583
Vegfc 4.17636417707577 0.788192825679488 0.569700509814398
Cyp2d22 4.17080203340027 0.625516354007627 0.594698254242004
Gng5-ps|Gng5 4.12827043209034 0.455498021876926 0.105055855305133
Sdc4 4.12089297729328 0.601436118210472 -0.149118653568226
S100a1 4.110313012551 0.484869638915142 -0.187804295998041
Rhoc 4.07106611388544 0.513102257043146 0.204647081042195
Asrgl1 4.07057130192111 0.354331092968076 -0.0259513138877835
Jam2 4.0535879989849 0.53579153550563 -0.053210741865675
Plscr1 4.04644080421099 0.769389331436482 0.713229905411191
Hist1h4i 4.03084870109584 0.635483463602777 0.639501955172219
Mt2 4.0278514606822 0.46820602988585 -0.158713866658118
Ppp1r14a 3.9962157781522 0.291842496941409 0.403290692043721
E2f5 3.98490285840905 0.541171619910628 0.244178553642624
Hist1h2bc 3.97874592381255 0.239735269989555 0.407090806854484
Dio2 3.97436676829126 0.355515426111377 0.0106437289636718
Qk 3.96968674833132 0.0823867643971017 -0.179163059155641
Cnn2 3.94036585247649 0.665776803609076 0.0023115876594248
Ucp2 3.91988637098865 0.7649482412037 0.456016700676929
Htra3 3.90884956303843 0.644403865198691 0.384952389591825
Tmbim1 3.89012257640193 0.190597753371349 0.136257714378513
Tjp2 3.87036623812771 0.45912334346484 -0.0716429389668044
Htra1 3.86852816954128 0.064526674388396 -0.41411616932728
Dock1 3.86790700782642 0.460773030530306 0.29941014050899
Baalc 3.86050201333859 0.688922621248645 0.667476993503335
Bcar3 3.85751428782933 0.556691213879386 -0.09100152019665
Ptgds 3.85143672187927 0.127522712959823 -0.144807011764318
Rida 3.85117867623467 0.533928030318054 0.494670079170428
Lgi4 3.84590154542646 0.675223232688311 -0.189532066117907
S100a16 3.83315046660322 0.326059327954571 -0.181764021697596
Cryab 3.83267333492861 0.10502306700697 0.421814422157339
Plekhb1 3.83117103987823 0.104239509952405 -0.12473672070776
Gldc 3.8194665083542 0.496789593700487 0.136602446123293
Pttg1ip 3.81563441180321 0.349824245603088 0.240325620142482
Acss1 3.81351686474828 0.453483539487619 0.151624735768479
Rhpn2 3.81284426248221 0.411115898799201 -0.0877653035834367
Chpt1 3.8125082355155 0.447988298066856 0.102900165191519
Ntrk2 3.80841553712027 0.481615411986597 0.338995786824278
Gpd1 3.8051139428547 0.525653522995539 0.473857599711492
Smpdl3a 3.80141508505303 0.525176552567729 0.472030223610346
Nfe2l2 3.79608457570638 0.415320339612896 -0.0711101869335787
Rhoj 3.79368837493936 0.653527946849804 0.308155473242084
Prkd3 3.78913409610783 0.411295903681153 -0.202671466022241
Acot1 3.78305396679958 0.387500612658384 -0.0793210947401031
Tprkb 3.78052082412143 0.655733671137063 0.402407468400079
Soat1 3.77802757693747 0.562864589432747 0.0469506857974241
Slc7a10 3.77143467165393 0.603721744303129 0.628807747469718
Mmd2 3.75881478632469 0.293370960374578 0.0130795380270176
Chil1 3.75231676044454 0.705653600819984 0.541729226464767
Smo 3.74336405657955 0.180672674073314 -0.129452742384174
S100a11 3.74294592404488 0.525434718034698 0.291083277117821
Reep3 3.73819739178385 0.0883709972618001 -0.300249276187571
Cyp4v3 3.72940118120209 0.374950462379431 0.041753354036086
Aldh1l1 3.72862928179447 0.511860043414941 0.0349733473961704
Tcf7l1 3.72643843473024 0.64236640668974 0.42842583899053
Msx2 3.71362706661679 0.884308036047696 0.782635503910901
Sat1 3.71139718546611 0.341735614662475 -0.0921083148433765
Cables1 3.70415597352524 0.672779376786768 0.109838832608133
Tulp3 3.6794483162591 0.682584789254269 -0.030725747116027
Rras 3.67147574048865 0.587296376597875 0.384052853791613
Col9a3 3.6650249489349 0.4625530363438 -0.0810921840049279
S100a10 3.65241780501131 0.167113329655975 -0.0232815446308869
Plce1 3.64934452124472 0.499366162511066 0.395933937913235
Smox 3.64847635263513 0.4362003917356 -0.173426887778153
Irx3 3.6448498452312 0.631726662428769 0.417133618325528
Cacng5 3.63833548884872 0.38592106071001 0.0542690034409926
Gng5|Gng5-ps 3.63497915142851 0.303095175163229 -0.0112421388642185
Prrx1 3.63243157514387 0.593107937741396 0.094694527517953
Trf 3.63096959259875 0.129362276142936 0.109354620646916
Cnn3 3.6220284284691 0.305912181645579 0.350461080457908
Mob3b 3.6055443899175 0.771528034438347 0.566713089342357
Atoh7 3.60028090739276 0.61793420732792 -0.106318723344961
Ttyh1 3.59481129988789 0.159368655417105 -0.151943430798001
Cmtm3 3.59260274476917 0.656957293511052 -0.192064052862997
Dbi 3.58354454043358 0.227047389258454 -0.16156929995844
Rab34 3.58104367041174 0.534799756252544 0.201363109136622
Slc13a3 3.57425293194486 0.338374390003361 -0.0145152915498375
Acadl 3.57002818836662 0.350854221928591 0.352533271537463
Mpp6 3.55204465173372 0.312326452623525 -0.130559375900562
Pxmp2 3.54968179759949 0.608558852003591 0.576393063624055
Gnb4 3.53920435737024 0.423739802099098 0.147545632125441
Pxn 3.51657493814094 0.4097246682923 0.122350303800994
Ptgr1 3.51613655465589 0.615182643177127 0.367272621676093
Plp1 3.50283566351162 -0.130123098607611 0.125000123532458
Mt1 3.50112388954287 0.395317968994528 -0.128567883350828
Spred1 3.49925300176295 0.252384351922931 0.431662936084941
Thrsp 3.49574026222233 0.297382798157539 0.180153452370104
Npy 3.47144883606054 0.40770589207443 -0.0733679185994494
Cbr3 3.45538684417278 0.272002719854138 -0.123270353420971
Llgl1 3.43990078695389 0.446441101893269 0.0823993823906729
Tsc22d4 3.43469722120461 0.47537958797994 0.0673307452298754
Vamp5 3.43301403782593 0.630799062288741 0.311957487026612
Rhbdf1 3.40651181608755 0.411103538254916 -0.0583518743878216
Neurod1 3.40275841193492 0.244997484643756 0.15187816017601
Thbs3 3.39782359683416 0.495330702889976 -0.18888584377458
Copz2 3.38981787369154 0.655265391276062 -0.055493251260057
Abhd3 3.38432616091709 0.0727180697684325 -0.328516795364264
Rab31 3.37890720797671 0.23523243232317 -0.0714323984071123
Tmem206 3.37767084620756 0.30942359403222 -0.0450737107744618
Scd1 3.37744502225477 0.243171153397809 -0.235669446348427
Atp1b2 3.37136868233218 0.313346919327964 0.0833848928977616
Klf15 3.36061804824916 0.576269714015521 0.0486099420277102
2810459M11Rik 3.35484517109229 0.616616362780652 0.0458184298250511
Slc4a4 3.35335221019697 0.170077445150249 -0.122655131924961
Rab29 3.34894419609147 0.601568275158563 0.614478075108353
S100a13 3.34235944360631 0.468146581619836 -0.203437700265907
Abhd4 3.33518371788199 0.244515694592062 -0.401439115162793
Cib1 3.32994754683565 0.519183821405949 0.533091755183702
Krcc1 3.32853489764049 0.458463113828505 0.204259786807709
Car8 3.32789689259403 -0.0472448524380841 -0.0954701727941308
Mthfsl|Mthfs 3.31502095441152 0.489227878343524 0.474116848583706
Calml4 3.27808227833173 0.724735909147022 0.0814301043940987
Kcne1l 3.25307970238045 0.827350045279566 0.222639926006184
Sncaip 3.21733832716711 0.575298677133111 0.229225718286055
A630072M18Rik 3.179560932003 0.500340443243364 0.365029443536543
Gpr137b-ps|Gpr137b 3.12601123360297 0.545852092925075 0.227575013654854
Tmprss3 3.07279129722702 0.74013110214805 0.543992515847135
Rarres2 3.06606896009583 0.733641586342335 0.501457098811741
Pth1r 2.97184215670824 0.667621901966598 0.417778877994504
Tom1l1 2.96874024784641 0.701325394963479 -0.097987081813326
Gjc1 2.90109361120572 0.559429961220396 0.0606155676858554
Eps15 2.87741088894161 0.385073734217933 0.0548266726489817
Nt5dc2 2.79726302121526 0.374500457616306 -0.110080571859801
Rgl1 2.78766905109371 0.442012834114821 -0.0623283411081959
Yes1 2.77536466416233 0.466460740013621 0.0579971447845
Kansl1l 2.5905921677384 0.450148609102118 0.00108733041648125
Gstt2 2.58165963116539 0.726338632356511 0.661627357933101
Stard5 2.44595822303395 0.386955658124255 0.153962822445614
Gli1 2.41283343061531 0.668512635599002 0.0643643457571375
Evc 2.40107948253465 0.711645865244904 0.378626501483173
Lppos 2.32446839146 0.540714408853356 -0.161519902040257
Trdmt1 2.10044550607533 0.430333080469082 0.289076386358936
