Calcb 8.28406132974114 0.897391978671526 -0.182711420076555
Sncg 7.78334411996632 0.492541288664518 0.183220225068359
Slc18a3 7.20814697434163 0.821962704534469 0.124081868023014
Spp1 7.004471808027 0.724219338302119 -0.00388622192699189
Calca 6.79278740461029 0.684882187169834 -0.0467999238210405
Kcnj14 6.07064298325076 0.871326808096027 -0.0257497905448083
Prph 6.02803761445446 0.873604609967185 -0.244025319760392
Sh3bgr 5.99880530248584 0.781313630128324 0.180927823747265
Hspb1 5.78328244527879 0.619919677471761 -0.0784279707074481
Cd24a 5.57985983755435 0.513520849345091 0.203461539033706
Chodl 5.51420214144805 0.761185417744459 0.209936484462869
Pmp22 5.47791615691237 0.401616936986301 -0.0873359243433087
Lgals1 5.24248850310902 0.495918824284771 0.113025772545376
Hspb8 5.13794979183271 0.600315530129762 -0.234991393666264
Isl1 5.12972875655886 0.502332012387459 -0.14037399147597
Fgf1 5.00141958268014 0.416422839208175 0.182446267973205
Irx3 4.88284982140228 0.704120055066513 0.420276476590457
Lcp1 4.84301340304711 0.53437363684677 0.498245859426817
Hebp2 4.78172970381414 0.518138332603274 0.115442592390387
Uts2 4.71251242914267 0.859490778517833 0.443944442724381
Anxa2 4.70802206489023 0.75774158933498 0.151556620547039
Nts 4.65744234914792 0.674529763889733 0.337935583700208
Tppp3 4.57467381983153 0.415224301615405 0.0931930529147828
Pcp4l1 4.2855956758392 0.21091447801071 -0.132577391828846
S100b 4.22698217008987 0.14862535971071 -0.23725447851466
Slc29a4 4.18548309758534 0.637256333994335 -0.103149120223694
Susd2 4.12697471601264 0.484143076450693 0.3146888158839
Ttr 4.12023476663002 0.185747963864748 -0.230941617166905
Rspo2 4.00475188171003 0.373416734784622 -0.0412867623349827
Cda 4.00124834174674 0.638946690172783 0.136625105188424
Fxyd7 3.98062762423117 0.560789880322276 -0.0702659688422195
Anxa4 3.9761279191992 0.737807773037953 0.108019378320821
S100a10 3.88888976654951 0.211916518219787 -0.143207087831062
Patj 3.8152448641213 0.495761152597208 0.211972591670888
Mcam 3.80376060208108 0.589480516172687 0.0498178572715615
Cela1 3.75114470409387 0.618174928321097 0.117111647506507
Htra1 3.75078338212458 0.0474387503062957 -0.405852314193786
Vamp1 3.69717312008411 0.469794561004353 0.272270305958019
Dcn 3.54789319528571 0.572518535534446 -0.13967880839058
Prss12 3.53956434418101 0.464481245812475 0.230778166598161
Ecel1 3.53288389453285 0.700756274333751 0.268021083878087
Lxn 3.53206295147012 0.396616978982066 -0.00371265774157843
Slc17a6 3.53088609205651 0.327846198662336 -0.126391271399945
Kazald1 3.5078506854955 0.474751743962311 -0.00216818162276423
Nefh 3.49138416190355 0.303849780700385 0.257212866967115
Cartpt 3.46273414438523 0.361763117981209 -0.119026199690252
Pvalb 3.46121534485501 -0.0893216775302506 0.196951574305019
Aard 3.45034180085684 0.452017159209373 0.417911775549839
Ddc 3.44147949385393 0.0507391083110272 0.15763465541988
Syt2 3.37946848381101 0.1299153530088 -0.226677309675438
Nefm 3.36745662407329 0.385558073967587 0.443235361205032
Cabp1 3.09529027898021 0.355051721976751 0.0420498745139673
Fgf18 3.09285577769387 0.584268472827158 0.471761082805736
Pctp 3.07363308822457 0.770657167249942 -0.122656531817059
Cyp39a1 2.77154029281746 0.638977010873918 0.18535026934789
Hoxc4 2.54353072467122 0.69124864569127 0.253563506949774
Ppcs 2.41857710658352 0.557018200709163 0.0820389683908239
