Gabra6 8.60080163765496 0.690306379278194 0.487283738775849
Crtam 6.51293313603785 0.783853174242225 0.650794255729167
En2 6.14809648460902 0.580803615235731 0.424368935882253
Neurod1 5.98950076282349 0.508826247976953 0.490136165925745
Cbln3 5.93501718309109 0.750727863803379 0.594897099113772
Cbln1 5.87986471524618 0.40803007108327 0.312757740063791
Zic1 5.24874278360577 0.266436422113753 -0.0447132389270459
Patj 5.18969660942083 0.630060946849779 0.504718050015625
Mab21l1 5.05269590720742 0.486767068374531 0.600784538022216
Chn2 4.98627792411902 0.443991010477236 0.496178734075122
Uncx 4.97103892825843 0.733243902474705 0.639417458887991
Car4 4.78876927295158 0.622275101133796 0.437315790275818
Irx3 4.37004252553622 0.676659666347632 0.417133618325528
Dleu2 4.3616338930826 0.647881128872177 0.593987211180043
Pax6 4.35142794794754 0.674963554844188 0.470432654165663
Calb2 4.286567089332 0.404219699910124 0.364785567316783
Vamp8 4.2806302814893 0.526327025836133 0.341315380110148
Eomes 4.26770554876002 0.844045749709826 0.721535197181731
Pkib 4.15555007142096 0.401899661791526 0.424316024845968
Car8 4.14542379331918 0.0103134952209967 -0.162295292797075
Zfp521 4.04444162983593 0.297018750572507 -0.0465257189993275
Tmem51 3.98261918091539 0.55882155005157 -0.0830699167410091
Meis1 3.97555749150949 0.400491499131817 0.115342431994667
Il16 3.92038003545651 0.788038161350013 0.778663893024473
Wnt7a 3.8691011717543 0.542761609708465 -0.111415742392012
Zic2 3.84321730315835 0.53074149127521 0.308322629218804
Atoh7 3.82706804596237 0.643357045297304 -0.106318723344961
Rps6ka1 3.80491521501198 0.678689816111532 0.594503186788116
Tmem163 3.78595238269849 0.372471661709524 -0.180681675848901
Trim62 3.75035141842714 0.562058315284102 0.5348935827894
Gabrd 3.66407167716453 0.154979801583805 -0.230298886805095
Sptssb 3.64799596238327 0.706441918923528 0.588493256113238
Cadps2 3.61669088392089 0.118240272336972 -0.180041250051093
Mapk12 3.54481882689808 0.585986895960761 0.590886670578144
Ak4 3.49351773569639 0.389881400314422 0.155918857176835
Grin2c 3.4617870897529 0.571699537868332 0.231185391818793
Shf 3.44439446019309 0.72983477456075 0.733910064050329
Gt(ROSA)26Sor 3.44429839853596 0.521673403146136 0.340412129311435
Etv1 3.43700350239654 0.337103370038157 -0.112108824938798
Thrsp 3.4232050747047 0.286754382073782 0.259550889644068
Slc9a3r1 3.41558965093996 0.27945224685283 -0.00558010180928876
Gas7 3.35930000132431 0.10507711957812 -0.0579043992640118
Tbata 3.14871031835677 0.845031206876207 0.838323342285303
Ccne2 2.89102326377272 0.331204165222536 -0.224492728562174
Rgl3 2.81965373744039 0.663203320161767 0.131119539211081
Boc 2.66478130529222 0.602655705212858 0.0489736210969821
Clec10a 2.36496252179939 0.745794872614491 0.593713462961349
