Sst 7.21722002889226 0.665506512228895 0.488776083238226
Npy 6.81292089028787 0.650999835291162 0.0737852395319061
Arx 6.62310018950787 0.454221121847276 0.276918346667883
Col19a1 6.55103448816942 0.660990287459071 0.0216102009963401
Reln 5.76228519330447 0.505891151876945 0.326444107966483
Moxd1 5.6858386480818 0.726224564615363 -0.119419422545275
AF357355 5.36199187301062 0.0921521433331255 -0.286625754412669
Lhx6 5.30375796873197 0.629654061698905 0.0418978500265688
Lgals1 5.14258045189638 0.486537192267937 -0.100833056299509
Dlx1 4.83582207626062 0.597528315155086 -0.0507968869212589
Sox6 4.71282198009377 0.391071188643515 0.0484381774047638
Igf1 4.57909569983655 0.300009653338076 -0.0962867570294207
Grik1 4.5622491640979 0.198241149458023 -0.192539090986514
Pitpnc1 4.47049325326686 0.51315373827468 0.537870233060497
Man1a 4.40906314003414 0.512818517269924 -0.0747658330847509
Pde1a 4.28708078302204 0.458612961716054 -0.195247883091367
Meg3 4.14728779615901 -0.00828058777989142 -0.470685540851513
Rbp4 4.13850882276043 0.384406917655169 0.0813043617239465
Calb2 4.04463913572183 0.368682240774984 0.262151136194565
Dgkg 4.022011183852 0.277315502932003 -0.183742707270856
Klf5 4.00904406310985 0.456335746293452 -0.121217915703669
Mafb 3.93106789314122 0.737232316281622 0.451108014097553
Snhg11 3.84124602478272 -0.228096916706983 -0.329564574910545
Gad2 3.83739623754187 0.0319083213730991 -0.314455278352473
Slc32a1 3.83211348078381 -0.236459505801959 -0.312273062948195
Utrn 3.79004252840255 0.271633022334036 0.143781169378254
Timp3 3.7105964837148 0.427607563700785 -0.179010231007861
Rab3b 3.70032657897086 0.368383371755231 -0.138375016072866
Rpp25 3.69377180395145 0.278374673005323 0.0466307237422514
Etl4 3.58394934545952 0.118991326357547 -0.0378122955017461
Golm1 3.58237010481663 0.483922376260878 -0.256564641369
Calb1 3.57980772191951 -0.126574333865188 0.124253314654716
Cdh13 3.48453705719454 0.345754695942883 -0.197618767964659
Nppc 3.41790816499421 0.755899411962088 0.659159988088398
Satb1 3.3842481139631 0.38262249034798 0.259321485408355
Nnmt 3.34988268166235 0.741114902670229 0.0411189020903268
Fndc1 3.33391098327667 0.712824908344739 0.189904517106345
Pcdh18 2.97894016670375 0.50781889555815 -0.187705012830592
Pcsk5 2.91865876569581 0.689016945918422 -0.0941904721157952
Klra3|Klra9 2.06472750873961 0.167755706769538 -0.331525198753393
