Arx 6.21880229400456 0.513888550167042 -0.103729321779591
Pvalb 5.67495855803216 0.133579717702365 0.200784688238296
Lpl 5.52598366701465 0.325129231164183 0.0661247144116324
Rbp4 5.4239509653572 0.627621729671928 0.418265341497245
Col19a1 5.39297506981786 0.698744890300004 0.20265679423624
Tac1 5.29901048022894 0.338886896474315 -0.152447506564241
Lhx6 5.10601463989184 0.718760484031405 0.0963673176125472
Prss23 4.88280456418913 0.609354021680668 0.314212766877314
Grik1 4.61379449911135 0.282465728389263 -0.138439956204051
Gabrd 4.3942222328433 0.343994068889643 -0.00208127248676568
Syt2 4.36911066612789 0.385297055873412 0.0820270315597156
Slc32a1 4.32102091210213 -0.0747586276888325 -0.048386241768206
Cox6a2 4.24960117559318 0.819115776309081 0.778829926634404
Npy 4.14529788646804 0.560719821758598 -0.00184583230992208
Mef2c 4.10764130080201 0.25917842003253 -0.137948775849103
Cacna2d2 3.93003097477225 -0.111618163551888 -0.226421876071768
Moxd1 3.92657771195972 0.703879000092004 0.0845158867429326
Sox6 3.87263810773117 0.364859335435639 0.093268433455728
Satb1 3.82839776755782 0.532470002579203 0.259321485408355
Cntnap2 3.59919507059298 0.243512856016667 0.182185650632881
Snhg11 3.58691895509201 -0.176981965476406 -0.204965203655994
Akr1c18 3.57259162742434 0.686213886460022 0.388081418675766
Sst 3.54103396880136 0.432857015014053 -0.174156949491496
Cntnap4 3.52982944273421 0.437455219801727 0.221050960303358
Etl4 3.52479275466539 0.184523259800615 -0.0378122955017461
Ahr 3.52356597622657 0.555137779183961 0.532885331398463
Meg3 3.49813813099141 -0.00570228691666217 -0.188227034084723
Myo5b 3.48184794169176 0.209637166408691 -0.0758682047218863
Crtac1 3.47841460541904 0.508813983998216 0.015230418980935
Amn 3.4442939390129 0.638740235166031 -0.114947198346878
Lgals1 3.4151022659589 0.364090142712748 0.117144108194359
Igfbp4 3.39371331334616 0.177939415161007 -0.128952109235156
Parm1 3.34620205544094 0.168546768451725 -0.134765176880158
Pip5kl1 3.31851307122293 0.713589855251344 0.0716531617090008
Cps1 2.58317626573057 0.528889164364997 0.0642266698742099
