Vip 7.58649476333108 0.787034522391034 0.589160168271342
Npy 6.59005398105591 0.668975666640673 0.0737852395319061
Dlx1as 5.94772379896397 0.664684732152534 0.0716699851672061
Cxcl14 5.72280031182001 0.579112957447232 0.0293055311772562
Arx 5.59667273691927 0.395384165373941 0.273805408804405
Col19a1 5.52142847332936 0.636260419464352 -0.09806314337289
Reln 5.470112952834 0.500903378205745 0.00341954136944487
Tac2 5.46959367707296 0.838900665205728 0.374379255560739
Igf1 5.23939251080047 0.414440148527603 0.239935818531936
Kit 5.08281359483903 0.584494062728315 0.137709206819479
Lamp5 5.05052588138679 0.286963821852212 0.21993085119686
Pnoc 4.90245890776205 0.741550441798402 0.195737893413933
Cck 4.83956550827876 0.280275520561949 0.375631264120745
AF357355 4.80022375154964 0.0544308068158399 -0.104540539400361
Sst 4.77053837968424 0.509133809514465 -0.0517572700324579
Htr3a 4.63784036648444 0.765885797490104 0.710820604867244
Ccn3 4.62382701802783 0.486436325966629 -0.126697625854924
Dlx1 4.60241105251997 0.606495635725414 -0.0507968869212589
Gad2 4.51350601712017 0.171452107488552 -0.118789722556761
Grik1 4.44627973815083 0.209945324087777 -0.110835713328976
Wnt5a 4.30848644869114 0.736239937799415 0.584674213535398
Cadps2 4.12851538351833 0.212756415574647 -0.085604299842729
Snhg11 4.10908852624705 -0.16645996618943 -0.235776952621411
Parm1 4.10396022604405 0.233043403870029 0.025318187154288
Sln 4.02831718537196 0.694407032391673 0.045255739796347
Cplx3 3.98428183682192 0.682657445901074 0.397458257599315
Col14a1 3.93712661788658 0.730450034061537 0.429192104685321
Kctd12 3.92074303858509 0.263253345995574 -0.255946616443114
Egln3 3.79871245054085 0.625066029097444 0.177835876035556
Bcl11b 3.7927081028548 0.159324215492831 -0.141406006541456
Slc32a1 3.76704369092614 -0.22257910681011 -0.226136450820686
Cntnap2 3.73847762321173 0.210366756486833 0.0818834521886962
Cnr1 3.60582566249017 0.548377611244067 0.163580007873021
Meg3 3.58426093999614 -0.0540621107007549 -0.151137740364696
Nectin3 3.57034902789731 0.526353217299131 0.415141273883279
Nfix 3.50964970848376 0.10836298197792 -0.0864614300972681
Sorcs3 3.47581635795056 0.536083914341925 0.160425917535564
Etl4 3.37959376068172 0.0923593642857264 0.0420328419804654
Npas1 3.34784624877464 0.786141378625456 0.478467748939359
Pitpnc1 3.34748904925953 0.384462359319987 0.0415795300057746
Tenm1 3.34351447767541 0.259487981545013 -0.13170547242398
Crtac1 3.33605736788649 0.425058553381248 0.015230418980935
Plod2 3.12018734494107 0.421178756074818 0.19910762072004
Abca8a 2.35850059649754 0.331579072879275 -0.195150768213775
