Otx2 7.10739837166225 0.818192311823547 0.662605263171152
Cplx3 6.20597866962206 0.78293900214357 0.61369521086546
Igf1 5.93012438474855 0.470736935689718 0.41471257898597
Gabrr2 5.7865650840914 0.911116464211691 0.82649241267474
Tal1 5.78471456478512 0.858710222525488 0.819208969538673
Chrna6 5.63814701718991 0.65389600113482 -0.00383425076147248
Lmo1 5.58467806119029 0.727597744122886 0.658986753080939
Cdhr1 5.50836414784858 0.740804920056546 0.744248913862923
Reln 5.28052399241027 0.450923197113286 -0.206892710116035
AF357355 5.19518702049877 0.0691311527077925 -0.240735980978229
Tnnt1 5.06167062222634 0.733212411621032 0.443246644128932
Pcdh20 4.54248069710196 0.510858666666833 0.247450078167039
Amy1 4.40173615375618 0.300093722979762 -0.286908928003454
C1ql3 4.22900472759795 0.340697090978845 0.00900639788538636
Cd24a 4.19158618325121 0.37364136766113 -0.170711286124371
Slc32a1 4.17182564414611 -0.185110117523761 -0.298031817842782
Meis2 4.1388456352631 0.183970844878275 0.2566117229674
Rpp25 4.11512790872564 0.317785538698833 0.0394206410059528
Spon1 4.09395441513114 0.326316966117481 -0.141971088193984
Meg3 4.08850471411964 -0.0168020419406396 -0.464719260733933
Cacna2d2 4.0716607334508 -0.170474816289201 -0.292525759965254
Snhg11 4.02947075433359 -0.203276768544012 -0.321581408781765
Pdzrn3 3.89440912167182 0.335187510197214 0.310539423794274
Ryr3 3.89349632097274 0.283513358233353 -0.43543155633822
Parm1 3.86935567699685 0.167095307954016 -0.134765176880158
Cacna1d 3.84640395806436 0.549273866422113 -0.0808659512970781
Ngef 3.83932518189711 0.159253443280375 -0.119132987184121
Syt9 3.69209722299398 0.443762315233544 0.456864476530489
Nr2f2 3.64360432462621 0.462405670295858 0.28686514784381
Frmd5 3.63911597769748 0.461332960492624 0.608916556183711
Cda 3.63792109983664 0.608015053746003 -0.0525941422350522
Ptprt 3.59073026435619 0.509950040546344 -0.0180237602771268
Cntnap2 3.42101900754428 0.120100766639553 0.0818834521886962
Baiap3 3.38015164808873 0.42332704821046 -0.208845058472261
Rell1 3.34659039806995 0.333543099357116 -0.192173131247391
Gabrr1 2.77468174721197 0.84036813389227 0.804390270819586
