Hcrt 7.6007172530987 0.926509570682996 0.886639542439696
C1ql3 5.59771189415753 0.482149846233165 0.342462345410173
Cckar 5.5164793384702 0.902503754630141 0.733851982898983
Gpx3 5.39715453880822 0.619612876547441 0.500248313730448
Ttr 5.31712480049367 0.304660184761903 -0.0404931469919864
Lhx9 5.3021426531986 0.84142038365442 0.638182176651118
Trhr 5.15118643907693 0.634841668824457 0.215912554030176
Slc17a6 5.00011905568144 0.51741482394602 0.188924315298468
Nnat 4.96204457915385 0.37203019457158 -0.0224704463413424
Cbln1 4.87074705867211 0.309793905991298 0.121553578823058
Kcna5 4.72129442934366 0.407952637093261 -0.0970031286454534
Avpr1a 4.63157222963701 0.855670236066635 0.713144149215951
Dlk1 4.46700052395017 0.566474681574909 -0.0481634406611003
Nptx2 4.46458918408324 0.728859027636094 0.399878880933554
2010204K13Rik 4.40474631453669 0.474840150664941 0.67853760645998
Ngb 4.37796920309291 0.634468858183545 0.359047564547599
Rrad 4.37735631854827 0.834150282985975 0.0132164602565095
Ddc 4.32606697232495 0.142560228096864 -0.242575448100184
2010005H15Rik 4.30218124703446 0.921069881399589 0.810852533606976
Scg2 4.19820876156973 0.455912546491994 0.628527918479589
Mal 4.17993740654826 -0.0100083096880921 0.0752275562503089
Pdyn 4.15750850426089 0.648571828346402 0.36134162237579
Rspo1 4.01075735912907 0.723929320598241 0.718412494167975
Pcsk1 3.91797857498098 0.608655640065748 0.547114972972792
Nts 3.87092297335278 0.607832025782918 0.429483995399879
Cd24a 3.85996658572506 0.344596914849946 -0.110828931975455
Thbs3 3.72437006173529 0.544777012124074 -0.0921551499220122
Hmx2 3.65764844427623 0.824762670531669 0.732210057386117
Rcn1 3.65098894476114 0.184484118990654 0.0213556926204693
Mcub 3.63969786098844 0.517595878860659 -0.136778579786484
Plagl1 3.63815838878958 0.450508697244802 0.466784339083889
Cidea 3.49919656378179 0.624214443964325 -0.200564220131831
Calb2 3.48701612209221 0.290256676714968 0.0335922975999271
Baiap3 3.41704623195518 0.436284053072698 -0.208845058472261
Plp1 3.39184960908562 -0.134574355022597 0.125000123532458
Ghr 3.38330073111169 0.307057166317752 -0.147899611426051
Ptgds 3.36664305161582 0.0889173901828362 -0.144807011764318
Crhr2 3.23569206851562 0.854665035846113 0.718564065474945
Hspb3 3.13250199647227 0.393058290208208 0.138804658011293
Gck 3.07489830510058 0.754339384883587 0.116331119089553
Ntsr1 3.01420150093981 0.515518398982638 -0.13898153986635
