C1qb 9.45098054815363 0.801990735419018 0.626093353635508
Ccl3 8.8443012738564 0.927542357072232 0.750043961684629
Xist 8.56678861741414 0.592199935921581 -0.369037754186941
Socs3 8.48590187997846 0.816991942944748 0.652620783865921
S100a8 8.3106125789797 0.952114470007461 0.637214182089995
Gpr34 8.20942234839547 0.949709900917416 0.743430676764686
Ptprc 8.13193504748669 0.899616415236227 0.664487490716124
Itgb5 8.11648857083138 0.696126559140112 0.804631270122288
C1qc 8.07296978306458 0.893546604071413 0.771124575416465
Laptm5 7.97501244702987 0.651794523747649 0.431980823073142
Vsir 7.9514070526362 0.862745097892672 0.702181552378063
Atf3 7.94288432122459 0.893005579895107 0.51512680400068
Ctsc 7.9035596105979 0.763344622979858 0.62079379004311
P2ry12 7.71202035269914 0.909567442900441 0.817353885637295
Fcgr1 7.70776969332883 0.8853211527288 0.839911710612821
Fcgr3 7.62287650333461 0.896874840095602 0.646284533406233
Lcn2 7.59269612412967 0.929710399987732 0.763766124863502
Lyz1 7.54408034751745 0.840890825076252 0.682384867540676
Lcp1 7.48941131164484 0.736768609121461 0.795690761065283
Fcrls 7.47753969718053 0.868591354527092 0.830619870954692
Ctss 7.45952843094727 0.674268669250454 0.483604516888308
Nfkbiz 7.449007000798 0.799322694136423 0.492834891113997
Cfh 7.43996753387217 0.912546366052933 0.712295820061994
Klf4 7.42503781009486 0.742934617943842 0.424000395885919
Tmem119 7.41786327116318 0.880466124967934 0.722556695858316
Fermt3 7.40131046292324 0.800869887220341 0.655153771627657
Cd53 7.37092869339403 0.88942472433121 0.694792152049283
Ccr5 7.36274510121122 0.944654961654319 0.781216786284265
Anxa3 7.3491154485177 0.883676858880257 0.86649215066228
C1qa 7.32570824315516 0.880224548002043 0.373665895302874
Rnase4 7.32395314017185 0.857812898640748 0.632489430408647
Ly86 7.31261386254079 0.846625787719888 0.67216030726034
Klf2 7.31142071010462 0.895525394090426 0.627302955383202
Ctsh 7.27945438461557 0.901835520438829 0.835544766930327
S100a9 7.26381510404157 0.918293566070864 0.54893573899917
Hpgd 7.24621870981464 0.845499696187622 0.850070193058556
Icam1 7.21029767901089 0.900801160105119 0.702887827669928
Mertk 7.20016409082951 0.761054539913318 0.0261893883636564
Cx3cr1 7.1719484928049 0.86696855643357 0.772365477019668
Srgn 7.16749130519303 0.843467559608656 0.744174427775675
Olfml3 7.14052005317124 0.905116717199808 0.839004271571173
P2ry6 7.13227754069317 0.946777597111694 0.936669978424227
Cd68 7.12354996278524 0.813422778285896 0.845746059949494
Mpeg1 7.11993655122719 0.872434673180902 0.820047629304534
Itgb2 7.11510085089811 0.929306950351194 0.912997044650647
Chil3 7.11247507992373 0.922457657818597 0.637158865242856
Fcgr2b 7.08789418399612 0.923890876017284 0.891238072235294
Ttr 7.0761150709605 0.400488553787595 0.106401406684796
Ptpn6 7.0750536638037 0.949216866399377 0.847465709781177
Il10ra 7.03622055845879 0.94102937559616 0.812653699813282
Ptgs1 6.99291108528835 0.800651909800069 0.535546514080042
Irf8 6.98345987938939 0.916254415274538 0.673514535503579
Tyrobp 6.95753669485078 0.895003903507809 0.654895478799608
Txnip 6.92547980801521 0.794577031480038 0.53409481607691
Il6ra 6.91817132723494 0.933123284382954 0.890291306841707
Naip5 6.89257340177577 0.935814048592954 0.876817387672749
Cd14 6.88574769726765 0.865093774985032 0.621939443609833
Tgfbr1 6.87730562336485 0.776827592958221 0.788808500850346
Ms4a6d 6.87086956014452 0.953863275301727 0.900402119535408
Evi2a 6.82827025896823 0.581189930726472 0.269081932376055
Ccl9 6.8096171434409 0.933493166398459 0.818823569980998
Rgs1 6.78823587537597 0.933890950941161 0.41199196894448
Cxcl2 6.77518929111642 0.93252498716869 0.718724907521646
Cd86 6.7490964684145 0.943027753479705 0.915382431026478
Adgre1 6.70653513686869 0.832270329195541 0.833539570282416
Bcl2a1b|Bcl2a1d|Bcl2a1a 6.69921540497576 0.926400058873181 0.715744988242651
Zfp36l1 6.66835450181858 0.585820514996284 0.420552580218294
Ngp 6.63652748458381 0.858266126451929 0.690441664987738
Pld4 6.6134391129249 0.905758364279839 0.841357056848191
Fcer1g 6.53995985793269 0.893177438719324 0.824614769314253
Egr2 6.5389215890976 0.668101906380755 0.285794975364086
Hck 6.52579068855458 0.895370250588945 0.843650055172374
Cyba 6.50169941963898 0.884469484989699 0.736988575659019
Aif1 6.49304920604706 0.858825024769384 0.762409606538655
Havcr2 6.49281986933435 0.933940020082163 0.671469544344395
Camp 6.4820342344551 0.927917867736401 0.74997438683657
Vav1 6.4554006723202 0.936559188485693 0.825485811579521
Tgfbr2 6.44426012241346 0.803092860582262 0.771534892903238
Plek 6.43602304422417 0.828875462955987 0.565026060922705
Ccl4 6.42129996108666 0.808759080391592 0.797287316493388
Ms4a6b 6.4040002057005 0.923298755235299 0.893641566109593
Syngr2 6.40110745360102 0.690896371063484 0.649569759373644
Fosb 6.39299876342227 0.784032435565085 0.523504347791323
Zfp36 6.379843100734 0.809894660416713 0.644456279499632
Fli1 6.34047860088639 0.930170114012625 0.902090174836285
Il1a 6.34010251670382 0.938651588084815 0.819834409666348
Hba-a1|Hba-a2 6.3183507333655 0.71591613802882 0.636485327832813
Selplg 6.31544297513533 0.782492962153154 0.593710301902537
Csf1r 6.29208647087479 0.6563743045445 0.525613327120335
Naip2 6.2685818051485 0.954032177503518 0.911599471733535
Slc15a3 6.23670652150086 0.945800388335054 0.734395629368891
Nrros 6.2348407737576 0.857826561944995 0.792080354658163
Tlr7 6.22318770670008 0.916141459660769 0.883327317721423
Pycard 6.22276006663598 0.876868772836806 0.612435856921289
C3ar1 6.19954800122674 0.873154357642848 0.832923346286571
Tlr2 6.16837400528305 0.906242449755308 0.828039074863297
Zfp36l2 6.15221981171612 0.653482770932328 -0.0397896095159471
Gpr84 6.12414553225146 0.909799236470749 0.900539536156936
Ggta1 6.12058801303804 0.885682162367626 0.742119145974757
Zfhx3 6.11066188078485 0.494029129324975 0.142679534225248
Blnk 6.08818487323011 0.87935788009137 0.642062067218298
Ccl12 6.08424577602284 0.95912486997277 0.874934195218236
Pros1 6.06258815708599 0.847260487310163 0.71872321527708
Sparc 6.0492890518032 0.169017706142142 -0.135074829223559
H2-Aa 6.00453366320575 0.84437376420551 0.55701792504533
Lpxn 5.99603994849779 0.893922003635636 0.853945018408267
F11r 5.99092943267463 0.875088614334551 0.865886799987199
Sla 5.98734633351918 0.653020292619718 -0.264326880777117
Ier2 5.94413080258992 0.734440067233571 0.701887023691079
Lyz1|Lyz2 5.9233249127539 0.875922890173836 0.776673258636435
Pmp22 5.9132539850897 0.446961397603328 0.102555722127942
Ccl6 5.90971184764916 0.928660492903098 0.617156389091561
Fgd2 5.88810099602967 0.915197430183904 0.726555487608733
Gusb 5.88278591166053 0.774114596510509 0.775863648271702
Slc40a1 5.87456058105444 0.835359074205683 0.694912051573387
Nfe2l2 5.86779746823989 0.632197818720409 0.453204696832214
H2-T23|H2-T-ps 5.86317308733589 0.687735186423632 0.648843762783022
Arap3 5.86094679144358 0.886860951738832 0.828525793933383
Edem1 5.84536061825678 0.81925716336502 0.773799619039837
Pik3cg 5.83672128588558 0.935683323494037 0.898731506437892
Dusp6 5.82098440989274 0.600228104690562 0.685520438090079
Adamts1 5.80802620289632 0.677576137113509 0.349226751376887
Cebpd 5.80786007352581 0.634223335809279 0.45065287968563
Ugt1a2|Ugt1a9|Ugt1a10|Ugt1a6a|Ugt1a5|Ugt1a6b|Ugt1a1|Ugt1a7c 5.76665258702735 0.771709799693182 0.785331442432605
Golm1 5.76361066266049 0.698016463196536 0.736554849579434
Ctla2b 5.76134361379179 0.90324750833177 0.810546355769521
1700017B05Rik 5.74466020355863 0.879961675838247 0.868405679075243
Junb 5.73748712701526 0.777104558929295 0.710325676330519
Slc11a1 5.7337386663975 0.826091985896536 0.651846092069541
Dapp1 5.72631798352241 0.882819086300432 0.7316654390012
Crybb1 5.72609001676628 0.905900150963414 0.861152047486372
Capn3 5.72327319524565 0.887173165883699 0.767809940840197
Inpp5d 5.72233134287889 0.860119064333211 0.837087854506949
Lair1 5.71399575947547 0.915233726810904 0.852552954421401
Rhoh 5.71393720179469 0.928928394659362 0.904878813646995
Arhgap17 5.70619827851306 0.804213580737713 0.814797078135117
Ncf4 5.70189693908473 0.930083927158068 0.903452811083351
Lcp2 5.69728653453599 0.924197437301254 0.892718424335841
Cd9 5.68471625865191 0.474060822775285 -0.0758794345381835
Akna 5.67919098834535 0.868412288859447 0.877839374380604
Elk3 5.67572354682582 0.782715836879746 0.706543197970903
Klf6 5.67334555064507 0.71323960488187 0.706917324178809
Tnfrsf1b 5.66824392956546 0.854411575633449 0.737559179229013
Fyb 5.66550961086712 0.921175961084058 0.880868838094612
Ccrl2 5.6554110668512 0.874824282454677 0.692329005008653
Cttnbp2nl 5.65002242060581 0.677938635486515 0.447358184459894
Stab1 5.64559043597726 0.911261683705998 0.847496805295376
Tgfbi 5.64498324338724 0.770089475810985 0.661911986857993
Slc7a7 5.64461474062225 0.898213671463773 0.872017076449766
Alox5ap 5.64254981328404 0.740214696646339 0.594057019542649
Ets1 5.6241786840834 0.840138903577191 0.72831813399373
Cmtm6 5.61409217186978 0.665970414623115 0.650153215369875
Tm6sf1 5.60139552689595 0.381525962877219 0.102579065041499
Ankrd44 5.60131393557592 0.781035809625709 0.750219066083414
Hba-a1|Hba-a2 5.58298936862618 0.666636222580272 0.584534962386967
Tlr1 5.57525443901175 0.950847748280366 0.90289235928589
Spata13 5.56754205483211 0.585968245373279 0.751812487380042
Plxdc2 5.54845245302396 0.611398049835539 0.506699205281824
Rab20 5.53682884995429 0.903453242864112 0.852960934969316
Map3k8 5.52403314581602 0.943194909439877 0.913167625483462
Cd34 5.50788498733952 0.764432975743867 0.767787385294124
Cd48 5.50653583900844 0.937704825955694 0.913473318214485
Epb41l2 5.49277301572037 0.653470939206844 0.689377250896528
Entpd1 5.4795881868598 0.891871362690553 0.843388944041901
Notch2 5.4758266797695 0.5440602354013 -0.0431145382667697
Hk2 5.4692926936792 0.747134137645107 0.172069347382287
Cd83 5.46883702705086 0.736410455270528 0.594339804805642
Tgm2 5.4658776682157 0.695558658080438 0.463783861585056
Alas2 5.46154485102484 0.860786577072509 0.73441576141486
Nckap1l 5.45332159411572 0.817808650602309 0.709769131297402
Lrrfip1 5.40737327705653 0.705218206813686 0.616260948807512
Btg2 5.39791617614504 0.772522677124277 0.212539509165089
Frrs1 5.38786705854185 0.798642074165545 0.58919990543273
Ctsz 5.38405717312 0.650751092002042 0.77128109392615
Hspa1b 5.37755955812834 0.652438169446748 0.312845915560922
Hba-a1|Hba-a2 5.36137190925889 0.64978350921252 0.4
Vamp8 5.3570530340232 0.633706050035489 0.625281889279033
Il13ra1 5.35525379091513 0.797884379452193 0.550413574552872
Mafb 5.35150110016779 0.819405099147839 0.618852089046285
Clec4a2 5.34574389269666 0.929204771867172 0.637428827357683
Ier3 5.34484609388664 0.661832564517539 0.83011387947447
Ncf2 5.34416333994784 0.915414360195435 0.856135350149219
Gas5 5.32608127444641 0.681441771454678 0.609104306519582
Tnfaip8 5.32122423377986 0.636583450637773 -0.0687511326400445
Cysltr1 5.31886027268611 0.927751840611328 0.924403411688516
Trf 5.30738723114422 0.363532939943864 -0.146752224285271
Hbb-bs|Hbb-bt|Hbb-b1|Hbb-b2 5.28837967113858 0.709887834126046 0.197095939870769
Sash3 5.26747984801659 0.768497877382046 0.642894241425908
Adcy7 5.26340008687263 0.60441670315178 0.406793107735415
Chil4|Chil3 5.24788987794185 0.89752021450012 0.740050725099717
Adap2 5.24213280376867 0.901504410049615 0.724839241634666
B2m 5.23809889417497 0.654891746142282 0.571479053777188
Slc29a3 5.22932234935827 0.681714782439322 0.660763770244068
Rcsd1 5.21977721319104 0.826315084318951 0.780144279192095
Slc16a6 5.20416795228616 0.786558627625008 0.78045322004141
Mlxipl 5.19848868403644 0.706595849018634 0.577571494587469
0610040J01Rik 5.1957713482547 0.725814063303564 0.318147167797192
Tlr4 5.18940058825026 0.901784634731572 0.833931682619817
Tpp2 5.18710780161072 0.766018522061764 0.428419313439956
Grn 5.17023552015318 0.809884754027064 0.800641837265229
Ier5 5.16174926343272 0.626440279124881 0.724738333467432
Ltf 5.13693442258915 0.792111361667612 0.68933239212516
Pnp2|Pnp 5.12217165842797 0.598042902480782 0.717571443896628
H2-Q9|H2-Q7|H2-K1 5.11974010400378 0.586702040539135 0.461967721198376
Casp4 5.10836209355931 0.900685793775396 0.750343035579514
Csf3r 5.10612158405412 0.779721149661926 0.660752043494533
Arpc1b 5.09756480815497 0.692489349582206 0.371622818004693
Syk 5.09739059571841 0.84152069123592 0.790425940459022
Tcn2 5.09049593890265 0.761664616803138 0.799334857245979
Stk17b 5.08798679216931 0.246260191991426 -0.0309181338982068
Anxa1 5.08287471633171 0.684984341609769 -0.094205751766072
Itpr2 5.0784212829029 0.690661994308183 0.125444356554589
Clic1 5.04853929402483 0.748395757874044 0.778403738246755
Stat6 5.04064957255779 0.796146518507303 0.821483000769591
Srsf7 5.02739944899884 0.781851597322999 0.724403283303105
Arhgap45 5.01200167906476 0.885472104018592 0.708832744285577
Rbm39 5.01197443437983 0.464227208514492 -0.0374899433586514
Ifi30 5.01102143162021 0.801639030257292 0.736391031193223
Cd37 5.01049584080453 0.846061239995877 0.751498906549431
Themis2 5.0098776193136 0.908198928471664 0.778304498200949
Il16 5.0071262918725 0.836608524488475 0.787732655174127
Itga6 5.00089870427371 0.671012367737362 -0.124700103526212
Abca1 4.99473767682632 0.637298308735176 0.134537026901349
Pla2g15 4.98661315124586 0.8204155835403 0.863526440437489
Cd300a 4.98203571187018 0.87906524061522 0.797868338805999
Jun 4.98115615410071 0.618429236586695 0.346851046924851
Clcf1 4.97723186300994 0.942251998830229 0.895337401073961
Cmtm7 4.9597915659356 0.88750465076475 0.810362129081832
Abhd15 4.95950192922238 0.817458536420878 0.758222104141672
Lyn 4.95253858198883 0.831327983555328 0.791725631860923
Lyl1 4.93768631497483 0.904305271443332 0.878137281356822
Trem2 4.92584859593342 0.87200704067573 0.782089108151903
Hexb 4.92494874421716 0.693959046171664 0.578516963508929
Hfe 4.90861103058798 0.721329333572919 0.693190338536353
Pon3 4.90432637284358 0.932358963318954 0.910700314388156
Trim25 4.90361427008727 0.40235350698548 0.263441724652484
Cklf 4.89575105475127 0.681449056477375 0.596489646369583
Nfkbia 4.8806413878485 0.728227925508068 0.713649834221394
Mcl1 4.88035999708367 0.749614825193197 0.63036897326575
Otulinl 4.86679724609505 0.770464081171358 0.851687709709507
Casp8 4.85720661276238 0.883549616962917 0.578621992896172
Pnpla7 4.84337068180648 0.69936049143377 0.453948081481576
Fes 4.8425774697341 0.927481678184209 0.910464934137565
Rgs10 4.84239834318144 0.528560475408175 0.64915833212377
Xlr4b|Xlr4c|Xlr4a 4.83709632058617 0.768954829600341 0.515825661192769
Trim47 4.80604795023114 0.895072171065398 0.873311290852605
Adam17 4.77410175216252 0.669141571847914 0.635222648943498
Cd300c2 4.77236795700505 0.78140075116719 0.733110818704905
Msn 4.76236557104596 0.691995600278957 0.64229162060895
Litaf 4.75956568499755 0.513371189090494 0.243063879675752
Csf2rb2 4.75126425314455 0.789215707478096 0.124660237839465
Ppp1r15a 4.74959210188977 0.840325478289927 0.769972582969436
Hspa1a 4.74884896667177 0.660657804037662 0.304644051879433
Pald1 4.74862864679724 0.781711411556092 0.764893883652874
Kctd12 4.74045765761379 0.33922956418492 -0.149692324142429
Pag1 4.73382698700991 0.662424700498449 0.728965957944353
Hvcn1 4.73358842303566 0.87597192497755 0.866500931061877
Rrad 4.73319512810536 0.838265357363225 0.0132164602565095
Il10rb 4.73255529204769 0.777441353481793 0.743412690374508
Spint1 4.73002087369381 0.777950471155543 0.805560093180092
Pla2g4a 4.72078413820887 0.764786775115046 0.442483886305452
Klk8 4.71896616044545 0.904602965411745 0.832574548496106
Hhex 4.71251905019796 0.85208121809235 0.512009595571701
Rin2 4.71227105537187 0.744853698297658 0.614550246722695
Trim30a 4.67805479142449 0.929808635221393 0.889480299318717
Vwa5a 4.67742566332982 0.689113579470877 0.682523105789763
Tmem173 4.67240910898613 0.786072972966409 0.749852994922644
H2-D1|H2-L 4.64947679848933 0.516003945621832 0.188574240898546
Pdlim4 4.64349633215562 0.687340137266506 -0.10726267715303
Cyp4v3 4.63923944451105 0.494512663425667 0.383405637632348
Serpine1 4.63627136946535 0.847015843196922 0.772473803756492
Unc93b1 4.63530701600255 0.822423004913727 0.784428331790422
Chst7 4.62447740132422 0.734241428468686 0.52985146120221
Fam91a1 4.61616988134199 0.60074663578033 0.698748934523854
Npl 4.59643489038464 0.722222100961321 0.416959109321236
Rps6ka1 4.58709763144195 0.735843331690066 0.678696401071155
Igsf6 4.5839605987743 0.921620322644554 0.863178885643969
Tsc22d3 4.58083409981436 0.696409504313332 0.680120817594843
H2-K1 4.57522913792306 0.858476190996042 0.571151271462752
Sipa1 4.57475518947782 0.888693752297302 0.874741852684122
Tcirg1 4.57425105475885 0.77299302228423 0.643821146604065
Cxcl10 4.56344968313553 0.912788277640522 0.69856176833123
Siglecf 4.56325775710812 0.943367824939739 0.90222039810489
Elf1 4.55946077283713 0.740057454027251 0.701678279405112
Pnp 4.55913474684613 0.577238438641494 0.637960916232858
Sh2b2 4.55578889233937 0.854145083901261 0.503082221617731
Ly96 4.54777781640457 0.707330917254825 0.616163642230097
Irf5 4.544105143827 0.868657303101594 0.785628787643911
Ifngr1 4.54036705609622 0.835362983955148 0.809631382697536
Selenop 4.53893814365303 0.229248012556272 -0.0216241545472818
Samsn1 4.53843378585608 0.93540982746113 0.690906793921437
Afp 4.53805214370355 0.610733595529943 -0.157192723963863
Cmtm3 4.52832509785054 0.723795511085504 0.359412207355567
Il6 4.52343401447127 0.951751164772045 0.870859115857809
Ang 4.51672309749754 0.926217295086234 0.891686568876568
Tmed5 4.50864068163676 0.615713271339384 0.284702529007432
Lamp2 4.50826725044012 0.52026374110723 0.13123191019055
Trim12a 4.5045013943645 0.925281031086587 0.842912698929624
Glul 4.48415202867415 0.375081389128698 0.060742244877201
Spi1 4.48027920560423 0.885886255827787 0.834845738524583
H2-Q7|H2-Q9 4.47973274537935 0.827347391946782 0.603156128107614
Parp12 4.47373391550202 0.631187115570537 0.423930618896923
Birc3 4.47018458816047 0.818175412586363 0.730812551178572
Mylip 4.46703236511311 0.649474760423898 0.627117917975272
Reep3 4.44482100440118 0.173676231790138 -0.200682279078015
Rrbp1 4.43947625968885 0.610701295048323 0.604122193034846
Galnt4 4.42588390765548 0.706126484908402 -0.0888496445825484
Pld1 4.42557342952656 0.737866877681671 0.665867955253123
Cebpb 4.42053585000911 0.772014454229045 0.53987772936436
Rreb1 4.42044583206062 0.209233667417108 -0.302373354496893
Rel 4.41912439478266 0.867426238117888 0.676216315846781
Arrb2 4.41339349627576 0.767152670421756 0.766408521706721
Scamp2 4.41240414363413 0.740500602342755 0.736634676867361
Sgpl1 4.41020856173367 0.721876683693565 0.675218489090254
Myd88 4.40861626816499 0.83968421860582 0.772810248276022
Slamf9 4.40433901015911 0.703400256120944 0.601498835952409
Lrmp 4.40353320215421 0.92106361160073 0.708766214191726
H2-D1|H2-L 4.38985894216057 0.425597044349828 0.318416971129881
Slc39a8 4.38767973195994 0.785661529413124 0.49901549480571
Tmcc3 4.37672842966588 0.755502464151035 0.232987307869714
Dusp1 4.37652836249734 0.644819889080071 0.349844153941768
Serpinf1 4.37109964073874 0.489673118545282 0.0240845290232607
Ceacam1|Ceacam2 4.36608670510401 0.852686974089783 0.741432445258905
Pdgfb 4.3655167109079 0.801371654088424 0.723963242660202
Skap2 4.36380702669606 0.649777753023695 0.639375784697145
Pon2 4.36277432909773 0.262333062596229 0.0751245390881852
Serinc3 4.35901437967291 0.461822047196055 -0.11797386751747
Mavs 4.35472413525776 0.518784782799142 0.32768195016282
H2-L|H2-D1 4.35412880682289 0.462980600980164 0.260116251920495
Asph 4.35196549135562 0.266012711841655 -0.182783496119935
Gem 4.35153301245944 0.745082893016352 -0.0428587386634424
Parvg 4.34918114279194 0.806060614100544 0.679667425411187
Lpcat3 4.34283485345087 0.654665669111753 0.370986664449744
Myh9 4.33075513412228 0.523066543766839 0.382919647697374
Prkcd 4.32153169147837 0.48065097727497 0.209078811631899
Tifa 4.32025629791346 0.780254819129555 0.776654920668371
Lrrk1 4.3198166698961 0.849156278216841 0.512171747828431
Mfng 4.31896373635352 0.839114586655831 0.584232139901887
Phyhd1 4.31852913635182 0.76940839763275 0.6982190895123
Ctc1 4.31462299861371 0.829991896606272 0.754750704144568
H2-DMa 4.30931324699838 0.718498441757926 0.824860002038386
Abcc3 4.30652060350777 0.845393584571342 0.803312316164048
Tlr3 4.3050041681603 0.627787925453056 0.314253156845029
Pttg1ip 4.30055817680488 0.424797946753692 0.0536159734314513
Runx1 4.29549851206548 0.895953718286809 0.841445298385406
H2-K1|H2-D1 4.28712207150942 0.614447705270332 0.448062767529339
Ccl2 4.28029027532987 0.921935661724697 0.892805729097114
Adrb1 4.27519035788914 0.650614151556413 0.790684770046562
Atp7a 4.2722514691497 0.687047612315333 0.629419390041384
Tob2 4.26753963211731 0.604875661601225 0.746918701070787
Tspan14 4.25909302058376 0.437259069864997 0.410817272224325
Acss1 4.24951113022437 0.511359516427483 0.151624735768479
Snx5 4.24692859352226 0.650191107838781 0.672362585744504
H2-D1|H2-L 4.23940004477223 0.411047260795502 0.333270200587871
Lgmn 4.23603668258795 0.667727042628573 0.760769782529599
Cd52 4.23511571660805 0.885945609863863 0.781437303360056
Tubb6 4.23147724195891 0.85619260459113 0.824467317304645
Lag3 4.22902717313595 0.863093402403652 0.75963234220116
B4galt1 4.22798986463566 0.735125904098646 0.640016849057475
Zfx|Zfa-ps 4.2251087785684 0.684147506555611 0.541678296840214
Scarb2 4.22308886273442 0.495930351929959 0.127782260196388
Sat1 4.21344019658294 0.422948824259717 0.00672742670191776
Snap23 4.20993555156884 0.363924143912937 -0.216850744520688
Clec7a 4.20820776151059 0.785429832731938 0.736036604710514
Il17ra 4.20588439197431 0.747748992779398 0.710240166105616
Dhrs3 4.20504079964095 0.546572227911178 0.359202952261275
Ccnl1 4.1987059493383 0.601301812624209 0.556843073324211
Mrc1 4.19854612219845 0.890420872604478 0.759170397655094
Sppl2a 4.19629694358861 0.609251358687759 0.631511726706061
Sult1a1 4.19627407218796 0.689792329137972 0.148317382320863
Itprid2 4.19160874303993 0.64176608378559 0.159678465284474
Lgals9 4.18694085156877 0.89683926895217 0.878710389087353
Il7r 4.18229561932982 0.787866912360202 0.49348256234201
Ptgr1 4.18026184735095 0.677719154401634 0.0841776826428077
Sqor 4.16034477600454 0.678391615865382 0.528119616346481
Tec 4.15533003570191 0.74757650234346 0.560727870932865
Casp1 4.15406573143042 0.798833155132076 0.679897283864539
Ceacam2|Ceacam1 4.15109894806961 0.862822826336466 0.792306759052264
Mlph 4.14294413746892 0.667465265344423 0.648364235719871
Ptbp3 4.13597320956504 0.675370808516285 0.72421970086545
Arhgap4 4.12618806541153 0.883775013099638 0.803511815518886
Trim30a|Trim30e-ps1|Trim30d 4.12617765934338 0.693487837827676 0.175295068911382
Plk3 4.12554383428273 0.745616475195076 0.406326619647981
Rassf5 4.12390996152668 0.670275159578164 0.76533487694867
Hcls1 4.12027617517389 0.926461964735849 0.787744510704552
Lilr4b|Lilrb4a 4.11975331062823 0.923252243958682 0.712326335814162
Ftl1|Mir692-2|Mir692-3 4.11156779317667 0.673489251010658 0.367795183551707
Apoe 4.11068391508155 0.167873322516864 -0.263756192507942
Tor4a 4.11019482229984 0.599888559244284 0.432297760656265
Gpsm3 4.09468470588939 0.90949050874819 0.752601461589706
Uba7 4.08096141776078 0.882981215809432 0.851368067500101
Rela 4.07904077135376 0.683746584690648 0.658838518799146
Cxcl16 4.06916644688197 0.90194419255982 0.873154727339641
Gmip 4.06671332928398 0.832258390399236 0.734060215258623
Prkd3 4.05951418386551 0.440941726347577 -0.16258823762446
Frmd4b 4.0512385353197 0.265439779158724 0.137315759820092
Ugt1a7c|Ugt1a6a|Ugt1a2|Ugt1a6b|Ugt1a9|Ugt1a5|Ugt1a10|Ugt1a1 4.05042887710044 0.888795234877526 0.819080942357532
Cep152 4.04748721181813 0.894069622140211 0.817513234654921
Pmaip1 4.03882225933926 0.870096872808431 0.706277089072301
Btk 4.03841260074672 0.798224598246531 0.694335665978374
Nupr1 4.03469557474139 0.418586711787626 0.280235806609027
Rbl1 4.02712101667217 0.733995904074091 0.374438165804743
Man2b1 4.02668200402252 0.729809670756618 0.643047566647631
Fcrl1 4.01235200827666 0.897602057931912 0.771842287139646
Hpgds 3.99965650925624 0.881923461850856 0.793869597281263
Mcm3 3.98965935631485 0.71950919309434 0.271488885672204
Ptpn18 3.98742161555423 0.868106415870182 0.7772185049695
Calcrl 3.97642212822852 0.688076759641309 0.129633486544385
Adrb2 3.96912266327574 0.824675354996059 0.625701918968165
Naalad2 3.96876030603216 0.792969017293554 0.615226647758547
Rnf130 3.96480149898579 0.536010420775234 0.128066242304175
Herpud1 3.96172200068969 0.769551962246538 0.818003839980853
Lrba 3.95974386993546 0.654117106517781 0.516628020215884
Cd177 3.95579231298287 0.89089059337983 0.786647624317944
Tcim 3.95572169831358 0.766700484111422 -0.102836496918168
Parp14 3.954523870148 0.822270453450247 0.682184116286333
Arhgdib 3.94938698390682 0.563499309104537 0.629942607529582
Cebpa 3.94798913657538 0.828738830712173 0.79818261713744
Parp9 3.9465926422046 0.652642739876692 0.488520438082259
Plxnb2 3.94178309205007 0.67867483176694 0.0351418136592732
Pxn 3.93974906668797 0.482750728601797 0.398268165544461
Plcg2 3.9324865824382 0.669307296025079 0.528040982509983
Tapbp 3.92112881032643 0.552339258388129 0.514053751806647
Wipf1 3.9159079883619 0.509200240907749 -0.181171904587292
Vrk2 3.91455326993227 0.666703744605221 0.366796903047069
Tmem140 3.91134747319528 0.790898235892077 0.692141497870633
Rgs19 3.91081857618876 0.566266647020123 0.675190291419332
Slc25a37 3.89765835100996 0.688939062254467 0.367932694145205
Lgals3 3.89450240398228 0.656524988053072 0.108114138491983
Vamp3 3.88566557195954 0.349030211514352 -0.202024799396318
Slc15a4 3.88070147265286 0.736370869828754 0.728292908511985
Rnf19b 3.8776354963946 0.298431585630756 -0.0582838320041639
Tmem176a 3.86586623740042 0.505168888381241 0.147584890948846
Tgif1 3.86099475707119 0.893848961946872 0.853234422200012
Cd33 3.85494183991394 0.750286495249432 0.683479206664861
Fam111a 3.85098439701334 0.850046510829846 0.684487546607916
D17H6S56E-5 3.84715733088316 0.894526140696528 0.302601328630432
Bach1 3.8334727961414 0.64271602215469 0.706022709422117
Ripk1 3.82932479257319 0.705308519156635 0.610578688933626
Sesn1 3.82492338636024 0.559198804411664 0.626737970893585
Wsb1 3.82478194404525 0.377082796936342 0.190504367491115
Gcnt1 3.81750613258892 0.895652768873273 0.643604371006409
Klf10 3.80655099918301 0.51795249604286 0.464642942925063
Myo1g 3.80392228813902 0.824654678505656 0.670706257242271
Rbm26 3.80246481564241 0.637726967109505 0.423206612063198
Qk 3.79983184516392 0.0562413388153022 -0.137147397949445
Rab3il1 3.78737018746796 0.770168987925107 0.586514854899057
Rhog 3.78587791913423 0.498515381580431 -0.192445175099335
Lmo2 3.78528264303936 0.237783582859135 0.362554380195494
Zfp110 3.77748873463169 0.483332435973867 0.419014281112975
Gna15 3.77692767024816 0.900006263057067 0.799277548511693
Vasp 3.77307111062634 0.698294699671937 0.43983596406254
Egr1 3.7725608795364 0.332137684345212 0.467840031821433
Dock8 3.75230706058828 0.851003784883689 0.510395817430566
Btg1 3.74723595057634 0.430395261179107 0.343975715238766
Ostf1 3.74568679563957 0.430553406340731 0.0376917186866872
Plekho1 3.74440474708018 0.668922756189645 0.711510824379727
Jmjd1c 3.73262672464463 0.557919943725598 0.264731194509093
Tbxas1 3.73013805098817 0.873689726748362 0.749775104887182
Psmb9 3.72939412026153 0.851319987932265 0.758743647214288
Ugt1a7c|Ugt1a10|Ugt1a2|Ugt1a6b|Ugt1a9|Ugt1a1|Ugt1a5|Ugt1a6a 3.7290384500016 0.765477536823564 0.670144410937881
Mlxip 3.72763084344702 0.779977484971343 0.743871254814924
Arhgap9 3.72712029708235 0.828176191444395 0.506500261921995
Tspo 3.72245846770223 0.573587116512064 0.235896217331749
Pbxip1 3.71724855722823 0.604790363993112 0.535942091903432
Snx18 3.70904071881872 0.717905118370602 0.749830580550444
Ptbp1 3.70655866288305 0.713042679648145 0.514292176793496
Tmem176b 3.70081040105227 0.349540996605685 0.139161990852418
Sfpq 3.69507367604585 0.357902449805163 -0.11132174546196
Zfx|Zfa-ps 3.69020450945402 0.677084955027153 0.469299103468052
Ppfia4 3.68546934037953 0.721999391777896 0.763599969213437
Ctsa 3.68302240816316 0.705761096391969 0.639281119115988
Tmem123 3.68188987652852 0.16290900344685 -0.376194240265425
Rp2 3.66809103600892 0.79352157828748 0.732552598569482
Slc2a5 3.6679506141946 0.698159826006964 0.335770167060867
Clec4b1|Clec4a2 3.66597990865558 0.902265781382107 0.846445856230881
Slc9a3r1 3.66429350011603 0.321631806092089 0.0857919459707649
Erap1 3.66281286798835 0.777212952832036 0.633822422530596
Gbp3 3.66116317106171 0.775679218261246 0.197688377819953
Tnf 3.65474750293433 0.818371968120535 0.698481798419087
Lims1 3.65281042313637 0.589222164047149 0.581975682669352
Dnajb1 3.64329223439543 0.768130774676811 0.318476693685081
Ncf1 3.64283868990101 0.898108558792219 0.827094117035053
Cyfip1 3.64278507714948 0.568913019465378 0.538370598049005
Sh3glb1 3.64246516047422 0.552615959313773 0.581313273875843
Nrp1 3.63557257882734 0.363242041191008 0.0116533839665257
Ifih1 3.62919337877768 0.740168215657005 0.68282190518128
Rffl 3.62703989508421 0.216086584595522 0.188013498121422
Arsg 3.62633214232703 0.59714086984375 -0.204456597768429
Gcnt2 3.62470794941304 0.276331152291657 -0.165151578502297
Stt3a 3.61623223442835 0.550739080039488 0.576613074975839
Man1a 3.61203077876301 0.413671277361243 0.0118387649728409
Sgk1 3.61095981075159 0.350979544748605 0.250518059563704
Ebi3 3.6073593930987 0.838918292052332 0.717817092354899
Naglu 3.60029353456977 0.811495044032029 0.836021737470537
Tmem63a 3.5984374987924 0.45379635489173 -0.186372352539864
Coro1a 3.59734157890466 0.501492259000324 0.610566650947906
Stard8 3.59082620859291 0.658966131752925 0.0592476810424324
Gbp7 3.58782401309989 0.774465377570737 0.318783171697342
H2-Oa 3.58769198623633 0.907073310044038 0.84108801377394
Dock2 3.58664640178854 0.800829444164782 0.664850218839359
Per1 3.58405456461005 0.68418289278836 0.627109920222351
Snord22 3.58401051305465 0.811952882471356 0.747652135155631
Mef2a 3.57860125952251 0.381820949827425 0.156364643620847
Ccdc86 3.5776909268461 0.586442118340451 0.611741979727443
Myo7a 3.57475601026923 0.735656726007827 0.704544491077552
Rnaset2a|Rnaset2b 3.5709936818966 0.62206785399318 0.596839715495016
Slc25a45 3.56682594556514 0.569714952940642 0.322237551840374
Hps4 3.56179502253693 0.703937405168616 0.692983378602262
Serpine2 3.56088932185906 -0.0630628008101777 -0.0498425237508361
Morc3 3.55964997212943 0.623234665665709 0.668144253184975
Plxdc1 3.55673885056565 0.164365280415794 0.0639963159154627
Cables1 3.54211019431561 0.658445533197739 0.109838832608133
Phxr1 3.53363764465865 0.638467604959302 0.52809726857359
Tpst2 3.53169353861771 0.764096754758629 0.764466956005372
BC028528 3.52922940134445 0.72622698505594 0.283069953759127
Trip6 3.52910792133097 0.477831022754915 -0.157788894892922
Maff 3.52754136635665 0.795614308142099 0.712302747673317
Rcbtb2 3.52399316308709 0.576746307166373 0.4750020096574
Cd79b 3.52224947279583 0.903088678991278 0.838915609895455
Samhd1 3.5221157491301 0.799515032640852 0.725833438877533
Ifi35 3.51854866424044 0.773302257400084 0.643891534548295
Npc2 3.51046994495977 0.428652059986797 0.20472385772445
Cflar 3.49999540335989 0.627371292243354 0.55075684457911
Hacd4 3.49706955100607 0.708707820285772 0.611392378237454
Fkbp7 3.49308136645301 0.699823443112452 0.688263475690057
Ehd4 3.48793068021703 0.647303546491898 0.496549043588883
Map4k4 3.48749656647069 0.268899728612362 -0.105072723837052
Fmnl3 3.48279396993838 0.826325756073621 0.573344089763429
Resf1 3.47700794757742 0.608835218577662 0.297828136261308
Tgif2 3.47679728951449 0.749838734905453 0.734095508554046
Gimap6 3.47644214061214 0.854371593587577 0.821848339991418
Dok1 3.47538443203045 0.847266271440675 0.738398459071721
Igtp 3.47447067970866 0.716328186912216 0.541453892562647
Cd164 3.46779980530638 0.501800674025387 0.572068399118307
Asxl1 3.46137661102515 0.738500244905015 0.748274698007805
Slc46a1 3.45699574918915 0.685907938274657 0.560205739892461
Slc37a2 3.45493192036358 0.874815141045895 0.825429629351333
Cd2ap 3.45474323476105 0.649399018053879 0.580538902181352
Sertad1 3.45141238954561 0.719596134277328 0.759443887973034
H2-Ab1 3.43838160775729 0.77056600331096 0.639214100328447
Daglb 3.43270165494977 0.633411116146756 0.495113898224318
Il4ra 3.43195215196525 0.70067422473281 0.522616684656582
Smim3 3.42810866032001 0.673132622809063 -0.139194413983646
Fcgrt 3.42642769286913 0.61963525837326 -0.0875959106266034
Casp7 3.42256987930877 0.683350380559151 0.140740920069242
Cln3 3.41640202015873 0.64776232984267 0.498842906597188
Snx20 3.40853173951673 0.828626018327563 0.614613468681945
H2-M3 3.4060143861514 0.579048866699899 0.615236472654418
Nfatc1 3.40414900213053 0.784288359689542 0.75321495159068
Cd302 3.40289385403967 0.354596527870359 0.279989668596528
Srgap2 3.40068435786882 0.485461722699331 0.365688761788256
Nr4a1 3.3921341552627 0.551404635770691 0.529812343664697
Aff1 3.38859638674386 0.28960964337768 -0.235038214894285
Rnaset2b|Rnaset2a 3.38704355789648 0.582935574259362 0.58384600711788
Cr1l 3.38343594862532 0.656353068002746 0.575113628864367
Tor1aip1 3.3832767006966 0.727510737892769 0.61309456434495
Ifitm6 3.38149641952084 0.858182851492154 0.655635990656243
Apobec1 3.38103529328247 0.637639514289977 0.43671341660728
Gns 3.37917012708373 0.735913082191056 0.759261333292149
Plod1 3.37719968340116 0.562489290650303 -0.180238367792256
Sall3 3.37635199664347 0.774405203132851 0.44769549997939
Fos 3.37172001734567 0.314534899075452 0.114528215552505
Ltc4s 3.36977785586499 0.766519827190047 0.553910762406403
Rhob 3.36652570862272 0.369042482964719 0.265605591678102
Gna13 3.35953631840972 0.413353516409968 0.0879172154468001
Pygl 3.35939948701047 0.563890231295918 0.147359320363692
Orai1 3.35266702972684 0.62550192105437 0.441368375048031
Slc7a8 3.34543878767747 0.727971851711628 0.631000028487033
Twf2 3.34323362719272 0.66025068473611 0.734043457335766
Diaph2 3.34131405703099 0.247039049191116 -0.155636856449002
H2-DMb2|H2-DMb1 3.34077716317733 0.782060904835335 0.684316270262678
Gab1 3.33863592466171 0.314212206729334 -0.130425239108194
Tjp1 3.33311436306367 0.449534017135334 0.0996055535001289
Hps3 3.3300090998276 0.767771193138992 0.784154449488239
Clec5a 3.32287487075013 0.868391680631714 0.772400314282846
Cd82 3.322726791438 0.506821483560731 -0.213298879595973
Usp24 3.31064566334989 0.46998446032165 0.251038372113559
AW112010 3.30830607227936 0.854741269469503 0.757745402090522
Hp 3.30815267867943 0.8793651123992 0.459727606295279
Mmp2 3.30381308942654 0.52552249415773 0.0804913089474613
Traf5 3.25943061717126 0.843233436594078 0.751195426775988
Ceacam1|Ceacam2 3.25458861333334 0.887324501235047 0.549948824563276
Nfkbie 3.24279163536058 0.719632833116191 0.46868997077144
Smagp 3.23928349965407 0.858650734952526 0.809870447165912
Trim34a 3.22250437211204 0.781113821407709 0.610302072210863
Nfatc3 3.1957055144223 0.517351141689921 0.659882229554589
Bco2 3.18668781733737 0.731445955658439 0.676458782742597
Was 3.17840811371073 0.787939395531294 0.555128721619395
Eif4ebp1 3.16974066178779 0.606523185414877 0.59725090556194
Tmc6 3.16152700233223 0.818556577216404 0.706695941441195
Mrc2 3.13404343364367 0.699318271791737 0.280465348530476
Rasa4 3.12050633934684 0.670576095644743 0.404031418005706
Il1b 3.11882177944081 0.767862290883313 0.280856250433647
Pik3cd 3.11673090832381 0.788290044507055 0.800023909770847
Tap1 3.10031357005274 0.793798142796721 0.682532254198661
Myo1b 3.09782599093626 0.28199587047764 -0.0385519506870861
Tlr6 3.07522378923838 0.841982514544742 0.655673594734025
Gmfg 3.06074968261465 0.82515510216118 0.722249210575965
Irf9 3.04578774439382 0.82685005571967 0.792342799295709
Relb 3.0419471986291 0.766657307973671 0.797162953813346
Calhm2 3.03605560454609 0.867831767238208 0.788445110959703
Tgfb1 3.01986571936849 0.786281840525115 0.625663618942371
Fem1b 3.01930199028654 0.429658603097219 -0.132615289872382
Pf4 3.00666071487627 0.861931532453197 0.587958817596617
Parp10 3.00187042475894 0.782980618056747 0.680868662453434
Irgm2 2.9847569656076 0.740043854384879 0.468471881822807
Ms4a6c 2.96543700444562 0.747636965550326 0.597711946180952
Nfam1 2.93692466987473 0.819399057321587 0.128283252424105
Hlx 2.9328309125982 0.820794338511337 0.587185588775207
Abcd2 2.91656664094684 0.17620177191446 -0.216873079561179
Batf3 2.90014130542742 0.796238433350735 0.47212724263666
Ptprj 2.75752282830614 0.351679283145819 -0.0643265734281569
Smpdl3b 2.75049207596624 0.671915492823232 0.54742976359056
2510039O18Rik 2.73302039216942 0.565002589051781 0.439343168577718
Myc 2.67355736872605 0.73065199913888 0.726262962699789
Tmem168 2.66185545825462 0.477011111411455 0.287647594978816
Mpo 2.64916467221131 0.667908436183292 0.194220221744309
Gpr137b-ps|Gpr137b 2.61346600023413 0.537390650190981 0.284212231308955
Bicd2 2.58467860924515 0.546336924405447 -0.0815026172651759
Map3k1 2.57811521137875 0.728112204110716 0.605137627221652
Parp8 2.56768652070961 0.461896266527957 0.415526260027035
Srpk3 2.55080673092901 0.75253759686075 0.555902866812267
Sh3tc1 2.53117792593608 0.74310866261957 0.424871152281964
Sft2d2 2.48999451874936 0.491835576160442 0.0953713888525509
Il21r 2.34681864217772 0.844943310876967 0.716617040540921
Ceacam2|Ceacam1 2.12830876323389 0.599171647117067 0.334261773479832
