Dbh 7.44089181818187 0.882186628672106 0.876078491092503
Sncg 7.1619181131045 0.507942169625119 -0.196091729563374
Ddc 7.15366549800437 0.404482570606598 -0.190253916732872
Calca 6.93489072400233 0.75338807125048 -0.0886140502437149
Th 6.73205122605381 0.499846999206802 -0.0736640727548439
Calcr 6.25004862105229 0.917814171674173 0.887278094504716
Gal 6.22562379703502 0.811965747499934 0.822310603851917
Chodl 6.18379187131231 0.840811569629068 0.0355258543472145
Serpinf1 5.84814690818745 0.670865638124437 0.522020046319544
Phox2a 5.69826963015327 0.955638318029502 0.94510030204916
Asb4 5.62963534761811 0.670396042676135 0.566664660310594
Baiap3 5.53355545223121 0.686414983067047 0.568271055221888
Gch1 5.52591607672151 0.67207242802603 0.0559072527506075
Tfap2b 5.16106694536794 0.697828408671586 0.250437584702301
Gpx3 5.02622523950798 0.642231588905413 0.500248313730448
Ovgp1 4.81598409085048 0.58604842675793 0.604596466442045
AF357355 4.75649455389646 0.0741147930397298 -0.0482119253994241
Susd2 4.55178852645658 0.582710767421486 -0.0786174384700312
Maoa 4.24774894554948 0.737691599987613 0.846472008765411
Slc6a2 4.07198171265583 0.882496410635983 0.8339713481619
Ache 4.06446367126712 0.502023294048521 0.0986365149253529
Tppp3 4.06111370056445 0.414831719402267 -0.121243206846059
Dlk1 4.01747370718182 0.57996005086876 -0.137473530777177
Cacng5 3.95806505274806 0.487971769715255 0.0985294636761423
Cd24a 3.93825142995916 0.395973936119962 -0.170711286124371
4930550L24Rik 3.91611410656863 0.866091153355953 0.792474737855708
Cacna2d2 3.83747982870334 -0.149961643236038 -0.126144249947719
Stbd1 3.82945083478598 0.717149147717854 0.308133065398868
Vat1 3.82738248950553 0.46655051935635 0.300992229818129
Rbp4 3.7586030607885 0.368408458054467 0.0813043617239465
Chrna6 3.74206772733997 0.602532515494704 -0.00613557241260514
Ngb 3.72138622598108 0.619731404758684 0.359047564547599
Cmbl 3.64358593487233 0.464355817321438 0.0737501778026434
Slc31a1 3.61474788996809 0.643150502936395 0.487057891371847
Mcub 3.61120974208173 0.562420352275534 -0.136778579786484
Adgre1 3.5185516911039 0.737235669246091 0.713077401542689
Pcbd1 3.48837644736902 0.40177159364959 -0.111861090479832
Cyb561 3.4278233380737 0.421059095341217 0.465472096844513
Asl 3.40635620208969 0.746895350013828 0.799223636070197
Cdhr1 3.39519124179082 0.626852336296412 -0.0460447394133137
Fgfr1 3.37190563057882 0.570239070470178 0.140247223278987
Snhg11 3.34904777272807 -0.218341842072939 -0.15731367615382
Eya2 3.31111967347319 0.823686060114774 0.37320382916091
Oasl2 3.18803707090074 0.727952431775989 0.59565345739592
Gng4 3.11103562736894 0.388229779700951 -0.168160256872013
Tm4sf1 3.03915212162951 0.631123894140613 0.548551521297801
Gstm6 2.84708789164024 0.65862315234131 0.233432913234403
Pmfbp1 2.50087368980059 0.516021588307857 0.00534337099641452
H13 2.28700942758798 0.452829116789981 0.0762941805510276
