Mal 6.8711429204233 0.525862706959893 0.683415850965917
Ppp1r14a 6.65395722360936 0.72052982075939 0.678552712891788
Mog 6.64124035622055 0.74584809211778 0.717590650677554
Mobp 6.53218497717367 0.395529170528243 0.00853531074548346
Ugt8a 6.12700098548845 0.529079276538322 0.657196310752077
Olig1 6.08898837662892 0.511991128211549 0.541015324279402
Cldn11 5.82891047168394 0.4985327078888 0.422375186389464
Pdlim2 5.7224629504934 0.763916047038405 0.469983909357744
Efhd1 5.61050857747041 0.625739043711843 -0.260651417036156
Tspan2 5.53820205926464 0.572069939093126 0.721342595512291
Evi2a 5.51136218421425 0.693909176852377 0.186854963861502
Gpr37 5.47456786759822 0.675676806678038 0.293498056594595
Ptgds 5.32751917690995 0.439188894179715 0.0646524491857251
Olig2 5.3262120370037 0.767156329492013 0.643116517201354
Mbp 5.31380891867074 0.215569295836299 0.284716199190435
Aspa 5.27032932894362 0.74160418466665 0.632540388643064
Trf 5.25612676134046 0.541063482555728 -0.146752224285271
Plp1 5.13076202937379 0.258004643615196 0.48443930939035
Gsn 5.07403751669135 0.511062578769039 0.494438391572963
Cd9 4.96936817663874 0.593700168869971 -0.151988326765799
Anln 4.93351871817655 0.723754186599528 0.38389575244637
Tmbim1 4.91622036134012 0.507956989919827 -0.0888254704489623
S1pr5 4.90701619366928 0.629935597171209 0.533750186059339
Ndrg1 4.90673651323227 0.391004718296639 0.270696610864209
Cryab 4.65778260101624 0.404324438009927 0.599452878487439
Pla2g16 4.6424978178849 0.680650369836801 -0.113571427607257
Gatm 4.63667811636673 0.52933207701236 0.512109109934503
Slc44a1 4.58220383033602 0.686950575182075 0.70652913319698
Pou3f1 4.57099272492095 0.235374106034522 -0.321155396045414
Carhsp1 4.5440369264775 0.408053687339152 -0.237341882844324
Ddc 4.47549650956663 0.3146069106633 -0.242575448100184
Mag 4.42920261299036 0.738005376305982 0.539243249641448
Apod 4.42877271196386 0.524139721806181 0.0357344977129578
Plekhb1 4.40877182441829 0.369856527627943 0.392208711449426
Pllp 4.35814716137298 0.713987156261679 0.615249550417806
Nkx2-2 4.35694090804875 0.657571680100685 -0.0721098157519747
Gltp 4.30308077544563 0.637952780197029 0.254145262562022
Trim59 4.29791657381041 0.697149849150553 0.0631513413851672
Fa2h 4.25425279647618 0.687928836151727 0.58126306234495
Tmem98 4.23112893598948 0.675549949188608 0.563456628183075
Nkx6-2 4.18156840978781 0.694375160316632 0.524389632644661
Kcnj10 4.17348178321572 0.349559738436042 0.00763416369643012
Rffl 4.17168180825012 0.507616678203698 0.188013498121422
Lpar1 4.16767715957425 0.584649825316289 0.359247016821139
Sox10 4.14242512223398 0.69214480547604 0.49748905970029
Il33 4.13427027721927 0.430128434306578 -0.0904616164428415
S100b 4.11793513788046 0.280018629902165 -0.238478960733847
Elovl1 4.1033995875559 0.562177354479096 0.0120599972710578
Gab1 4.07945338732216 0.585550056943612 -0.0873107240116907
Clic4 4.06708977546377 0.394383241978388 -0.316529324552884
Reep3 4.05629167575148 0.266818128426683 -0.300249276187571
Pmp22 4.0216110446434 0.354978660761578 -0.0160075043564565
Scrg1 4.0199070476842 0.521357603769227 -0.156112833680441
Litaf 4.01339994154523 0.646618891533456 0.243063879675752
S100a16 4.00354469491683 0.5053784832468 -0.181764021697596
Psat1 3.99894653311147 0.453673785746153 -0.0392815459368086
Gamt 3.98832301956237 0.719895173278383 0.58994072695689
Cers2 3.95772509861311 0.610891454224427 0.0474077667256896
Itih3 3.95110830743258 0.224840064956898 0.0179639641436076
Gpm6b 3.93241833670364 0.250961102070398 0.12580778809106
S100a1 3.92974902895392 0.592200417728875 -0.187804295998041
Elovl7 3.90845145976529 0.696463299377443 0.264979508417041
S100a6 3.87356106076814 0.402129685068943 -0.11331003735248
Qk 3.84408816179961 0.251188799704502 -0.179163059155641
Josd2 3.83443021406172 0.611544117639925 0.1209855407605
Gng11 3.76996107701937 0.599337686839317 -0.225451488302276
Grb14 3.76685758641887 0.640548581856174 0.808666684701555
Serpinb1a 3.75073536195071 0.6402064029152 0.0607056777764111
Slain1 3.74786530564263 0.563714661079921 0.575499946293995
Csrp1 3.74557045941498 0.394457515866696 -0.346151191183722
Rhog 3.71614045234646 0.669238076687709 -0.192445175099335
Vamp3 3.71067833108931 0.523180097349727 -0.202024799396318
Sept4 3.70061297347583 0.405350339028517 -0.247024115056819
Stxbp3 3.69722955178008 0.503284867698619 -0.109742686049143
Wipf1 3.69565301474295 0.682119693464573 -0.181171904587292
Adamts4 3.69536363972684 0.384691180243796 0.110475653035832
Car2 3.67935065637196 0.420535821993211 -0.119389543070539
Fabp7 3.67304641404884 0.269778394432049 -0.12221407851405
Rab31 3.64170893638046 0.436890782756321 -0.0714323984071123
Adssl1 3.58030590665343 0.564714167115249 0.135046994287153
Tgfa 3.57621271481343 0.376916841716075 0.0819248569070243
Selenop 3.56989171843163 0.242107415739135 -0.220476822282862
Plekhh1 3.55338432432109 0.72917578167295 0.32278702630725
Enpp2 3.52390159683498 0.398217767835382 -0.109339091723366
Lims2 3.49882947677159 0.772727156343616 0.456365675668673
Gal3st1 3.45530359088842 0.701164944107722 0.134162422963921
Hapln2 3.45293394614264 0.637353297600298 0.250492871860162
Tnfaip6 3.44856388789009 0.75375884341489 0.207316170365253
Slc12a2 3.40514725035017 0.600092945496162 -0.2478320957644
Gstm7 3.39041938822758 0.567332559331339 0.0689181849993971
Ninj2 3.37416949004639 0.73843931553348 0.485704586251875
D16Ertd472e 3.25698536627638 0.674414975984968 0.300582734243413
Klk6 3.07903701242249 0.684362776053237 0.0570213278254185
Pdgfra 2.95067783723534 0.530975946673311 -0.206543750383915
Gjb1 2.93240217678021 0.788779740385073 0.346477309531065
Kazn 2.86710087066758 0.402483134957412 0.0462860822066207
Gjc3 2.77811038281611 0.706845717059532 -0.0523078572700245
Il1rap 2.77742451929443 0.710069620177624 0.400029731916312
Ick 2.73696865264217 0.737317941259241 0.21651095109405
Chdh 2.14148877388652 0.475644321887804 0.0263149880203798
