Ppp1r17 8.03896694877864 0.795356899856027 0.840532096728695
Iltifb|Il22 7.74385347045876 0.773015561357947 0.661913577405701
Car8 7.41531911296852 0.574793178537666 0.595108918098737
Pcp2 7.1163332987092 0.810511972305518 0.619795086577017
Nrk 6.86936908901194 0.794229891196732 0.507340136591583
Pvalb 6.3033882490072 0.456004260823397 0.0937855807045578
Lhx1 6.20680717122891 0.686886809799916 0.253836337805592
Stk17b 6.0795651783215 0.684500079070427 0.14002043260151
Slc1a6 5.98676754241371 0.782715475422921 0.577492302170852
Smpx 5.9208246038443 0.882788897561761 0.748873516062898
Ebf1 5.91787332266992 0.610047311910319 0.605967293148449
B3gnt5 5.51260959981103 0.724848659764963 0.174761122046156
Krt25 5.42554780144334 0.838316158164087 0.596882216515137
Itpka 5.28333885468138 0.32963286422499 -0.29330776140548
Atp2a3 5.10156677347602 0.687800161983378 0.610659218087766
Tpm2 5.05521359356359 0.428535187286457 0.122705458968766
Trpc3 4.92682083622958 0.682417505907991 0.117258906045582
Spag5 4.87724225793303 0.678527434241212 -0.274116228663131
Homer3 4.83192152596101 0.768199271493699 0.556455437608007
Asph 4.64955249646111 0.647209588103257 -0.182783496119935
Sycp1 4.62876811436978 0.90384543861006 0.776847478334956
Plxdc1 4.60887373214526 0.611294978348515 0.0639963159154627
Grik1 4.53576271479962 0.488803222778699 -0.192539090986514
Col18a1 4.51358590053385 0.650890071430037 0.299320607626883
Casq2 4.48401137699811 0.818659685742613 0.572674797367359
Prkcg 4.46915697706264 0.336648308542327 0.212142172936989
Tuba8 4.44183860263082 0.672736287217911 0.616594136742836
Ryr1 4.41459263076759 0.566793569786679 0.0238332527232172
Rgs8 4.37485675850038 0.507432726298999 0.436883856296627
Gng13 4.30155102503904 0.606387720221127 0.757917645142294
Washc2 4.20292879309964 0.666078104680462 0.527174524850327
Fam107b 4.1628377243236 0.498546050468329 0.664518425904062
Lhx5 4.13734090865972 0.811473518629705 0.705344176232867
Ptprr 4.1268337048721 0.763489459277622 0.722587675185849
Igfbp3 4.0860744577564 0.622871910305076 -0.201906936484685
Fam117a 4.07177123037564 0.642617393488826 0.545911562044001
Inpp5a 4.0690702747807 0.64725577211002 0.758561632675862
Cacna2d2 4.05254105922184 0.0889663805434245 -0.292525759965254
Calb1 4.01180202753215 0.257865187256089 0.124253314654716
Nptx1 3.97327499351609 0.365012554597597 -0.253259985105017
Slc5a1 3.95779147338032 0.863747687747083 0.803092329391162
Eps8l2 3.94067794527747 0.661231902634309 0.520791768466193
Doc2b 3.92187682460041 0.435773469457193 0.16725643500276
Tm6sf1 3.91209385698923 0.444491253698603 -0.00096610159333927
Car7 3.89015785753577 0.773747241750378 0.329264487783798
Hdc 3.82115080860978 0.695725764887576 0.122078017459063
Stac 3.81462806071636 0.750898517285259 0.0896671110028703
Icmt 3.78747270534268 0.814738125681141 0.747794035264661
Ebf2 3.7672710849334 0.748953107144571 0.572785902778192
Lmo7 3.75983583241511 0.252461551277094 -0.0319777548640319
Hopx 3.72241378730232 0.380364862209023 -0.20992248715447
Cox6b2 3.71950850465646 0.737071452826381 0.367158087451781
Ptpn2 3.65594193497642 0.740685353317596 0.471802736284395
Rora 3.65537029926536 0.490917856178194 0.0111804320647473
Grid2 3.61939115541926 0.650074399916728 0.37500721625071
Gprc5b 3.60067086764957 0.359025249861143 -0.0808322147673732
Pcsk6 3.59037855869247 0.537757759239552 -0.267034429732449
Scd3 3.58563720786496 0.636536633732562 0.378914331405507
Slc32a1 3.57173611233291 -0.00604134454346917 -0.329515512254
Kcnip1 3.52372875435209 0.428643250593369 -0.0464814018271796
Kitl 3.49850166880898 0.466774345836853 -0.152521895687301
Dgkg 3.37895504771181 0.487417044255724 -0.225777554296183
Myo10 3.34185954363249 0.588941192003867 -0.226378518877029
Itpr1 3.32457935312078 0.285873814286974 0.284069146486192
Prkg1 3.23269850492477 0.601733336580161 -0.0767393865628657
Slc41a3 3.22851587193807 0.617784094247814 -0.000930220426977057
Phactr2 2.96883137507915 0.573374474568821 -0.134484367377911
Atl2 2.80721996063085 0.363721213701972 -0.298904069417592
Rhod 2.6700420501038 0.707541650537844 0.342116670118005
Dlx4 2.385101247451 0.606473700174308 0.231664275383137
Fgf7 2.34818540771455 0.651708113319593 -0.090955851599036
Alpk2 2.29952683748793 0.533121002236353 -0.315270727467915
