Ccn3 7.00232443595286 0.641004761946259 0.585802034347538
Dcn 6.83410958871359 0.803828839772885 0.731237299945146
Grp 6.10784690303855 0.605250095273387 -0.098755172686183
Crym 5.83549991871311 0.370481613735476 -0.188390723531043
Fezf2 5.4962165293844 0.688568856046423 -0.0304659877183079
Itpka 5.40557175857063 0.0100431861807674 -0.29330776140548
AF357355 5.3224576275384 0.0854945864947667 -0.277970091358429
Rspo2 4.74350709527663 0.462050717098063 0.13236210692114
Ryr3 4.59392494417967 0.383789266301065 -0.0719321410542048
Ldb2 4.56792491879305 0.536192827831334 -0.103790438497675
Man1a 4.50077888592937 0.523118555917019 -0.0747658330847509
Ptk2b 4.49233774872636 0.229908549872144 -0.0970212525719463
Icam5 4.4614771493058 0.468059969406106 -0.189184376043143
C1ql3 4.45125249156679 0.364291749759298 -0.138088490483425
Pou3f1 4.4465332524304 0.0661692467638462 0.0217714670396484
Pde1a 4.41812771384278 0.472697750911358 -0.203456788865868
Pkp2 4.39098058827746 0.589100865198507 0.571870259198201
St6galnac5 4.38488203853759 0.437210720616089 0.0372353707716327
Meg3 4.33357002641824 0.0218041930187981 -0.461035151741564
Pcdh20 4.28105981372946 0.480227448328434 0.247450078167039
Nr4a2 4.21106651534709 0.462731430987597 0.0870721507620158
Lpl 4.20255678215789 0.131589145542099 -0.0654774270730751
Bdnf 4.19390898930804 0.70591041666925 0.25501647037596
Col5a2 4.11380536883422 0.738541259475477 0.0135546016807943
Iqgap2 4.08326136007309 0.523840309430737 -0.156657787178078
Nrp1 4.08278571321614 0.417481378111132 -0.053366337524108
Bcl11b 4.04428801397572 0.160978335863122 -0.219925218113035
Snhg11 4.03263127471222 -0.202566614868666 -0.321055180657832
Cpne6 4.03078365406429 0.497075350450366 -0.102245838705863
Cck 3.96333376948201 0.0692274044338847 0.201875878094636
Crim1 3.9186372901059 0.392881994312627 0.316579569659345
Epha4 3.86609273578968 0.429356258262761 0.134640598764791
Arhgef28 3.83916646931602 0.539817929369193 -0.244372832548991
Dgkg 3.79581817175304 0.24524437402048 -0.225777554296183
Dusp6 3.7349773242162 0.297358994200552 0.039500472924493
Tgfb2 3.72588800823847 0.241348660140894 -0.102042608818132
Myo5b 3.71771565746349 0.17981379947916 -0.191552123898121
Tenm4 3.64972624619778 0.279419332989055 0.0451838786003621
Lmo7 3.63796052992981 -0.0751380140276776 -0.158633042102776
Ndrg1 3.63692140945332 -0.0130855234828291 -0.170186067463441
Cadps2 3.54919244100733 0.10921518139679 -0.163950780651831
Sorcs3 3.49562102338574 0.508747286396499 -0.00265251121384192
Ankrd33b 3.4559638157756 0.500474615163039 0.418094641130774
Nrgn 3.41831006198269 0.155471784264871 -0.197841700785316
Gria1 3.40499903544466 0.234810888961357 0.0671036773738972
Car12 3.1832491752101 0.381580266716657 -0.170557209309715
