Ddc 7.70204002252917 0.391083407773597 -0.270227367809834
Slc6a4 7.30370334795486 0.9019269831353 0.796771930973013
Sncg 6.94509061644752 0.437030019097616 -0.0754332470465241
Gch1 5.92458742650744 0.636348616943778 0.0559072527506075
Fev 5.58153418104516 0.816540972416027 0.726860787994112
Slc22a3 5.23593208130661 0.763470641690914 0.78277914886803
Tac1 5.21578045165273 0.244990294059621 -0.304323276910746
Ttr 5.19911973266467 0.266046704938685 0.0167118335495207
Ctla2a 4.67312924101802 0.804550061553544 -0.0788893524818673
H2-Q1 4.62750086809702 0.833794616918096 0.728577259648078
Klk1b27 4.50758095830799 0.807795630967281 0.174081304766435
Gata3 4.07437151080133 0.881904480500048 0.136167549413832
Ctla2b|Ctla2a 4.02396917294876 0.809856424576371 0.110890234264813
Trh 4.01621908234016 0.775692990886417 0.577716984327302
Ptger3 3.90730526688758 0.732642806579643 0.642238236029931
Gpx3 3.83401461266866 0.478002546540433 0.478137711852709
2010204K13Rik 3.78672349999268 0.375997412163618 0.67853760645998
Cited1 3.76237397597339 0.726551428988144 0.571018228933882
Mal 3.66753746233974 -0.0962052673164102 -0.0558480298057107
Myh7 3.65594835673578 0.215317381801189 -0.101183370532593
S100a10 3.58527012194611 0.154782873363422 -0.0491737586085292
Pcbd1 3.47556555495186 0.346730503856028 -0.111861090479832
Apol9a|Apol9b 3.45147224074316 0.816100369571418 0.629403455732987
Gata2 3.37871813860869 0.560375306610283 0.147746369541103
Crct1 3.0331798632716 0.866714954606459 0.870679577511321
Prr15 2.64536265244665 0.49391378645703 -0.232496829422883
Pcdhac1 2.37946199386066 0.444114835006179 -0.0354801899285509
