Gpr88 6.67477494755183 0.861203811056419 0.819434051241151
Ppp1r1b 5.48865647341233 0.617343458417541 0.715714215741383
Ido1 5.42000796883921 0.88751599442364 0.840458281883777
Pou3f1 5.34825577758107 0.441985024582944 -0.246447941281288
Tac1 5.12328744122493 0.425440656208904 -0.304323276910746
Sowaha 4.94671362074787 0.573187313379936 0.120977451165191
Lpl 4.91852628508676 0.381042487517562 -0.129418679526021
Rab40b 4.65277615848709 0.517983895800528 -0.110987917466798
Itpka 4.6048997834151 0.175321170341759 -0.168771117263653
Pde7b 4.54522534324553 0.749773631411145 0.315211291029215
Meis2 4.52380542878069 0.538856501895022 0.2566117229674
Foxg1 4.35834852702582 0.299752073722218 -0.122651253192478
Ptk2b 4.34921780877016 0.489143055486746 -0.208154906521022
Bcl11b 4.32706883280309 0.446533877158829 -0.220093536906247
Tiam2 4.1905604820571 0.597110517253723 -0.0698302926874681
Rin1 4.15912246637986 0.678651861775225 0.35075686277394
Gcnt2 4.14107263951305 0.564755569266845 -0.165151578502297
Rasd2 4.13693531771786 0.537934247421177 -0.0619758172254164
Lamp5 4.10779511872117 0.409486360423819 0.00673628489693743
Penk 4.10372875222783 0.431347904156647 0.00977055495942452
Foxp1 3.98187317807912 0.594979163620842 0.551683716284823
Crym 3.96570940862668 0.468956955107902 0.0284991373889022
Pde10a 3.91994414831386 0.77782770784398 0.683965008458666
Rerg 3.91297972132841 0.439712868061189 -0.213945797650828
Isl1 3.91272851031754 0.628474496064245 -0.186641970814882
Ngef 3.91182062561988 0.393993735282379 -0.168840686827518
Rarb 3.91059865801492 0.587556366222045 0.101342863210633
Foxo1 3.86407231594127 0.661281713852443 0.534632642043074
Lmo7 3.84174088850087 0.112727405326402 -0.158633042102776
Pcp4l1 3.83239473911556 0.464052906739429 -0.132577391828846
Pde1b 3.80089639644101 0.678508245938326 0.744279958763795
Myo5b 3.79727590281237 0.445332103228032 -0.192908026168448
Carhsp1 3.78268314024353 0.397802254027932 0.321049977683974
Npas2 3.71134902702517 0.776324223550402 0.755107483356372
Kalrn 3.69479962008772 0.122598175582635 -0.193358067196138
Prkch 3.67760374558039 0.805751822539784 0.0803299832127456
Dmkn 3.66927612643023 0.794700385062913 0.300702444431553
Gabrd 3.6125756138963 0.427827466399434 -0.230298886805095
Kcnip2 3.59044027189032 0.769094941612409 0.138549528538564
Myh7 3.53104702406791 0.509572342183238 -0.101183370532593
Camkv 3.50722247885609 0.459644941352286 0.234094979130179
Stk26 3.48905809105061 0.501560624927201 -0.161192512873859
Rxrg 3.45902347526993 0.638356655890077 -0.200671903927242
Tpbg 3.38670498710002 0.580595952960638 0.162771728488756
Rasgrp1 3.34728726508035 0.603434362888052 -0.0762200274039363
Kctd1 3.33542281587974 0.397651869127582 0.158854572200142
Kcnq5 3.33530123446513 0.560846064158532 -0.0269250065277104
Arg2 3.01439366071116 0.685647291714447 -0.21287098459576
Cacnb2 2.93674858856866 0.548452885611795 0.155634283062915
Homer1 2.92415156632884 0.650214698385173 -0.0519991145996084
Rgs20 2.78443442979529 0.647903180456767 0.0922000219529274
Fbxl3 2.68717561026643 0.42380104294065 -0.0292975148736997
