Tac2 6.93926395823197 0.850904446860544 0.374379255560739
Htr5b 5.95660394798958 0.86881748462192 0.635243464890993
Lhx9 5.92530578905771 0.848704605387292 0.638182176651118
Necab3 5.90812682604304 0.791724160623598 0.803787880086612
Syt9 5.77367681689232 0.661894147782684 0.784671065086134
Irx3 5.73001425413455 0.743650131967064 0.371862345540947
Slc18a3 5.71976357054148 0.793368934062864 0.0512011449861028
Nppa 5.69100822566216 0.935176819046364 0.897517243881343
Cytip 5.55165125930338 0.822671030696616 0.804604191735013
Slc17a6 5.26717481870086 0.536611453389422 0.188924315298468
Vav3 5.2575385260134 0.562119703028046 0.674241583862361
Tnfaip2 5.23787583936016 0.763958818613339 0.416681760667042
Zic1 5.14760795296277 0.257223032700146 0.119121957297007
Sncg 5.0996034347833 0.335663609732358 -0.291212797321151
Kcnip1 5.0683934452186 0.35202367785703 0.38994090288589
Tcf7l2 5.0571080781961 0.542146794059805 0.194277242204096
Pou3f1 4.72515506337405 0.0760233068806149 -0.321155396045414
Mcub 4.7199704158795 0.608999035563503 0.56600105965489
Neurod1 4.71049050242902 0.377598495979449 0.266441108511731
Cxcl11 4.66087610192743 0.889139597706962 0.809927493554388
Irx5 4.62255843450284 0.775954327133923 0.656430047289794
Necab2 4.59647097537176 0.46663276502722 0.692902876259648
Irx2 4.55946782429205 0.84370537077803 0.828322794512194
Tyrp1 4.45595758231066 0.875525431305401 0.623631855507399
Nr4a2 4.38572837894587 0.484710081124363 0.139505843596189
Chrna3 4.337653223963 0.679508989428072 0.473895235249205
Sostdc1 4.26837614244693 0.782330878148092 0.776372489163073
Sh3bgrl2 4.1210882476117 0.655155346668673 0.73590402698537
Copz2 4.05954693769158 0.715964157520872 0.550921831806621
C130026I21Rik 4.03587176524393 0.894759208424768 0.800429800648379
Fzd7 3.96320072606471 0.626316382685352 0.52581007656545
Synpr 3.93874491773338 0.269782485700939 0.569382312584025
Fgf1 3.91052892777354 0.250395320010832 -0.0817562069362734
Zic4 3.89522119417756 0.715892712468942 0.666797752496561
Mtfr1 3.76189312291713 0.405632884998483 0.383406184970224
Nnat 3.69728934984564 0.219596617472045 -0.102125743604556
Kitl 3.61988982120243 0.186115975253821 -0.152521895687301
Nptx2 3.60509028564677 0.644151621524347 0.357587875527352
Prkcq 3.59014585360776 0.593407363219016 0.318290605812471
Lrrc3b 3.54389234288915 0.648536833917378 0.651309816174364
Eno3 3.54373177753722 0.703455569093595 0.674460992941735
Cadps2 3.54360011093389 0.108440444759524 -0.179336564615659
Sstr2 3.51877947002138 0.49169407183663 -0.00218187657929106
Ctnnbip1 3.49849034784456 0.690134453059335 0.728158659852654
Map3k6 3.47212026038188 0.787090102708758 0.741703434020968
Hopx 3.45601044194544 0.0263462064435002 -0.215424395263753
Gabbr1 3.404774276773 0.263150646524795 -0.100242994568506
1190005I06Rik|Gm27021 3.39026497547242 0.454840677747512 0.142785304227037
Cacnb3 3.33303052604687 0.53141626813478 0.564235911058699
Galm 3.30955751394849 0.671923846225467 0.457561903764111
Tspan12 3.26426047331869 0.44292529576598 0.0815024398858982
2310030G06Rik 3.23980047378973 0.584812750087201 0.0842009612134189
Tcf7 3.07630855803227 0.659087345925015 0.602289106377088
Tex15 3.05758767795403 0.729396682671262 0.560744495430885
Sema3e 2.99694906736534 0.406588349822031 -0.0837381549221853
Ifit1 2.91087331984962 0.692993650190997 0.134305801368292
Spa17 2.89281669377459 0.555681373196059 0.329155820684455
Gpx2|Gpx2-ps1 2.79601202026116 0.730166482718654 0.403843165006389
C1d 2.78801955295644 0.253447859192014 0.352022585193674
Chrnb4 2.65071005705145 0.868790416038054 0.776657849442204
Igfbp7 2.6311457957441 0.506298347335764 0.0444693388462567
Ints3 2.56133213460793 0.551371744003322 0.347848311621577
Pcgf1 2.5200431647161 0.306287113549101 0.147882976255936
