Serpinb1b 6.58152836189203 0.886335202256701 0.876560651608933
Lrrtm1 6.07061048027473 0.546974226376502 0.529590990127865
Sgcg 5.93425004284396 0.943451488442545 0.945755120360766
C1ql3 5.88925475890953 0.4882866927263 0.143910021770876
Penk 5.45514403714721 0.476759284176822 0.491186783597146
Lypd1 4.91448601869788 0.710965085325696 0.763559769179109
Slc32a1 4.89476851569135 -0.329154524682883 -0.209320910477799
Elavl2 4.86168919671286 0.579040669917166 0.661869641566987
Serpinf1 4.55879806972799 0.659103059090253 0.0743044568399635
Resp18 4.44207160774751 0.541975921743384 0.539315016984162
Plxnc1 4.42406175563327 0.423098869454632 0.174599008152351
Tfap2a 4.38138386456809 0.2343255587454 -0.18441452737037
Ceacam10 4.28393608137078 0.917402205730167 0.900356948880755
Etl4 4.26772578343758 0.0293471340980164 -0.209636192581992
Neto1 4.2330114000517 0.492818963012943 -0.103924241279801
Hspb8 4.19771380020407 0.724928024237835 0.713613046608197
Lgi1 4.17456996742382 0.605904167866256 0.622324699301185
Cgref1 4.07149561347011 0.777484298428365 0.798907059181818
Scrg1 4.06647645008043 0.278264061639738 -0.156252100378787
Rpp25 4.04293766361373 0.55241761371692 0.488269065431362
Mcub 4.02689514637833 0.884983777820877 0.851611431349519
Rab3b 3.99472193522796 0.666322560286014 0.664917665398518
Gdnf 3.96776612576314 0.910870169786387 0.894463157024318
Rasgrp2 3.96354613867932 0.78090979134402 0.699745288959915
Mal2 3.87623559379727 0.618596892797033 0.299320594829724
Ptprk 3.76414854501859 0.201283483549744 0.542408384960876
Klk1b27 3.7522604316685 0.934897894109061 0.916349122225867
2010204K13Rik 3.75225995538641 0.549783159262748 0.422678592074524
Rab27b 3.6643743782174 0.577736039177664 0.459006992878736
Cacng3 3.57005543719434 0.762258408492805 0.627951062941895
Vstm2a 3.55077729626103 0.35028276740336 0.266592683371239
F2r 3.50714702874625 -0.0446023335941199 -0.195473477897249
Vat1 3.45547352040776 0.244622538692649 -0.0557407888715557
Ccl19 3.45349489638506 0.601475932066072 0.657579661565202
2310030G06Rik 3.43951452407601 0.715257685611414 0.714497862713254
Nrip3 3.42175650688405 0.00708955252740834 0.36399713628741
Gsta4 3.41038865804826 0.429399573745356 0.537414816345963
Slc8a1 3.40079366286161 0.0634348577548575 -0.163636815815252
Aif1l 3.36659648319176 0.289066636004287 0.107027296902712
Gnmt 3.34068021400378 0.782805600101386 0.474790501961159
Sln 3.26842502660276 0.736067394579047 0.0931465165207737
Ccnb1ip1 3.09180277431768 0.633110017716069 0.172944114754961
Cplx3 3.03231981576241 0.742075210392549 0.734769477249386
Flt4 2.98920005094943 0.718556440542847 0.666544366714657
Cited1 2.89046680875576 0.598149981511901 0.457221487309869
Slc35f4 2.84623494722706 0.727125982962107 0.693882128361637
Nppc 2.84399096658149 0.633192750182534 0.629926985149296
Sult2b1 2.82975988696784 0.404177669455088 0.364385008230598
Rgs6 2.72144052663369 0.80703308558662 0.754868197104631
Actn3 2.6472201555495 0.839058942049053 0.829426394833356
Dapk2 2.43940644272519 0.400651502217882 0.352033770638997
Amn 2.36706896936782 0.5435409545878 -0.125957064954093
Pnoc 2.29559619296448 0.630626951575637 0.284708873723629
Cda 2.25244147371037 0.815513958792346 0.773131924086043
Kcnmb2 2.22826863364281 0.667575061930228 0.620451771433642
Spa17 2.15008032437341 0.55311867431074 0.440520210315409
Samd11 2.14460311884415 0.663044724198466 0.649018404295504
