76408
11555
11576
11629
11727
16952
106952
70497
171207
216445
11857
381319
12229
72691
12796
12335
68891
217303
12489
12506
15985
56708
26888
56644
102545
70031
12986
68964
227929
76088
13593
192193
13713
23871
107373
26382
14247
231931
14676
14960
14998
14991
15242
15446
54486
74096
213002
16154
16155
16170
16331
239217
259277
52855
16819
16909
107321
16970
233328
16988
17002
17095
16658
17159
17305
218203
246177
72560
74039
114249
64099
30955
224860
104759
72324
68507
16912
19253
15170
54153
20111
98365
56485
53945
50934
69780
69178
27060
21682
21810
21815
230787
21898
68487
21938
24099
83433
217333
74153
54445
22320
