Vip 11.8875375169938 0.941283879280287 0.661942731887831
Tac2 11.0428299344616 0.935256482439406 0.553162484853226
Htr3a 9.66346096361404 0.931211597057649 0.513327920070687
Gad1 9.53165409074342 0.31321140604275 -0.016946969335337
Sncg 8.98189502402487 0.873843376389324 -0.251518788821357
Synpr 8.82023983335679 0.484168827316287 0.342793570258887
Npy 8.37220477517211 0.391151856284495 -1
Pnoc 7.73843979664131 0.652639705884676 0.556671515711746
Pcp4l1 7.53641226376424 0.219835995313467 -0.0244311156935425
Npy2r 7.52901496694683 0.851181716260246 0.378277700371464
Slc6a1 7.48419192756838 0.118777885775664 -1
Igf1 7.46026983037898 0.752800180902323 0.490903699744717
Cnr1 7.36989076708718 0.573171246152201 0.431597288647842
Tnfaip8l3 7.34485022825468 0.888683937751622 0.394245740047969
Cxcl14 7.24003975624825 0.856371855450641 0.625455283862571
Nr2f2 7.04434057226319 0.707323223869197 -0.333333333333333
Rgs12 7.00162575799997 0.695434511102971 -0.00156620222385776
Dlx6os1 6.95713059925806 0.57232683576962 0.545835507997241
Zcchc12 6.92479019510512 0.314608428702753 -1
Adarb2 6.84963092752578 0.875903995868906 0.429023208955479
Gad2 6.82923062149838 0.404262274386431 -1
Sp8 6.57779489518016 0.920736242172504 0.61299473914298
Kit 6.34365615700619 0.637516917441159 0.335809250857538
Crabp1 6.26698727279284 0.964528416231728 0.647201954352187
2310042E22Rik 6.20782903907746 0.68268848933925 -0.333333333333333
Nnmt 6.01986073684337 0.718105480793806 0.299395163174903
Crh 5.91171074393622 0.835085765215198 0.110398915229447
Cpne2 5.82499874701984 0.586490963846617 0.446528305047907
Sema3c 5.73291418786715 0.627888452415451 -0.217408818307402
Dlx5 5.65767392428222 0.440282045044464 0.385220256272836
Cdh9 5.61717358532669 0.38284733850599 0.462662682948681
Kcnip1 5.60189648454136 0.402827660230184 -1
Dlx1as 5.57053876134727 0.582906997300597 0.428974909267553
Galnt14 5.56295827522844 0.415683919959249 -0.0399600091532651
Nell1 5.5374345304856 0.305353091179622 0.160320300963481
Hsd11b1 5.51058745999992 0.295378436131524 -1
Galntl6 5.4241316171787 0.0540877333539762 -0.198101294693326
Fstl5 5.4191484832536 0.496662116824032 0.146394208331436
Fxyd6 5.41793287465259 0.470516508204783 0.0594414494710186
Tmem176a 5.41221496929945 0.331601009014945 -1
Qpct 5.37155242337919 0.455947684968632 -1
Rpp25 5.36389660549411 0.356024321706992 -1
Gm15881 5.34255016357407 0.119428315183702 -0.413845949487522
Nrip3 5.31636768617634 0.225754313277114 0.326001468400305
Rxfp1 5.30851265156395 0.448328012570214 -0.296078959144268
Zmat4 5.19698669880557 0.0559943153371148 -0.0400490501162491
Plppr1 5.15241311849483 0.542932998737291 -1
Cadps2 5.1501077832533 0.484152229421484 0.504316958577231
Btbd11 5.13338252942934 0.363068078126938 -0.396553348579553
Pdlim2 5.10316437681002 0.624894502869805 -1
Fgf1 5.09650229798819 0.575686134720205 -0.221861199894753
Casq2 5.06672703627612 0.861622267226928 -0.333333333333333
Maf 5.00484819776939 0.20346870739524 -1
Sln 4.85445879737439 0.901340835424852 0.529451915689391
Thsd7a 4.82172000551981 0.357704721144124 -1
Serpine2 4.81699037289097 0.165593773018137 -1
Npas3 4.79669855340136 0.574683165470164 0.448974468376478
Anxa2 4.77018132113928 0.46620666272693 0.0518458971334206
Htr3b 4.75745229391585 0.956998821582527 0.657979179704679
Adra1b 4.71590569488818 0.845520588179255 0.527370103691915
Tuba8 4.7043394401741 -0.0520820870561615 -0.437200725740605
Ankrd55 4.70247599815319 0.449988006264687 -0.351798103953394
B130024G19Rik 4.6624234452133 0.859618068757462 -0.333333333333333
Rbms3 4.62667793569625 0.352169759285865 -0.192743424310817
A530058N18Rik 4.6188939072827 0.347696334580391 -0.317512460899534
Rxrg 4.60889263749999 0.595464647210005 0.221381202396744
Reln 4.59082653831386 0.583819258821777 -1
Col25a1 4.58820783511871 0.686850213251069 0.336140150479681
Rnd2 4.55255661360976 0.136094416242207 -0.04848747210638
Klhl13 4.54334992418401 0.385011192221973 -0.220201445301714
Serpina3n 4.44748542997724 0.370290458080687 -1
Necab1 4.44503726106208 0.117715956426503 0.0820789195861597
BC030500 4.44303313052219 0.121168803699185 -0.418419513239989
Cbln2 4.41852387089108 0.211333737597056 -0.333333333333333
Dlx1 4.41248890222021 0.610406145515877 0.475083701149203
Dner 4.3921824357265 0.25310396178575 0.0563614894761193
Parm1 4.37803548772587 0.0632875411097796 -0.333333333333333
Cd63 4.36783583590382 0.117534182378901 -1
Pcdh20 4.34606560022997 0.429203537743482 0.091595164459852
Rwdd3 4.28058425980413 0.69979285622462 0.514855331185331
Fam46a 4.27262186653031 0.266620318788193 -1
Nupr1 4.24560211246697 0.131260260549697 -1
Sox2ot 4.24311868735704 0.333426959550904 -1
Gnb4 4.216486403683 0.236112357824174 -0.333333333333333
Pcdh8 4.20415129760641 0.480568984023762 -0.0036083863391058
Fam163a 4.18068532486015 0.690564731938114 -1
Gng4 4.16331370531882 0.326080807109845 0.336462495992241
Agtr2 4.16154222321232 0.919366030763976 0.666666666666667
Htr2c 4.14401137231924 0.697163253785091 0.273284711175948
Npas1 4.10065807012339 0.933609072096965 0.634961107166672
Ttyh2 4.07376529684748 0.347824690296543 -1
Fbln2 4.06721546432505 0.677600206438084 -0.303264017857034
Enho 4.05348773433028 0.627963085324796 -1
Cacng4 4.03636028148465 0.682185338108259 -1
Cntnap4 4.00273420720914 0.1933101004596 -0.224757387524582
Prox1 3.98753286351992 0.742877439062646 -1
Bend4 3.9790426593086 0.535590202548456 0.444375025041418
Rgs8 3.97575197155634 0.526923284288696 -0.333333333333333
Tmem176b 3.96332321751319 0.074337240492177 -1
Selenbp1 3.95714121582625 0.418778909611131 -1
Sorcs1 3.95050244665699 0.463828005230376 0.26822530456327
Syt6 3.9434986494786 0.569074887961361 -0.333333333333333
Egln3 3.9309400439362 0.922196259572104 0.610144777016816
C130030K03Rik 3.90643382911284 0.606764527938739 0.324316211168974
Kcnc2 3.89891359344137 -0.119536056847951 -1
Mrap2 3.89670592963452 0.693612777632935 -1
Racgap1 3.8930431623323 0.68582877926958 -0.106246420758481
Aldoc 3.86438591660811 0.079331908310397 -1
Gm11110 3.86124959095473 0.623015025450576 -1
Jam2 3.84653472289378 0.334425783367993 -1
Gprin3 3.83110968777571 0.516890953827466 0.259340182470525
Tspan2 3.82212471075204 0.171513760203886 -1
Gulp1 3.8195222134411 0.70108194903673 -0.333333333333333
Pcbd1 3.814925610489 0.450354559620664 -1
Gipc2 3.80596061632347 0.672418518194175 -0.0238638673623097
H2-K1 3.80028466018288 0.406679776820729 -1
Ptpro 3.78320334105207 0.492007366069534 -1
Tmem200a 3.76930194399827 0.320180301561636 -0.333333333333333
Syt17 3.74433616279953 0.0798086911748369 -0.333333333333333
Arl4c 3.72535048038165 0.263957758376412 -1
Pcdh18 3.69329687262738 0.663614289887289 -1
Hapln1 3.66601677708901 0.366685827321883 -1
Lhfpl5 3.66172081289621 0.141349166833272 -0.323671442208706
Cck 3.658887499625 -0.00533042162172587 -0.240928318534334
Unc5b 3.62358508176562 0.699901193219202 -1
Erbb4 3.61829186725739 0.35412503634071 0.246222147986387
Kctd12 3.58418994221518 0.552644221825701 -1
Egfem1 3.57550804497927 0.512129572271887 0.0302942756416854
Hrh2 3.57102093032574 0.533082216563329 -1
Sez6 3.56411383274133 0.0470287839339347 -0.333333333333333
Csdc2 3.56265564585815 0.208816415003501 -0.0386775952388213
Nectin3 3.54609138720469 0.273435242104543 0.0227356734610576
Bglap2 3.52982094652869 0.935534095650221 0.662907027598855
Rgs10 3.50366302586873 0.195494450565068 -1
Chrna3 3.49184304264453 0.868223293728592 0.380623374621844
Edn3 3.48062693203081 0.756532831383359 0.471780677306095
Dennd2d 3.47702965301306 0.87167795966787 0.551499564567195
Rasd1 3.46927755229072 0.369042186857121 -0.333333333333333
G0s2 3.45569151243572 0.18489953365719 -1
Dpysl5 3.44278345679046 0.532687155736926 0.368268498096093
Hdac9 3.4319447990835 0.527225927746282 0.0771647210227001
Ngb 3.42444659740419 0.452812006277773 -0.333333333333333
Crispld2 3.42079729944288 0.839916023210707 -0.329061306973691
Slc44a5 3.40055500057995 0.739516051790154 0.451099282521648
Fkbp11 3.39037153730017 0.385196666454344 -1
Vwc2l 3.38224201156405 0.330436399087023 -0.33997306964441
Shisa9 3.38039590671276 0.435137852163853 0.0882296469829106
Robo1 3.36754928633099 0.529904357103237 0.444973937175391
Glra2 3.36749744674486 0.2468122374563 -0.333333333333333
Syt10 3.32901889076641 0.132912644040203 -0.333333333333333
Slc10a4 3.18394015648526 0.966224416328481 0.663654088879091
Ribc1 3.13457300265112 0.818268025364004 0.576911758632683
Cntnap5c 3.10628679716639 0.470801169953556 -0.360213341316552
Gm13305 2.99933138856601 0.567715430345698 0.024078169832603
Gm8773 2.97012921092087 0.78130066859505 -0.247069618148862
Fgf7 2.94375315504168 0.869470251373221 0.366267451681149
Zfp618 2.91142035243204 0.726525223981062 0.382232960712293
Gjd2 2.88613203544172 0.731646243267537 0.146160936242047
Bpifb6 2.87423489516364 0.966666666666667 0.666666666666667
Rgn 2.83245605565917 0.959843158868301 0.623606894435083
Mdh1b 2.81879214154612 0.818712039573733 0.243933371272641
Plekhd1 2.78308525090079 0.710012541547997 0.0650883119089997
Sspn 2.76202484005156 0.810642307028859 0.460655583065034
Sardh 2.74847790892431 0.716427641490391 -0.333333333333333
Capn6 2.72095766390924 0.630805767490704 0.417693047471401
2810442N19Rik 2.71913393866655 0.806595452087676 -0.032278187579806
Serpina3c 2.7085025792003 0.958148825434069 0.664302981080656
A530072M11Rik 2.69977751053704 0.715961726655213 -0.0276823759964278
Etnk2 2.69789906395682 0.503436258873124 -0.333333333333333
E130006D01Rik 2.65992455840238 0.74119246737792 0.25866349228006
Pde11a 2.61974836509524 0.895764351349884 0.488755338246298
Gldn 2.56844061650361 0.895075983055987 0.507415758337047
Agtr1a 2.55791767770693 0.953972262208597 0.56380057782143
Slc29a4 2.49081237003078 0.759647349146255 -0.289034654315698
