Nrn1 8.00359592216033 -0.0972731341115142 -0.259816116284377
Neurod6 7.2693334019331 -0.0227359109161262 -0.294910352831325
Igfbp6 6.29780370944667 0.123808503396293 -0.342511880228362
Gm11549 5.89810149219482 -0.105806668708162 -0.36599087405181
Bmp3 5.86256264830053 0.57937015618274 0.549875139982132
Sv2b 5.72249302714975 -0.219109119926618 -0.243910831452564
C1ql3 5.46265090819333 0.39161445797348 0.378383133520115
9130024F11Rik 5.36878151601181 -0.108957871730902 0.14513654587526
Mas1 5.08946550927676 0.25842653954879 -0.180826490229885
Nrgn 4.81397202149371 -0.184105462247896 -0.314280550565449
Dkkl1 4.74170325433657 0.132177476653584 0.408601843363889
Slc30a3 4.7006969362047 -0.168607026014898 -0.256161631458553
Penk 4.68880553630159 0.639700678838163 -0.387307093187491
Blnk 4.64852621594243 0.411499958572955 -0.0257509148918262
Syt17 4.59286149443975 0.263271807649895 -0.333333333333333
Arhgap25 4.55444301325395 0.191348175730124 0.00253222744806362
Pdlim1 4.51909068813823 0.14307269246259 -0.333333333333333
Itpka 4.3881672158004 -0.0965923118726116 -0.217180549083462
Prss22 4.37472210560641 0.646715728978215 -0.0833988008863915
Syt10 4.33796368608189 0.400726124650348 0.0678525247765521
Nptx1 4.26559726701988 -0.048624286787642 -0.319704316000446
Kcnv1 4.22951038991407 -0.0810706741477738 -0.383804594203815
Cplx3 4.2264311282877 0.439083615971247 0.0814070569757711
Satb2 4.16265964885725 -0.110433328461753 0.201540793553506
Slc17a7 4.13953643013848 -0.146946841246431 -0.32398043384863
Cmbl 4.1038267922392 0.468096190820126 -0.333333333333333
Cd7 4.07757213290698 0.274274564599261 -0.255700914826951
Gm2694 4.0734676885261 0.625107315500901 0.0955405124088059
Rasl10a 4.02259686380764 0.536628943851389 -0.194674733841231
Galnt14 4.00598726651882 0.288694904141375 -0.257871569882155
Sstr2 3.98358190329205 0.0889746277586784 -0.191187462851813
Gabra5 3.98179938531873 0.212030388829198 0.0611101621196801
Ipcef1 3.98066800171193 -0.124023238868824 -0.23264556781847
Rxfp1 3.97839330747975 0.359862050550457 -0.39471006715697
Ak5 3.90560008025473 0.046626404581056 0.195992378475334
Hs3st2 3.86167391693806 0.120037744580119 -0.466421266810256
Bdnf 3.86024356711379 0.0789673737539873 -0.486861538335706
Ccdc80 3.85439294445208 0.262841920602075 -0.319612417411627
Cited1 3.83832780886021 0.437809204089489 -0.333333333333333
Pter 3.83042144262324 0.394141360878208 0.247105203158441
Tnnc1 3.81533209267706 0.323630931574282 0.229513695656129
Cdh9 3.81271842936634 0.195627720647489 0.0536610027584907
Ccdc113 3.81260135390466 0.30087452253821 0.218081097037526
Rgs14 3.80990412894062 0.145317204700458 -0.00402747549974371
Nnat 3.7317975154569 0.483143345386358 0.310203981020596
Col6a1 3.73135130568053 0.414300252754951 0.194689393872329
Ctxn3 3.73049830228703 0.419087631665911 -0.220992011894626
Glt8d2 3.72719383006756 -0.0590536528405421 -0.207202728974201
Trp53i11 3.69003851212752 0.188313730024976 -0.00782799521280273
Myl4 3.64246020259685 0.0843728894698328 0.0313981307171892
Lpar1 3.58375581060514 0.325664431766554 0.0583029925937522
3110035E14Rik 3.53118894122705 -0.0941840429734731 -0.333333333333333
Ptk2b 3.5020788076847 -0.164357530704874 0.280713858360807
Cpne5 3.49746448940192 0.304947117910096 -0.333333333333333
Hpca 3.47045384137106 -0.137119270566263 -0.131244031159657
Cryab 3.46583128883706 0.0728622996377422 0.185027061601823
Gnb4 3.44521245351256 0.23291731289604 0.287630430948047
Il1rapl2 3.4339950054626 0.413374631828936 0.0510254889960355
Thrsp 3.43073889014989 0.117005038756607 -0.00966547813673822
Enc1 3.4139443763483 0.0114314995516135 0.416960375982079
Sema3e 3.40994516337245 0.242161993088175 -0.0682414223258419
Drd1 3.36776686138088 0.189424298765993 -0.290776159746221
Cck 3.36660343182572 0.0118549933037459 -0.240928318534334
Fst 3.36033203627884 0.809037281597661 0.115362764091578
Mgp 3.35724485930705 0.128338859241811 -0.142977428720986
Gpr52 3.35474758406042 0.677467837725399 -0.174284495706127
Car10 3.35361219188193 -0.0994510275649326 -0.243661912684202
Dynlrb2 3.33428015644344 0.603505826201824 0.179247120240476
Adgrd1 3.02842646625106 0.610484932009725 -0.217427074703561
Fancd2 3.00869654988549 0.489220518975307 -0.347625958037674
Car12 2.9422730744327 0.748166695964174 -0.178284565114189
1700023F02Rik 2.74070812837292 0.923588753214063 0.3244353255955
Cldn22 2.69065619235306 0.55681161611619 -0.0555010773561803
Fap 2.6326107563991 0.315203206413329 0.109700717528781
Slc26a4 2.56124855410654 0.765883834973906 0.573055407668249
Gm3279 2.50271100875941 0.622424388961528 0.374068332992104
