67326
50765
216233
20974
69908
27281
78977
68567
22771
20979
12903
20194
15569
57754
76917
21823
73720
14432
103768
114886
72269
12564
50786
20257
16392
14406
80515
19217
212531
56418
18573
78593
12404
80883
229759
14608
21338
20983
19240
14419
20541
57816
213417
14783
14226
13447
228543
75141
18082
66402
16939
22342
57775
17758
12652
20618
11936
63993
72585
13599
72185
27220
13056
140781
11423
80334
14077
14778
102614
19711
64337
83766
20508
20195
17380
18216
26366
14573
16875
16874
20733
12904
29859
66815
71733
433855
19894
218763
282663
14570
103098
22065
13180
