Ptgds 7.87111608314231 0.646672202847123 0.202874257107598
Fmod 7.33822181254827 0.826216369770642 0.746622602704463
Rbp1 6.63579353456653 0.674436264507429 0.588854276871307
Zic1 6.56141018068971 0.555922034935742 0.203829929172455
Ogn 6.33157583461445 0.863659014722453 0.199011224791515
Aldh1a2 6.04954148053115 0.926422712487197 0.888803939555794
Mgp 5.99800212374837 0.790005857706286 0.280489766343117
Slc13a3 5.86338991537195 0.476256810908919 -0.193296634448231
Atp1a2 5.85178009106184 0.500306852097429 0.698122117007564
Gja1 5.79339583192092 0.117774805516297 -0.237958191458906
Nupr1 5.78239728646327 0.670885709836229 0.542357862633195
Vim 5.61352765576073 0.40798115071172 0.00276070730124991
Spp1 5.53485537736887 0.846010711919999 0.463165066277335
Mpzl2 5.53218812336779 0.94195437727297 0.862458131591535
Apoe 5.36391088926897 0.232135405202109 -0.231207778287533
Neurod6 5.31440443334057 0.46339856310123 0.253445741350859
Crabp2 5.30003778294987 0.751618113461417 0.0752941561852217
Cxcl12 5.24253918191343 0.660603979470085 0.103118241546312
Tnnc1 5.19032066898086 0.753507218193084 0.794059711724366
Gjb6 5.18452188743371 0.558774067884408 0.370244052395314
Ifitm3 5.02271381255349 0.652288143374526 0.454256543353492
Anxa1 4.97145497873825 0.815061611154921 -0.0950676257444688
Ifitm2 4.93869819559803 0.832631857484175 0.78685376580457
Efemp1 4.91527715306461 0.620231098352911 0.0655327782465309
Aldh1a1 4.84992604993741 0.415192699876295 0.0767382696853988
Phldb2 4.8304892785184 0.676953138866658 0.425948617874699
Igfbp2 4.79954571920195 0.623840440380581 0.408008926758902
S100a11 4.78067078984429 0.736800526344215 0.790739500637443
S100a6 4.75712473925543 0.225301478626124 0.0615315018315341
Anxa3 4.73338861876326 0.773775486079087 0.76339350979358
Krt12 4.65954374529832 0.448132869219579 0.381943728506488
Lamp5 4.58551461868407 -0.0792886861341588 0.00643339142105512
Pcolce 4.5376629635573 0.81143867015304 0.68881677815468
Sphk1 4.52170176724805 0.794552294746023 0.756511753290946
Nov 4.50993016833941 0.282536756451435 -0.124840908964785
Foxd1 4.49842746291399 0.940272399956485 0.921310599377342
Vtn 4.45651316238268 0.831107003089438 0.64088546557159
Foxc2 4.45102926203065 0.912171463987984 0.937627851661131
Islr 4.37821113742662 0.73595390328561 0.268284894462981
Igf2 4.3217351201418 0.829136039662586 0.832589338137677
Tnfsf13|Tnfsfm13 4.31676854838084 0.743406845676642 0.664281039121851
Ctgf 4.30565315873596 0.387088724619511 0.214375874875532
Myl9 4.28066256448375 0.728717317501368 0.310611433254622
Slc22a8 4.27455674538239 0.914851492135967 0.89245026955787
Plp1 4.25774034917814 -0.29264241177348 -0.198977352322732
Klf4 4.24345019879944 0.458309872326763 0.0719685530119964
Bmp6 4.23076007932084 0.784776004074488 0.839155433141168
Ifitm1 4.21706173090719 0.887796450006231 0.857561574817444
Zfp36l1 4.20805857698062 0.239079978531558 -0.114989471041308
Itpka 4.19096974764218 -0.173781817282363 -0.157557807734253
Cald1 4.17998958908171 0.443262037869504 0.306830112890991
Lgals1 4.11636638267407 0.340522731638793 0.0950926673326743
S100a10 4.11523799044926 0.17057336358952 0.186962119341625
Bhlhe22 4.11208632615086 0.33669979083434 -0.167390134551935
Cnn2 4.09756610606236 0.800040500120091 0.747313955211614
Vamp8 4.05691935479065 0.559994173351045 0.47532427265936
Bmp7 4.03355112654071 0.650268749420959 0.548939802399706
Anxa2 4.00343873736981 0.746005830732776 0.723871082439923
Wwtr1 3.99035771768398 0.483952339300187 0.457367669247526
Foxc1 3.92479303423553 0.943939711535177 0.930212343473097
Csrp2 3.91943632048233 0.662209669165917 0.657023073915561
Medag 3.88619886343746 0.595776293071255 0.199897231160094
Twist1 3.86797967693657 0.942142814291068 0.913819305992626
Pkib 3.83496214191237 0.534514063001236 0.0214531572943643
Id3 3.83361503863859 0.371893266803953 0.162678930372548
Apod 3.8141714157527 0.512837731419785 -0.00413664997126571
Coch 3.79497755622334 0.0505283561316844 -0.219772782618392
Dcn 3.76614727744044 0.674235527604744 0.221006868956254
Gstm2 3.76519968473743 0.910605174590769 0.859504388515483
Sh3d19 3.75578820570857 0.407728648813544 -0.131623645852447
Gjb2 3.74993532765899 0.720789992536959 0.607058145936382
S100b 3.72402568435546 0.144083626644324 0.570202455620548
Myl4 3.71458159444647 0.669860457461911 0.121221899360205
Hspb1 3.71273247985351 0.595435126442988 0.395915683072734
Osr1 3.70384673826471 0.909536065841629 0.892426106553805
C1ql3 3.6492878541859 0.123206361362068 -0.00163605695263457
Ddit4l 3.59666531822225 0.300718156350321 0.0150292875073884
Cmbl 3.5801117854806 0.477457355093765 -0.162737099764941
Cdkn1c 3.56130180910822 0.476861070246509 0.0523160446662498
Slc6a13 3.56092066697138 0.876966313704607 0.884429182442864
Pdzrn3 3.55423770832775 0.346793242652044 0.2855716092304
Clic4 3.55249590980601 0.174098361469884 0.0178686221049316
Myl12a 3.5483416520652 0.35556107318765 0.117719662843785
Tax1bp3 3.52892653369762 0.257476225622892 -0.132189522581772
Nfe2l2 3.49851695606058 0.358385806379164 0.225358170373499
Dtl 3.48068421620766 0.658665871980942 -0.159001682287663
Nnat 3.45373397295666 0.203798987918163 -0.0954402655944221
Sult1a1 3.44601766608904 0.579416031787855 -0.0579019574464893
Glul 3.43019540182605 0.133969844334953 -0.17425495023325
Serping1 3.41508136218195 0.794339342712776 0.452756845603127
Qk 3.41171057272251 -0.256472285556054 -0.171114603909656
Perp 3.40973317322277 0.626679386018794 0.541419958867422
Tmod3 3.39782026136862 0.35752445026903 0.00753641022265219
Car4 3.39044184068337 0.63360858975113 0.433192443527664
Ndrg1 3.37145594072021 0.057526960397908 0.25468544392096
Gng5 3.34913466488793 -0.0175557037552796 -0.212985607774519
Copz2 3.34459335998152 0.695375063888101 0.757773316797179
Wnt4 3.34221486573053 0.588259644773096 0.201895420041454
Srgn 3.33939840853387 0.674802569769847 0.667050176165233
Vasn 3.28001903797897 0.435215170674482 -0.154007906927086
Slc47a1 3.23370266927842 0.834666222467388 0.71668056666401
Car13 3.13107221941017 0.856820721754646 0.811015419327264
Vamp5 3.12431887591179 0.659240350423572 0.322616247797475
Dkkl1 2.91627842820128 0.8092660852566 0.419183162741561
Emp3 2.79734546400873 0.814919216025757 -0.0572054114477647
Anxa4 2.52324159880588 0.688520952147011 0.217777127510153
Tm4sf1 2.24067652435347 0.601530855789302 0.273163540132957
