Gpr88 6.79662456437328 0.834280493187608 0.819925312693009
Tac1 5.68281408553953 0.321505149853709 -0.0894677807098644
Ppp1r1b 5.47628107053211 0.859017806972904 0.889177918769615
Pou3f1 5.37373287342547 0.487130620229837 -0.24647156787623
Ido1 5.21510457185616 0.874009613702508 0.840800175596424
Ppp1r2-ps3|Ppp1r2 4.70439802971187 0.542686051757131 0.0164885348140337
Sowaha 4.64347956558596 0.632957132000504 0.121338571590886
Pcp4l1 4.5768836242412 0.509622827285254 0.331861986723199
Pde7b 4.54412114406691 0.755449255694551 0.432855747525442
Meis2 4.52521922218816 0.574987362278395 0.828415739010712
Snurf|Snrpn 4.44678368426193 0.444817626475028 -0.0913861354720925
Kcna5 4.43937964583005 0.63721493684585 0.263042489675244
Pmepa1 4.33295353408499 0.554135628221655 -0.0998013380625923
Mbp 4.2334513336657 0.152550264058407 -0.233014830496379
Penk 4.21504682892519 0.517818140591402 0.20044094438785
Carhsp1 4.12440140893899 0.413555226948024 0.296423099101445
Plp1 4.11984754878498 0.139519873149032 -0.198977352322732
Kctd1 4.0760847151533 0.665139345346501 0.306358678568587
Itpka 4.04424771579286 0.35046442662332 -0.168119961585375
Myh7 3.99565596216486 0.568838567007517 -0.0930867084056542
Tomm70a 3.97581343082886 0.584467140497305 -0.0442875136870407
Rasd2 3.93353808911119 0.561112688836921 -0.0628753504782891
Lamp5 3.92504789429654 0.361507236542134 0.00643339142105512
Itgb1bp1 3.88006270847196 0.512975098561698 0.230309866135064
Rerg 3.86913282838775 0.368228954809171 -0.214070794523809
Isl1 3.82601338983621 0.581823663646684 0.193374105974916
Rarb 3.81475655068575 0.570508754199829 0.110541146994227
Id4 3.77964922839874 0.319695870519326 0.522632266430992
Slc32a1 3.76549375681906 0.23991324493484 0.0887534231536145
Gcnt2 3.7188446274746 0.532898215359846 -0.16524765436404
Foxo1 3.70251613433116 0.64222270232111 0.535357150909961
Fbxl3 3.69776055202291 0.48534341886272 -0.0291727245108906
Prkch 3.67761494597793 0.750355122705631 0.0876861161197624
Dmkn 3.66942105055364 0.771652723796572 0.622344708694622
Kcnip2 3.62029772885039 0.680945290783784 0.138785060085387
Gabrd 3.61440574677407 0.360562290694386 -0.0014114830556331
B3gnt2 3.59487600179427 0.622851975819728 0.28455458246175
Pde10a 3.57119058314375 0.804549275334429 0.720488148683127
Rxrg 3.56292988385999 0.654611106245572 -0.199390754949387
Tpbg 3.54089279354817 0.653925387524906 0.162804957642857
Lpl 3.51885705157927 0.231112894876737 -0.129309542061125
Rcn1 3.51432394609898 0.407863577074232 0.027781986739195
Npas2 3.46694220988327 0.778925965515497 0.755125629402792
Gas7 3.40352066924987 0.597786346901143 0.0793077300778978
Spata13 3.39041144036839 0.407865825115527 0.164917988291224
Lmo2 3.38289167231081 0.526039062601159 0.360740827068808
Myh7|Myh6 3.38031449985596 0.568381560160896 0.0419156092217265
Rin1 3.37858222274548 0.589458964641787 0.351818330531935
Akap9 3.35102331956242 0.546172937643114 -0.0456135544575502
Pde1b 3.34320465526699 0.743112173654493 0.825681295797735
Rasgrp1 3.30946983772996 0.602185371745832 -0.0761225724589253
Ppm1b 3.25663405662324 0.441283121367958 -0.0309281146066254
Cacnb2 3.13502739478675 0.768721255609125 0.387574079180082
Ehbp1l1 3.05925997375169 0.553787808936311 0.018337944135529
Arg2 3.01473702594958 0.796543820349129 0.743858740026261
Ilkap 2.99085309222428 0.250703580267584 -0.183903181376996
Chmp3 2.94780078331766 0.492563415213025 -0.0839466243587701
Alyref2|Alyref 2.92816518769325 0.419508435131864 0.194344166552182
Rgs20 2.90732146233611 0.578539864785823 0.163522290350024
Srsf10 2.85757692762027 0.375463927238561 -0.12956827594247
Dlg4 2.79616677384789 0.528730932675118 -0.042485683292415
Etnk1 2.77690098315951 0.566057457976101 -0.0213209795815861
Pcmtd1 2.67909477282039 0.534644101490396 -0.0221299079340485
Homer1 2.51117852831238 0.576151093385781 -0.0516852070320115
Gpatch4 2.45387435634787 0.454625046003758 -0.111304992030174
Ung 2.43296992994747 0.26114454255248 0.0650546642714413
Spin1 2.3934964920914 0.4702588665555 -0.128522371259671
Cacng3 2.38596038892888 0.53130405321528 -0.0994211565733947
Fam118b 2.37495859737855 0.289608798731573 -0.161284683696225
Psme3 2.36378581794423 0.466563594613596 0.0189772633871647
Ptgr2 2.3571870193551 0.28055477887725 -0.0950362091503127
Smc5 2.32470184101474 0.36239161809601 0.0419169677511049
