Xist 8.05925413103704 0.567879273240831 -0.409576273753637
Alas2 7.79055342968516 0.894984256156134 0.734364677854424
Hba-a1|Hba-a2 7.73169181271196 0.759329849134481 0.668286997380952
Dlx1 7.53334339086113 0.754828244938947 0.715842281237156
Arx 7.25832291286489 0.498987892725125 0.471399528256063
Ttr 7.23159594000072 0.402912914150544 -0.0413763913860483
Sox11 7.21582396965859 0.840955778198111 0.61068305498516
Ctss 6.92770008505593 0.630561423586516 0.492226750915896
Laptm5 6.92649637528767 0.577978970938975 0.192045143367146
Mki67 6.56941777644012 0.883145692139733 0.818269768452813
C1qa 6.41910904013027 0.848701047094075 0.374246902047799
Tiam2 6.35558323051668 0.553441434350614 0.746328334424412
Egr2 6.27849162437097 0.639368792035031 0.283751987035351
Socs3 6.27091017664354 0.725105148858732 0.43913670449312
Rrm2 6.26099119560535 0.761692167267017 0.384531525012223
Dlx1as 6.0809549671929 0.633698999825056 0.0715593219402025
Gdpd3 6.06252671531816 0.763808951886122 0.535452360901068
Csf1r 6.04380923191529 0.629372983788379 0.526675903875015
Top2a 5.92676203712358 0.875376568966996 0.72016232164684
Atf3 5.91840004446317 0.837835074245072 0.515459515876228
Ccnd2 5.83580025581712 0.64274890035023 0.705597752222284
Rsad2 5.82305551464691 0.765049989044946 0.716203923389261
Hba-a2|Hba-a1 5.73229758643199 0.643946457330665 0.53158890699738
Sox4 5.71456082492058 0.764012718597343 0.645766259967517
Cdc20 5.71176146364262 0.596566606103572 0.391654995354593
Dcx 5.68396365877898 0.711438078162901 0.229212306888753
Hbb-bs|Hbb-b1 5.61688413801708 0.899793930081835 0.385152383105725
Cd24a 5.57068263140929 0.502415946274557 0.202657998249642
Pbk 5.53848246960703 0.829081123144938 0.24669541711407
Klf4 5.48262534720117 0.632016264073702 0.1154281988414
Cdca7 5.41916235243885 0.905166769663881 0.794796138269931
Cd1d1 5.41258881173025 0.802177325350084 0.845945615892368
Hbb-b1|Hbb-b2|Hbb-bs|Hbb-bt 5.39389481080359 0.705211848809605 0.197133934109251
Dlx2 5.30433291977187 0.826800244523696 0.775308566950481
Txnip 5.2965510611883 0.713463111425514 -0.129754197830502
Nfkbiz 5.25866242530199 0.678496468600877 0.445982671302543
Hba-a2|Hba-a1 5.25695312062025 0.643946457330665 0.53158890699738
Btg2 5.23085893757537 0.752858157795645 0.126574467086423
Ube2c 5.19402600760731 0.832828089202513 0.656567541650491
Fermt3 5.19214798258558 0.689676224221054 0.472827744317059
Cx3cr1 5.13310090174929 0.792426095224702 0.69631623125572
Meis2 5.10423743617608 0.283606342420937 0.2948289890104
Itgb5 5.10272880712922 0.50165949801403 -0.10621937235529
Isg20 5.09391457429447 0.876985848031855 0.426894149773834
Ezh2 5.09364886021446 0.710099689141989 0.468571210475176
Prkd3 5.08655015935726 0.538600370738105 0.222963804634666
Ptprc 5.05358198282614 0.830632280729667 0.325601995002662
Slc15a2 5.05082107055044 0.542829206390066 0.222332850118944
Ezr 5.04907015979445 0.680204008054414 0.585748970595218
Selplg 5.02450051693057 0.706075254884096 0.567308867217287
Cdca5 4.95563841282207 0.797713681755812 0.294556025821362
Cenpf 4.94645776083683 0.847293051808239 0.814649300900745
Tmem119 4.91967646363979 0.799702572879274 0.689069980848593
Cdt1 4.9058440445762 0.728029148769766 0.594984389518825
Lyz1 4.8932851936122 0.71838980974273 0.579714542315042
Rbm5 4.89295632004363 0.327324002484409 0.0596396056548854
Nusap1 4.89010016618568 0.869159879703863 0.696131531524623
Vsir 4.88309105708096 0.749408567878674 0.159634968192437
Tgfbr1 4.86545031514732 0.651276249108551 0.664192716025224
Ier2 4.84836060758719 0.655264904682352 0.569347844140189
Jun 4.81945865877857 0.594972827590854 0.212718164945405
Chd4 4.8009495282847 0.677548797268741 0.425219420041401
Nfib 4.7737247794924 0.440345984902872 -0.0917246107090681
Mbp 4.7733145424054 -0.051902716750932 -0.236953772799062
B3gnt5 4.7198612303628 0.314705221978562 0.174716325102946
Tmem2 4.70994347877402 0.705937780412376 0.477046283009905
Hspa1a 4.70745908198813 0.644855311933524 0.304426200381761
P2ry12 4.67871887868828 0.82890476798789 0.767465549105959
Ccr6 4.65041978584918 0.764622669197501 0.61422369571072
Hspa1b 4.64975890285018 0.585167468872067 0.236089267578069
Fcgr3 4.64519213367139 0.804634271176547 0.646304633879792
Ctsc 4.63296836347878 0.593693089166785 0.0151688160796764
Apoe 4.63243315594417 0.232886491429784 -0.245144721846851
Cenpe 4.61703056906391 0.929216331807526 0.868194000164529
Carhsp1 4.60151059985848 0.209818036688845 -0.237427715405033
Hist1h2an|Hist1h2ap|Hist1h2ao 4.59059262633849 0.629973563764621 0.50464272184912
Rnase4 4.57656882406509 0.748320669382687 0.47229601514879
Pclaf 4.55730252935075 0.712660006319715 0.230488988100075
Bcl11b 4.5367224673103 0.214386127245543 -0.0790950919680144
Reep3 4.48490846412111 0.17099852084411 -0.238492414005348
Mcm7 4.45563221937381 0.714585893629287 0.625817090334801
Notch1 4.4521419311058 0.649380003159142 0.181182491720143
Uhrf1 4.44863680791948 0.874245034600188 0.635834982674613
Ccnb1 4.43541906801602 0.802780152037117 0.294537369292257
Rnasel 4.43479696075321 0.680742542133092 0.405705804799465
Mkrn1 4.37603981238509 0.648437124817304 0.549924213970937
Sparc 4.3747336082017 -0.0558686461661109 -0.170571989806498
Cd53 4.36887547288355 0.782155674460363 0.43866704967051
Vgll4 4.35208325495436 0.720495874722611 0.769775855210144
Mertk 4.34165503140313 0.600389404780919 0.307282569566766
Adamts1 4.33149567373449 0.529672362417582 0.323262788239978
Cep55 4.28590935896049 0.857416053423936 0.566575933490612
Kif2c 4.27464288321462 0.902319418538904 0.734445806658617
Pou3f4 4.24604625730459 0.668080412377774 0.328151403018756
Foxg1 4.24547664597695 0.0212856462909127 -0.233167850290775
Igfbpl1 4.22513029053261 0.869756234209046 0.701001527653392
Rnd3 4.21502287692973 0.686342341385026 0.537739947862763
Myo10 4.20853845408329 0.43723076622837 -0.226395871753975
Smc4 4.18361891814824 0.685189247564238 0.632664345937742
Enpp2 4.16714236644352 0.305500165782335 -0.113671048316012
Zcchc14 4.13452853345673 0.54960296142657 0.133250574218813
Klf2 4.1319160426785 0.785644083920981 0.150213540214966
Igfbp5 4.13150755129701 0.358240433468176 -0.278933224542932
Dpysl3 4.12535479700509 0.526659843227524 0.542808231575242
Csrp2 4.11312986196988 0.620554119740493 -0.0102713190568477
Lima1 4.11227590646437 0.647183470376569 0.426471143249876
Plpp3 4.10069602013066 0.268214857702954 -0.243555716493346
Hexb 4.07525719659634 0.612255407652157 0.520402737915807
Vcan 4.06600590945833 0.528645617173575 0.0226928620933619
D930015E06Rik 4.05625670450932 0.670992617527199 0.617113188005069
2810474O19Rik 4.04669186230134 0.660358542706048 0.429598467158707
Iqgap1 4.04483596307883 0.69496526639961 0.683667015071554
Nasp 4.04263928096872 0.811913097569044 0.577251038172166
Ptprz1 4.03434891853708 0.282850237617248 -0.147752271212982
Arpp21 4.02149222535683 0.194183093906628 0.102052933052451
Dbf4 4.01864874592081 0.739224568517199 0.573285436579597
Aspm 4.0061776365609 0.818866431913624 0.74138826645688
Mcm6 3.99969385994125 0.527242227922567 0.176500139119423
Shcbp1 3.97827184740802 0.813459909206743 0.579484242165354
Plxnb2 3.97086397329111 0.670489578959265 0.0428999968357113
Skp2 3.96809843786953 0.540673897545261 0.00742959940167019
Nfix 3.94593343493738 0.152467977904701 0.015211959981793
Ly86 3.93415332125325 0.675970157854602 0.523697573252379
Golm1 3.92946243443046 0.521728252542655 -0.256144684080535
C1qc 3.92472344394323 0.731131271354882 0.549961034058529
Ncaph 3.91630843337399 0.701359777069472 0.479313351756754
Zfp704 3.91625485273041 0.650674810913049 0.731518735135301
Rad51ap1 3.90784318199599 0.709923083773357 0.28441608914694
Clic4 3.88467088387498 0.195418651006421 -0.316841951375815
Cd9 3.87887465374069 0.319935007696776 -0.0595737833485663
Cd14 3.86664872662159 0.727525430172833 0.423179848928663
Bpgm 3.84098857033246 0.24777710339063 0.0389103697836571
Dlx5 3.84009912005805 0.410622023928101 0.113978305228064
Zbtb20 3.82639253947262 0.51125371528476 0.00810380472112603
Acvr2b 3.82622344720665 0.775514772293213 0.755843165035018
Fech 3.81290419800687 0.573517505101442 0.590361104490073
Kcnj10 3.77954034716151 0.130228921478612 -0.232210762010726
Tmpo 3.76267015168988 0.608606082085658 0.652458416574104
Fosb 3.76123031550583 0.583325726605327 0.138912977022599
Rbmx 3.75693169304142 0.550426100109448 0.0792501178689098
Marcks 3.75228710812335 0.207562361006242 0.0723688132865053
Dusp6 3.74975832915859 0.29252777156366 0.0425648336265999
Trim25 3.73575866994015 0.187294740022919 -0.206867256044063
Zfp36l2 3.71500719286357 0.39466833030555 0.0656365005487747
Nfe2l2 3.70991674116353 0.39632136438481 0.0899060831454191
Aurkb 3.69611725197047 0.784301899785746 0.618156664743923
Trip13 3.65672354219398 0.703963917664795 0.309977079374859
Gad2 3.65490259477619 -0.0150200235193797 -0.340945352026404
Mis18bp1 3.65344782533064 0.761975012690387 0.683349549374045
Ppp1r14b 3.64925433486123 0.396952968473454 0.253428122299863
Plp1 3.64115581956329 -0.0996089399123037 -0.0512630564095882
Sp1 3.62944530648961 0.525641514292856 0.444648915502039
Arid1a 3.6226246544921 0.66858839100372 0.473704646611873
Slc4a1 3.60483715859968 0.801676963158187 0.407524183317048
Ccnl1 3.59907690329963 0.50891710421668 0.307981802448369
Mir692-3|Mir692-2|Ftl1 3.58674660021487 0.608142200938266 0.367642786402125
H2-K1|H2-Q9|H2-Q7 3.58406574573305 0.409946018936865 0.155561565150188
Ccnb2 3.58163649245153 0.792931498123398 0.48282446306103
Smc2 3.58144473334905 0.630196892360861 -0.0393128115553354
Btg1 3.57956214986078 0.392436707376366 0.344137121978788
Trim59 3.5654267877846 0.40078957134578 0.0654916171571698
St8sia2 3.56353263546991 0.485687678061969 0.0880325908434171
Ect2 3.54984804628276 0.786062526228835 0.398554503908976
Gdap10 3.53818803273715 0.381073601983045 -0.107643359047499
Pola1 3.53118656647974 0.794718146029824 0.72761828840044
Cacng5 3.52053436009769 0.358695827979186 -0.0362311763902297
Plek 3.5177589716769 0.6473595328753 0.428223983013473
Efs 3.51688905543783 0.430766263439616 -0.112133066703003
Spc25 3.50509105028491 0.723957718245715 0.101680568593054
Zeb2 3.4828347889811 0.230619624195142 0.169727821494763
Slco5a1 3.46572497153988 0.627784354114397 0.367100581645433
Prc1 3.45725680421443 0.785552279932412 0.682986003792551
Egr1 3.4567039242535 0.255831183876709 0.309008156060596
Cenpa 3.44145983683781 0.604876354301469 0.0727946934459208
Smc1a 3.42626922151974 0.567971663632893 0.335279585855405
Syncrip 3.41749065626233 0.370516628615073 -0.200601961881503
Zwilch 3.41461208041228 0.807385392803919 0.770382606504547
Kdm5a 3.41427427474031 0.686579041562627 0.625495469539726
Marcksl1 3.40809030245511 0.241312741226666 -0.0852305561372625
Fbxo32 3.40279271438637 0.234052598797316 -0.0338959996074517
St6gal1 3.39055366217241 0.425852297065749 0.558582543034518
Smo 3.38857046015473 0.11476626395657 -0.271858694212387
Emp2 3.38552251026978 0.561483036506494 0.340326523733675
Kat6b 3.38175160127726 0.609526143666986 0.518901161264595
Fos 3.3800471233643 0.306195513834775 0.114444868439519
Rcc2 3.37083017029168 0.672886931549151 0.449420687806209
Mcl1 3.36956244204303 0.592304446312389 0.517085329486127
Ier5 3.36780074349023 0.372536678448388 0.017728022941039
Syne2 3.36186334256455 0.732230275971288 0.627613220399154
Bach2 3.3462797379675 0.568776839942103 0.470197873427372
Insm1 3.16145448218135 0.593199730698499 0.238429633196777
Rad54l 3.15899139916586 0.857607262256116 0.625007361410337
Akap9 3.14167809680902 0.122720032625266 -0.114347079643694
Dna2 3.13642921675484 0.77823636756396 0.665878379379246
Elf2 3.04992093474221 0.513399892099652 0.50704366215855
Zbtb12 2.95558033319864 0.784367369235008 0.388264852640977
Cdk1 2.93114374104891 0.757134699962938 0.388727471296474
Pole 2.91246022687462 0.64974344024481 0.306709713444982
Prpf40a 2.84017431913441 0.503033823279807 -0.0510136158946597
Fam208b 2.82503989816807 0.504532196184385 -0.0789404218338022
Racgap1 2.77618439420214 0.53860230554755 -0.106895588655409
Tyms|Tyms-ps 2.6631596493584 0.798902133345019 0.730978949673582
Cd300lf 2.6623760352852 0.700067166620708 0.449575195447457
Mcm2 2.54677666001207 0.741221015522375 0.188527941873491
Aurka 2.54175596572224 0.774469677325255 0.491780044925824
Vash2 2.51942903442318 0.61530840863643 0.121932332909811
Tnrc18 2.46879617836549 0.342276130555912 -0.12578530498636
Plk1 2.12697845462164 0.740159341597086 0.273808627164159
