Arx 6.21848948792094 0.513874228826469 -0.103820208069192
Pvalb 5.67732628658208 0.133575330097958 0.197930227418298
Lpl 5.52751098246479 0.325123638783441 0.065787982903064
Rbp4 5.42458596679416 0.627546750687547 0.418817165910828
Col19a1 5.39217764188277 0.698698278015743 0.202486171773728
Tac1 5.29658144554009 0.338638512617897 -0.157358097473967
Lhx6 5.10721208856967 0.718774160441827 0.0960352067556162
Prss23 4.88188443537206 0.609296538483824 0.314205887426042
Grik1 4.61242361170353 0.282330867050426 -0.138382231477089
Gabrd 4.3944464766897 0.344036797646237 -0.0014114830556331
Slc32a1 4.32015487017231 -0.0751297328973821 -0.0477650596757727
Cox6a2 4.24856492531502 0.819170630058714 0.779020649180018
Npy 4.14508730391244 0.560691515486829 -0.00240925229336467
Mef2c 4.10788648961435 0.259333222849434 -0.129517364503239
Cacna2d2 3.92838347069539 -0.11169332558019 -0.227044039582563
Moxd1 3.92556466973253 0.703823611001228 0.084220589498554
Sox6 3.87099848866932 0.364707267887577 0.091551601455189
Satb1 3.82815745753986 0.532396035475705 0.261251651057742
Cntnap2 3.59817848866031 0.243149827765732 0.184282426639935
Snhg11 3.585139908804 -0.176926691400819 -0.20699573846936
Akr1c18 3.57173421923124 0.686238546934613 0.388417430512052
Sst 3.54141645550432 0.432844809476503 -0.174221598649228
Cntnap4 3.52976550584202 0.437423548059881 0.220474325061466
Etl4 3.52542520523781 0.184580918674188 -0.0390504620083331
Ahr 3.52448791507577 0.555049258603013 0.532633724936811
Meg3 3.49622157118396 -0.00576745673232375 -0.190157389562297
Myo5b 3.48111419980618 0.209586635981229 -0.0756794224583393
Crtac1 3.48011105269995 0.50888829626216 0.015951800917312
Amn 3.44261074882753 0.638652912474787 -0.115498099632301
Lgals1 3.4157737938218 0.364062772052027 0.117365002222774
Igfbp4 3.39233879656639 0.177616609434806 -0.128412785514612
Parm1 3.34528794241976 0.168442506458099 -0.134850663538216
Pip5kl1 3.31772692201456 0.713534730908278 0.070607402619327
Cps1 2.58271789789409 0.528991307382666 0.0642058092652619
