Grp 6.9113885256593 0.648613881517023 0.262473218067349
Lypd1 5.21447729542895 0.524800881974256 0.550408251940578
Icam5 5.09596429883728 0.533301309292092 0.368988718204276
Rprm 4.97201630386402 0.548597754812492 0.368855170570888
Itpka 4.90904032455608 -0.0421460491700667 -0.0811918457486894
Bcl11b 4.50447809761237 0.216743983103634 -0.135233201231113
Tshz2 4.485052303788 0.797585583373598 0.776160994696742
Ldb2 4.44019353544101 0.521669384940607 0.0104945044636903
Crym 4.30436405720251 0.194800822530556 -0.166262591534191
Meg3 4.26999364871801 0.0130673115159547 -0.449490527992589
Kctd4 4.24369171266271 0.498008421310429 0.32080102502198
Nov 4.20582637828532 0.418658157033902 0.0792066894767729
Pdzrn3 4.1492514157654 0.377619609593559 0.167893899748625
Mef2c 4.09020186374829 0.168494217272411 -0.129517364503239
Abi3bp 3.94727855535497 0.664148162265596 0.162756511079977
C1ql3 3.90248276374213 0.304672461607395 0.0924399021569405
Krt12 3.85126474716825 0.371523583941832 0.200258059581072
Nrgn 3.82989212095201 0.221651964828726 -0.12981701656676
Myo5b 3.6924893806446 0.157467500567976 -0.191838008264122
Tenm2 3.58806676955094 0.242860089825353 -0.0209875046798144
Rasal1 3.58437541426115 0.624189161062756 -0.0904289313237266
Ptk2b 3.55469770307713 0.119862360722853 -0.18882648866094
Kalrn 3.54100724997167 -0.201087498413402 -0.179886546965597
Arpp21 3.48373746263935 0.142272355222721 0.102052933052451
Cckbr 3.47693393180618 0.526359813155885 0.334469418736086
Doc2a 3.45671656190207 0.393741500795467 0.214147796202308
Spon1 3.42774323027365 0.213598099320949 -0.289202280789345
Lpl 3.40577725809197 0.0257859564874857 -0.15148893049252
Ngef 3.35668074652812 0.0964855028758631 -0.143964384402437
Prkg2 2.93529024869154 0.414693120614982 0.00563506249039989
