C1qb 9.44489526985825 0.801793446782794 0.625448023701326
Ccl3 8.84375285981026 0.927523498416062 0.750246930931846
Xist 8.56315416213186 0.592054705678761 -0.369743355343125
Socs3 8.48188228497877 0.816864070202193 0.652147379843047
S100a8 8.30720233215474 0.95208965765628 0.637002290778334
Gpr34 8.20643561354383 0.94969110788658 0.743554582186387
Ptprc 8.1271682984042 0.899555278528833 0.664424770727658
Itgb5 8.11305491696212 0.695988956301752 0.804443116981948
C1qc 8.07464164376379 0.893545962203739 0.771659284821734
Laptm5 7.96963639312243 0.651498967547908 0.430549918524157
Vsir 7.94828895223264 0.862646807039839 0.702571691505678
Atf3 7.93733054055144 0.892900448952567 0.515459515876228
Ctsc 7.89932672652377 0.763209364752995 0.620442059698606
P2ry12 7.70618186441608 0.909484710955079 0.817077657380019
Fcgr1 7.70186958413731 0.88522753290981 0.839857888480081
Fcgr3 7.61827622531723 0.896808534191383 0.646304633879792
Lcn2 7.58948305184295 0.92967042915731 0.763688219529488
Lyz1 7.53844845628387 0.84071980925027 0.682192191613455
Lcp1 7.48624919161082 0.736664098559765 0.795618177969598
Fcrls 7.47812893979791 0.868621442589929 0.830826477890847
Ctss 7.45858010087595 0.674115132524954 0.492226750915896
Nfkbiz 7.44437179037321 0.799104814327516 0.492502796881339
Cfh 7.43810074510991 0.912513738718287 0.7120821647572
Klf4 7.42242079332808 0.742804081498176 0.424163318150767
Tmem119 7.41737406752449 0.880507578054529 0.723560029886057
Fermt3 7.39762572044085 0.800793892551786 0.65479764117493
Cd53 7.36625105959335 0.889288921275993 0.694696347006798
Ccr5 7.35957553198456 0.944630247327369 0.781372487473543
Anxa3 7.34512119584194 0.883580869717862 0.866445304725327
C1qa 7.3290609394734 0.880266174220596 0.374246902047799
Rnase4 7.32042815428731 0.857726060332155 0.632325845879763
Ly86 7.31158149420083 0.846617113896281 0.672614801529768
Klf2 7.30966104459637 0.895462076433327 0.627476460661158
Ctsh 7.27684348199268 0.901771619115134 0.835442795873443
S100a9 7.25987372859062 0.918244488258867 0.548856619834239
Hpgd 7.24147575863261 0.845378105723614 0.849935801985346
Icam1 7.2073120228323 0.900761504621259 0.70314700412921
Mertk 7.19812189652266 0.760895772733047 0.023616097947432
Cx3cr1 7.16833560086661 0.866895056466001 0.772134956061369
Srgn 7.16241243098864 0.843330217866128 0.744256799047055
Olfml3 7.14067667988492 0.905112775510745 0.838912598831446
P2ry6 7.12936929954313 0.946739684511354 0.936625778482229
Mpeg1 7.1220336144583 0.872472925045044 0.820574610014341
Cd68 7.11862140498608 0.813233114055219 0.845825120262281
Itgb2 7.11286503292693 0.929262400096029 0.91299437508211
Chil3 7.11060002030738 0.922399885907687 0.636823629631149
Fcgr2b 7.08402502303253 0.923841725897518 0.891099501615635
Ttr 7.07359731593408 0.400374937067966 0.102214396566855
Ptpn6 7.0727666353916 0.949206398286381 0.847329980754012
Il10ra 7.03314379973754 0.941026493174552 0.812638205357032
Ptgs1 6.99022079304864 0.80059189660791 0.5355030866188
Irf8 6.97837080186618 0.916177293395298 0.673245605502541
Tyrobp 6.95439618237846 0.894965649751408 0.655073848045356
Txnip 6.92875218149423 0.794588983542936 0.534275457018026
Il6ra 6.91374328563784 0.933085985713397 0.890239670156536
Naip5 6.89009292405673 0.93576578443241 0.876749962801277
Cd14 6.88233054412069 0.86507370515444 0.621998887923072
Tgfbr1 6.88080530990144 0.776876774934942 0.788879982637841
Ms4a6d 6.8677430030182 0.953831499477848 0.900244089671651
Evi2a 6.82400360965836 0.580854888491454 0.267069382536097
Ccl9 6.80615418298355 0.933444218224673 0.818595113377322
Rgs1 6.7861234443617 0.933850484954913 0.412257135809467
Cxcl2 6.77268562117483 0.932469632829587 0.718849977545604
Cd86 6.74693444855629 0.94297004965586 0.915257266317456
Adgre1 6.70496656963095 0.832213304685529 0.833345266132164
Bcl2a1a|Bcl2a1b|Bcl2a1d 6.69407713027665 0.926314546263425 0.715524406966731
Zfp36l1 6.66456226130075 0.58544297802628 0.41973427694702
Ngp 6.63333586513195 0.858206297350091 0.690250198299149
Pld4 6.61073898820899 0.905710077892773 0.841224784584513
Egr2 6.5362698845067 0.667915099691897 0.283751987035351
Fcer1g 6.53540380628618 0.893144442324162 0.824378069626441
Hck 6.52264235101969 0.895312377264422 0.843851889144334
Cyba 6.49886992768506 0.884383086419269 0.737114049507851
Havcr2 6.49102593944742 0.933929930988036 0.671472757511714
Aif1 6.49000873515305 0.858738186504073 0.762083871341622
Camp 6.47922211346477 0.927899556224199 0.749818037737973
Vav1 6.45450984506754 0.936580090009819 0.825192043149312
Tgfbr2 6.44000997849275 0.802887248651138 0.771327758429927
Plek 6.43477465994877 0.828775681152457 0.565309551755488
Ccl4 6.41639039014339 0.808624214897282 0.797155864425062
Ms4a6b 6.40108912805224 0.923247447259492 0.893598100563759
Syngr2 6.39781307159756 0.690661416745107 0.649023462309618
Fosb 6.38902217278231 0.783858141647861 0.523579630798347
Zfp36 6.38016131893961 0.809969481793945 0.645006919288246
Fli1 6.33940918744112 0.930172192532047 0.902077507809344
Il1a 6.33862650319998 0.938592512800859 0.819739840987442
Hba-a1|Hba-a2 6.31634922263633 0.715739818752593 0.636344116686716
Selplg 6.31530289528488 0.782427688535333 0.592609818938469
Csf1r 6.29256881505124 0.65617494577066 0.526675903875015
Naip2 6.26692597140188 0.954009858953161 0.911642157060753
Slc15a3 6.23381918037455 0.945778735461279 0.734210280116739
Nrros 6.23092492474324 0.857691559336614 0.791824786290472
Tlr7 6.2206628723678 0.916092387230377 0.883255991303354
Pycard 6.21968895584911 0.876795784891705 0.612293253445077
C3ar1 6.19582952136747 0.873121850120701 0.832886162480963
Tlr2 6.1662121975954 0.906233828491117 0.827987801730742
Zfp36l2 6.14663190294788 0.653050932883328 -0.0438182143146671
Gpr84 6.12096581228752 0.909789999937335 0.900547097591268
Ggta1 6.11828954647669 0.885645957316875 0.741996856720129
Zfhx3 6.10821881898243 0.493713597513423 0.14075291558806
Blnk 6.08518514252511 0.879322067603929 0.64201066904021
Ccl12 6.0829296775711 0.95910883684988 0.874841657786733
Pros1 6.05938279637493 0.847106804405786 0.718331354149935
Sparc 6.04634689162518 0.168557479339863 -0.135762241473527
St3gal6 6.02660030772082 0.776259480352326 0.783391845460801
H2-Aa 6.00244574065462 0.844297307004954 0.556747725940127
Lpxn 5.9943899433202 0.893866615272238 0.853918087353126
F11r 5.986193549007 0.875036929978608 0.865816219399022
Sla 5.98349665613324 0.652779231783732 -0.267188652605411
Ier2 5.94103544803799 0.734288585631597 0.701222555409134
Lyz2|Lyz1 5.92120035818706 0.87583397507372 0.776180382940758
Ccl6 5.90853985152558 0.92865028498142 0.617501396044544
Pmp22 5.90735245623281 0.446337371791768 0.0997175273333405
Fgd2 5.88498760636065 0.915210797089382 0.726576709328804
Gusb 5.87885257003425 0.773907413059291 0.77573804983345
Slc40a1 5.87161673794147 0.835227880024146 0.694874486842667
Nfe2l2 5.86469446349326 0.631906972130854 0.452443442925438
H2-T23|H2-T-ps 5.86067456972019 0.687431303135148 0.648501724406576
Arap3 5.86004500980721 0.886849970487016 0.828441305648261
Edem1 5.8441661857395 0.819179706252279 0.773787236694352
Pik3cg 5.8353652942309 0.935686371676335 0.898706137048291
Dusp6 5.81843020390686 0.599867472051301 0.685289677701004
Cebpd 5.80596180257838 0.634055850586671 0.450852912095384
Adamts1 5.80479631926087 0.677257442009515 0.349058809955868
Ugt1a2|Ugt1a7c|Ugt1a6b|Ugt1a6a|Ugt1a9|Ugt1a1|Ugt1a10|Ugt1a5 5.76462959396667 0.771540388612494 0.785209019653851
Ctla2b 5.76038576447755 0.903223406044703 0.81051591118081
Golm1 5.7594941925998 0.69779481347827 0.736316261468048
1700017B05Rik 5.74173990123089 0.879879482858827 0.868393557699708
Junb 5.73444023166716 0.776970414361154 0.710290375201287
Slc11a1 5.73025041761458 0.826004487036877 0.651480734004567
Dapp1 5.72469197591091 0.882728441517472 0.731428075918814
Capn3 5.72190408496909 0.887138364338558 0.767609025983597
Crybb1 5.72158171778852 0.905827152932568 0.861028599659509
Inpp5d 5.71716943591306 0.8600470704146 0.83698822074566
Lair1 5.71250518373472 0.915183342763078 0.852488648155638
Rhoh 5.71133130574439 0.928927837765538 0.904890661832193
Arhgap17 5.70317982507088 0.804018707785687 0.814221950493466
Ncf4 5.70037879753199 0.930043381539933 0.903441826522526
Lcp2 5.69619740964839 0.924176130288935 0.892714633278185
Cd9 5.68190213351455 0.4737646905387 -0.0781665759744264
Akna 5.6781150806315 0.86833730965146 0.877795430010581
Elk3 5.67385607741983 0.782633526789834 0.70619498785287
Klf6 5.66809712532403 0.712920777452919 0.706257430098815
Tnfrsf1b 5.66550190304299 0.854333495207959 0.737200235291426
Fyb 5.66275735664592 0.92113801025097 0.880639703565145
Ccrl2 5.65171212343126 0.874778844835922 0.692161547529017
Cttnbp2nl 5.64718487549119 0.677593787084074 0.447160322065322
Tgfbi 5.64412458495045 0.770042587674138 0.661822243741346
Stab1 5.64378787235935 0.911222248860114 0.847361881275777
Slc7a7 5.64336227534105 0.898196973680399 0.871980220607523
Alox5ap 5.63775651359585 0.739968766720315 0.593973749190562
Ets1 5.62318904864858 0.840090821958282 0.728114298387335
Cmtm6 5.60956727957448 0.665566156614345 0.649640247564453
Ankrd44 5.59850133669351 0.780910672542475 0.750052898445624
Tm6sf1 5.59836188319321 0.381271134688382 0.102128177176711
Hba-a2|Hba-a1 5.58168950603929 0.652066790890069 0.53158890699738
Tlr1 5.57444502410535 0.950831141555366 0.902834302976227
Spata13 5.56559804344138 0.585618040352764 0.751811207339874
Plxdc2 5.54457731811699 0.610927661021611 0.506207934277742
Rab20 5.53561245959511 0.903439247137645 0.852815743460873
Map3k8 5.5229911086779 0.943169052233452 0.913174459695961
Cd34 5.50713357910389 0.764434219934631 0.767905834492467
Cd48 5.50558660649604 0.937664968725882 0.913439246036274
Epb41l2 5.48811035221342 0.653124072822584 0.688367617365365
Entpd1 5.47689211371647 0.891854518507347 0.843395778658876
Notch2 5.47287311525567 0.543777722013051 -0.0435635125582493
Hk2 5.46526022929292 0.74684519928397 0.173752438399486
Cd83 5.46420399961116 0.736210900187895 0.59487196688041
Tgm2 5.46277797416729 0.695363794184198 0.462958915403081
Alas2 5.46058502584826 0.860755591662833 0.734364677854424
Nckap1l 5.4509774477073 0.817716712626907 0.709404195376266
Lrrfip1 5.40544685974973 0.704989870366257 0.616422108736201
Btg2 5.39514589725611 0.772393525273698 0.211968484829177
Frrs1 5.38751990842448 0.798509122762545 0.589007455229009
Ctsz 5.3799811497436 0.650571726594325 0.771069855132344
Hspa1b 5.37435472319145 0.652187423087472 0.313031185262446
Hba-a2|Hba-a1 5.36107747238365 0.652066790890069 0.53158890699738
Il13ra1 5.35427389763338 0.797834455708835 0.550150294986224
Vamp8 5.35341059033286 0.63335414302098 0.624945035337227
Mafb 5.3499201946909 0.819359663677782 0.618060274829922
Clec4a2 5.34487993621819 0.929159111092397 0.637113553456501
Ier3 5.34321917639088 0.661763408087374 0.829833737947902
Ncf2 5.34295114105238 0.915359954341993 0.856034160411244
Gas5 5.32445243114595 0.681261532266962 0.608875085670584
Tnfaip8 5.32023467635426 0.636522745184777 -0.0685184420173606
Cysltr1 5.31713561978698 0.927681269326233 0.924365373758827
Trf 5.30450290440284 0.362979720883394 -0.146496361946024
Hbb-b1|Hbb-b2|Hbb-bs|Hbb-bt 5.28673635396865 0.709722775325007 0.197133934109251
Sash3 5.26535500172323 0.768379072591559 0.642593539576984
Adcy7 5.26046369506425 0.604060779519713 0.405243001777243
Chil3|Chil4 5.24652388895867 0.89752335352123 0.740089297731431
Adap2 5.2413840390218 0.901493764237594 0.724776584609205
B2m 5.23802399602464 0.654933242358749 0.571264363349846
Slc29a3 5.22625085498339 0.681491088097454 0.660542278832462
Rcsd1 5.21603475002481 0.826202935372033 0.779921366909029
Slc16a6 5.20107575303958 0.786443417178645 0.780429407453743
Mlxipl 5.19598284101775 0.706490506896113 0.577671099800586
0610040J01Rik 5.19337550235119 0.725560709711612 0.317905413449888
Tlr4 5.1873684587743 0.901746409146386 0.833893243030771
Tpp2 5.18549885483909 0.765873822638686 0.427668513998226
Grn 5.17124480420728 0.809963436919215 0.800431278605859
Ier5 5.15812608715128 0.626065555046744 0.725367655209979
Ltf 5.13235105675174 0.791968180212287 0.688960431665638
Pnp|Pnp2 5.11872708507615 0.597845354697574 0.716726873651538
H2-K1|H2-Q9|H2-Q7 5.11802598288218 0.586453624420541 0.46177701032965
Casp4 5.10765524299229 0.900627460951931 0.750259665401512
Csf3r 5.1047876921018 0.779688874433053 0.660626059742128
Syk 5.09432512560371 0.841501454598164 0.790502757130016
Arpc1b 5.09415615735042 0.692307792441534 0.371414927660857
Stk17b 5.08759517863421 0.246089694013363 -0.0324488707098534
Tcn2 5.08656878233164 0.761447476208727 0.799068040794858
Anxa1 5.08150741603185 0.684846887903652 -0.0950676257444688
Itpr2 5.07694742434368 0.690511296142916 0.125989773983375
Clic1 5.04496139177295 0.748114009283959 0.77809763953876
Stat6 5.03904549012091 0.796093294649041 0.821312877864025
Srsf7 5.02576295884976 0.781765080777275 0.724048416885913
Rbm39 5.01108993828409 0.46403556648659 -0.0377113060072699
Arhgap45 5.0100860323019 0.885453425726636 0.709084951215258
Themis2 5.0100160529787 0.908151854901959 0.778014275654618
Ifi30 5.00973650725631 0.801533986150908 0.736390773907816
Cd37 5.00817111628844 0.846015677802465 0.751376208913459
Il16 5.0051682383776 0.836499473199461 0.787128878296533
Itga6 4.99776043971827 0.670727300231177 -0.12839271730186
Abca1 4.99358429253156 0.637016490817678 0.131832799862662
Cd300a 4.98158098872774 0.879029275278328 0.797864357702
Pla2g15 4.98028228527389 0.820265451369427 0.86335109426631
Jun 4.97664238393583 0.618107957862832 0.34769949033234
Clcf1 4.97453638705413 0.942238499091703 0.895258019432369
Cmtm7 4.95927975000438 0.887482572336571 0.810365516368265
Abhd15 4.95863168685082 0.817383721382642 0.75816475676399
Lyn 4.95072392194176 0.831136764033463 0.791995160148397
Lyl1 4.93686702750727 0.904273199736178 0.877944700300011
Hexb 4.92567121511622 0.693905761549992 0.581559841283536
Trem2 4.9223089397686 0.871951958169787 0.782000865952744
Hfe 4.9080228854142 0.7211234382288 0.69293487069271
Pon3 4.90262026202831 0.932302715118285 0.910653848974614
Trim25 4.90217305396186 0.402078015499928 0.262934992265785
Cklf 4.89349108664632 0.681182317253238 0.59583910516943
Mcl1 4.87465599200238 0.749252377522537 0.629497327943175
Nfkbia 4.87431973074095 0.72781144711775 0.713387410405144
Fam105a 4.86387948316923 0.770313477219289 0.85192929511134
Casp8 4.85619987354436 0.883498593696657 0.578534392864708
Pnpla7 4.84328764103025 0.699196357684834 0.454028729854378
Fes 4.84112895139428 0.927503256436739 0.910406395993411
Rgs10 4.83584499236354 0.528056601750258 0.649007809866139
Xlr4b|Xlr4a|Xlr4c 4.83539088488081 0.768828282623222 0.514951958726258
Trim47 4.80571520333751 0.895016238761688 0.873194349201134
Adam17 4.77279032068345 0.668952624535017 0.635121794798974
Cd300c2 4.76979500550285 0.781307219871275 0.733244510113315
Msn 4.75959975493246 0.691656755775442 0.641872421708428
Litaf 4.75630947246151 0.512765577915655 0.238697397960746
Csf2rb2 4.74933744066126 0.789093364569258 0.124213304372801
Pald1 4.7468422921448 0.781510978736926 0.764589318597646
Hspa1a 4.74596224826368 0.660497678609183 0.304426200381761
Ppp1r15a 4.7456877531583 0.840232479812046 0.770078535783624
Kctd12 4.73504127302009 0.338643748194804 -0.152236952153812
Rrad 4.73256512068194 0.838230452438206 0.0125333018211444
Hvcn1 4.73224769761425 0.875941173647053 0.866386727906276
Il10rb 4.72976460122667 0.777305731149706 0.743304353010071
Pag1 4.7296412384186 0.662064512812488 0.728609110825068
Spint1 4.72851094231372 0.777868369861742 0.80546541886515
Pla2g4a 4.72000614505062 0.764717852608866 0.442414155104952
Klk8 4.71722042626883 0.904598610210655 0.832595692675061
Rin2 4.71157809590547 0.744681586057929 0.614591439272154
Hhex 4.7105659085027 0.852048079555703 0.511962944325343
Vwa5a 4.67682763125283 0.688911176163293 0.68249470895965
Trim30a 4.67570700888204 0.92974473027767 0.88939019128995
Tmem173 4.67009837789389 0.785994731741544 0.749693963682884
H2-D1|H2-L 4.64830356421649 0.45730816500734 0.241594972219809
Pdlim4 4.64231365981351 0.687238512785966 -0.107626616301089
Cyp4v3 4.63660910939977 0.494133217716052 0.382201855238099
Serpine1 4.63541440533464 0.846984790198081 0.772469276401093
Unc93b1 4.6308464066938 0.822341208937058 0.784330861324893
Chst7 4.6219915804388 0.734080370833257 0.52956300078203
Fam91a1 4.61458744596733 0.600652433701282 0.698736589303517
Npl 4.59575756693483 0.722057862708742 0.416795331934654
Igsf6 4.58107036179431 0.921622416725067 0.863104115575813
Rps6ka1 4.58096384287589 0.735517630634629 0.678098710018846
Tsc22d3 4.57786397391876 0.696155233233645 0.680043529261428
H2-K1 4.57406708028358 0.858373023408962 0.570739190218655
Sipa1 4.57319692721372 0.888656410926467 0.874634702404079
Tcirg1 4.57075489800306 0.772793779575333 0.64319356575803
Cxcl10 4.56160410200671 0.912767201367908 0.698499428715145
Siglecf 4.56052875615027 0.943348046035707 0.902184291484573
Elf1 4.55731650735902 0.739771514512667 0.701168365582104
Pnp 4.55567445415629 0.576930952401332 0.638543462639369
Sh2b2 4.55456300160527 0.854044141277846 0.501260197042298
Ly96 4.5458812113784 0.707173507188969 0.615776938478862
Irf5 4.54281719126367 0.868682326589506 0.785552634359777
Selenop 4.54143992791906 0.229000805555038 -0.0299910695984123
Ifngr1 4.53721579723561 0.8351966758025 0.809412371220857
Samsn1 4.53647640265078 0.935348188413133 0.690313603111023
Afp 4.53545777080489 0.610543877512193 -0.157893794075993
Cmtm3 4.52675232780086 0.723668061892668 0.360412130372395
Il6 4.5206776781918 0.951713495497053 0.870682946136026
Ang 4.51420078867457 0.9262018819914 0.891610143296947
Lamp2 4.50666393015545 0.519859669104954 0.127384404431192
Tmed5 4.50643508741191 0.61551579099439 0.28474799051526
Trim12a 4.50204753945915 0.925280536855072 0.842757920302563
Glul 4.48051035693088 0.374687515738295 0.059523201909085
Spi1 4.47885874911321 0.885823736361644 0.834582040959309
H2-Q7|H2-Q9 4.47748737504403 0.827225813196935 0.602814969382111
Parp12 4.47296231161696 0.630922483282257 0.422840760864534
Birc3 4.47038373802643 0.818137204555382 0.730785196733545
Mylip 4.46294824807044 0.648947876655212 0.626098854921702
Reep3 4.44241402742509 0.17333436468027 -0.202215634285365
Rrbp1 4.43596800704954 0.610302795563787 0.604450514791027
Galnt4 4.42452637118287 0.705941464770566 -0.0862625467877269
Pld1 4.42307758512648 0.737715030262917 0.665938156739616
Rreb1 4.41947245400657 0.209120936490321 -0.302512808393045
Cebpb 4.41867598858948 0.77177887894289 0.539760878375809
Rel 4.41757515081595 0.867406748323895 0.675522195050981
Scamp2 4.41234901854918 0.740335117365166 0.736281071809942
Arrb2 4.40974126280652 0.766998854575794 0.766235916560156
Sgpl1 4.4096374278743 0.721730536818943 0.674196841431123
Myd88 4.40830757672415 0.839638576643501 0.772782746862068
Slamf9 4.40261065378161 0.703212840912099 0.600928466403318
Lrmp 4.40109522947012 0.921023499846609 0.708567729743644
H2-D1|H2-L 4.38629177152944 0.45730816500734 0.241594972219809
Slc39a8 4.38464112249341 0.785481234930086 0.498678120717503
Dusp1 4.37652768060206 0.644700766084235 0.348690815171587
Tmcc3 4.37530153116065 0.755436373000131 0.232940567951124
Serpinf1 4.37043366187878 0.489511353847548 0.0229501582953723
Pdgfb 4.36432167446938 0.801352171139482 0.723711256011854
Ceacam2|Ceacam1 4.36380932369533 0.830511387736105 0.773097217974399
Pon2 4.36167496313416 0.262041096648183 0.0689161579382196
Skap2 4.36136897210034 0.649349552066239 0.639138429349552
Serinc3 4.35839919884598 0.46176212609365 -0.11794707332253
Mavs 4.3527166844399 0.518606252994522 0.325576224499531
H2-D1|H2-L 4.3518565752935 0.45730816500734 0.241594972219809
Asph 4.34913154818479 0.265769417520946 -0.181699182934762
Gem 4.34818637337411 0.744919197449386 -0.0434942884069334
Parvg 4.34782120430439 0.806035321743813 0.679543106513591
Lpcat3 4.34126587595372 0.654403053615855 0.368487033446007
Myh9 4.33019722289587 0.522857080856208 0.382333100080186
Prkcd 4.32020940003989 0.480325436569126 0.208616704958475
Mfng 4.31797702072684 0.839115260691157 0.584578354083898
Lrrk1 4.31768865635008 0.849032783956618 0.511430366750257
Phyhd1 4.31726399468132 0.769134935558056 0.698251107500035
Tifa 4.31640450878583 0.780003776037266 0.776680824761768
Ctc1 4.31200890674573 0.829962407749466 0.754558352690748
H2-DMa 4.30812008566161 0.718318373396349 0.824629933106113
Abcc3 4.30551799347213 0.845368958373707 0.803332271340281
Tlr3 4.30380992187459 0.627570249318853 0.313731880370116
Pttg1ip 4.29690330143859 0.424240608512213 0.0558812596933961
Runx1 4.29243129756645 0.89587686359947 0.841241770099074
H2-K1|H2-D1 4.28313435967263 0.614038949403549 0.448241391145748
Ccl2 4.2790273953984 0.92192718242782 0.892781839184554
Adrb1 4.27306825743414 0.65038480115572 0.790641203579787
Atp7a 4.27120721462979 0.686989537573161 0.62920625807277
Tob2 4.26579293397097 0.604549650645777 0.74728206977533
Tspan14 4.25541155722522 0.436798797835674 0.410186478896844
Acss1 4.24863794566662 0.511187401362014 0.151350168139776
Snx5 4.24073498243572 0.649711089929946 0.671746427529964
H2-L|H2-D1 4.23529667347333 0.410618787613231 0.330256619520065
Lgmn 4.23394361937637 0.667551893882378 0.760378549654822
Cd52 4.2328948024522 0.885837029002605 0.781108107186846
Tubb6 4.23128880048819 0.856118521096629 0.824365150514396
Lag3 4.22808423632787 0.863107465445831 0.759580947955818
B4galt1 4.22495610212809 0.734972415392286 0.639633223908502
Zfx|Zfa-ps 4.22243867717073 0.683852179588583 0.54103121589816
Scarb2 4.22030820159242 0.495515291770884 0.126393315571106
Sat1 4.21091932255698 0.422554587016868 0.00482646491164861
Snap23 4.20758279926477 0.363461231900654 -0.217241394153737
Clec7a 4.20616931580508 0.785384950208404 0.735975015961589
Dhrs3 4.20277405727756 0.546341197169909 0.359647258867642
Il17ra 4.2023211664406 0.747496669603264 0.709792878944159
Mrc1 4.19627329452134 0.890327622428241 0.75898732639586
Ccnl1 4.19557311207128 0.601003133528225 0.55566085330479
Sult1a1 4.1947191716069 0.689657033216957 0.148153281074568
Sppl2a 4.19259161530844 0.608800189299603 0.630766504746626
Ssfa2 4.19046128916362 0.641601621399393 0.159445505663991
Lgals9 4.18608844482919 0.89684663680446 0.878879930075479
Ptgr1 4.18072082558222 0.677567164649596 0.0811863735181136
Il7r 4.18024948624952 0.787797441904016 0.493412394827415
Sqrdl 4.15959019841695 0.678078804355027 0.528352420946334
Tec 4.15456586065842 0.74757377880788 0.560546547178157
Casp1 4.15154480760284 0.798693440760982 0.679242533851539
Ceacam2|Ceacam1 4.15090977228953 0.830511387736105 0.773097217974399
Mlph 4.14137454328235 0.667352836070961 0.648272789015794
Ptbp3 4.13391374916355 0.674913967000162 0.723570813422266
Trim30d|Trim30e-ps1|Trim30a 4.12516197591258 0.693407708168078 0.174778373120494
Arhgap4 4.12491006012482 0.883745877819023 0.803467151876557
Rassf5 4.12408638346166 0.670251636299682 0.765182838330303
Plk3 4.12269129959736 0.745527638898679 0.405760086716212
Hcls1 4.11794353251205 0.926390476391492 0.787445490186754
Lilr4b|Lilrb4a 4.116885855584 0.923196157873995 0.711979920258272
Tor4a 4.10760281237078 0.599705853345932 0.432044976327092
Apoe 4.10719951052482 0.167360044525422 -0.263458167703995
Mir692-3|Mir692-2|Ftl1 4.1071746870429 0.673149567817454 0.367642786402125
Gpsm3 4.09293774185782 0.909508280386429 0.752373189931208
Uba7 4.07866664268163 0.882913421712824 0.851231420966414
Rela 4.07672460647384 0.683472887387699 0.658376807896215
Cxcl16 4.06753530728503 0.901917019852863 0.873088105435554
Gmip 4.0654849242983 0.83223362451414 0.734001301317462
Prkd3 4.05752978740321 0.440785028940158 -0.162901031488986
Frmd4b 4.04889616053959 0.264492669058906 0.133153542113234
Ugt1a2|Ugt1a9|Ugt1a10|Ugt1a1|Ugt1a6b|Ugt1a5|Ugt1a7c|Ugt1a6a 4.0479680724772 0.88869081129576 0.818998242257466
Cep152 4.04678224968618 0.894037463825265 0.817184412170687
Btk 4.03703808188799 0.798220012736136 0.694295153449904
Pmaip1 4.03609428944039 0.869990318736467 0.705688213780936
Nupr1 4.03460386521099 0.418402709101389 0.280164395604618
Rbl1 4.02539279896128 0.733651387048335 0.373401220231344
Man2b1 4.02336734457484 0.729675922224016 0.643239860085099
Fcrl1 4.01056002942277 0.897578939819355 0.771777985312741
Hpgds 3.99731077864722 0.881831326689296 0.793742852729496
Mcm3 3.98743432936127 0.719200780067986 0.271104089522807
Ptpn18 3.98584426362099 0.8681616467613 0.777184579907332
Calcrl 3.97335507281799 0.687865905710668 0.12925604355431
Naalad2 3.96792074489819 0.792968888199833 0.615196190387861
Adrb2 3.96636539531383 0.824512354604376 0.624636036762082
Rnf130 3.9620729115942 0.535179624600307 0.124602210622962
Herpud1 3.95740303859571 0.769323169263644 0.817808949432693
Lrba 3.95582032644382 0.653533369411065 0.515823135038707
Parp14 3.95385328071732 0.822227796589184 0.68207221075031
1810011O10Rik 3.95298154811242 0.766543201798559 -0.102743148153221
Cd177 3.95267216838873 0.890769957948786 0.786387403267038
Cebpa 3.94731719186397 0.828704448987319 0.798203947656893
Arhgdib 3.94651773926656 0.563192561868981 0.629475821476247
Parp9 3.94608798444402 0.652528046404378 0.488978645826104
Plxnb2 3.94022260436979 0.67847223523618 0.0428999968357113
Pxn 3.93694415859099 0.482194217294682 0.39716112132977
Plcg2 3.93217611630228 0.669030559532676 0.527332368044548
Tapbp 3.9195954824305 0.551732446252865 0.511990221392602
Wipf1 3.9142925722972 0.508948450384288 -0.181095797791928
Vrk2 3.91224457527742 0.666405069912005 0.366420118981147
Rgs19 3.90973687380962 0.56614151293466 0.674839286837751
Tmem140 3.90844737584371 0.790813954481734 0.691825622748171
Slc25a37 3.89549392407043 0.688704064772144 0.368500370767329
Lgals3 3.89308765204558 0.656289014170179 0.107364117034006
Vamp3 3.88236562851371 0.348455952719771 -0.203024250460749
Slc15a4 3.87757571473201 0.736145073979531 0.727552592203611
Rnf19b 3.87519355638984 0.298151335820512 -0.0586090780684022
Tmem176a 3.86497475225267 0.5049082299423 0.146756297097563
Tgif1 3.85800625950574 0.893740397483295 0.853101032190137
Cd33 3.85219471748493 0.750104679339128 0.683178355535824
Fam111a 3.84862566672034 0.849867055740491 0.683864090440237
D17H6S56E-5 3.84521669556186 0.894416959943604 0.302503885279231
Bach1 3.83090752957447 0.642359077089569 0.705837220411304
Ripk1 3.83031957080329 0.705194490330256 0.610434377354206
Sesn1 3.82486829098026 0.558828078572835 0.626278588360226
Wsb1 3.82251873907151 0.376260340075769 0.187841995424052
Gcnt1 3.81471995826004 0.895569611790738 0.643018394891917
Klf10 3.80465201808445 0.517792257103537 0.462740888733919
Myo1g 3.80140693222907 0.824570686116174 0.670357999992966
Rbm26 3.80125929936603 0.637396635410059 0.422392495293168
Qk 3.79485793470499 0.0552123575683585 -0.13339715953358
Rab3il1 3.78603616503032 0.770180478270447 0.586356515527939
Rhog 3.78443722686204 0.498100051011296 -0.189479048855305
Lmo2 3.77991191870111 0.236873023101989 0.360740827068808
Zfp110 3.7761403437992 0.483014814496497 0.41842103220175
Gna15 3.77433814331786 0.899969197057659 0.799112144024648
Vasp 3.77137749199384 0.69812221932653 0.439627371014381
Egr1 3.77104888431087 0.332243005208871 0.466367762373152
Dock8 3.74984137434464 0.850917573120054 0.509330180954815
Ostf1 3.74415615632628 0.430399901351922 0.0374707160298147
Btg1 3.74330236866161 0.429717336272982 0.344137121978788
Plekho1 3.74274629048323 0.668763963782942 0.711472411704794
Tbxas1 3.73135788416409 0.873722689073598 0.750219466543196
Jmjd1c 3.72910876427637 0.557369146091894 0.264011940947149
Psmb9 3.72796158338115 0.851267765653208 0.758381652538506
Ugt1a1|Ugt1a10|Ugt1a5|Ugt1a6b|Ugt1a2|Ugt1a9|Ugt1a7c|Ugt1a6a 3.7270027075604 0.765431200072201 0.669671935068351
Mlxip 3.72668901068438 0.779801379803705 0.743801544348496
Arhgap9 3.72606762869715 0.828104509832439 0.505407944556701
Tspo 3.71962405537571 0.573244110944874 0.232284643686561
Pbxip1 3.71561421138339 0.60458276530437 0.535396138956085
Ptbp1 3.70524754215097 0.712712146293103 0.512764159168053
Snx18 3.70461493143993 0.717508575739467 0.749235824469878
Tmem176b 3.6967257059285 0.349099998943655 0.137947030958769
Sfpq 3.69259369659246 0.357638906267396 -0.111539902511215
Zfa-ps|Zfx 3.68783212269583 0.676745702973532 0.468400123249846
Ctsa 3.68060118359825 0.705561906435808 0.638427387460191
Tmem123 3.68059878759349 0.162641778709504 -0.376236187135422
Slc2a5 3.66547970185539 0.698135327688086 0.33520761825858
Rp2 3.66536652361594 0.793337529377396 0.732276304568358
Clec4a2|Clec4b1 3.66301596299151 0.902162419348631 0.846081958625682
Slc9a3r1 3.66266016948521 0.321309321441714 0.085175741319179
Erap1 3.6600037333129 0.776969244835912 0.632822405285259
Gbp3 3.65901726698374 0.775506112185781 0.196402495190063
Tnf 3.65353885762754 0.818430863941905 0.69840883232456
Lims1 3.65031856353 0.588741950374987 0.581362199030429
Sh3glb1 3.64105366835657 0.55242418186616 0.58081444072724
Ncf1 3.64012005727064 0.897995757685933 0.826997131618452
Dnajb1 3.6394418958863 0.768061592075368 0.318491678327982
Cyfip1 3.63771245506983 0.568376037273324 0.535437471799111
Nrp1 3.63534304358848 0.363082506180822 0.0108446455621389
Rffl 3.62622176331089 0.215716526771372 0.188393703319261
Ifih1 3.62606204378782 0.739918657716086 0.682461467220985
Arsg 3.6235824785324 0.596886882358235 -0.204474036317666
Gcnt2 3.62267665322582 0.276108123072108 -0.16524765436404
Stt3a 3.61606894566067 0.550447961605027 0.577093839887207
Man1a 3.61191660057938 0.413573994858829 0.0109283597404344
Sgk1 3.6075287970806 0.350097125944309 0.248582366217602
Ebi3 3.60608864227383 0.838923125461151 0.717724066851372
Naglu 3.5991002182301 0.811374041479068 0.835794525000769
Tmem63a 3.59696418967889 0.453278353683989 -0.186383658274257
Coro1a 3.59299640817566 0.500896902388756 0.609948706493806
Stard8 3.58958351657265 0.658755645015066 0.0582449608474173
H2-Oa 3.58514870978428 0.907034211868572 0.841015664106886
Gbp7 3.58504670360809 0.774252972850128 0.316936611536916
Dock2 3.58353755095828 0.800706317129849 0.66457681384136
Per1 3.582146261354 0.683674713350313 0.626357073886586
Snord22 3.58106344397438 0.811676491252714 0.747003918737636
Ccdc86 3.57642153586628 0.586214943076084 0.612047583604365
Mef2a 3.5748516659263 0.381167420740064 0.153964308432741
Myo7a 3.57362662094979 0.735679326551 0.704400388158652
Rnaset2a|Rnaset2b 3.56866847980059 0.621818401479218 0.596201847521524
Slc25a45 3.56327994315734 0.569457060868963 0.321289122443169
Morc3 3.55800820790876 0.622985635338139 0.667911666675593
Hps4 3.55665460322685 0.703595597492605 0.692465691385308
Serpine2 3.55476119641533 -0.0638865590499688 -0.0427407967994337
Plxdc1 3.55430472179599 0.16409481927849 0.0646875814458077
Cables1 3.54035829933742 0.658220924984086 0.115836321878105
Phxr1 3.53333548485501 0.638427974482582 0.527893394217594
Trip6 3.52853772450402 0.47741916248715 -0.159740346064665
Tpst2 3.52736113917767 0.763912540920676 0.764387198703857
Maff 3.52671015349355 0.795543583847646 0.712058538019068
BC028528 3.52633372942209 0.726016812397705 0.282476100337174
Rcbtb2 3.5241169393157 0.576474233279069 0.474734410738222
Samhd1 3.52092194505277 0.799242439056126 0.724998842807218
Cd79b 3.5192423924717 0.903017963931419 0.838726608408507
Ifi35 3.51601733095516 0.773144232340461 0.643703193508148
Npc2 3.50691394464046 0.427917790021859 0.201576087207886
Cflar 3.49783949852346 0.626941587819582 0.550237143449134
Hacd4 3.49744422576231 0.70864629187229 0.611088468674654
Fkbp7 3.49179903202165 0.69952282617987 0.687863541381109
Ehd4 3.48655650579092 0.647137759959077 0.495792380353659
Map4k4 3.48518444017661 0.268469575653369 -0.105661977822082
Fmnl3 3.47984533452969 0.826099683868345 0.573255226158426
2810474O19Rik 3.47745059176429 0.608716420202465 0.297412555736987
Tgif2 3.47729491415172 0.749751654493903 0.733848178386348
Gimap6 3.47387720613576 0.854221853143263 0.821689227563879
Igtp 3.47347352114472 0.716222070272694 0.541093537411998
Dok1 3.47337729816355 0.847071237597609 0.738240805473407
Cd164 3.46282076823359 0.501117017751147 0.571533084732767
Asxl1 3.46114993869631 0.738435180090084 0.74809959643584
Slc46a1 3.45591772026824 0.685732663607451 0.558228677076438
Slc37a2 3.45339883611258 0.874724494344913 0.825359681219632
Cd2ap 3.45305306989593 0.649214852515479 0.580253703299719
Sertad1 3.44855243736421 0.719292336071378 0.759101918828126
H2-Ab1 3.43529995083763 0.770289524652324 0.638511414524865
Daglb 3.43217329304277 0.633094132409667 0.495265274352975
Il4ra 3.43046954136713 0.700422849077486 0.521809135885418
Fcgrt 3.42595193264996 0.619407689891664 -0.0875450334054097
Smim3 3.42579646796579 0.672947280686486 -0.139425537719329
Casp7 3.42097993594053 0.683079428716749 0.140177045176292
Cln3 3.41674242559711 0.647587429399394 0.498838927242542
Snx20 3.40779756784189 0.828491911051896 0.614475767547875
H2-M3 3.40581351440238 0.578903705454428 0.614904651766623
Nfatc1 3.40232746208061 0.784267783484963 0.753172111302284
Cd302 3.40155138894476 0.354225787271706 0.279535126015965
Srgap2 3.39871517796649 0.4851158519179 0.363866937029076
Nr4a1 3.38819054180043 0.550952940054823 0.530167499263889
Rnaset2b|Rnaset2a 3.38798052539775 0.583123052388586 0.584873227038914
Aff1 3.38617681355907 0.289420238536953 -0.23487060909112
Tor1aip1 3.38234800546254 0.72732699416576 0.613401705073866
Cr1l 3.38182604270575 0.65594537937868 0.57421476025011
Apobec1 3.37972472136431 0.637593287471986 0.436450284713381
Ifitm6 3.37932640487778 0.858108189249922 0.655387561575548
Gns 3.37627340051875 0.735760780993792 0.758977054080926
Sall3 3.37604800158516 0.774233585850906 0.445855704747745
Plod1 3.37495220040419 0.562290809078437 -0.179184726275109
Fos 3.37199704626813 0.31416558778342 0.114444868439519
Ltc4s 3.36860239461602 0.766558211066415 0.55384325737814
Rhob 3.36684931036873 0.369254263845119 0.265738655210053
Gna13 3.35836877039513 0.413047683635851 0.0882052875584317
Pygl 3.35606768628949 0.563492889967646 0.147230157938177
Orai1 3.35267423650745 0.625388553171183 0.441108344529725
Slc7a8 3.34259447336212 0.728013011018136 0.630937699018187
Twf2 3.34159103644145 0.659963767126711 0.733936116924166
H2-DMb2|H2-DMb1 3.33944635308899 0.782027608612344 0.68408973554214
Diaph2 3.33915232245775 0.246891668644593 -0.155762462693038
Gab1 3.33713426379339 0.314071373691992 -0.130451116307365
Tjp1 3.33053371120724 0.448758249296004 0.0953296299341309
Hps3 3.32656137626173 0.767638618353455 0.784221735866383
Clec5a 3.31951787174262 0.868271730785741 0.772113500751082
Usp24 3.30761196614324 0.469237759390536 0.250070951656699
Hp 3.30576622908049 0.879308896461785 0.458295886347923
AW112010 3.30566311897063 0.854559045987257 0.757552259875947
Mmp2 3.30200660916317 0.525134903772598 0.0802292221285503
Traf5 3.25745315140715 0.843181843412521 0.751142426926196
Nfkbie 3.23964933348595 0.719208163791687 0.468174153516573
Smagp 3.23685303190701 0.858505715090272 0.809865240498596
Trim34a 3.21946057026529 0.78091441650427 0.610042855699969
Nfatc3 3.1929612631088 0.5167236541912 0.659173139362142
Bco2 3.18482209860358 0.731141265380179 0.674991512679374
Was 3.17585096751193 0.787730995504932 0.553956515487573
Eif4ebp1 3.16723458712596 0.606043037229566 0.59629213638753
Tmc6 3.15795087740392 0.818326379082342 0.706210532018227
Mrc2 3.13080317326324 0.699123772851528 0.279940576884981
Rasa4 3.11794893166041 0.670220159271545 0.403338965259428
Il1b 3.11602420754553 0.767746663325788 0.280755403828803
Pik3cd 3.11422964410532 0.788292495052486 0.800002792911475
Tap1 3.09714663877979 0.793654276956539 0.682329513022631
Myo1b 3.09455213510903 0.28133651950817 -0.040761617287589
Tlr6 3.07274308337966 0.841838463873874 0.655492544244101
Gmfg 3.05778059714387 0.824998237799855 0.72200339405796
Irf9 3.04266744928411 0.826677798261513 0.791887882303619
Relb 3.0394304721282 0.766422974067002 0.797081793663554
Calhm2 3.03332975825917 0.867771378048266 0.788318508100881
Tgfb1 3.01677788998234 0.786074229044155 0.625359376449421
Fem1b 3.01628042046358 0.429267434576957 -0.133417813745048
Pf4 3.0037897790803 0.861801578059464 0.587299261527426
Parp10 2.99943805013613 0.782752277505593 0.680660726068902
Irgm2 2.98201898946417 0.739735860445492 0.467802257357378
Ms4a6c 2.96303159545732 0.747536714946366 0.597419324161148
Nfam1 2.93373242950184 0.819317783289427 0.126756095090981
Hlx 2.93003306825132 0.820676929950031 0.58682189932979
Abcd2 2.91348117260608 0.175491600586318 -0.218690528323333
Batf3 2.89696349188261 0.79605856671565 0.471770311891831
Smpdl3b 2.74770431174687 0.671442676034436 0.547057710087703
2510039O18Rik 2.73042618498647 0.56438370381871 0.438526722628454
Myc 2.67094505185136 0.730335173954421 0.725843486130905
Tmem168 2.65834183772885 0.47628333773159 0.285365309257416
Mpo 2.64813800307276 0.667795763795097 0.194191291708152
Gpr137b|Gpr137b-ps 2.61062554412801 0.329571495753025 -0.0972744851058647
Bicd2 2.58282173524464 0.545799668955855 -0.0839043277592548
Map3k1 2.57535466372177 0.727506633109606 0.603673298702847
Parp8 2.56400012433355 0.461181892638656 0.412350506411741
Srpk3 2.54796266587979 0.752326137533945 0.555825226097238
Sh3tc1 2.52857687468615 0.742919946282097 0.424466684891794
Sft2d2 2.48843464704069 0.491101207150735 0.0935161605055622
Il21r 2.34426037006465 0.844765924648707 0.716320021946891
Ceacam1|Ceacam2 2.1252178474873 0.21280232927407 0.209539027489465
