Dbh 7.44024296804949 0.882201838886371 0.876083072706778
Sncg 7.16151893451243 0.507890701222419 -0.196235613167765
Ddc 7.15201451130569 0.404356142173147 -0.190442213039441
Calca 6.93429830046486 0.753370954269189 -0.0900329861779032
Th 6.73145995410281 0.499835513925101 -0.0741058802149248
Calcr 6.25025400345464 0.91779852796981 0.887253496873193
Gal 6.22445802667434 0.811966455609496 0.822485402269945
Chodl 6.183158631571 0.840792124877631 0.0359827743866651
Serpinf1 5.8494024301118 0.670890898802429 0.522339288971592
Phox2a 5.69758765856849 0.955621723601821 0.945061853317278
Asb4 5.62863514499867 0.670404803979805 0.566338049452528
Baiap3 5.53249452992721 0.686313623252185 0.567514458315442
Gch1 5.52609564703549 0.672029777225616 0.0549064376313268
Tfap2b 5.16054695102202 0.697808382448544 0.25074929623349
Gpx3 5.02567688225318 0.6421584034779 0.500132144400929
Ovgp1 4.81648754322311 0.586130896984969 0.604518959775875
AF357355 4.75529061073285 0.0740443692768749 -0.049282445849979
Susd2 4.55211924707773 0.582674612431799 -0.0771799779939856
Maoa 4.24419853799767 0.737483855181477 0.846237388493698
Slc6a2 4.07017805424381 0.882450218722732 0.833806991162968
Ache 4.06480584280387 0.501946691151327 0.0990541811268593
Tppp3 4.06068753294713 0.414683754571593 -0.120589697565231
Dlk1 4.01653077488778 0.579927121789122 -0.1380866554249
Cacng5 3.95749392842531 0.487858898423152 0.100174493129621
Cd24a 3.93820156255923 0.395894595939961 -0.170135171676443
4930550L24Rik 3.91508628063762 0.866040998967719 0.792214682313445
Cacna2d2 3.83610055702398 -0.14996693087389 -0.12487611965802
Stbd1 3.82805964550355 0.716954598922124 0.306168656328303
Vat1 3.82700199161299 0.466380319080787 0.301383351048348
Rbp4 3.75957803761205 0.368286566947834 0.0805757649127488
Chrna6 3.74122575876298 0.602528139621986 -0.00583783424682691
Ngb 3.7221771054267 0.619739217421897 0.358712792907767
Cmbl 3.64217103340955 0.464183047781483 0.0728192058606755
Slc31a1 3.61367840276881 0.642959752127732 0.485392923824801
Mcub 3.60948755315991 0.562394061080061 -0.137326091606751
Adgre1 3.51937746173332 0.737240514474043 0.712810989839432
Pcbd1 3.48861273487024 0.401566807366454 -0.112994425099435
Cyb561 3.42825346001014 0.420839809720344 0.464521129266864
Asl 3.40730689090997 0.746992118890388 0.799231856855168
Cdhr1 3.39605620970084 0.626825623961393 -0.045977660733535
Fgfr1 3.37414952437138 0.570168638123523 0.139968706622489
Snhg11 3.34734063321703 -0.21829380527362 -0.156778063835304
Eya2 3.30913634143663 0.823547849502561 0.372918428534202
Oasl2 3.18548943008939 0.727745485201898 0.59530084039681
Gng4 3.11113842816008 0.387977536787412 -0.171361199546081
Tm4sf1 3.0369563663735 0.630861643805511 0.548221159009513
Gstm6 2.84559851388555 0.658330235849781 0.231883359362147
Pmfbp1 2.49819128985539 0.515692916140874 0.0041911956433673
