Neurod6 5.74151419322494 0.578661958725088 0.253445741350859
Pou3f1 5.21049800537404 0.121747692413238 -0.24647156787623
Kalrn 5.2021525738796 0.0943991642116511 0.0921296222816465
Crym 5.06382523645737 0.282572239357931 0.285685122645063
Lamp5 5.05842458693345 0.265621870910036 0.269436514653406
Krt12 4.91318901651204 0.517146753033967 0.2087525183719
Tiam2 4.86060800513408 0.393453037756096 0.269471023695831
Itpka 4.70346395679051 -0.0636374482535269 -0.162161574618485
Fezf2 4.64190189513566 0.629032887360915 -0.0281244115884554
Nov 4.48642333967956 0.453816825238122 0.17370321151903
Egr2 4.39770793323297 0.464589318469649 0.279128547858041
Sox17 4.34311795693715 0.786711490556484 0.561429381595644
Pdzrn3 4.25647223906977 0.39468682401071 0.167893899748625
Arpp21 4.11783570835565 0.204463747108969 -0.00622689593228743
Foxg1 4.00058514197942 0.00136884048175693 -0.22374058169818
C1ql3 3.9567182512589 0.313048533460886 -0.138340817153857
Tsen15 3.73636962079509 0.741228392352201 0.716467285427782
Cck 3.50676639735869 0.00993620593464827 0.108590428033284
Ptk2b 3.44498532911893 0.107396817654646 -0.18882648866094
Bhlhe22 3.42843863109174 0.226319796037972 0.226429076432748
Rgs4 3.39608129050754 0.236620663761632 -0.134169439521298
Rab40b 3.3740425160331 0.117852536166778 -0.119763436908887
Gda 2.85176714096734 0.375218425120935 -0.160059249946804
