Ptprc 6.8322131269008 0.879934283460465 0.325601995002662
Grp 6.17633207364143 0.608621980439811 -0.0992189738712925
C1ql3 5.97452742526 0.503500464556781 0.310807841109627
Nov 5.74177305682995 0.555682394785549 0.262766894016509
Rspo2 5.04912257084089 0.496043580515392 0.132477618560578
Fezf2 4.81119969518456 0.641252024604091 -0.0595741784708555
Ldb2 4.68447774537721 0.548848131836779 -0.105150451101939
Itpka 4.61926431288478 -0.0687306789188445 -0.168119961585375
Ifi205|Mndal|Ifi211 4.48788856452694 0.874188837988331 0.452286048339696
Myo5b 4.34765634309858 0.238225610815169 0.0702697845383292
Pde1a 4.32881704437904 0.462903653429679 -0.267444238897551
Cck 4.28976426030866 0.142420874162298 0.180079744501954
Cpne6 4.2828884240881 0.532397679404849 -0.105230202751814
Ptk2b 4.24305892834472 0.193355270960478 -0.207884236241011
Icam5 4.19657272125105 0.439812806913457 -0.0897278114740548
Crym 4.18426272103346 0.192049616880208 -0.166262591534191
St6galnac5 4.14329997527549 0.404148184493393 0.0367597760330211
Mndal 4.09652366916484 0.860681537692031 0.402860512778547
Meg3 4.09053008442127 -0.0161867840297634 -0.462295016370229
Glipr1 4.04085758652861 0.78694515386947 0.341338997260071
Cnih3 4.02204683759145 0.629362787427527 0.519256121322246
Cdh9 4.00621165599572 0.519470350138965 0.141331151369576
Psrc1 3.88486738016458 0.732868609635357 0.0930072894137127
Lpl 3.87904381674231 0.0762384890918908 -0.126128785794788
Lypd1 3.73248739115162 0.298760144260781 0.0429132551263574
Arhgef28 3.72277511848462 0.523900230388668 -0.244399918726595
Pclo 3.71603397368885 0.28832187116915 -0.115819975236852
Man1a 3.71283279149212 0.427154112884291 0.0109283597404344
Slc26a4 3.69255889430695 0.668936397321899 0.0517252404107569
Bcl11b 3.6857953759792 0.123664517109326 -0.149254833179171
Snhg11 3.66606822317918 -0.246937833946542 -0.315221891974167
Syn2 3.64756624701289 0.302386351784091 0.109327898485342
Ryr3 3.63060724509198 0.250294788082538 -0.396605043707431
Spon1 3.44757297357359 0.217105243978772 -0.289202280789345
Nrgn 3.42946718488458 0.163423268620691 -0.208674801064318
Pcdh20 3.41525918139787 0.360089648041572 0.156701460896107
Fhl2 3.39438267955838 0.622527029992152 0.0628654370108547
Slc7a3 3.3351127696083 0.431559710061332 0.178943942361724
Il1rapl2 2.64760298163055 0.595647770250707 0.36175007051788
