Gpr88 6.67563317400549 0.861264476498548 0.819925312693009
Ppp1r1b 5.48672712938281 0.617307854592582 0.715996438795893
Ido1 5.42054416123102 0.887563395157727 0.840800175596424
Pou3f1 5.34830460583091 0.441925152771347 -0.24647156787623
Arpp21 5.20676132526203 0.598333743217335 -0.00622689593228743
Tac1 5.12141754184578 0.425194914991805 -0.304605341758092
Sowaha 4.94665280143392 0.573132411570743 0.121338571590886
Lpl 4.92075419327361 0.381147996031406 -0.129309542061125
Rab40b 4.65208663115984 0.517953061811402 -0.11186187397065
Itpka 4.60575605916346 0.175290540707465 -0.168119961585375
Pde7b 4.54412114406691 0.749732467489388 0.315166376048593
Meis2 4.52521922218816 0.53884604642651 0.256184068309154
Foxg1 4.35977177251701 0.29976588509953 -0.122161791522325
Ptk2b 4.34982923538408 0.489122921967002 -0.207884236241011
Bcl11b 4.32713097998047 0.446626224642312 -0.219187019035683
Tiam2 4.19131114117411 0.597128675586178 -0.0700316079668535
Rin1 4.15842626490812 0.678750289950786 0.351818330531935
Gcnt2 4.142304175963 0.564958766528949 -0.16524765436404
Rasd2 4.13246864717234 0.537546189105791 -0.0628753504782891
Lamp5 4.11004221489012 0.40950992504914 0.00643339142105512
Penk 4.10368240015955 0.431342144604256 0.00945104356070126
Foxp1 3.98251865757553 0.594843726234581 0.553219442870861
Crym 3.96653285654289 0.468952474986335 0.0264741608284163
Pde10a 3.92010842005156 0.777954608882369 0.684711968505067
Isl1 3.91433026334609 0.628530240193251 -0.186647707177854
Rerg 3.91344676511105 0.439750656982666 -0.214070794523809
Rarb 3.91212343728095 0.587750563475589 0.101138984973459
Ngef 3.90874280667376 0.393836485421896 -0.168660779932351
Foxo1 3.86425459657884 0.661217366808389 0.535357150909961
Lmo7 3.84364442298551 0.112978918083182 -0.158794054368197
Pcp4l1 3.83146856636972 0.464087167677332 -0.132947918775607
Pde1b 3.79894466980975 0.678510796056698 0.744432040844162
Myo5b 3.79797748430721 0.445435497199178 -0.192042266298847
Carhsp1 3.78278726989077 0.397697796297396 0.322153238877362
Npas2 3.7118668770724 0.776303336619669 0.755125629402792
Kalrn 3.69537004280597 0.122470870971057 -0.19466615790538
Prkch 3.67761494597793 0.805788907738873 0.0806863938302459
Dmkn 3.66942105055364 0.794773903195447 0.301305022944288
Gabrd 3.61276390861785 0.427768596051055 -0.230875764001531
Kcnip2 3.59057797544924 0.76910120065438 0.138785060085387
Myh7 3.5303469149211 0.509610738717862 -0.101152327988438
Camkv 3.50725039699364 0.459610131790403 0.238660199560846
Stk26 3.49117605031441 0.501795087993337 -0.161875043408328
Rxrg 3.46027103205306 0.638569735441722 -0.199390754949387
Tpbg 3.38694828256506 0.580550349936252 0.162804957642857
Rasgrp1 3.34718405039791 0.603442303588351 -0.0761225724589253
Kctd1 3.33557672630791 0.397678752436158 0.159143047448814
Kcnq5 3.3350283570313 0.56095195335623 -0.026466746974326
Arg2 3.01473702594958 0.685714385914617 -0.212588648927101
Cacnb2 2.93713539489417 0.548526146669113 0.155765487549103
Homer1 2.92455589468155 0.65027760588948 -0.0516852070320115
Cap1 2.83978150103718 0.561334985787541 0.106720532388878
Rgs20 2.78373289606681 0.647876697146917 0.0922619121636215
Fbxl3 2.68659034871768 0.423743596130341 -0.0291727245108906
Pcmtd1 2.10883392812328 0.45147688870653 -0.0506006972932631
