Tac2 6.93966378712279 0.850929936496516 0.376135618918547
Htr5b 5.95456892888971 0.868778534608756 0.635230647292321
Lhx9 5.92347234448977 0.84864574810358 0.637741782124294
Necab3 5.91095889746308 0.791737517058701 0.803751623314492
Syt9 5.77302216808761 0.661888391920154 0.784724759499515
Irx3 5.72919612196408 0.74359655847309 0.380809828201273
Slc18a3 5.71945776598343 0.793379499958992 0.0512317901045495
Nppa 5.69010207280207 0.935169263696251 0.897492760898607
Cytip 5.55071455804468 0.822658579438253 0.804464470585993
Slc17a6 5.26564283927717 0.53653646623717 0.188721356224852
Vav3 5.25728953151699 0.561990533964663 0.67434769237254
Tnfaip2 5.2377528501667 0.763943802026929 0.418044252948909
Zic1 5.14823337197882 0.257319843407077 0.115241610603089
Sncg 5.09855555854128 0.335631441206633 -0.290662857410612
Kcnip1 5.06753343677447 0.352191462187515 0.390824532026767
Tcf7l2 5.05561245342435 0.54199379075242 0.194499625288362
Pou3f1 4.72302960339848 0.0758762136651163 -0.321865760339019
Mcub 4.71805964096174 0.608971018228766 0.565656828180901
Neurod1 4.70971171427328 0.377507430597992 0.265575328678205
Cxcl11 4.66051248719437 0.889194463656617 0.80990109244473
Irx5 4.62164158587902 0.775819872017704 0.656212663846192
Necab2 4.5974446806575 0.466884032072703 0.692913413956307
Irx2 4.558668450447 0.843648311747657 0.82813988999553
Tyrp1 4.45478862488158 0.875444951364246 0.623415419117829
Nr4a2 4.38456802025198 0.484530467481576 0.13913436653835
Chrna3 4.33641100372316 0.679546848266718 0.474905136565148
Sostdc1 4.26892061163322 0.782299988344703 0.777546996974542
Sh3bgrl2 4.11964351575127 0.654995558496074 0.735670107887928
Copz2 4.05812555672141 0.715767166464567 0.548285680884267
C130026I21Rik 4.03550146107849 0.894760038151682 0.800402173276172
Fzd7 3.96270403111103 0.626193571654895 0.525044935132225
Synpr 3.93945649703655 0.269838532364892 0.569515352584962
Fgf1 3.90900861410455 0.250158932947676 -0.081565220656805
Zic4 3.89572756914952 0.715774010874762 0.666814045813262
Mtfr1 3.76090645170853 0.405447347820225 0.383202653229835
Nnat 3.6951767542374 0.219528082449396 -0.102135891818576
Kitl 3.61776153602829 0.18594555320752 -0.151880190436246
Nptx2 3.60410241107228 0.644052640806845 0.357657810523883
Prkcq 3.58794646483619 0.593364820293605 0.317500703882308
Cadps2 3.54422698781927 0.108516772303507 -0.178843545780359
Lrrc3b 3.54360855812864 0.648348936963599 0.651187205457224
Eno3 3.54336860064483 0.703390956692269 0.674946761344964
Sstr2 3.519523416596 0.491644508257486 -0.00484265960397646
Ctnnbip1 3.49787635661552 0.690020464242714 0.727925423673037
Map3k6 3.47263074987851 0.787095185655158 0.741806588449873
Hopx 3.45633596931797 0.0262963656389059 -0.215313776871992
Gabbr1 3.40372027425207 0.263149516423919 -0.100276727780141
1190005I06Rik|Gm27021 3.39015883443228 0.454683728758641 0.143090260483923
Cacnb3 3.33541708922728 0.531657702094054 0.564721366716497
Galm 3.30855053753439 0.671845682491452 0.457466279683602
Tspan12 3.26368979814483 0.442736589502963 0.0804914886910991
2310030G06Rik 3.23919909261437 0.584709557070085 0.0773208843696929
Tcf7 3.07587899984772 0.658961609012776 0.602270509960193
Tex15 3.05703339436471 0.729269179940552 0.560602180979025
Sema3e 2.99602013043166 0.406412992148341 -0.084518496839465
Ifit1 2.91026467600061 0.692830365224939 0.134766858643805
Spa17 2.89249854281078 0.55561961490278 0.32909902376053
Gpx2-ps1|Gpx2 2.79656326072497 0.730238124056116 0.404004832036847
C1d 2.7872120389683 0.253131311150834 0.351836386587993
Chrnb4 2.64951054064308 0.868821855679084 0.776623909915483
Igfbp7 2.63087478974759 0.506126624229461 0.0439901214139109
Ints3 2.55998782015043 0.551279645578632 0.348703449903723
Pcgf1 2.51873302795421 0.305964356772051 0.147123501467755
