Tspan2 7.13490841040473 0.837198956094328 0.851915676051778
Ppp1r14a 6.86040597542598 0.852783325343748 0.851869564250821
Mog 6.83686234829 0.804443610092802 0.749321464449041
Mobp 6.80822416277456 0.760475755677495 0.751033827159623
Ugt8a 6.49737490145929 0.694584700115519 0.715616030853635
Cldn11 6.31692760692068 0.76969341850585 0.7464690003357
S1pr5 6.30621421513121 0.759201342031361 0.700651194473392
Mal 6.25905149560266 0.794048202445484 0.882048980575052
Tmeff2 6.11916369503861 0.647358222404409 0.375752277557377
Grb14 5.98765871206937 0.775190788435502 0.892357884920935
Sh3gl3 5.70339364918952 0.773370331323107 0.900702638592815
Fabp7 5.54421372302497 0.074969876240982 0.177649719014433
Mbp 5.49424326985307 0.610793918453862 0.819220409500646
Ndrg1 5.35610547191174 0.727446562665608 0.714214669331313
Fa2h 5.3083776391256 0.808668613836859 0.746924644957959
Dusp26 5.21794883597771 0.554951671452839 -0.0675058913087193
Foxg1 5.19746070184666 0.0348571168419425 0.10027705199262
Sox10 5.11148004599349 0.884729300791216 0.87145834403786
Ptgds 5.10559068747417 0.501478270153669 0.214992927588846
Olig2 4.99420080079467 0.636577225954618 0.698661462896173
Sez6l2 4.99241808368165 0.522857748334006 -0.0596350938506179
Stmn4 4.93127982899106 0.689574162141452 0.628159443039214
Pou3f1 4.92969540577937 0.870515834490112 0.857542985104024
Efhd1 4.79259361756724 0.290004077269284 0.38748675074385
Ddc 4.74926393487985 0.805511102123247 0.776154557683701
Tmem163 4.73080872640279 0.810635314068526 0.702300618737737
Trim59 4.72980939559964 0.845146689008913 0.842680143237264
Sox2 4.65813421829856 0.113415310939394 0.2568584868296
Edil3 4.45701948532982 0.481468610241162 -0.160828702403079
Gpr37 4.43756612241909 0.344597662325692 0.339781304561819
Gal3st1 4.36666952705867 0.696683818574056 0.487655595273478
Pcp4 4.27431701303972 0.267155321970329 -0.202563483577685
Rab33a 4.27043304042889 0.648558333607621 0.66499281188357
Apod 4.26230297459392 0.554606493340976 0.344000095259767
Bcat1 4.24006566193213 0.588409250237862 0.656839425455226
Aspa 4.23706426590225 0.670303796721272 0.684325720516442
Anln 4.22800838884146 0.68331569834233 0.473679688079108
Ank3 4.22069634655162 0.550260909530859 -0.0737361197721654
Evi2a 4.2129362823935 0.516969212709949 0.123793673495937
Pllp 4.21238081298376 0.884705024584107 0.853954359312462
Lims2 4.20886890971235 0.803266482614565 0.730253676519658
Slain1 4.20675170289978 0.78974946863842 0.818728755713496
Prkcz 4.19487181733265 0.537666546365574 -0.171725524477967
Plekhb1 4.19054712865884 0.303285919723434 0.544142483318154
S100a1 4.17772365766622 0.125638412921611 0.0427421537797832
Kcna1 4.17037474441615 0.505620169527419 0.180416716480147
Pdlim2 4.11695027391291 0.796371383491072 0.744082876887141
S100a16 4.11326892237691 0.181474868643921 0.145495965397372
Nkx2-2 4.1011044496381 0.633129684100387 0.628247461664321
Sytl2 4.09577637674837 0.513573412965188 -0.0688127521775886
Olig1 4.05466025574675 0.445025017620528 0.773403160142552
Chn2 4.03766638102201 0.746679940267832 0.826720668780968
Josd2 4.03303525897022 0.710628512318029 0.54850089232
Larp6 4.01685990869997 0.630726737759044 0.401741178349293
Sgk2 3.96576722972268 0.786244144228041 0.667769810274416
Efnb3 3.96209374780109 0.755908734762756 0.638522086639891
Nkx6-2 3.95419702717788 0.737812422862106 0.667422751436101
Gsn 3.93350871995215 0.695136161468271 0.666851360972835
Lpar1 3.92610691826675 0.78734506388563 0.74034788994049
Cacnb4 3.89188692301243 0.564032348738723 0.138470626680326
Adamts4 3.87149787205763 0.652910503810157 0.441251359453588
Tubb4a 3.83793829698418 0.664008106635969 0.493828826636799
Acot7 3.82246491520196 0.474446319480799 -0.162359801068074
Plp1 3.8207488567983 0.668939428983363 0.80682601002219
Lrrn1 3.79826931585574 0.590793789651684 0.588063138636227
Atp9a 3.78813322184719 0.466755228206402 -0.139343143356938
Ninj2 3.77219437341052 0.820700438367452 0.789736617615512
Nkain1 3.7692853561344 0.649656938622078 0.540945393743173
Thbs3 3.75750637376287 0.532617594890265 0.49757457888979
Mag 3.70048006603546 0.674509468960804 0.495914462714689
Asrgl1 3.63838806532849 0.157287214290926 0.290279942573485
Scrg1 3.61275220707088 0.127033263170996 0.112704087755725
Plekhh1 3.60532402641005 0.716470572340707 0.522139335955435
Gnb4 3.5931611097545 0.710931811015581 0.687632239725822
Tnni1 3.59159224526152 0.820738575701759 0.732449666736508
Brca1 3.57157131397225 0.417879724130857 0.413117197003879
Phldb1 3.57003290307503 0.790021489150645 0.776313267713527
Gpr37l1 3.55581359458213 0.23661225363424 0.664099488004046
Mfsd6 3.54542137925348 0.466183466662025 0.337633765121055
Car2 3.52482354136077 0.121697271843843 0.00128426818812924
Gpm6b 3.48444050928757 0.154465549041231 0.327706582400241
Sh3d19 3.4634183701011 0.69909274890659 0.680987401260246
Carhsp1 3.460309169405 0.56553012834158 0.58529766356601
Ggct 3.44637723953585 0.602696391776731 0.110972911694849
Gamt 3.44297573209133 0.743525805038493 0.615433834528852
Klhl2 3.40255572831324 0.837853257365975 0.811106330562999
Dnm1 3.38189977133435 0.471225742689899 -0.0485336919699345
Gjb1 3.35546157457455 0.69369738844899 0.491210785529638
Frmd5 3.34109192201994 0.642807339037166 0.417505293291312
Car14 3.33509755159478 0.684475131427979 0.464820355103472
Hapln2 3.22742973656037 0.545106032125636 0.206236187521496
Gpr85 3.16872721736987 0.573962784512273 -0.114500411965291
Elovl7 3.16227441646248 0.550282205832476 0.135875937215859
Pcolce2 3.11059141198983 0.50246974963077 -0.295445900615596
Kazn 3.04683697052396 0.875260251274202 0.865847475658441
Cdk18 3.00795179347697 0.683237429541605 0.491092707680157
Pdzrn3 2.98083780839017 0.133966739823925 0.00398259701093229
Tnfaip6 2.87518161807236 0.530454687838626 0.443553559514261
Brinp1 2.85788443602189 0.294740939108553 -0.0308226224903309
Rhpn2 2.85022778800271 0.351856252604255 0.36648838955686
Csrp1 2.7193451522002 0.133098852505768 -0.0255311066201
Bmp4 2.70442546757388 0.66179894389437 0.544660726002367
Lad1 2.62223059543636 0.481966561659397 0.188660740461909
Synpr 2.51290338095778 0.58152931233466 0.52704964794522
Pex5l 2.49008222683145 0.503868128418398 0.0989634197848417
Rab40b 2.36912653037123 0.484644083682958 0.253719563297519
Dock5 2.2157744579751 0.360925051103158 -0.032790241426979
Cpox 2.16660547225626 0.780498975949124 0.684540768399231
Rprm 2.05479931378587 0.349053403999797 0.0562451244225819
Nnat 2.01169270705799 0.0242121054129109 -0.0679944627447691
