11486
240913
229595
68743
11484
12183
69993
18417
56173
16840
13038
52840
28075
68813
98363
74559
66153
14269
118454
14854
15245
50905
192897
66124
18519
16553
19144
69297
17136
17196
214944
17433
338367
225908
18025
67149
14912
18584
58869
211945
50784
26939
68458
170952
110391
67338
24017
94226
20250
18952
27219
105439
20496
100434
67739
14664
229285
21351
230157
21952
97031
66949
14038
52639
216853
68994
78500
73989
75311
77119
328957
319951
77739
104923
211488
100504549
105522
242037
320091
105171
320775
100502861
70054
101565
104252
74201
242546
71007
654465
68519
320981
77767
71878
382105
71375
434689
100039045
329851
100503147
100503337
14709
436090
14870
233752
52009
233877
16554
319991
76484
213469
433099
381352
208158
74466
214112
67824
239827
240752
329064
263406
320111
72446
665119
268512
170574
75657
75858
74062
78925
240690
71149
230678
320587
22415
74335
52502
338521
53897
14431
14618
56356
50915
227753
14745
84004
17441
213019
102693
67801
21827
103743
70747
22239
73940
