Astrocyte	Basket	Bergmann	BrainstemCholin	CerebGranule	DentateGranule	Dopaminergic	Ependymal	ForebrainCholin	GabaPV	GabaReln	GabaRelnCalb	GabaSSTReln	GabaVIPReln	Gluta	Golgi	Hypocretinergic	Microglia	Microglia_activation	Microglia_deactivation	Noradrenergic	Oligo	Purkinje	Pyramidal	Serotonergic	SpinalCordCholinergic	Spiny	ThalamusCholin
30956	216233	232345	14172	12351	13511	13162	11481	12903	11622	14408	18159	14729	12818	228911	11474	76770	74211	228790	76408	75352	68743	53313	11922	12705	13711	73712	620078
52538		118452		56410	109620		93760	12904	12862	14409		14829	15561		239083	54140	67477	11977	11554	65255	11484	12373		74175	14675	56458	110834
216739		12364		54698	60440		12316	16875	76453	109594		72413	18142		13143	12425	216991	14595	11555	12311	67102	12822		260298	15405	108655	56066
27360		21948		668253	18168		20878	19217		18424		50706	22353		14257	12922	100182	12013	11629	13166	74559	333182		15006	15426	64378	227929
14766		104445		13813	18295		12442	63993		21349		56089	22418		24053	15171	329154	11796	11727	14867	338521	13591		19218	17395	15930	14369
76187		12654		18508	239510		12458			21955						15372	11745	12363	16952	17161	14431	13592		20519	56309	18143	319625
11541		12798		66183	20356		12479									18548	70719	20293	106952	12659	14618	98845		15567	67486	23984	15564
329828		13142		65971	56720		107995									18610	216869	20296	70497	11859	56356	215512		22044	69847	18574	16372
104776		59056		67525			66953									192199	107350	20308	171207	56523	73940	64337				29863	54352
27494		75823		22255			12534									22045	12267	12774	216445	20538	14745	26558				218772	53608
69538		14872					67177										12362	53599	11857	52331	17136	57295				225870	56846
11761		319158					229841										12370	12524	381319	17112	17441	212111					230899
216190		78558					108000										20305	12608	170752		14912	70810					18761
26362		80876					74107										140497	99100	12229		50913	16869					212531
12032		214944					27214										12490	60322	72691		213019	16873					66042
72014		17702					13392										12493	12984	12796		211945	27206					21414
12411		74055					327762										23833	13025	12335		67801	19051					104271
16007		22038					13605										12514	15945	68891		94226	19255					21928
12494		19228					14056										12628	66102	217303		105439	19279					22178
12759		19301					75426										12633	20310	12489		100434	11854					57257
12830		71660					29875										12655	13685	12506		20665	20513					22774
54381		19682					57444										23845	14127	15985		103743	20537					
74114		11853					73804										114584	14130	12606		70747	66106					
29873		80837					17220										12721	20321	56708			20840					
107869		20130					217653										12960	14455	26888			20957					
13110		21415					17345										19025	229900	56644			53857					
64385		238257					50927										13036	73690	102545			28006					
106648		140765					215387										64138	80910	12986								
329877		69786					108907										80281	15162	68964								
13527		53620					19366										13057	15216	20148								
13618		22341					74194										58861	15284	76088								
13649		24117					20135										26377	15937	13448								
68801							20419										94176	65972	192193								
12496							70099										50498	70110	13709								
13850							20666										98878	71586	13713								
56473							20677										13732	16172	23871								
223254							20683										12495	16175	107373								
218952							229473										80898	16190	26382								
13998							21973										16456	16193	14247								
116701							68612										210998	16391	22379								
14221							18140										14129	108829	231931								
14230							232334										229499	16822	14676								
14261							142682										14159	17133	14960								
57265							170753										23880	26410	14998								
14366							68014										14537	171531	15242								
14405																	14594	208104	54486								
14732																	63986	69774	74096								
14756																	78816	73656	213002								
70757																	106512	68774	16154								
16008																	14824	17874	16155								
16173																	110006	17969	16331								
16404																	14961	17970	259277								
16779																	14972	17972	52855								
16870																	15001	18035	16819								
30937																	66775	18037	19141								
210126																	171285	233571	107321								
228357																	15163	671535	80877								
66234																	64209	547253	16970								
67111																	192232	80285	233328								
75541																	15979	18626	17002								
67122																	80719	12795	17095								
102644																	16164	58801	17159								
75475																	60504	19205	17305								
23972																	16194	19332	218203								
54635																	16197	74760	246177								
18596																	27056	74213	72560								
27273																	54396	19697	27419								
69239																	16414	19698	18018								
18679																	16477	74734	268903								
18682																	16768	19766	64099								
19013																	16859	12394	30955								
11758																	17087	67742	18805								
116847																	17096	18787	104759								
19125																	26401	55942	16912								
19249																	58805	23921	19253								
110078																	338467	65221	15170								
19309																	17533	67547	54153								
74013																	17698	207818	19650								
19771																	17921	170625	105670								
76892																	17948	20732	71956								
225998																	17951	20963	140742								
70097																	224109	21354	98365								
68607																	223433	21817	100561								
12406																	94212	24088	107375								
20498																	27355	21899	56485								
76257																	243771	170743	56857								
98396																	18591	73130	53945								
20598																	56744	72512	69178								
81840																	227696	21926	56504								
223227																	18707	22019	27060								
20787																	192654	22033	21682								
20917																	18783	20128	21810								
81879																	234779	14605	21815								
29820																	67220	67951	230787								
83925																	269823	22323	211550								
22329																	17872	22324	21898								
22330																	19128		319880								
																	230257		68487								
																	19224		21938								
																	54354		83433								
																	170791		217333								
																	226594		74153								
																	19696		54445								
																	74030		69922								
																	81910										
																	74131										
																	20397										
																	54673										
																	233186										
																	20469										
																	54353										
																	18173										
																	20540										
																	100127111										
																	20375										
																	66552										
																	59010										
																	14270										
																	225027										
																	192187										
																	20852										
																	16430										
																	21356										
																	21391										
																	69068										
																	21452										
																	21803										
																	228839										
																	21897										
																	217353										
																	57259										
																	227612										
																	22022										
																	76681										
																	94094										
																	67776										
