Astrocyte	Gluta	Microglia	Microglia_activation	Microglia_deactivation	Oligo	Pyramidal
30956	94332	74211	11977	76408	240913	100303646
268860	104010	67477	14595	11513	11565	11835
52538	53870	216991	11796	11554	68743	12064
94180	12810	13733	12259	11555	11815	12313
216739	140781	100182	12260	11576	11484	12564
27360	18012	11656	12363	11629	69993	12565
14766	93843	11690	20293	11727	18417	72978
76187	71733	329154	20296	16952	13195	170571
329828	21844	11745	20303	106952	74559	110197
107747	228911	223666	20308	70497	338521	208618
27494		70719	12774	171207	53897	14200
69538		216869	12475	216445	14431	57780
11761		107350	12508	11857	14618	14402
216190		12010	12522	11910	56356	60367
11829		12262	12524	381319	50915	100040462
98660		12267	12608	17060	73940	18573
26362		12362	99100	12229	66124	56742
29815		12370	12984	12796	71529	239405
72014		20302	13025	12335	225341	23985
12334		20305	15945	68891	14745	20563
12411		54199	66102	217303	16979	20606
67896		140497	20310	12489	17136	23963
16007		12490	13654	12506	17153	
12494		12493	14127	15985	17433	
12505		23833	14130	12606	17441	
58187		12514	14131	17684	17988	
12759		12628	20321	56708	67149	
12830		12655	14538	26888	18088	
54381		23845	80910	56644	14912	
107869		114584	15162	67213	50913	
56448		12960	15216	102545	213019	
74519		13036	15284	12978	211945	
64385		13040	15894	12986	67801	
106648		80281	15937	68964	18991	
13123		13057	65972	13051	68458	
13175		58861	70110	227929	94226	
114874		110956	71586	231871	105439	
13371		26377	16175	76088	100434	
13405		81489	16176	13593	20665	
13527		94176	16190	192193	72160	
13649		98878	16193	13713	103743	
54326		13732	16391	23871	66949	
13731		12495	57444	107373	70747	
12496		16456	108829	26382	22239	
13850		210998	16822	14247		
232146		14129	16978	22379		
22350		229499	17133	14282		
14066		80891	26410	231931		
56473		108101	17210	14676		
13998		14159	171531	23890		
14182		23880	17534	14960		
14184		14537	69774	14998		
14221		14594	68774	14991		
14230		63986	17869	15212		
14261		78816	17874	15242		
56188		105348	17969	15446		
57265		106512	17970	54486		
14405		14824	17972	12807		
14560		110006	18035	193740		
14600		14961	18037	74096		
14623		14972	80859	213002		
104174		15001	106326	16154		
14633		171285	233571	16155		
14661		15163	671535	16170		
14732		64209	547253	16331		
14756		15277	56193	15900		
14813		15439	58801	239217		
12950		15936	19332	259277		
15200		15939	74760	52855		
15483		15979	54720	16792		
56741		80719	74734	16819		
16008		16164	24014	19141		
16011		60504	75234	16909		
16404		16194	56437	107321		
209378		16197	12394	80877		
16525		27056	67742	16970		
140492		54396	18787	233328		
16779		16414	23921	17002		
16816		16477	20491	17095		
243914		16598	65221	17110		
16870		23849	67547	16658		
210126		16768	207818	17215		
16206		18826	12702	17305		
228357		16854	20732	17476		
17304		16859	19073	218203		
170790		17084	20963	246177		
17387		17087	21817	72560		
17909		17096	24088	74039		
75541		26401	21899	18054		
13004		17258	170743	114249		
17986		58805	72512	268903		
215819		17533	21926	99543		
18128		17698	21928	70839		
18212		17886	22019	64099		
18217		17912	20128	30955		
102644		17948	12257	18805		
75475		17951	67951	104759		
23972		105855	22228	72324		
18508		224109	22323	65112		
18596		223433	22324	108767		
27273		27355	22695	68507		
69239		18591		18753		
18679		56744		16912		
18682		192654		19253		
27226		234779		15170		
18994		67220		66824		
19013		67448		54153		
19038		269823		67865		
53412		17872		19735		
116847		19128		20111		
18760		230257		20201		
19125		67103		20202		
19283		54354		56045		
110078		170791		24044		
19309		226594		20345		
13609		19696		98365		
219151		50778		104681		
20255		56470		67712		
20971		58809		56485		
68607		74131		228875		
114644		26943		56857		
108052		54673		53945		
57738		233186		71607		
20511		20469		69178		
20512		18173		54613		
55963		20540		27060		
76257		100127111		21682		
98396		219140		21810		
54403		20375		21812		
53896		59010		21815		
58807		225027		230787		
57319		192187		211550		
20682		20852		21898		
26942		70415		231633		
13602		21356		68487		
20787		21391		21938		
23965		21452		24099		
81879		21803		83433		
21859		21813		217333		
68385		21897		74153		
192216		107769		54445		
214359		217353		22320		
29820		227612		69922		
66873		76681				
83925		94094				
50500		22177				
22329		74048				
22330		231386				
22421		11906				
97064		66869				
		52696				
