Astrocyte	ForebrainCholin	Microglia	Microglia_activation	Microglia_deactivation	Oligo
30956	67326	74211	228790	76408	240913
52538	11423	67477	14595	11513	11735
94180	83766	216991	11796	11555	68743
216739	433855	13733	12259	11576	11815
27360	14570	100182	12260	11629	11484
76187	27220	11656	12363	11727	227580
11541	12404	11690	20293	16952	18417
329828	72269	329154	20296	106952	12955
107747	12564	11745	20303	70497	13038
104776	26366	11810	20308	171207	13195
27494	57754	70719	56706	216445	13643
69538	68567	216869	12774	11857	74559
11761	12652	107350	12475	11910	338521
11829	12903	12010	12508	381319	53897
98660	12904	12262	12522	17060	14431
11932	73720	12267	12524	12229	14618
26362	13056	12362	12608	72691	50915
20893	114886	12370	99100	12796	227753
72014	72185	20302	12984	12335	73940
12411	13447	20305	13025	68891	66124
67896	13599	54199	15945	217303	71529
108686	15569	140497	66102	12489	16485
16007	14077	12490	20310	12506	67557
12444	14226	12493	13654	15985	225341
12494	76917	23833	23872	12606	14745
58187	11936	12514	14127	56708	16979
12759	14406	12628	14130	26888	17136
12830	14419	12655	14131	56644	17153
107869	14432	23845	20321	102545	17196
56448	14573	114584	73690	70031	84004
74519	64337	12835	80910	12978	17433
64385	14608	12721	15162	12986	17441
106648	14778	12960	15216	68964	17988
13123	14783	13036	15284	13051	29862
13138	27281	13040	15894	227929	18088
13175	16392	64138	15937	76088	14912
13371	80334	80281	65972	13593	50913
50781	213417	13057	70110	192193	213019
13527	16874	58861	16172	13713	102693
13618	16875	110956	16175	23871	72287
13649	22342	26377	16176	107373	211945
54326	16939	94176	16190	26382	67801
13731	218763	50498	16193	14247	18823
12496	72585	98878	16391	22379	18991
13850	17758	13732	57444	231931	68458
22350	66815	12495	108829	14676	19337
14066	17380	16456	21847	23890	94226
56473	140781	14129	16822	14960	18952
223254	78593	229499	16978	14998	27219
13998	80883	80891	26410	14991	105439
14184	18216	108101	17210	15212	100434
14221	229759	14159	171531	15242	20665
14230	13180	23880	208104	15446	56363
14261	18573	14537	17534	54486	72160
56188	78977	14594	69774	74096	103743
57265	19217	63986	73656	213002	21952
14366	69908	78816	68774	16154	66949
14400	75141	75612	17874	16155	70747
14560	19711	105348	17969	16170	22239
14600	228543	106512	17970	16331	
14619	80515	14824	17972	15900	
14623	19894	110006	18035	239217	
104174	102614	14961	18037	259277	
14633	20194	14972	80859	52855	
14732	20195	15001	233571	16792	
14735	282663	66775	671535	16819	
14756	212531	171285	547253	19141	
14813	20508	15163	80285	16909	
12950	63993	64209	18626	107321	
15483	103098	15277	18793	80877	
56741	20541	15439	56193	16970	
16008	66402	192232	58801	233328	
16011	20618	15936	19332	17002	
16404	216233	15939	74760	17095	
209378	20733	15979	19354	17110	
16525	20257	80719	74734	16658	
140492	29859	16164	19766	17159	
16779	71733	60504	24014	17305	
16816	20974	16194	75234	17476	
243914	20979	16197	56437	218203	
16870	20983	27056	12394	246177	
210126	21338	54396	67742	72560	
16206	57816	16414	18787	17952	
17035	50765	16477	55942	74039	
17304	21823	16598	23921	18054	
170790	19240	23849	20491	268903	
17909	22065	16768	65221	99543	
75541	103768	18826	67547	70839	
13004	57775	16859	207818	64099	
215819	56418	17001	12702	30955	
18217	22771	17084	20732	66857	
102644		17087	19073	224860	
23972		17096	20963	104759	
18508		17258	21354	72324	
229534		58805	21817	68507	
18596		17533	24088	16912	
69239		17698	21899	19253	
18679		17886	170743	15170	
18682		17912	72512	66824	
27226		17921	21926	54153	
18994		17948	21928	19731	
19013		17951	22019	19735	
19038		105855	20128	20111	
53412		224109	14605	20201	
116847		223433	67951	20202	
18760		27355	22228	20345	
19125		18591	22324	98365	
19206		56744	22695	104681	
19283		18686		67712	
110078		227696		107375	
19309		18707		56485	
19883		192654		56857	
225998		234779		53945	
13609		67220		50934	
70097		67448		69178	
219151		269823		27060	
20255		17872		21682	
20971		19079		21810	
68607		19128		21812	
12406		230257		21815	
108052		67103		230787	
57738		19264		211550	
20511		19271		21898	
20512		54354		231633	
55963		170791		68487	
76257		226594		21938	
98396		19696		24099	
54403		67246		83433	
53896		50778		217333	
58807		58809		74153	
57319		74131		54445	
81840		26943		22320	
20678		233186		69922	
13602		20469			
81879		54353			
21808		18173			
21859		20540			
68385		100127111			
192216		219140			
29820		20375			
66873		14270			
83925		225027			
50500		192187			
22329		20852			
22330		70415			
22339		21391			
22421		21452			
97064		21803			
22601		21813			
		21897			
		107769			
		217353			
		227612			
		76681			
		94094			
		22368			
		22177			
		74048			
		11906			
