Astrocyte	BrainstemCholin	Dopaminergic	Microglia	Microglia_activation	Microglia_deactivation	Noradrenergic	Oligo	Serotonergic
30956	66952	320405	74211	228790	76408	75352	68743	26366
94180	12306	53872	67477	14595	11513	545192	11484	12705
216739	29867	18227	216991	12013	11554	140723	338521	74175
27360	116903	18208	100182	11796	11555	12311	53897	13024
76187	13136	18752	11656	12259	11576	13166	14431	260298
329828	109901	110876	11690	12260	11629	17116	14618	14462
107747	57780	13162	329154	12363	11727	17161	56356	15006
104776	56016	116811	11745	20293	106952	66815	227753	15564
27494	15507		11810	20296	70497	64242	225341	353236
69538	80888		70719	20303	171207	12659	17136	19218
11761	320802		216869	20308	216445	11859	17441	20519
216190	16373		107350	56706	11857	69908	29862	15567
11829	16392		12010	12774	11910	20538	50913	66402
26362	107250		12227	12475	381319	20606	213019	22044
29815	211480		12262	12508	17060	52331	102693	
72014	16852		12267	12522	12229	21419	211945	
12411	70717		12362	12524	72691		68458	
67896	67405		12370	12608	12796		19337	
16007	12695		20302	99100	12335		27219	
12444	66425		20305	60322	68891		20665	
12494	227733		54199	12984	217303		21827	
12505	78977		140497	13025	12489		66949	
58187	19132		12490	15945	12506		70747	
12830	19142		12493	66102	15985		22239	
74114	239405		23833	20310	12606			
29873	50795		12514	13654	56708			
107869	20508		12628	14127	26888			
56448	20750		12655	14130	56644			
74519	57816		75458	14131	67213			
64385	24111		23845	20321	102545			
106648			114584	73690	12986			
13123			12960	80910	68964			
13138			13036	15162	13051			
13175			13040	15216	227929			
73284			64138	15284	76088			
13527			80281	15894	192193			
13618			13057	15937	13709			
13649			58861	65972	13713			
54326			110956	71586	23871			
13731			26377	16145	107373			
12496			94176	16172	26382			
13850			50498	16175	14247			
232146			13732	16176	231931			
22350			12495	16190	14676			
14066			80898	16193	23890			
56473			16456	16391	14960			
58238			210998	57444	14998			
223254			14129	108829	15212			
13998			229499	21847	15242			
14184			80891	16822	15446			
14221			108101	16978	54486			
14230			14159	26410	193740			
14261			23880	17210	74096			
56188			14537	171531	213002			
57265			14594	208104	16154			
14366			63986	69774	16155			
14451			78816	73656	16170			
14560			105348	68774	16331			
14623			106512	17874	15900			
104174			14824	17969	239217			
14633			110006	17970	259277			
14732			14961	17972	52855			
14813			14972	18035	16819			
12950			15001	18037	19141			
15483			171285	80859	16909			
16008			15163	74091	107321			
209378			64209	233571	80877			
16525			15277	671535	16970			
140492			15439	547253	233328			
66277			192232	80285	16985			
16816			15936	18626	17002			
243914			15939	18793	17095			
16870			15979	56193	17110			
30937			80719	58801	16658			
210126			16164	19332	17159			
228357			60504	74760	17215			
17387			16194	19354	17305			
67111			16197	74213	17476			
75541			27056	74734	218203			
17986			16414	19766	246177			
53972			16477	24014	72560			
58237			16598	56437	17952			
18128			23849	12394	74039			
67122			16768	67742	18018			
18212			16854	18787	18054			
18217			16859	55942	114249			
102644			17001	23921	268903			
75475			17084	20491	99543			
23972			17087	65221	70839			
18508			17096	207818	64099			
229534			26401	12702	30955			
27273			17258	20732	224860			
56376			58805	19073	18805			
69239			17533	20963	104759			
18679			17698	21354	140570			
18682			17912	24088	68507			
27226			17921	21899	18753			
67916			17948	170743	16912			
19013			17951	72512	19253			
19038			105855	21926	15170			
53412			224109	21928	66824			
11758			223433	22019	54153			
116847			94212	22033	19650			
18760			27355	20128	67865			
19125			18591	14605	20111			
19283			56744	67951	20201			
19309			18686	22324	20202			
74013			227696	22695	24044			
225998			18707		20345			
70097			192654		140742			
219151			234779		98365			
20971			67220		104681			
68607			67448		67712			
12406			269823		107375			
20498			17872		56485			
108052			19079		56857			
57738			19128		53945			
20512			230257		71706			
76257			19224		69178			
98396			19264		27060			
53896			19271		21682			
58807			54354		21810			
20598			226594		21812			
57319			19696		21815			
81840			67246		230787			
20678			50778		211550			
20682			74030		21898			
13602			58809		319880			
20917			74131		231633			
81879			233186		68487			
21859			20469		21938			
68385			54353		24099			
29820			18173		83433			
66873			20540		217333			
83925			100127111		74153			
50500			219140		54445			
22329			20375		22320			
22330			14270		69922			
22339			225027					
22421			192187					
97064			20852					
			21391					
			21452					
			21803					
			21813					
			228839					
			21897					
			217353					
			57259					
			227612					
			76681					
			94094					
			22177					
			74048					
