Basket	Bergmann	CerebGranule	Golgi	Microglia	Microglia_activation	Microglia_deactivation	Oligo	Purkinje
12683	232345	117606	68355	74211	11867	76408	68743	53313
20315	320770	12308	66952	11303	228790	11513	11815	108105
16590	320712	56410	11474	26357	11977	11554	11484	14025
18208	94180	18424	227580	67477	14595	11555	52502	65115
231440	26362	65971	54376	11491	11796	11629	18417	12291
216233	118452	22255	72269	11504	12259	11727	67102	56808
66673	29815		26366	216991	12260	16952	13195	12373
21419	72014		68567	13733	12363	106952	13643	12424
	12364		12705	14766	20293	70497	74559	12822
	21948		235415	100182	20296	171207	18606	110197
	58187		15569	11656	20303	216445	224794	13447
	57266		14257	11690	20308	11857	338521	13591
	56448		14573	329154	56706	11910	67731	13592
	64385		80888	11745	12774	381319	14431	98845
	13142		16619	70719	12475	170752	67092	100038347
	54326		56839	216869	12508	17060	14618	54120
	13731		74342	107350	12522	12229	118446	64337
	59056		72585	229600	12524	72691	14763	14805
	58238		105853	12227	12608	12796	50915	26558
	75823		66815	12262	99100	12335	227753	57295
	23876		18159	12267	60322	68891	68312	16000
	14184		69908	12362	12984	12488	73940	16009
	56188		19395	12369	13025	217303	77125	16012
	14623		50779	12370	15945	12489	67516	228550
	14632		282663	20302	66102	12506	19144	70357
	107022		24053	20305	20310	15985	14745	70810
	319158		75288	54199	13654	12606	17136	16873
	80876			140497	13685	56708	17441	380928
	16372			12490	14127	26888	17988	27206
	54352			12493	14130	56644	18025	18545
	66240			23833	14131	67213	14912	19051
	16816			12514	14229	102545	50913	19255
	243914			12628	20321	12978	76477	19279
	17242			12655	14455	12986	213019	67792
	17304			23845	55932	68964	58869	11854
	214944			114584	229900	13033	211945	20190
	17702			12721	14538	13051	67801	20513
	98932			12960	14579	20430	18991	20537
	109648			19025	73690	227929	107272	66106
	18217			13032	80910	76088	223864	20840
	74055			13036	15162	192193	94226	20957
	22038			13040	15216	13709	66222	21808
	18830			64138	15284	13713	105439	22065
	19228			13057	15894	23871	100434	53857
	19301			58861	15937	107373	20665	
	19376			110956	65972	26382	20447	
	54409			26377	70110	14247	230157	
	19682			81489	71586	22379	103743	
	20195			94176	16145	14282	21930	
	219151			19252	16172	14426	66949	
	20971			67603	16175	231931		
	108052			50498	16176	14676		
	53896			13653	16193	23890		
	67847			98878	16391	14960		
	238257			13732	57444	14998		
	140765			12495	21847	14991		
	50500			13822	16600	15212		
	22341			80898	16822	15242		
	24117			16456	16978	54486		
				210998	17133	12807		
				14129	26410	193740		
				229499	17210	15511		
				80891	208104	74096		
				108101	17534	213002		
				14159	69774	16154		
				23880	73656	16155		
				14537	68774	16331		
				100504486	17874	15900		
				14594	17969	16403		
				63986	17970	16476		
				78816	17972	259277		
				75612	18035	52855		
				105348	80859	16792		
				106512	74091	16819		
				14824	15370	19141		
				110006	233571	107321		
				14961	671535	80877		
				14972	547253	16970		
				15001	80285	16971		
				66775	18626	233328		
				171285	56193	16988		
				15163	12795	17002		
				64209	58801	17095		
				15439	19219	17110		
				192232	19229	16658		
				15936	19332	17159		
				15939	74760	17289		
				15979	19354	17305		
				80719	19698	17390		
				16164	74734	17476		
				60504	19766	218203		
				16194	24014	246177		
				16197	56437	72560		
				27056	58185	27419		
				54396	12394	74039		
				16414	67742	18054		
				16439	18787	18129		
				70599	23921	268903		
				16477	65221	18186		
				16598	67547	99543		
				23849	207818	70839		
				16768	12702	64099		
				18826	20732	228026		
				19039	19073	30955		
				16859	20887	224860		
				14792	20963	18805		
				17084	21354	104759		
				17087	21817	140570		
				17096	24088	68507		
				58805	21899	16912		
				338467	170743	19253		
				17533	73130	15170		
				17698	72512	19277		
				17921	21926	66824		
				17948	21928	110095		
				17951	21937	19650		
				105855	22019	19732		
				224109	22033	67865		
				102644	20128	19735		
				223433	14605	20201		
				94212	22146	20202		
				27355	67951	24044		
				243771	22323	20345		
				229534	22324	19261		
				18591	22695	98365		
				56744		100561		
				18686		104681		
				18689		20503		
				227696		67712		
				18707		107375		
				192654		71279		
				18783		56485		
				234779		56857		
				18950		53945		
				241274		50934		
				269823		69178		
				17872		20677		
				19128		56504		
				230257		236920		
				19224		27060		
				19264		21682		
				19271		21810		
				54354		21812		
				226594		21815		
				19696		230787		
				67246		211550		
				50778		21898		
				56470		231633		
				74030		68487		
				58809		21938		
				81910		24099		
				74131		30935		
				20397		83433		
				233186		217333		
				20469		23999		
				18173		74153		
				63959		54445		
				20540		69922		
				106878		12193		
				100127111				
				219140				
				20375				
				66552				
				59010				
				225027				
				192187				
				20852				
				70415				
				16430				
				20947				
				20973				
				21356				
				21391				
				69068				
				21452				
				21803				
				21813				
				21897				
				142980				
				217353				
				66058				
				22022				
				76681				
				94094				
				22368				
				56338				
				22177				
				74048				
				67776				
				78889				
				11906				
