Astrocyte	DentateGranule	ForebrainCholin	GabaPV	GabaRelnCalb	GabaSSTReln	GabaVIPReln	Gluta	Microglia	Microglia_activation	Microglia_deactivation	Oligo	Pyramidal	Spiny
72792	216613	72269	235130	12308	14675	12818	72585	76261	11977	76408	240913	11922	11847
30956	13511	12903	12615	18159	14729	235415	228911	74211	14595	11554	68743		12296
106861	109620	12904	170571	18552	14829	15561		26357	12013	11555	11815		73712
52538	60440	13599	12862		50706	16590		67477	12042	11576	11484		56458
94180	17219	14573	227733		19281	58998		216991	11796	11629	76893		108655
216739	18012	15507	20980			66673		13733	12259	11727	18417		64378
27360	18027	80888				21334		100182	12363	16952	13038		15930
14766	18168	16875				22353		11656	108673	106952	13195		16493
76187	18295	66815				22418		11690	20293	70497	74559		106931
77559	19212	18216						329154	20296	171207	338521		18143
329828	56720	78977						11745	20303	216445	53897		23984
11668	22068	19217						70719	20308	11910	14431		29863
107747		20195						216869	56706	381319	67092		19049
104776		282663						107350	12774	17060	14618		218772
27494		20508						12010	12475	12229	56356		225870
69538		63993						229600	53599	72691	50915		20183
11761		20618						12227	12508	12796	227753		
216190		21338						12262	12522	12335	73940		
11829		22065						12267	12524	68891	56542		
98660		22771						63955	12608	12488	83964		
11932		22773						12362	99100	217303	66124		
26362								12370	60322	12489	225341		
72014								20302	12984	12506	14745		
12411								20305	13025	15985	17136		
67896								54199	15945	12606	17153		
16007								140497	66102	56708	17441		
12494								12490	20310	26888	18088		
56699								12493	13654	56644	14912		
12724								23833	13685	67213	50913		
58187								12514	14127	102545	213019		
12759								12628	14130	12986	102693		
12830								12633	14131	68964	225845		
54381								12655	20321	13051	211945		
107869								75458	14455	227929	67801		
56448								23845	229900	231871	68458		
13110								114584	73690	20148	94226		
74519								12721	80910	76088	18952		
64385								12946	15162	13448	105439		
106648								54394	15216	13593	100434		
114874								12960	15284	192193	20665		
329877								13036	15894	13709	230661		
13405								64138	15937	13713	72160		
330662								80281	65972	23871	103743		
13527								13057	70110	107373	66949		
13618								58861	71586	26382	70747		
216616								110956	16172	14247	22239		
13649								26377	16175	22379			
54326								81489	16176	231931			
68801								94176	16190	14676			
13731								50498	16193	23890			
12496								98878	16391	14960			
13850								13732	57444	14998			
232146								12495	108829	14991			
22350								13822	16822	15212			
14066								80898	16978	15242			
56473								16456	17133	15446			
58238								210998	26410	54486			
13998								14129	17210	12807			
14184								229499	171531	193740			
116701								80891	208104	74096			
14221								108101	17534	213002			
14230								14159	69774	16154			
14261								14231	68774	16155			
56188								23880	17874	16170			
57265								14537	17969	16331			
14366								14594	17970	15900			
14405								63986	17972	259277			
14451								78816	18035	52855			
14560								75612	18037	16819			
215751								106512	80859	19141			
14623								110355	74091	110829			
104174								14824	106326	107321			
14633								110006	233571	80877			
14661								14961	671535	16970			
14732								14972	547253	233328			
14756								15001	80285	17002			
69590								171285	18626	17095			
14813								15163	56193	17110			
14862								64209	12795	17159			
12950								15277	58801	17215			
15483								15439	19205	17305			
16008								15936	19332	17390			
16173								15939	74213	17476			
16324								15979	54720	218203			
16404								80719	19697	246177			
209378								16164	19698	72560			
67374								60504	74734	74039			
69259								16194	19766	18054			
16562								16197	24014	99543			
66277								27056	56437	70839			
16779								54396	12394	64099			
66988								16414	67742	30955			
16816								16477	18787	18805			
243914								16598	55942	104759			
16870								23849	23921	72324			
30937								16768	20491	140570			
210126								18826	65221	68507			
16206								16854	67547	18753			
228357								16859	207818	16913			
70083								17084	170625	16912			
17304								17087	12702	19253			
56615								17096	20732	15170			
170790								26401	19073	66824			
17387								17258	20963	110095			
66234								58805	21354	54153			
17750								17533	21817	19650			
17909								17698	24088	105670			
17920								17948	21899	71956			
67111								17951	170743	20111			
75541								105855	72512	20201			
17986								64685	21926	20202			
29811								224109	21928	56045			
215819								223433	22019	24044			
18128								94212	22033	20345			
67122								27355	20128	98365			
18212								243771	14605	100561			
18217								18591	12257	104681			
102644								56744	67951	67712			
75475								227696	22228	71279			
23972								192654	22323	56485			
18508								18783	22324	56857			
18596								234779	22695	53945			
27273								67220		52466			
56376								67448		71607			
69239								269823		69178			
18679								17872		56504			
18682								19128		27060			
27226								230257		21682			
19013								19224		21810			
53412								19264		21812			
11758								54354		21815			
116847								170791		230787			
18760								226594		211550			
19125								19696		21898			
19249								50778		319880			
19283								56470		231633			
110078								74030		68487			
19309								58809		21938			
19682								81910		24099			
67442								74131		83433			
74013								26943		217333			
19771								20397		74153			
225998								54673		54445			
13609								233186		22320			
70097								20469		69922			
219151								54353					
20971								18173					
68607								20540					
20498								100127111					
108052								54607					
20501								20375					
20511								59010					
20512								14270					
55963								225027					
76257								192187					
98396								20852					
53896								16430					
58807								21356					
319757								21391					
20598								69068					
57319								21452					
20652								21788					
223227								21803					
20682								21813					
20787								21897					
20917								217353					
81879								67706					
68385								208263					
214359								227612					
29820								22022					
66873								76681					
83925								94094					
50500								22368					
57776								22177					
22329								329908					
22330								74048					
22421								67776					
97064								11906					
