Astrocyte	DentateGranule	GabaSSTReln	Microglia	Microglia_activation	Microglia_deactivation	Oligo	Pyramidal
30956	170677	11423	74211	11977	76408	240913	18133
106861	13511	11682	67477	14595	11513	11565	50766
52538	109620	56808	216991	11796	11555	68743	13179
94180	13660	12300	13733	12259	11576	11815	54713
216739	319670	215303	100182	12363	11629	11484	14402
14766	18012	12554	11656	108673	11727	69993	225642
76187	114249	232370	11690	20293	16952	18417	16590
77559	18168	12823	329154	20296	106952	13038	16826
329828	18295	12854	11745	20303	70497	13195	18162
107747	19212	114886	70719	20308	171207	74559	18227
27494	20733	13390	216869	12774	216445	338521	67405
69538	20452	111970	107350	12475	11857	53897	18573
11761	20908	15569	12010	12508	11910	14431	19055
11829	56720	224613	12262	12522	381319	14618	56742
98660	21844	14417	12267	12524	17060	56356	239405
11932	22068	14675	12362	12575	12229	227753	140919
26362		14729	12370	12608	72691	73940	66673
29815		14829	20302	99100	12796	56542	
72014		16010	20305	60322	12335	66124	
12411		76527	54199	12984	68891	71529	
67896		16502	140497	13025	217303	225341	
16007		72413	12490	15945	12489	14745	
12494		12224	12493	66102	12506	17136	
12505		16852	23833	20310	15985	17153	
12654		16874	12514	13654	12606	17441	
58187		23936	12628	14127	56708	338367	
12759		59012	12655	14130	26888	18088	
12830		380684	23845	14131	56644	14912	
54381		18113	114584	20321	102545	50913	
29873		109648	12960	73690	70031	213019	
107869		18231	13036	80910	12986	102693	
56448		229759	64138	15162	68964	72287	
74519		18491	80281	15216	13051	211945	
64385		73173	13057	15284	227929	67801	
106648		18155	58861	15894	76088	68458	
114874		50706	110956	15937	13593	19215	
13371		19281	26377	65972	192193	94226	
13527		19293	81489	70110	13713	18952	
13649		69908	94176	71586	23871	27219	
54326		56089	50498	16172	107373	105439	
13731		19699	114601	16175	26382	100434	
12496		67792	98878	16176	14247	20665	
13850		19894	13732	16190	22379	72160	
232146		102614	12495	16193	14282	103743	
22350		20370	16456	16391	231931	21952	
14066		20513	210998	57444	14676	67971	
56473		26458	14129	108829	23890	66949	
13998		22348	229499	21847	14960	70747	
14164		105727	80891	16822	14998	22239	
14184		20541	108101	16978	14991		
116701		56468	14159	17133	15212		
14221		20604	23880	26410	15242		
14230		20972	14537	17210	15446		
14261			14594	171531	54486		
56188			63986	208104	74096		
57265			78816	17534	213002		
14405			75612	69774	16154		
14560			105348	73656	16155		
14623			106512	68774	16170		
104174			110355	17869	16331		
14633			14824	17874	15900		
14661			110006	17969	117198		
14732			14961	17970	239217		
14756			14972	17972	259277		
14813			15001	18035	52855		
12950			171285	18037	16819		
15483			15163	80859	19141		
56741			64209	233571	16909		
16008			15277	671535	107321		
16404			15439	547253	80877		
209378			15936	18626	16970		
140492			15939	56193	233328		
66277			15979	58801	17002		
16779			80719	19332	17095		
16816			16164	74760	17110		
243914			60504	215449	16658		
16870			16194	54720	17159		
30937			16197	19697	17215		
210126			27056	74734	17305		
16206			54396	19766	17476		
228357			16414	24014	218203		
17304			16477	75234	246177		
170790			16598	56437	72560		
17387			23849	12394	74039		
17909			16768	67742	18054		
17920			18826	18787	99543		
75541			16854	55942	70839		
17986			16859	23921	64099		
18128			17084	20491	30955		
18212			17087	65221	18805		
18217			17096	67547	104759		
102644			17258	207818	72324		
75475			58805	12702	65112		
23972			17533	20732	68507		
18508			17698	19073	18753		
18596			17886	20963	16912		
27273			17912	21354	19253		
56376			17948	21817	15170		
69239			17951	24088	66824		
18679			105855	21899	54153		
18682			224109	170743	19731		
27226			223433	72512	19735		
19013			27355	21928	20111		
19038			18591	22019	20201		
53412			56744	20128	20202		
116847			227696	12257	56045		
19125			18707	67951	24044		
19283			192654	22228	20345		
19309			234779	22323	98365		
19682			67220	22324	104681		
225998			67448	22695	67712		
13609			269823		56485		
219151			17872		228875		
20255			19128		56857		
20971			230257		53945		
20351			19224		69178		
68607			19264		27060		
20498			54354		21682		
108052			170791		21810		
57738			226594		21812		
20511			19696		21815		
20512			50778		230787		
55963			56470		211550		
76257			58809		21898		
98396			20195		319880		
53896			74131		231633		
58807			26943		68487		
20598			54673		21938		
57319			233186		24099		
81840			20469		83433		
81879			54353		217333		
68385			18173		74153		
192216			20540		54445		
214359			100127111		22320		
29820			20375		69922		
66873			59010				
83925			14270				
50500			225027				
22329			192187				
22339			20852				
97064			21356				
			21391				
			21452				
			21788				
			21803				
			21813				
			21897				
			107769				
			217353				
			227612				
			76681				
			94094				
			22368				
			22177				
			74048				
			11906				
			22751				
