Astrocyte	ForebrainCholin	Microglia	Microglia_activation	Microglia_deactivation	Oligo	Spiny
72792	73737	74211	11977	76408	240913	11472
30956	11423	67477	14595	11513	68743	11847
106861	14570	216991	11796	11555	11815	244867
52538	27220	13733	12259	11576	11484	59046
94180	72269	100182	12260	11629	104445	108100
216739	64085	11656	12363	11727	18417	14025
68738	66423	11690	20293	16952	12955	58208
27360	12904	329154	20296	106952	13038	12296
14766	13008	11745	20303	70497	13195	12323
76187	72185	11810	20308	171207	74559	235604
11541	13599	171504	56706	216445	338521	67252
329828	14226	70719	12774	11910	53897	73420
11639	76917	216869	12475	381319	14431	108699
11668	14419	107350	12508	17060	14618	77590
107747	14573	12010	12522	12229	56356	12716
104776	14702	229600	12524	72691	50915	12810
27494	14706	12227	12608	12796	227753	268595
69538	14778	12262	99100	12335	73940	13395
11761	15507	12267	60322	68891	66124	73712
11816	80888	12362	12984	217303	16763	13829
216190	213417	12370	13025	12489	225341	208618
11829	16874	20302	15945	12506	14745	14169
98660	16875	20305	66102	15985	17136	108655
11932	66815	54199	20310	12606	17153	14403
26362	18053	140497	13654	56708	17196	64378
72014	78593	12490	14127	26888	84004	15444
12411	18216	12493	14130	56644	17433	15930
67896	13180	23833	14131	67213	17441	228550
16007	18548	12514	20321	102545	17988	16438
12494	18768	12628	14455	70031	29862	545156
58187	78977	12655	229900	12978	67149	16493
12759	19217	75458	73690	12986	18088	16497
12830	19711	23845	80910	68964	14912	226922
74114	228543	114584	15162	13051	50913	268482
29873	20195	12835	15216	227929	213019	76161
107869	20508	12721	15284	20148	102693	380928
56448	63993	433375	15894	76088	72287	17536
74519	66402	12960	15937	13593	211945	140781
64385	20618	13036	65972	192193	67801	17919
106648	71733	13040	70110	13709	18823	18039
13123	21338	64138	71586	13713	68458	18040
13138	22065	80281	16145	23871	94226	18143
13175	22771	13057	16172	107373	18952	64011
13371		58861	16175	26382	27219	18197
50781		110956	16176	14247	105439	66425
13527		26377	16190	22379	100434	23984
13618		81489	16193	14282	20665	18574
216616		94176	57444	231931	21827	207728
13649		67603	21847	14676	56363	29863
54326		50498	16822	23890	72160	56012
13731		98878	16978	14960	103743	20620
12496		13732	17133	14998	66949	19049
13850		12495	26410	14991	70747	19259
13860		80898	17210	15212	22239	104886
232146		23943	171531	15242		67295
22350		16456	208104	15446		217371
14066		14129	17534	54486		218772
76267		229499	69774	74096		268859
56473		80891	73656	213002		52897
58238		108101	68774	16154		232441
223254		14159	17874	16155		67792
14114		23880	17969	16170		19739
13998		14537	17970	16331		225870
14164		14594	17972	15900		20183
14182		63986	18035	239217		110876
14184		78816	18037	259277		57138
14221		105348	80859	52855		22348
14230		106512	74091	16792		237761
14261		14824	233571	16819		20451
56188		110006	671535	19141		104027
57265		14961	547253	107321		72003
14366		14972	80285	80877		72309
14400		15001	18793	16970		57775
14405		66775	56193	233328		
14451		171285	12795	17002		
14560		15163	58801	17095		
14600		64209	19332	17110		
14609		15277	74760	16658		
14619		15439	19354	17159		
14623		192232	19697	17215		
104174		15936	74734	17305		
14633		15939	19766	17476		
14732		15979	24014	218203		
14756		80719	56437	246177		
64297		16164	58185	72560		
14813		60504	12394	17952		
14862		16194	67742	74039		
12950		16197	18787	18018		
15483		236790	23921	18054		
15903		27056	20491	268903		
56741		54396	65221	99543		
16008		16414	67547	70839		
16011		16477	207818	64099		
16324		16598	12702	30955		
16404		23849	20732	18805		
209378		16768	19073	104759		
140492		18826	20963	140570		
16562		16854	21354	68507		
16779		16859	21817	18753		
16816		17001	24088	16912		
243914		17084	21899	19253		
16870		17087	170743	15170		
30937		17096	72512	66824		
210126		58805	21926	54153		
16206		17533	21928	19650		
228357		17698	21937	67865		
17035		17886	22019	20111		
11426		17921	22033	68750		
70083		17948	20128	20201		
17304		17951	14605	20202		
56615		105855	22146	24044		
170790		106582	67951	20345		
17387		224109	22228	98365		
17909		223433	22324	104681		
17920		94212	22695	67712		
67111		27355		107375		
75541		18591		56485		
13004		56744		56857		
17986		18686		53945		
18028		227696		50934		
215819		18707		69178		
58237		192654		56504		
18128		18783		54613		
67122		234779		27060		
18212		67220		21682		
18217		67448		21810		
102644		269823		21812		
75475		17872		21815		
23972		19079		230787		
18508		19128		211550		
18596		230257		21898		
27273		67103		319880		
69239		19224		231633		
18679		19264		68487		
18682		54354		170706		
27226		226594		21938		
19013		19696		24099		
19038		67246		83433		
53412		50778		217333		
116847		56470		74153		
18760		74030		54445		
19125		58809		22320		
19249		74131		69922		
19283		233186				
110078		20469				
19309		18173				
114713		20540				
19682		100127111				
74013		219140				
13650		20375				
225998		14270				
13609		225027				
70097		192187				
219151		20852				
20255		21356				
20971		21391				
20351		69068				
68607		21452				
12406		21788				
20498		21803				
108052		21813				
57738		228839				
20511		21897				
20512		107769				
55963		217353				
76257		57259				
98396		227612				
232333		76681				
53896		94094				
26941		22368				
58807		22177				
319757		74048				
20598		78889				
57319		11906				
20652						
81840						
223227						
20678						
26942						
13602						
20787						
20917						
81879						
21808						
21859						
68385						
192216						
214359						
29820						
66873						
50500						
22329						
22330						
22339						
22421						
97064						
