Astrocyte	Ependymal	Microglia	Microglia_activation	Microglia_deactivation	Oligo
30956	12316	74211	14595	76408	70025
94180	20878	67477	11796	11555	11735
216739	58208	433256	12363	11576	68743
76187	140723	216991	20293	11629	11815
11606	12458	13733	20296	11727	11484
329828	12479	100182	20308	16952	18557
107747	12484	329154	12774	106952	18417
11761	107995	11745	12524	70497	13195
11829	66953	70719	12608	171207	252864
98660	107934	216869	12984	216445	66959
11932	229841	107350	13025	11857	192657
26362	108000	12267	15945	381319	74559
72014	107932	12362	66102	12229	338521
12411	12890	12370	20310	72691	53897
67896	13008	20305	14127	12796	14431
16007	66686	140497	14130	12335	14618
12494	13193	12490	73690	68891	50915
58187	13390	12493	80910	217303	73940
12759	111970	23833	15162	12489	66124
12830	13392	12514	15216	12506	71529
107869	13395	12628	15284	15985	16485
56448	15569	12655	15937	56708	67557
74519	14417	23845	65972	26888	225341
64385	68616	114584	70110	56644	14745
106648	75426	12721	16175	102545	17136
13123	57444	12960	16190	70031	17758
13371	73804	13036	16193	12986	84004
50781	17755	80281	16391	68964	17441
13649	217653	13057	21847	227929	17988
54326	17345	58861	16822	76088	29862
13731	17932	26377	26410	13593	67149
12496	215387	94176	171531	192193	14912
13850	27528	50498	17534	13713	50913
14066	108907	98878	69774	23871	213019
56473	93686	13732	73656	107373	211945
14164	75745	12495	68774	26382	67801
14182	74194	16456	17874	14247	18991
14184	20419	14129	17969	231931	68458
14221	240726	229499	17970	14676	18762
14230	20666	14159	17972	14960	19337
14261	20450	23880	18037	14998	94226
57265	24001	14537	80859	14991	18952
14400	229473	14594	233571	15242	27219
14405	68612	63986	671535	15446	105439
14560	142682	78816	547253	54486	20665
14600	170753	105348	58801	74096	83671
14619	68014	106512	19332	213002	56363
14623		15001	74760	16154	72160
104174		171285	19354	16155	21952
14633		15163	74734	16170	74257
14756		15277	75234	16331	70747
195733		192232	56437	239217	22153
14813		15939	12394	259277	14038
12950		80719	67742	52855	
15483		16164	18787	16819	
56741		60504	23921	16909	
16008		16194	65221	107321	
16404		16197	67547	16970	
209378		27056	207818	233328	
16525		16414	12702	16988	
140492		16477	20732	17002	
16779		23849	20963	17095	
16816		16768	21817	16658	
16870		18826	24088	17159	
210126		16859	170743	17305	
16206		17001	72512	218203	
66725		17087	21926	246177	
170790		17096	21928	72560	
75541		17258	22019	17952	
18217		58805	20128	74039	
23972		17533	67951	114249	
18596		17886	22324	64099	
69239		17921	22695	30955	
18682		17948		224860	
27226		17951		104759	
19013		224109		72324	
19038		223433		68507	
116847		27355		16912	
19125		18591		19253	
110078		56744		15170	
19309		18707		66824	
19737		192654		54153	
225998		234779		20111	
13609		67220		98365	
219151		67448		56485	
20255		269823		53945	
108052		19128		50934	
57738		19271		69780	
20511		54354		69178	
20512		226594		27060	
55963		19696		21682	
76257		56470		21810	
98396		74131		21815	
54403		26943		230787	
53896		233186		21898	
58807		20469		68487	
57319		18173		21938	
81840		20540		24099	
81879		219140		83433	
21808		20375		217333	
21859		14270		74153	
68385		192187		54445	
142980		20852		22320	
192216		70415			
214359		21356			
29820		21391			
66873		21803			
50500		21897			
57257		107769			
22329		217353			
22330		76681			
22339		94094			
97064		22368			
		74048			
