70839
17916
69922
16792
246177
17305
233274
15170
68964
76088
30955
64099
54445
68507
17110
230787
68750
56708
13808
22268
14960
21812
18796
12523
67213
65112
225049
12489
12978
11629
19261
74044
66824
69178
14998
78416
19141
19650
21898
13051
15985
100561
216445
102545
24044
74039
13713
14026
215243
320487
20354
16154
19735
71607
227929
27060
223722
66329
72042
233276
11666
99543
17476
171207
80877
19253
11576
11727
17159
212937
321019
16988
117198
52855
74096
231871
100340
232288
73149
54613
373864
54486
217333
98365
56644
223433
20202
212032
15212
16970
230145
16331
330217
15242
12335
21810
89867
18805
107321
20201
21953
75974
30948
231633
12506
224024
237387
338364
21935
17423
218203
16170
12796
13593
12229
20345
233328
192193
140570
108960
217303
16912
13033
56743
54153
21815
66610
76375
83433
17079
11555
16985
18054
17060
56485
209225
217122
16548
15002
22320
104759
18753
11350
56857
13448
17002
108767
22379
11852
15900
270198
380629
210104
68487
106952
74153
70497
52163
21938
67712
27027
12986
23890
15446
381319
68891
50769
241303
56045
74645
259277
27419
242248
26888
12606
11910
193740
17095
21682
20111
76408
14710
217262
12988
12959
11857
74478
12807
74191
26382
14913
14676
104681
211550
24099
