Gjb6 6.31069062943062 0.690967359819382 0.734174711121178
Slco1c1 5.9826300285806 0.825518138941349 0.806129219741949
Pla2g7 5.9371105697441 0.772228297957252 0.766755016443729
Cyp4f15 5.93528209837478 0.887692724418007 0.861916837670504
Grin2c 5.93317530168682 0.885257220221461 0.87443486828114
Cldn10 5.84116924885789 0.74158593412367 0.725824710776182
Slc1a3 5.79342983502321 0.813057740291505 0.807227800093745
Slc7a10 5.65282754493508 0.853956225407448 0.851797101965907
F3 5.59874611742129 0.720221527511509 0.722398737542403
Cyp7b1 5.48711042547541 0.763883488055507 0.815459345245038
Aqp4 5.4370731144477 0.800935412872971 0.883821070039165
Cspg5 5.40990698700142 0.564929360169603 0.593614008319116
Tnfrsf19 5.4052764330177 0.837420985624898 0.883137539903969
Dio2 5.34742141418267 0.741074834470235 0.787741905742206
Cth 5.26186158272223 0.800546299325793 0.815472595985684
S1pr1 5.22919972519457 0.762358701842541 0.758084570794129
Cxcl14 5.18674786004156 0.496688545969796 0.475071717175078
Slc1a2 5.17979999840231 0.866641707584292 0.882902953600854
Pdgfrb 5.15811633352746 0.784919298152022 0.739646331297874
Elovl2 5.15320367831104 0.763925844542839 0.811438483529253
Ttpa 5.11903036532423 0.765313726117269 0.772369804703734
Gdf10 5.06786019371959 0.85411003434324 0.86238014952221
Ccdc80 5.06543920797364 0.830754558928283 0.856081505706314
Ppargc1a 5.05522625911816 0.304279174338964 0.293342478889746
Cyr61 5.04542937069716 0.883636530282944 0.838239488727906
Acsbg1 4.99248671672618 0.827680363580297 0.847992649544217
Scara3 4.98509188763186 0.744026040975398 0.78826019010128
AI464131 4.97736003326393 0.83489993730622 0.873111388533711
Fgf1 4.96830697320987 0.603664420791437 0.712627328718999
Fmo1 4.96602055001938 0.868203232209009 0.824111268990858
Mlc1 4.94865667401857 0.757126370564354 0.825176295642938
Arxes2 4.94076085984311 0.353054998186349 0.636186854940504
Hsd11b1 4.9304172190363 0.879473600220082 0.876291129722887
Gabrb1 4.91536956704481 0.756813593459822 0.82096406115791
Slc14a1 4.90165335258921 0.824353251576221 0.814784058229655
Ttyh1 4.89427347905618 0.491216037703334 0.680882169421705
Aldh1l1 4.87597629462411 0.807394221654872 0.846832595979502
Tril 4.86877665292343 0.720672454972406 0.805661431824548
Cyp4f14 4.83820681805946 0.84423697972559 0.85868424702626
Cyp2d22 4.83542493087785 0.85526871433097 0.859159500184344
Lcat 4.81427607909102 0.852001420406189 0.8586288051589
Fjx1 4.77878162671351 0.854165338762597 0.905520759202425
Egfr 4.76796011055522 0.8386140727806 0.686437964462659
Slc38a3 4.74909393224171 0.855591830462109 0.859800833451189
Tlcd1 4.74448149432994 0.724141940999688 0.744261110495016
Ghr 4.70045153167935 0.716355931526982 0.710229176664688
Id3 4.69953111963738 0.498015439541952 0.455377769249416
Igfbp2 4.69597551543164 0.789116701363865 0.777587296242546
Slc1a4 4.69478581417349 0.876627026195104 0.87532754628554
Ptprz1 4.68787515053175 0.67701530053895 0.742200668661867
Emp2 4.68508685801781 0.71935628448856 0.465917757685484
Eva1a 4.66014983720745 0.578219956463903 0.738089793192592
Fgfr3 4.65301790314768 0.773337140560191 0.802643436225161
Axl 4.64669344530578 0.826188996814838 0.806905573283577
Prodh 4.62407018299253 0.846872600018075 0.848381221215723
Dclk1 4.61022069152604 0.571343154034032 0.440699752660401
Entpd2 4.60976561027753 0.839144194125851 0.741201164181125
Gabrg1 4.59091105936316 0.729001500995274 0.757034371575311
Klf15 4.58362886246032 0.521340350464121 0.617413540250173
Phkg1 4.5736523408269 0.833702332408427 0.813472871204969
Acsl6 4.54507160537971 0.743563088500119 0.82995352342455
Sorcs2 4.53711676974754 0.896601504283478 0.891934104836172
Scrg1 4.52240687431109 0.0497652448094863 0.111733237102384
Tspan7 4.52122965156584 0.557824846797817 0.531851956557669
Atp1a2 4.51741423931461 0.753350999851551 0.838000830514388
Ezr 4.50076060731073 0.682761963265561 0.585748970595218
Vcam1 4.49459894022596 0.743717931906347 0.735209874280494
Msmo1 4.49081739910078 0.433680663795913 0.409538333554596
Col4a5 4.48544559989586 0.942803786715561 0.907414292263525
Bcan 4.48286294378464 0.583234095928516 0.74587796908394
Cd38 4.48253658800394 0.846077106862778 0.780459374967831
Kcnk1 4.4794387830114 0.593029762434934 0.644915996151621
Timp4 4.46881008929973 0.308420208676841 0.323149282830749
Adhfe1 4.45835156110115 0.671301673518119 0.712392385421288
Slc20a2 4.45125407120401 0.372070171614515 0.4347341530859
Timp3 4.44993879205671 0.788746088679214 0.693330427766761
Lrig1 4.43833845118249 0.797763894488534 0.851209719407513
Hapln1 4.43462094503155 0.772411605502083 0.758786598523242
Igfbp5 4.39214402620789 0.615608507379777 -0.202861467629242
Omg 4.38346414255334 0.123454852133035 0.255422508787939
Slc4a4 4.37929376228793 0.744094022096471 0.651805324218575
Ncan 4.36446221168071 0.636006166268947 0.561836548101587
Cbs 4.35370735155325 0.860362453773154 0.872131668726798
Tlr3 4.3354568640838 0.681986928974935 0.858371459801115
Efemp1 4.32545166447032 0.45698241394361 0.399513458666335
Fzd2 4.32251029588727 0.737156942690525 0.724579554681848
Fkbp10 4.31240291172831 0.88272349744036 0.899460547772398
Gpr37l1 4.25878182795715 0.465542027079963 0.732762038858991
Itih5 4.257621570912 0.747897014584669 0.732470181787246
Ntsr2 4.2525748860292 0.629460644404351 0.728514178056241
Amot 4.24802003038153 0.703171333612555 0.748012816653931
Tmem56 4.2365874960368 0.528856458129756 0.742696070939429
Chst2 4.22993478752547 0.503102574852776 0.604751675516334
Atp1b2 4.20990742971494 0.718394197763881 0.7656635668771
Lhx2 4.15425235900901 0.586642888948837 0.610056775433524
Efhd1 4.12339617833019 0.0429597928986161 0.388459360248184
Adk 4.11834310650237 0.55853079972757 0.794913819142393
Heph 4.11244888009445 0.871952330603544 0.864165013509311
Ndp 4.09874577169643 0.580162451890878 0.631657444709025
Rgs7 4.0856326747552 0.199331886274626 0.139714522624563
Pygb 4.07597708217807 0.812940754971162 0.818560129750738
Cdh10 4.06503118401762 0.412571584386145 0.725388340251371
Tmem47 4.05272438162091 0.662788641872326 0.733873812325582
Pygm 4.03144341670684 0.829437627871676 0.816482829902062
Cyp2j6 4.03061261789991 0.0912235821416984 0.221059383223496
Pdgfc 4.02906169551534 0.205726311215532 0.299537482334282
Wwtr1 4.02224902305596 0.731752803147525 0.756883370360999
Oaf 4.01788815181294 0.702675527495703 0.798924010593506
Tmem51 4.01438520845262 0.686676853565093 0.657131822864043
Dkk3 4.01325894460985 0.674289575667108 0.744198902268391
Slc15a2 3.9808258964675 0.743513889234031 0.911430470825869
Vegfa 3.97844439280814 0.803738705254692 0.751632393639016
Kcnn2 3.96910638779329 0.758748883923735 0.794385704635398
Gldc 3.96715147506196 0.709200387731528 0.734069209013029
Igdcc4 3.94985035248422 0.664246779952812 0.742881987111353
Abhd3 3.9498343977071 0.680819786295732 0.763952653645763
Lmcd1 3.94435124768999 0.562327094769081 0.549617195775667
Clu 3.92912925888779 0.720731919112952 0.779868403562126
Cdh11 3.92509756959434 0.220161696362952 0.336881919291606
Car8 3.90136770886287 0.216423058085597 0.14790114510697
Serpinh1 3.88321184597642 0.626393128431123 0.609302292534063
Grhl1 3.87196311480009 0.765485386289164 0.805915855121437
Sema4a 3.86632001037219 0.626225661161536 0.596289559446054
Aox1 3.85978222587892 0.812645274692153 0.639222308005353
Btbd17 3.84819345884099 0.853532245371733 0.848505534586669
Myo6 3.83078854865573 0.580498511720127 0.540338316099749
Tgfb2 3.81465802969059 0.714515884151498 0.6525501578339
Agt 3.80710942983039 0.747586696579319 0.698334327540714
Slc41a1 3.79418183345955 0.858866123769255 0.847688213537219
Scg3 3.77944897042295 0.689906167896258 0.900616569053671
Cyp2j9 3.77651579246847 0.629931630517804 0.715988047172526
Smpdl3a 3.77348097571761 0.851932841288727 0.856410920592703
Eps8 3.76725827319473 0.405774987353224 0.327457667331203
Fstl1 3.75953403507147 0.632879290155961 0.335434693261388
Dag1 3.7448920240639 0.750513001040393 0.685165138203623
Glrb 3.72831350858998 -0.0968321662590379 -0.0176370027291613
Dmd 3.72794225309506 0.57821832388158 0.627199340565555
Gpld1 3.72070923094728 0.69885396230953 0.741254160256146
Id4 3.70020586562269 0.358895038165552 0.51011396077996
Fgfr1 3.69922414682812 0.783414836639614 0.779791774004056
Pacrg 3.69172497047693 0.427835418060485 0.45137230602585
Gstm5 3.68469913577318 0.27587421713389 0.653029975173565
Gli2 3.67657124470286 0.713714161501255 0.523548588884412
Fmn2 3.6558307913074 0.605420749264334 0.108826881729954
Gramd3 3.65562924553688 0.115851617342743 0.0798885210836513
Fads2 3.63545133509013 0.813636111593216 0.846335873009285
Itga7 3.62272174114319 0.859091314412847 0.859131203596166
Ephx2 3.61863919381592 0.757511173096539 0.775965356955259
Nrarp 3.60108082700441 0.505379800425184 0.482462120109468
Arxes1 3.59058304938922 0.330638753780598 0.511926235118926
Papss2 3.58582308689414 0.696868150469131 0.706548145015349
Nat8f1 3.58498889708162 0.598292890103356 0.668275310030125
Nrcam 3.56977735304511 0.649579747868094 0.803359015257953
Add3 3.5632860561309 0.683475177804949 0.705446716413169
Hey1 3.56000659283111 0.286628219819576 0.270118868197988
Aass 3.5577890699678 0.851687938833524 0.804387807125301
Fabp7 3.55198307340699 0.16812264091719 0.176965330793772
Rgs5 3.54521760624208 0.627900517113236 0.568278658039902
Sparcl1 3.52634319042503 0.667054018179569 0.805372812462862
Itih3 3.51774470072304 0.137251119184779 0.183031662938551
Vcl 3.51548268953089 0.825903134658586 0.850482647635368
Adcy2 3.51443031989982 0.700833374242513 0.763151678426877
Lgi4 3.49907230072724 0.838426967112011 0.737024511123679
Hrh1 3.49326980444441 0.691784062690884 0.705973771099583
Gk 3.48674215010567 0.788406028420303 0.768114004380777
Aldh1a1 3.48254614856753 0.607383757614178 0.33490831668766
Itga6 3.48149052945483 0.590992698326137 -0.12839271730186
Ppp1r3c 3.47966270386584 0.605826006626079 0.732474526824321
Lpp 3.47602398436642 0.749425735786892 0.688921781759529
Sox9 3.47084511174492 0.769530849880369 0.606293859301251
4933431E20Rik 3.46912670615391 0.521569887155264 0.614872226886723
Phka1 3.46069233687566 0.87905262377172 0.875052914472279
Ppic 3.46019358916853 0.757735590127724 0.484096936826754
Dtna 3.45343703288972 0.618870127215603 0.590818248445659
Wnt7a 3.44877551199765 0.564010742926741 0.427561463348291
Acss2 3.44191922485233 0.0624146379452264 0.104679539931269
Prelp 3.44074787991863 0.781809647788204 0.583990978759998
Tenm3 3.42489853922385 0.74816085785942 0.794964181742977
Pcdh10 3.41171722686458 0.638436092245877 0.752707623912285
Ptn 3.41139919581179 0.273589946030282 0.351797663216632
Slc6a1 3.40894646609087 0.552964187598507 0.798923159189307
Adgrg1 3.40673563968202 0.609828701582242 0.382063240950214
Celsr1 3.4044912123917 0.779577353384207 0.608577181485044
Paqr4 3.40420556747564 0.166168312430054 0.178352205817527
Plat 3.40156214118115 -0.0264902365576399 -0.028072673042912
Pbxip1 3.36677385073067 0.685140338131403 0.721219446308713
Bcar3 3.36399487613542 0.797111342410204 0.8076786116458
Ddit4l 3.36081161353816 0.398178178827412 0.335282366034117
Fxyd1 3.3455397636485 0.66359497956307 0.660393183845603
Pmm1 3.33862368153715 0.413949474134364 0.573617013855195
Oplah 3.33156097149885 0.885828054262917 0.842789530148683
Astn1 3.32963291005884 0.559975430459575 0.510121447283881
Gpx8 3.32680612657968 0.44593716864305 0.406774942759366
Mfge8 3.32604164030145 0.736905517470798 0.776453128209076
Tfcp2l1 3.28307764900816 0.855489782039977 0.844418170817166
Tnc 3.27578069802824 0.795080250757461 0.53632822049205
Gfap 3.27113533067332 0.503575865081318 0.371463249786456
Fgd6 3.23960533553544 0.795108624172531 0.771131705161557
Cd44 3.2325252867072 0.755235080240333 0.687006323780837
Gjb2 3.15817306927155 0.800541763387618 0.810750708211648
Ppara 3.03672564827401 0.800242583927652 0.79916449531982
Nat8f4 3.01610107154189 0.750452729778288 0.768683950073797
Ccdc85a 2.98991512688418 0.57810209353486 0.589285568758159
Pdzph1 2.9777313704588 0.664437462968919 0.682707232270952
Fbln1 2.95474292266481 0.727317173140355 0.49415017168325
Swap70 2.93744430050973 0.576678284895156 0.199442355226874
St6galnac5 2.85018209754024 0.780618149040663 0.775749765709176
Lamb2 2.8191281896101 0.80464706679882 0.771344664729871
Rorb 2.79009622846242 0.749077465650468 0.699855647810259
Fzd4 2.7768098711652 0.64233284075007 0.546550058082081
Gabra2 2.75466362886131 0.647685892323371 0.510994535344552
Arhgap18 2.75227407805004 0.569236280279797 -0.161090717500903
Aldh1a7 2.73782059329336 0.522379847345004 0.450146755960778
Epha5 2.73430354369809 0.307664589733217 0.250299858581447
Pax6 2.7091737309272 0.629180967432857 0.427331867833836
P4ha2 2.69440018597714 0.743084749298528 0.64287234890378
Lrrk2 2.6393244517533 0.77300456506234 0.747387434127751
Gdpd2 2.5795245499207 0.844901748654664 0.787153392397997
Inhbb 2.57923279633316 0.351101827810466 0.321901698292856
Clybl 2.51771948255395 0.284885663478351 0.229185929362932
A2m 2.49031122823389 0.787700387229367 0.634237605016387
Suclg2 2.46220497270335 0.486748117273814 0.160146644714179
Vav3 2.4445508802609 0.632385743267096 0.602496234758569
Pcdh20 2.38837230424799 0.142181093732645 0.0738798852180832
Sypl2 2.30612242930576 0.84360670246259 0.77681456932412
