Alas2 7.85898226857599 0.706433738984811 0.734364677854424
Hba-a1|Hba-a2 7.61894689689368 0.590121176356844 0.823364440973481
Dcx 7.2838237321565 0.703863399751767 0.809167159571608
Dlx1 6.99460877292624 0.863723429416449 0.835692641887223
Sox11 6.79204449209858 0.819195570426439 0.795662016130835
Map1b 6.62045397824592 0.687818078742694 0.730257350866983
Elavl2 6.31837780102917 0.634071927891479 0.640701831508668
Cd24a 6.14419232203036 0.74515628689189 0.817081873894677
Dlx1as 6.06051853817373 0.798667953461345 0.786736161633015
Bcl11b 6.05891838133963 0.721738109285001 0.697393850442413
C1qa 5.88138828627112 0.514938320072432 0.374246902047799
Ccnd2 5.81270337648715 0.481118398100323 0.705597752222284
Stmn4 5.7739967608879 -0.0783553854939781 -0.0822991259139838
Arx 5.77369397444814 0.545116864250784 0.708799909031614
Ttr 5.7346989363032 0.170962829289241 0.102214396566855
Hba-a2|Hba-a1 5.63353438672097 0.433265411774563 0.630615737390938
Gdpd3 5.63214519838559 0.733455116533346 0.644862404872889
Hbb-bs|Hbb-b1 5.57877694797461 0.682241559895904 0.385152383105725
Ctss 5.51928352541574 0.446615691873872 0.492226750915896
Csf1r 5.47424408425123 0.428783609026536 0.526675903875015
Tiam2 5.42567714733025 0.746828026600841 0.699122914431675
Rasd2 5.41067224696594 0.548154588548629 0.466680706286133
Laptm5 5.38004041700234 0.434697222533353 0.610065639471226
Ccr6 5.36727799794014 0.82093966963561 0.809676669952121
Mki67 5.35906946990668 0.812151076745598 0.78482306461735
Selplg 5.35028024762938 0.583278343201584 0.592609818938469
Slc32a1 5.22859828370414 0.540123417902275 0.453531703625645
Stmn2 5.20688923280784 0.563108560829565 0.53364182904453
Dlx2 5.19114582216436 0.919665703496058 0.90876866922541
Hbb-b1|Hbb-b2|Hbb-bs|Hbb-bt 5.12769595912005 0.488679506606086 0.197133934109251
Tubb3 5.06277033726455 0.396021233632669 0.5313687065007
Cdc20 5.04682453639598 0.660689015830042 0.691183603112621
Isg20 5.00217827460059 0.710876101972028 0.426894149773834
Mbp 4.98295840464634 -0.248915798085628 0.461841951971407
Cdca7 4.96614299345127 0.821053903583854 0.794344228678784
Tmem119 4.93378178411702 0.539836163822927 0.723560029886057
Hba-a2|Hba-a1 4.91491169031923 0.393392979918428 0.4
Kif5c 4.90020114000841 0.64326363472426 0.726410354907745
Zfp704 4.88935912037275 0.753450269074571 0.851402389796564
Dpysl3 4.88041451240024 0.602269540253863 0.568241621070089
Kcnq2 4.87005307064948 0.214854286165044 -0.0586877131466432
Fermt3 4.83677948933871 0.508890192092229 0.65479764117493
Rnd3 4.7887147810256 0.73550207628794 0.774264848563936
Ube2c 4.78141760216275 0.712656480466033 0.657326851225453
St8sia2 4.7733838869214 0.863007248631297 0.854715651541297
Cx3cr1 4.76416946045085 0.514215274842229 0.772134956061369
Ptprc 4.73918467547529 0.537284568494578 0.664424770727658
Cenpf 4.73899174856249 0.852302768819591 0.835031314447434
Bcl11a 4.72433896700744 0.489356947656946 0.341879151620123
Tmem2 4.70994347877402 0.515639242707394 0.308246782429495
Rnasel 4.69657065695939 0.652943586371587 0.567657109996331
Rsad2 4.58756975473351 0.634191759929557 0.716909585501795
Pbk 4.58429093318104 0.470517102456529 0.262772352553762
Tmsb10 4.58270696635236 0.614246455034282 0.769367474611155
Egr2 4.58195800336323 0.527000086300894 0.283751987035351
Chd4 4.56364582045857 0.710789229526497 0.791957472341109
Gad2 4.55563013888924 0.913261342402581 0.885829739318079
D430019H16Rik 4.532708703196 0.481911818486871 0.546665193875464
Nsg2 4.52936455140264 0.442867939724214 0.406558779700435
Hpca 4.50594127917786 0.301519941381916 0.0084281140269974
Cenpe 4.50459736802833 0.939820077874535 0.924388921403965
Ina 4.49101991691299 0.237802809093906 0.166458137780457
B3gnt5 4.4898499268252 0.539822155657853 0.429132088319233
Stmn3 4.48379614255758 0.226568238927141 0.371395643888813
Meis2 4.4703493180322 0.515132337160594 0.639594914291413
Crmp1 4.4271704945725 0.525816398221092 0.531943871323036
Celf4 4.41922799469589 0.411909220762926 0.239566584734901
Nusap1 4.41452676300706 0.753235479457583 0.660325057984989
Gad1 4.38199456389358 0.194131506575127 0.0591244705833074
Lyz1 4.37562530109745 0.468510692829241 0.682192191613455
Top2a 4.34185029462589 0.73717655925383 0.691713866587668
Bex1 4.31396480541268 -0.00711177684382553 -0.271749630531721
Igfbp5 4.29536803886869 0.0434404125521088 -0.202861467629242
Igfbpl1 4.29399582923745 0.92736785644461 0.846900978439774
Nsg1 4.27567417526511 0.630619750977677 0.61684173267457
Rnase4 4.26925346539304 0.483842139609345 0.632325845879763
Klc1 4.26249464823813 0.204246191969215 0.539034965625508
Ccnb1 4.25024845860894 0.507105876770278 0.261058513577811
Cplx2 4.22610519778181 0.793080791814237 0.793234477765637
Sez6l2 4.22023361256695 -0.160703174249754 -0.11138084557496
Pou3f4 4.2107278252693 0.423353649187711 0.328151403018756
Caln1 4.20874932578155 0.450300923936125 0.32883579770846
D930015E06Rik 4.20209317609918 0.709215428915499 0.78650040044769
Cd53 4.1775742571116 0.524093184477693 0.694696347006798
Fcgr3 4.16400087069342 0.500694988459901 0.646304633879792
Nfib 4.16340784574255 0.347601995048749 0.495784728909945
Cacng5 4.15811507339946 0.719050913578969 0.65799431328611
Ly86 4.11487713704172 0.466809922664961 0.672614801529768
Tesc 4.10425602720802 0.287022641806235 0.0891131034884544
Trim59 4.10245512859268 -0.186682105201349 0.00515087150541969
Scn3b 4.10017078228579 0.225851625874632 0.289665244671129
Uchl1 4.0939230461964 0.0676375720101259 0.172521391506491
Dlx5 4.06799265074943 0.92286542462891 0.894196058589133
St8sia4 4.05698802525273 0.575944811276803 0.659692692173333
Zcchc14 4.04441469671952 0.902602786211682 0.873793882839615
Celsr3 4.04359040336484 0.916034174524011 0.891759738166148
Arhgef7 4.00494508905158 0.292423346499685 0.456206330153719
Csrp2 3.99128595854018 0.766212925194408 0.723312048103405
Uhrf1 3.9889418440958 0.640676420260947 0.517513029876646
Aspm 3.97421657756609 0.83896915859345 0.833177926846874
Cd1d1 3.97141286584344 0.688233048013939 0.845945615892368
Meg3 3.97063365312051 0.616103452464185 0.628911947306129
Rbfox1 3.96291517808661 0.140512130626019 -0.190872511919213
Rrm2 3.95864910501726 0.45574328678724 0.307700580230605
Mfsd6 3.92832888148212 -0.10301252007156 -0.191777133176089
Hexb 3.92416808043335 0.469090496011477 0.581559841283536
Cep55 3.89746646258921 0.641528717825519 0.553695582956553
Cdt1 3.86514022882453 0.53258619907485 0.609504773314906
Ncam1 3.85592347784728 0.393247402337548 0.544067040479299
Sox4 3.85283336342788 0.654384344569131 0.62465881764148
Sptbn1 3.84728175460551 0.0893618613390703 0.341928308579037
Shcbp1 3.82508931617224 0.694911251553599 0.612013879141696
Nrep 3.81156292847864 0.711573651672402 0.723761860206519
P2ry12 3.77648991492364 0.438025356519147 0.689471721162074
Itpr1 3.77349601390965 0.440261680393336 0.167772566309513
AF357355 3.72846510601585 0.853180235682403 0.73740820103114
Nasp 3.72459350131582 0.865459955598862 0.800610226791901
Slc16a6 3.71502030560478 0.546344585420377 0.774440436729041
Pclaf 3.71410735209827 0.454639269947291 0.221712616214642
Bcat1 3.71019177872092 -0.178049164742517 0.270709444124467
Pbx1 3.7025417807068 0.429927940427685 0.508706955773797
Ncaph 3.70131149162297 0.736718131023769 0.885787433386245
Slco5a1 3.70111394963481 0.905409254778467 0.87659377829753
Mllt11 3.69486250838344 0.138244562324395 0.30793749198221
Rbfox2 3.6898345587543 0.849506236565077 0.837866602867358
Pak3 3.68039132505894 0.434935786434962 0.542672645983804
Mis18bp1 3.65344782533064 0.817928064125518 0.800600328440112
Gdap1 3.64377800526756 0.0727990384637952 0.0447290557528489
Tmtc4 3.63447976234128 0.684620046988232 0.67197135358551
Rab15 3.61197706016634 0.472173033349521 0.347021974063355
Acvr2b 3.5986881836488 0.725042068373415 0.803366372805956
Smc1a 3.56721176097672 0.808053632685694 0.775970411653352
Insm1 3.56559777133771 0.736433024227178 0.709526994171379
Cdk5r1 3.56389490580527 0.63363177992495 0.622240016956609
Sptan1 3.54589847235863 0.407709430156988 0.67190728188511
Cdca5 3.54398217464675 0.481262307349009 0.287456347050216
Kdm5b 3.53792459490326 0.64525439374015 0.66581338621832
Elavl4 3.53576469944928 0.503487440554012 0.337789530175406
Kif2c 3.53505135856261 0.756221115044593 0.695640002934281
H2-K1|H2-Q9|H2-Q7 3.52989969198473 0.482565075934601 0.488626902133824
Slc4a1 3.52827762170919 0.684239777447415 0.407524183317048
Pola1 3.52726153103153 0.8994559154467 0.89214973543141
Plek 3.52334356705845 0.454002507206298 0.565309551755488
Elavl3 3.50255791351207 0.196650532586476 0.200295439539516
Fam20b 3.49420078277185 0.853965551432788 0.897572092862545
Cd83 3.48947843470846 0.402942817722333 0.59487196688041
Tacc2 3.48308200847119 0.376792910853045 0.121690868254271
C1qc 3.48204428082416 0.336982093311332 0.518586077187572
Myt1l 3.47830321792913 0.224244243787905 -0.0459366517466832
Syne2 3.46004615871066 0.716143705268774 0.627613220399154
2810474O19Rik 3.44965690660524 0.513383281443943 0.802375066441492
Cd14 3.43121152689242 0.445173254027007 0.621998887923072
Mkrn1 3.43120990890541 0.64159065306187 0.549924213970937
Aurkb 3.43010791937607 0.715669822125695 0.639775527137751
Racgap1 3.42678186551437 0.498787436593259 0.29960383435875
Chga 3.41736199697592 0.413192013444124 0.390966177482111
Ly6h 3.39922186888893 0.264262035565201 0.0278964567109066
Ptprz1 3.39687757382291 0.0297920060008507 0.742200668661867
Hist1h2an|Hist1h2ap|Hist1h2ao 3.39557474472379 0.541080557170355 0.548240378007281
Rgs8 3.38676039064982 0.605445541920344 0.56611425178199
Rad51ap1 3.35083509517257 0.60926387067377 0.493539643318781
Kat6b 3.3478679531411 0.671007948738019 0.518901161264595
Tro 3.34592336210451 0.721406419489116 0.775105532213865
Cks1b|Cks1brt 3.33566066365776 0.489433835261362 0.419900998498082
Mpeg1 3.33140857479443 0.400166524890843 0.634514348183306
Pcdhac1|Pcdha1|Pcdha4|Pcdha11|Pcdha9|Pcdha8|Pcdha7|Pcdha2|Pcdha10|Pcdha5|Pcdhac2|Pcdha6|Pcdha3|Pcdha12 3.32888345573116 0.115653394306589 0.0351584262392219
Rhebl1 3.32481668975021 0.76440339191422 0.80341657180818
Cacnb3 3.32229926781397 0.159109210359098 0.524678220153458
Spint2 3.31083872338295 0.637092664047184 0.721369028714244
Synpr 3.28360573372429 0.013376825803148 0.0625788213756614
Add2 3.2739892608963 0.812812740512845 0.790519536287788
Rian 3.27171862368633 0.678513890644398 0.670451427860571
Myt1 3.26465213573709 0.71670587490447 0.711132351417787
Zbtb12 3.25389872334264 0.808308873217035 0.506372509090447
Arhgap20 3.24766616369825 0.171399103732662 0.136016357310751
Cd300lf 3.21589199619012 0.712319677846787 0.449575195447457
Ect2 3.19648505380266 0.561029867128292 0.380931308417854
Sgol1 3.15497988754482 0.854323036313039 0.822311440748955
Dcbld1 3.05076864343016 0.786400213750054 0.778280989937202
Vash2 2.97617552718924 0.719066070953304 0.654124876215961
Cenpa 2.90233582218825 0.358705412635381 0.221068100663904
Spag5 2.88485505428574 0.177651216619356 0.267984273835061
Dna2 2.85466912997058 0.834110481717302 0.791978872215536
Ung 2.83727250400911 0.276587303905401 -0.00618389657050078
Kcnab2 2.77759116775548 0.292635962658496 0.222945147110578
Ccnb2 2.75615829424148 0.638448073132838 0.581791938812672
Grip1 2.73543389947191 0.606189236924961 0.654421300892896
Aurka 2.67870532076796 0.783951154502363 0.817732196836462
Car12 2.66580461526274 0.74409700750603 0.777205216317461
Zwilch 2.66439666361035 0.759959752289249 0.76955625321085
Zik1 2.65330422056612 0.353077224048437 0.206787237401594
Doc2b 2.6465810045992 0.602895427275643 0.509021045478775
Pole 2.59230579010918 0.785928447812549 0.747324102744191
Dpysl5 2.58438221234381 0.799860883752619 0.765340582769972
Parm1 2.51958980608569 0.110505094769037 -0.0108065796372522
Myh7 2.49951272666348 0.519269242867422 0.345602558167287
2010107G23Rik 2.43189688835408 0.039427796746951 -0.256512137145226
Tnrc18 2.41164936310189 0.565986837054887 0.351665768629192
Calml4 2.38873174540502 0.579760501489006 0.323147421524302
Tyms|Tyms-ps 2.29312351175632 0.692869569402252 0.733472084242686
Plk1 2.13055365101857 0.800907728974295 0.755669005105426
