Astrocyte	Endothelial	FS.Basket..G42.	Martinotti..GIN.	VIPReln..G30.	Microglia	Oligodendrocyte	Oligodendrocyte.precursors	Pyramidal	groups
GSM1490304	-20.677252617401	-9.38147277481657	4.04688304387259	1.05846925774083	3.0052096420178	-7.98817048569261	-6.49186162246896	-9.42821439648667	4.09758129610722	frontal cortex
GSM1490305	-3.49533909301562	-5.38259421338643	2.92281564209759	0.570298355440162	0.76662352522536	-7.64789455677764	-8.47660916599385	-7.8870824730836	3.01576100418893	frontal cortex
GSM1490306	1.25398824421409	-1.33484548772014	0.332076991174937	-1.15489486851984	0.671140773037462	-0.919408077340052	0.464346381880869	-1.31167836362358	1.87432051494805	frontal cortex
GSM1490307	-2.41582959464113	-3.14177082506908	2.59193745012521	0.952921148831492	1.29173570740241	-3.51653048310548	-5.19450463868186	-5.44113653697016	2.72615817891492	frontal cortex
GSM1490308	-4.15006365701656	-4.00142395787148	2.75577832221339	0.742919427618067	2.38883605958076	-6.66196837430061	-8.38564687199528	-6.99303199847807	2.85270095929108	frontal cortex
GSM1490309	-5.05397255581118	-1.13878307275275	2.64612723545954	1.2911230888842	3.06749340922551	-3.22526821516486	-5.31625060804335	-4.58372363115613	3.46254575815173	frontal cortex
GSM1490375	0.778497422442193	2.17881772639223	-2.69866735404544	-1.41035978413842	-1.42806807520377	2.59646211187884	9.65814684722188	5.6984628429261	-2.98884228721082	white matter
GSM1490376	4.28084316946573	4.83710052650526	-1.58390114078341	-1.19690909506807	-0.464223781604959	6.16005650640137	4.97113521808153	4.18222767088154	-0.633388648215259	white matter
GSM1490377	10.4410101080031	4.69212287839475	-4.01928232381113	-2.35208584443767	-4.47932884368091	9.5029543234432	5.80176366163414	6.50269326822623	-4.15605234090073	white matter
GSM1490378	7.57274976213465	5.63028949950182	-3.18061004765942	-0.8649472974393	-2.84179930874835	9.24008773905288	5.12066287525145	7.05815987487813	-3.67760618179928	white matter
GSM1490379	10.7012411044583	13.340588386104	-3.32536306608658	-0.751043283966794	-3.24457669979503	3.92069187215298	6.17199772891959	8.41216924027226	-4.26323829154045	white matter
GSM1490380	8.32460508629729	6.14706683192249	-2.53275778807767	-0.886500274828127	-1.36716946491205	4.84642624260528	7.76649665221457	7.39503947918711	-4.02448694472304	white matter
GSM1490441	-3.56387940574606	-2.87066355967841	2.78425338832541	1.54136023881749	2.16875476722736	-3.30927757692991	-2.87947543650641	-4.30491087587126	3.37323295685011	frontal cortex
GSM1490442	1.70415098335787	-2.51268155450261	3.07054492498407	0.916583952310093	0.775541273612835	-3.7768465981286	-5.09595813064236	-4.52593814139386	2.42791030922288	frontal cortex
GSM1490443	-8.16976959157783	-2.81740021990706	3.04655452470463	1.91575735117354	2.59007230420046	-5.35506090586454	-8.32284825587183	-6.29953801355934	3.43818684337176	frontal cortex
GSM1490445	-8.5229196554303	-7.49695551517614	3.40168694199707	0.692381360484891	2.93245462889975	-9.24328440845845	-7.6058416712731	-8.88546931833048	3.91242704169455	frontal cortex
GSM1490446	-7.45407347383	1.3000169775814	2.90939957163317	1.96058989082462	3.63754391639492	-3.49046311766097	-4.52652489532147	-4.10014937390654	3.7229448927951	frontal cortex
GSM1490447	-2.43228356316588	-4.10818044798296	2.32505921073738	-0.597382279035996	0.727487735527163	-7.02710805465683	-3.08038721877464	-5.72816771670543	2.46185628808708	frontal cortex
GSM1490448	-4.56735692409256	-7.06248929951405	3.87286866528963	0.9335317899677	2.25903737980662	-6.31279885516017	-6.47014332826612	-6.27683685839446	3.46634445183005	frontal cortex
GSM1490449	-9.720088457726	-3.79302774631054	3.71254100023639	1.40517021582065	3.1884539749365	-5.87965868308065	-8.02031093319619	-8.11710554042612	3.64984123020622	frontal cortex
GSM1490450	0.331672246653115	-4.68035598756677	0.981783585088768	-0.686313207421212	0.975367560478159	2.17197216946215	2.1464620531037	-1.91984998825992	1.95248503014818	frontal cortex
GSM1490451	-9.75207219240616	-9.90023064530826	4.41886989722536	1.39634415905308	2.95883192896801	-7.20499250070535	-7.48487322336185	-8.18178485318558	3.47794468348168	frontal cortex
GSM1490452	-10.9122077315882	-2.96895724449906	2.83404218702258	1.83401464911863	3.6211213094026	-4.30105879929051	-6.83666083528007	-6.03929209743589	3.96342361332944	frontal cortex
GSM1490455	-13.0079690479687	-4.68467937422115	3.45419337955891	0.619623683751668	2.48698974822611	-7.63299853565155	-7.97032466127657	-7.4053903491343	3.97813566339462	frontal cortex
GSM1490456	-13.1987252877039	-10.1775542138819	3.30898686524843	1.23927458808643	1.67342491286018	-7.0323271933326	-6.16219370958647	-8.62359500402292	3.84999324097742	frontal cortex
GSM1490457	-4.2393031747229	-2.34871110056828	3.06306540366541	1.50002718619449	2.04918444711492	-5.01045717482154	-6.97897966869289	-5.57310729797488	3.3458552744267	frontal cortex
GSM1490458	-8.70337638354943	-5.91068972879023	3.59243382810021	3.02344183784962	3.1339818012917	-6.96719234303442	-9.20275825370232	-7.9824046654403	4.73312552503414	frontal cortex
GSM1490459	-1.67379196132133	-1.44819602581436	2.99554339408312	2.42149408812344	3.62254268917444	-4.51310284331317	-6.60991990325261	-4.28887669811419	3.70866453380109	frontal cortex
GSM1490460	0.172681671796583	-6.64447036363119	2.41445081691624	0.623991295184538	0.615318234600276	-5.69190425965112	-4.02634297509748	-5.5768105015044	3.16284754246501	frontal cortex
GSM1490461	-10.8930268549167	-8.70676506970886	3.3993643017393	2.41749145854406	3.30923404173117	-7.96316545110971	-8.66176596424378	-7.40160212831434	4.16828946141775	frontal cortex
GSM1490462	-11.4237122235639	-3.86274477937593	3.81150388827769	2.16741430712006	3.30118743746767	-5.64530240258891	-6.6282981950987	-7.68287320369403	3.9668678073853	frontal cortex
GSM1490463	-1.38695034949258	0.362431092794771	2.32862780319428	2.15797239666422	2.63579742227798	-2.77884107195475	-7.00575952420189	-3.58607031070838	3.38895250581046	frontal cortex
GSM1490464	-14.2222045963236	-5.14305402782726	3.71466219502377	0.381839846215812	1.63262861496982	-4.62911528896498	-4.99200559901391	-7.61071298034569	2.98515954415253	frontal cortex
GSM1490465	-1.82016043652504	-6.10274171067012	2.95821684387058	1.16130672476209	1.74647024681223	-6.32230197251017	-7.64731958243372	-7.18077762900427	2.83876246805246	frontal cortex
GSM1490466	-7.40830632436585	-1.15529941197495	2.88889169016084	1.19955359382238	2.88557696461894	-3.98152896389685	-4.76665248419	-5.06212673667303	3.68000310847819	frontal cortex
GSM1490467	-9.2061986612996	-7.01014467726248	2.86184404334837	1.22169114840993	2.88479744006233	-7.17255264061181	-7.36523752158236	-7.53594767747797	3.94437503701166	frontal cortex
GSM1490468	-10.5339203695688	-9.53443559728304	3.66903733349377	1.02017539378416	2.22548429537887	-9.2921052733147	-7.77512995297107	-8.83181467546227	3.67778977641334	frontal cortex
GSM1490469	-6.14566257309653	-6.73770882806571	3.23071200480327	0.763262644800015	2.81790945411039	-6.30873283315806	-7.9795072736626	-6.68604468357714	4.27422959178731	frontal cortex
GSM1490470	-6.47941011075397	-3.80394475413265	3.14679157802423	1.84964493729275	3.7526107476769	-5.1636226686345	-8.69923369993327	-6.83929301834291	3.89350404300778	frontal cortex
GSM1490471	-4.24798416658178	-2.12383075951798	1.55438428110462	0.975142398133232	1.741880429162	-4.17751549873097	-2.7417201517536	-4.19936323793773	2.90930902111418	frontal cortex
GSM1490472	-6.89756649289991	-6.72977861928109	3.71465136039115	1.32020881135525	2.53884799947192	-5.95546743717454	-9.11198676040552	-7.84427271938606	3.71376223079204	frontal cortex
GSM1490473	-9.40054927711605	-8.26320441783224	3.0233469162111	0.235287934359258	0.767772903244063	-7.79894583227754	-6.72481426840402	-8.51648513896652	3.29550606831073	frontal cortex
GSM1490474	-5.15177662127968	-2.62162112327924	2.9640803559634	1.3476738628194	3.05618778032576	-4.65829522742299	-6.40341754344698	-6.22087736620685	3.59548847094293	frontal cortex
GSM1490475	-6.1141400049318	-10.1559373434436	3.99889043638982	1.31117749294262	1.59830647850404	-10.5796604284804	-8.64794947200736	-8.98409217802031	3.96130527110427	frontal cortex
GSM1490476	-9.81894376005879	-6.1371748337265	2.9209998247672	0.817922870222956	2.5032710021224	-5.85757156264144	-8.39992081833161	-7.96107018602473	3.54655552210676	frontal cortex
GSM1490477	-3.12366521821807	-2.97388535409069	3.1436551854105	0.820676056263645	2.15075296532983	-4.85600952445459	-5.53772029652874	-6.41033918581854	3.81521875020122	frontal cortex
GSM1490480	-8.34571792600698	-1.41262473339978	3.26422288646583	1.51722585738836	3.75026560151026	-3.51469943485404	-6.70358699873093	-5.09533217871879	3.6276690629575	frontal cortex
GSM1490481	-4.14543906422379	-4.09309743369457	3.61472281573455	1.67765798678764	3.12794268552657	-6.01628121260747	-7.35185519490032	-6.62475226237348	4.0247517220515	frontal cortex
GSM1490482	-10.9086407134365	-3.36945262345555	1.8926993849235	0.21491607512711	1.42731966207749	-3.14529287974553	-3.24693193829987	-5.43261492161269	3.18657819318572	frontal cortex
GSM1490483	-16.9898461253513	-12.054935767138	3.46582338843039	0.380452821672428	2.16903842266913	-8.45573530248944	-5.64684930078335	-9.59947052631357	3.97223351037341	frontal cortex
GSM1490484	-5.09846996719593	-11.0808844796551	2.87421711969709	0.830787405345059	1.05938542819397	-9.51966826371857	-5.921586394412	-8.16497492295069	3.34499583996692	frontal cortex
GSM1490485	-1.16093083908953	-2.15039978451035	2.47081036942071	1.78050609140446	2.64221315683469	-4.06802717715426	-4.23704022898493	-4.74034999838405	3.68913791450502	frontal cortex
GSM1490486	-2.53371613231018	-6.7303685198432	3.06476953947844	1.08967377808445	1.87589232096401	-7.07270373261538	-8.24313796181977	-8.17394579080791	3.4578017708847	frontal cortex
GSM1490487	-7.23669311577927	-4.75834556149765	3.12722706237265	1.55775905424298	1.94132761833289	-5.72701703788803	-3.73559018917769	-5.78859485301304	3.84322802280949	frontal cortex
GSM1490488	-5.36219652293165	-8.17577704411324	2.60351213825003	0.426126760513739	1.46059182676609	-9.10832073902937	-11.4739640417071	-9.78779884502468	3.54461549698135	frontal cortex
GSM1490489	-10.0097848556541	-5.55364151093741	3.39920116853737	1.19602336756427	2.74957567292254	-6.288088377614	-7.81890322902276	-7.81483027877531	4.12959723031687	frontal cortex
GSM1490490	-7.01469761372944	-3.45312863787129	3.26937848624627	0.806071403090407	0.750836453807834	-5.36841523019435	-7.91190820564231	-8.26621894393705	3.63981215169875	frontal cortex
GSM1490491	-12.2095913049452	-8.83350005568311	2.24546922237414	1.10282624747082	2.14283485040626	-5.57520182515808	-6.65450638932674	-7.53896168228253	3.65118672049141	frontal cortex
GSM1490492	-2.44166094131106	2.856581636729	2.67221292826348	1.87745778047958	2.51612806293456	-3.34575823736106	-4.5451473715291	-1.53527507618269	3.48585065666468	frontal cortex
GSM1490493	-6.87014939404628	-2.87668173639492	3.17112840744795	1.04698993881462	2.59095915127985	-3.73810114705512	-5.10029330070546	-6.05248264332698	3.90489828306065	frontal cortex
GSM1490494	4.02716667862798	-1.35899818897547	1.87757935855914	2.01869582239853	3.10824795621949	-4.77130022231969	-5.75023299498837	-2.86463083095305	2.76798914293242	frontal cortex
GSM1490495	-2.94499670788381	-0.34412639427472	1.68111123845492	0.837174960113426	1.32795387158084	-3.81857730803577	-3.90057324567661	-3.96160786193478	2.85867227752036	frontal cortex
GSM1490496	-7.90055436905778	-5.51342802063961	2.48498656780542	2.60024137915953	2.86088576055065	-4.78159185719085	-5.4161974638613	-5.56437680509569	2.44372965685139	frontal cortex
GSM1490497	-8.39870357744324	-6.25717642707102	2.51577509605491	-1.32413623090994	0.0957248823990837	-5.52390057188578	-3.3878631727259	-5.79407538547259	2.41302983936735	frontal cortex
GSM1490498	-4.4170932786627	-5.93789526870356	2.67168379207386	1.07138478665313	2.17940206903794	-5.42469731222857	-4.89868197722879	-4.7015484235937	4.04182461528127	frontal cortex
GSM1490883	-6.06179354694319	12.5871220816585	-1.94437450872651	-0.421153474732137	0.807997886142297	2.03744141020012	4.3359810367779	1.79112577061066	-3.21631182151795	white matter
GSM1490884	3.07085729132866	2.92516426591604	-3.26090699264079	-2.11736255260696	-3.30476747389491	0.558498518762044	9.09866723387706	6.64747578528026	-4.30434504987376	white matter
GSM1490885	7.3653169976138	9.41211750006283	-3.27179523908966	-0.934239603391548	-1.67867322426308	3.9118332388507	4.66897880228484	6.99056225581498	-3.42710323010185	white matter
GSM1490886	-0.905751256035452	8.72465110530823	-2.39922639271136	0.820660987811867	-1.45166675747606	2.21105939873978	5.26681068711508	7.27450025808469	-2.94420116791048	white matter
GSM1490887	6.95119316124449	10.097713347917	-1.77025737398354	-0.0491568528335563	0.0828294637176253	6.90294733800911	5.33336300635891	8.52611801915112	-2.63092922946513	white matter
GSM1490888	4.55447847172898	5.66194777324106	-1.88540898642505	-1.83161167272231	-2.73578319998467	0.532369415788212	4.82935553325955	5.80147904364359	-2.32354490746027	white matter
GSM1490890	10.798304949427	7.10188765979221	-2.60282369297929	-0.131778836649784	-1.26938751151332	5.12200085563524	4.25883621376008	6.49505808481548	-3.28035097461052	white matter
GSM1490891	5.28485317546564	6.64947326999274	-3.22607104764495	-1.50353938298281	-1.9273621643806	8.61880216231715	6.94870264088151	8.78576993356794	-3.54324739690452	white matter
GSM1490892	2.42967326236221	4.14744651565524	-2.99490802715148	-0.430810718940776	-1.51451256510611	-0.48543334416292	6.95003451896331	6.53054141030216	-3.97468262763225	white matter
GSM1490893	11.3548624157319	4.38780032248463	-3.51004565941112	-1.12100365937775	-2.8198238481362	4.32578613694117	4.59957585943138	6.46689016306869	-3.519091943984	white matter
GSM1490894	1.69253021419399	2.26992003468867	-3.03104296190083	-2.67600013076162	-3.67975302450468	5.48024494963758	6.3823085429761	4.32437253890275	-3.6914407993053	white matter
GSM1490895	5.83396043078833	3.98050469145631	-3.87356145544153	-1.62648483722872	-3.32878586664517	7.46490574059231	7.05174049407685	7.43000339308101	-4.34454491221122	white matter
GSM1490896	7.63332826228631	9.51193209587619	-2.21837819125787	-0.269667284063089	-2.42296060198626	4.19796933007491	2.01852156342819	6.16061156957932	-2.41877805001485	white matter
GSM1490897	10.8994267138036	5.86313234506987	-3.02962386387369	-0.894491826765354	-1.66750049039056	6.91400363716078	4.38764609713252	7.90788777278697	-3.65203098913013	white matter
GSM1490898	8.52691474829936	5.7888630141654	-3.12486185499763	-1.5962507540766	-3.24124612200275	4.58411316737692	5.1477851169463	7.22097231089621	-3.45891100535345	white matter
GSM1490899	5.56092303050808	3.54754141486668	-3.54489028130141	-2.09847334773384	-2.96515899158228	5.26336531037206	6.49041649603033	5.12018448986535	-4.81157524778059	white matter
GSM1490900	7.38094560231633	3.9318499987009	-3.49160945151714	-0.922447470198496	-2.32427836089666	3.52959105453992	7.09501773735499	6.72333010385581	-4.140748731308	white matter
GSM1490901	9.42362655371155	8.49862841976611	-2.92040108149235	0.539923437480339	-1.22129140209024	2.02000078516451	2.98994850521796	6.35006213670097	-2.58734715559917	white matter
GSM1490902	6.04736384225995	11.1881347000843	-1.67711675205806	0.518509121134046	0.127453399228149	6.1357317875064	5.42080742073381	6.80817785267936	-2.20843626250971	white matter
GSM1490903	6.11057252533465	3.91253417142009	-3.51660177702093	-0.733343347064692	-2.12972327450528	6.46823661766143	6.44540243077711	5.63483571679401	-4.15398904420071	white matter
GSM1490905	7.23325907054082	5.26766902616253	-3.55497012842797	-1.5895159959934	-3.73408657987439	10.6441183485865	8.06702284716286	7.57207726258066	-4.29667969805203	white matter
GSM1490906	9.93437379534019	7.75956859580924	-3.07492876061341	-2.2446204077311	-2.07436764209693	7.26524294811132	4.77562275874881	7.64347230907246	-2.98441621564062	white matter
GSM1490907	1.24478124609129	1.75443989933878	-3.63585616093704	-2.90908561338162	-4.61419335388898	7.87848414632024	8.91171177695063	6.02030997964331	-5.32044800071167	white matter
GSM1490908	5.35405107137644	1.28253015035552	-2.88636921529357	-1.87612364624795	-2.34328512255617	5.12487902175223	3.97952031019888	3.46539963429845	-2.29377905084609	white matter
GSM1490909	12.3688225747191	8.75162584888106	-3.30039893489244	-0.903945201433248	-2.32481316100059	2.48241329972912	5.20647994647498	9.38761903069241	-3.32903408658929	white matter
GSM1490910	6.69902710475251	8.39618458123073	-2.1248479655434	0.384331454242408	-0.272626549605704	7.78561643060987	6.69244253769933	7.19738098129302	-3.1951078482292	white matter
GSM1490911	4.67185474851121	3.12417247972935	-4.31201316798006	-2.61231407061197	-3.49579960107061	8.12983260644035	8.62684557686532	7.18464966202341	-4.10372458041383	white matter
GSM1490912	9.34179028571259	6.86492805437226	-2.84305961058173	-0.802914122506766	-2.02875005839672	4.02591789305181	6.76086666226383	6.03277330754951	-2.69950410794389	white matter
GSM1490913	3.98569062158908	1.16935474567151	-3.73117549427621	-1.65600385507401	-2.4951565791209	-0.359504660532394	9.49488444251904	6.50164550306859	-4.49301220198013	white matter
GSM1490914	10.5615217387429	2.55049876928029	-2.48826560953018	-1.59141875208742	-3.67728226895167	8.52290430513988	4.92808939348655	8.29171260777383	-4.53263243732975	white matter
GSM1490915	8.27581979973202	3.48943067425409	-3.29054835818643	-2.6958627061061	-2.70603420554133	10.6913420895708	4.17747414327199	6.97193636702967	-3.76231169360295	white matter
GSM1490916	-0.256758816523866	1.12097409597089	-1.76535653484299	-0.679870373616706	-1.67575734094242	1.73043732806855	5.28749055316771	2.48156046686692	-1.3096741480957	white matter
GSM1490917	6.88856457210293	6.12682209714739	-3.52525021757707	-0.811318634571828	-2.79179247607178	10.4164385607397	8.00170261917577	7.83431839060742	-4.34507681388734	white matter
GSM1490918	9.57045218961728	6.70854460635555	-3.04085808543229	-1.41784961781958	-2.15105493975238	7.19148710880486	5.79785687578612	7.05764989261671	-3.28071536283133	white matter
GSM1490919	7.42061278865292	6.23323909082347	-3.57554701584144	-1.68656359207681	-2.89822671665385	10.7036622586828	4.83191603696503	6.49534248714052	-3.36276790001822	white matter
GSM1490920	11.8549629402753	5.10709065285928	-3.47357690823006	-0.81397786789476	-3.1932934198759	5.45635106884696	4.74422804865004	7.23855775319151	-4.14737777298065	white matter
GSM1490921	14.8880347838801	1.68096657125146	-4.67767357835907	-2.59892771074009	-5.1462786007614	7.8199864600393	4.27947788028153	6.02663878111302	-4.94624504958854	white matter
GSM1490922	6.61428171358843	7.94547044302767	-2.03552785741561	0.065235559322892	-0.83325843286125	4.78841494759521	6.37842159995648	6.82877596598952	-3.22473876111257	white matter
GSM1490923	5.64634671641004	1.02771617411153	-1.1640457807718	-0.69727287634247	-1.14057697518098	0.618389149112156	3.15016097233996	2.90299409983397	-2.79128169724589	white matter
GSM1490924	0.156465841160252	-0.877091922334149	-4.00754195244536	-3.17336644836916	-4.4584757762422	0.0900921788724267	7.70757100685841	3.96724982888532	-4.41394740628504	white matter
GSM1490925	8.71474903618261	1.08690558332081	-3.90156254982526	-2.9720628631771	-4.11362715208342	10.2768140887934	5.87173593846872	6.57127263238758	-5.04965428353411	white matter
GSM1490926	8.58561129121003	3.20320688885785	-2.1312678723461	-2.10463429314768	-3.29921940762842	3.17745796441699	5.73472230649775	6.17651042398941	-4.88342940984252	white matter
GSM1490928	16.194373390456	10.2616913292109	0.0418222691573363	3.24181109827306	-0.0787124575044621	-0.113607074746753	-0.368146626970535	5.39360994944999	-3.83135689697023	white matter
GSM1490929	7.02330861562327	5.42476433870064	-1.58148289343628	-1.18135076884181	0.00250078918483815	6.5781347430142	2.48779876162338	4.30631036955616	-1.42997868007617	white matter
GSM1490930	6.94146880917484	0.312662455403085	-4.2679871481428	-3.12742970096859	-3.88593661706058	6.5099415717067	8.85004202043096	6.50624963507277	-4.80849014869299	white matter
GSM1490931	2.02291447261103	0.907230259818005	-2.445224801123	-1.2013118776808	-2.02562180098941	6.31413622277451	7.12937285543732	4.74234875871301	-2.77683637714925	white matter
GSM1490932	7.65924259293741	6.32441487722351	-3.77896351121686	-1.22210207758111	-3.23793624171772	7.40463398755328	7.51766985264132	7.9267522711863	-3.93757052030334	white matter
GSM1490933	7.54232833464205	3.49127049417203	-2.73716180415665	-1.66905044295811	-2.26235306528744	8.11405425842365	7.0868831909556	7.50739741552173	-3.7257668547973	white matter
GSM1490935	5.03324919139689	1.15814493563105	-3.55723435381946	-1.92893185735057	-4.3804130251182	4.74527900924577	8.84708405009726	5.31990365190572	-3.606114618524	white matter
GSM1490936	5.69704285772421	3.90979726389497	-3.38871842206914	-1.65464825356446	-2.92157212847286	10.0691266295904	6.52004000066756	6.89130432833611	-3.79278532004623	white matter
GSM1491018	-12.8883551669675	-6.56093494353138	2.88777681306553	0.761779463084161	2.94457941030162	-5.63189004417907	-5.20933389882836	-6.95339535521789	3.9047276581505	frontal cortex
GSM1491019	-2.10543409447508	-2.09474905186168	1.68958365436226	-0.0507777309476383	1.36441783349083	-1.17195401806569	-3.33924548335223	-3.41675360084995	2.961175018809	frontal cortex
GSM1491020	-9.9765767357054	-9.10726827436033	3.33234229897665	1.89920359438402	3.29960920800751	-4.56473714319359	-9.1728974610357	-7.19199502478513	3.6495879809306	frontal cortex
GSM1491021	-11.8290761344821	-5.62197413333757	3.48831165371446	1.42339111724038	2.55334735012483	-5.3160934563194	-7.57570235087186	-7.89561048909289	3.98899967897302	frontal cortex
GSM1491022	0.20940981571754	-3.82587190827938	2.66008834600971	1.48556360409653	2.25345405500909	-4.15244412120142	-3.30919023750331	-3.53958504574221	2.81698469870486	frontal cortex
GSM1491023	-13.7338636087331	-10.403308446922	4.11338039677083	0.92146927203355	1.59703165632204	-9.78281821798313	-5.39436156354641	-9.69369861151023	3.46208807394755	frontal cortex
GSM1491024	0.933459833052078	-4.87137621920751	1.60602502541068	0.47128461254507	1.26714938353896	-7.42973210221947	-3.00477777891801	-4.46605031038022	1.93188007049291	frontal cortex
GSM1491025	-6.01738137755556	-4.98414604192465	2.9711055522553	1.92563712193874	2.83833373524032	-6.04291702007715	-9.08808776099916	-7.35431339836107	4.27669858060514	frontal cortex
GSM1491026	-2.54458814192561	-1.26399164026541	2.98899971596967	2.2871481699467	2.84096227652441	-3.76723985976968	-6.62569115740603	-5.03419933771816	3.63455394108934	frontal cortex
GSM1491027	-9.57439933512821	-2.21164809522731	2.59991324047584	1.47305682617892	1.55358301903621	-0.667822686736684	-6.52008704988329	-5.82356463307109	3.63151966995753	frontal cortex
GSM1491028	-8.53274531666875	-2.98372840489445	2.77445020507567	0.628639904573495	2.1253347107072	-2.61226275745583	-3.71830166086558	-5.02440780846078	3.85522779996604	frontal cortex
GSM1491101	6.6192781188717	5.17556020569229	-1.71318444280566	-0.0619670829966389	-0.376218557474734	3.99132553012495	5.79675143169405	7.38272026332429	-2.66406456149087	white matter
GSM1491102	9.64043159380975	1.1834415999708	-3.29856613333857	-1.26186166431904	-2.71841427494454	1.47254933527622	7.02079960342278	6.96182240884605	-3.69476627257918	white matter
GSM1491103	4.61684044507584	1.6266573866626	-4.33427283560594	-2.31475912816331	-4.19206587876767	10.2665375795101	9.21779157722742	6.91811848591394	-4.49277937677134	white matter
GSM1491104	6.29819456917803	6.97247530372275	-3.43198249429485	-1.17673025750284	-2.39984161447	9.30740257537217	6.14432590094219	8.02124894821723	-3.26558551180113	white matter
GSM1491105	7.87413145027097	3.18179533481839	-3.10740038329105	-1.82187073332891	-2.62013536313241	8.4150230450193	7.3926121722303	7.46034618256021	-3.54500222989165	white matter
GSM1491106	6.2154684839203	3.80100695770089	-2.58095944546108	-1.73141941364432	-2.80122938807744	2.30418630698113	8.60537758374783	6.37753142522632	-3.8927699069046	white matter
GSM1491107	7.00961803380076	1.68211050463599	-1.69538728325316	-0.0527274132460813	-1.4906188263404	2.52210176122907	6.30161744130009	4.83629133272529	-1.98695134760011	white matter
GSM1491108	0.738505521454068	8.84721171379221	-2.96192344746219	-0.924714084686596	-3.18975693964907	8.085824251723	6.18376414391451	7.21629308923062	-3.19906590502126	white matter
GSM1491109	9.09690759527921	4.42228632084078	-2.77426074353192	-1.83634987253139	-2.1861295673093	2.60396993952441	6.52803723756229	5.32934019630266	-3.16497683827249	white matter
GSM1491110	0.139835136072176	7.39484041008823	-3.17829908566604	-1.19790843938898	-1.80620366019372	14.0049985171775	5.93308985935002	6.5109124650692	-3.99115729685465	white matter
GSM1491111	8.86704075084654	3.94875326360988	-4.54415814608703	-1.90753607361753	-3.84011302632976	8.70983934886491	4.90748894129149	5.28297435938279	-4.10486583538226	white matter
GSM1491118	-12.6897533256604	-6.90236679668355	3.45544347794116	0.695734488493732	2.46108829183227	-7.04872097409199	-7.92530871980339	-8.17557923202905	3.64713379458847	frontal cortex
GSM1491119	-3.38335907073361	-3.26003412321592	2.84110037809757	2.20414087875719	1.92205252637741	-5.38298955948567	-8.01446402942744	-7.10814872220539	3.31634617190746	frontal cortex
GSM1491120	-6.30584323065286	-4.67874495462028	2.92998567459283	1.67890912248579	2.60632221595145	-2.94221480636704	-5.3963560234939	-4.84712873363494	3.4151575707286	frontal cortex
GSM1491121	4.00450687056292	1.41563577910805	1.72300048116927	1.7490552143242	3.38254914108008	-4.13507691676354	-6.36970277178078	-2.25667411478799	3.29196427646538	frontal cortex
GSM1491122	-5.19144152646552	-2.84354019949427	3.5626890232996	1.51980857461795	2.51503339043812	-5.40196647116739	-5.68787491651361	-5.80354302094513	4.19652875947701	frontal cortex
GSM1491160	5.67556844322112	8.25351789132295	-2.56646014364074	-0.794800142648768	-2.80716093277161	1.62493053330373	7.49218371579191	6.55223146317821	-3.97122824194213	white matter
GSM1491161	3.41067435649815	5.43542217816084	-2.73970511308332	-1.25770961151585	-1.84035394782194	8.86235970924551	6.55340609072941	5.08367665826524	-3.10176632365552	white matter
GSM1491162	4.98023051802065	0.79063383694997	-2.46995294975243	0.409954880292112	-0.549199317296301	-1.06464455915007	7.23736677589041	5.51474077874961	-1.78708007962526	white matter
GSM1491163	1.79570003093078	7.8132239918331	-1.68673378231624	0.155030280451847	-0.508077201482003	0.128542314870146	7.35747541769754	5.84501411866031	-1.83284611276507	white matter
GSM1491164	9.14339754743275	0.0963190293642013	-3.55981304495477	-0.815326538312455	-2.48921905531258	6.80501036020581	8.69241037333252	7.98887657755165	-4.39937473428583	white matter
GSM1491165	4.90536111334066	3.73228724803708	-2.67655073227219	-1.24470942422211	-2.04653604650816	-0.20872616048465	8.51715450507463	6.00109797365736	-3.61116704576924	white matter
GSM1491172	-16.2897330363867	-5.99960877420739	3.60516569255648	0.441883698677399	2.5707032113042	-6.54976900562805	-7.81795320515214	-8.62827483182615	4.05014253299883	frontal cortex
GSM1491173	0.584665978004533	0.325055322455985	1.47113498039563	1.40107107966736	1.45987603818463	-2.89795633112746	-2.89563362068313	-2.75991676404881	2.92054897689835	frontal cortex
GSM1491174	-2.09379378081291	-0.931780716045244	3.08219819312126	1.46013835599506	2.08503735950886	-2.35605408477662	-6.12034066025291	-5.40597398003328	3.68808885922311	frontal cortex
GSM1491175	-2.04906595880518	-2.71790840008531	3.19494622390957	1.45219819503559	2.60182216664897	-4.96957234424147	-5.77847713153816	-5.30304244547546	3.25151107075128	frontal cortex
GSM1491176	3.16435599931721	3.65539510178779	1.90755997830728	2.78757251246234	2.91382564866721	-1.64404559706186	-4.05193117425648	-0.792695227715439	3.19850536263268	frontal cortex
GSM1491177	-5.32669230373057	-8.68644168395464	2.73982201344436	1.74736134935732	3.19308955836032	-7.79962104730945	-10.1932984013527	-8.61007858066646	3.19890622274099	frontal cortex
GSM1491218	13.0883970194079	3.21331746026638	-3.54287135618949	-1.87459112175166	-3.23694613414536	7.14129148371682	4.75965657766635	5.85957124199765	-4.30906433593814	white matter
GSM1491219	6.07980428598899	6.88712181309231	-2.75318990026423	-0.666249319628943	-2.40225093650565	5.39516856926373	7.11063177729177	7.75680515992994	-3.33120786721309	white matter
GSM1491220	9.46622714867808	5.02873089195149	-3.888658625124	-2.51533611183991	-3.40863761516228	8.84223281442378	5.92821871539807	6.37444798360522	-4.48524347603036	white matter
GSM1491221	6.73817479120587	1.97088259165138	-1.0697606841345	-0.276127175990902	-2.38088871797616	0.702963305165053	5.45387534711259	5.42793224536916	-4.39854453807804	white matter
GSM1491223	4.9207887534103	0.87497649520857	-4.50893957625671	-3.40364755585831	-4.92779568230878	6.08503016454849	9.85546450802395	6.41492215459405	-5.33420439156834	white matter
GSM1491267	-12.1914597519801	-5.70460317878431	3.33429543447017	1.48999736320495	3.64397715967038	-5.01530948133995	-7.17273728195634	-6.81171060416056	4.66801221451429	frontal cortex
GSM1491268	-9.57627736970274	-5.29487502892361	2.39884051929404	0.0979489706365245	1.31158589678283	-6.58318287243654	-6.5460660633619	-7.25006072061623	3.0151351469449	frontal cortex
GSM1491269	-2.59452311649228	-4.28851200070503	2.3123802968949	1.6592480106501	3.49474031109044	-5.74294561660652	-6.42799560483975	-5.90569288612051	3.93724512695788	frontal cortex
GSM1491270	-3.61744304440662	-1.52769004111935	2.9377229052495	2.16022155863749	3.35720269011469	-3.07510535981964	-4.89271741707529	-4.74301921713218	3.48211643915347	frontal cortex
GSM1491298	9.35988328826386	4.56429351147879	-1.94066708812442	1.6601848355189	-0.535631237946669	4.29016202065707	3.44524663223788	4.75962077281198	-3.46998808260518	white matter
GSM1491299	1.88973146338059	0.342628141327154	-3.09763036034064	-3.77061520947844	-3.2109636445442	6.22139699832539	7.16490865615432	4.39360830443033	-5.10702551202297	white matter
GSM1491300	2.23511564394531	6.01769955381192	-1.73007179532218	0.158248356111605	-0.343167973655108	4.85528047246038	7.85986067805204	5.76801487714593	-3.54399958832432	white matter
GSM1491301	6.30264569043263	4.81456438562684	-3.45129745955028	-2.01142886058358	-1.85982239112185	7.95205361787326	8.08627101552848	7.09094132555161	-3.57704274008143	white matter
GSM1491335	-8.24591210496665	-7.25269167362707	2.30061707808883	0.843586220451193	2.13002066749961	-3.52892946192327	-5.02724672431202	-5.13124430149955	3.21555100648237	frontal cortex
GSM1491336	-7.37359444787765	-9.55110578792879	3.3572633406004	0.531504954015679	1.78615538730759	-8.21405084731898	-6.84983029601197	-8.9596664967474	3.71786929200925	frontal cortex
GSM1491337	-6.26679730983347	1.8826919870386	2.99057315754919	3.27848591865763	4.33761932354096	-2.03461468292285	-6.81604530149866	-3.37736942707698	3.90329494337447	frontal cortex
GSM1491338	-5.52089448116112	-3.93896090374656	0.886297468482803	-0.822829027201603	0.293109083720056	-2.20025135977121	-0.57821754601063	-3.65142630176164	1.64197853338207	frontal cortex
GSM1491340	-7.89326196950402	-0.618622500705713	2.03294541645207	2.30762665001579	3.14293677223763	-2.20537150965126	-5.44359939713187	-5.10500509629676	3.86384919375192	frontal cortex
GSM1491341	-6.89166816612842	-4.56605758583382	2.5196676201575	1.40643922029106	2.47876294345164	-6.67231164808346	-8.76054852591252	-6.93164540498358	3.62165025372289	frontal cortex
GSM1491385	1.57179789272712	4.01194441315257	-2.35391147645612	-0.423847599414807	-0.982777141949908	2.64989580560591	8.97559214200978	6.82909252792686	-3.18673323483055	white matter
GSM1491386	10.6087541945087	0.0689259736907166	-4.4890318285511	-2.05545330470823	-4.13019646427956	7.67237725488623	6.82427084520039	7.40369163106254	-4.96467413910828	white matter
GSM1491387	4.79665266945626	0.575311145813326	-2.8313221817037	-1.77324816050591	-2.67284855881059	2.60092138163732	7.61040245327521	4.46484950633759	-1.72327456622082	white matter
GSM1491388	9.57945810978455	2.25468748917447	-3.03311314916973	-1.45277167224199	-2.48604315226779	1.77970627663821	5.71131556001833	7.33471483898614	-2.97838775877538	white matter
GSM1491389	6.53280804150476	3.45510326228463	-3.47827762112156	-2.63762640472313	-3.56813107318156	7.48724221922258	7.38458992415042	6.29226219753645	-5.12826473726177	white matter
GSM1491391	10.175010867229	2.7012965230889	-3.49528049331451	-1.4439263114226	-3.50276629548733	8.83030725459391	8.54586863291066	7.34502347773711	-4.39916076578424	white matter
