74211
67477
216991
100182
329154
11745
70719
216869
107350
12267
12362
12370
20305
140497
12490
12493
23833
12514
12628
12633
12655
23845
12721
12960
19025
13036
64138
80281
13057
58861
26377
94176
50498
98878
13732
12495
80898
16456
210998
14129
229499
14159
23880
14537
14594
63986
78816
106512
14824
110006
14961
14972
15001
66775
171285
15163
64209
192232
15979
80719
16164
60504
16194
16197
27056
54396
16414
16477
16768
16859
17087
17096
26401
58805
338467
17533
17698
17921
17948
17951
224109
94212
27355
243771
18591
56744
227696
18707
192654
18783
234779
67220
269823
17872
19128
230257
19224
54354
170791
226594
19696
74030
81910
74131
20397
54673
233186
20469
54353
18173
20540
100127111
20375
66552
225027
192187
20852
16430
21356
21391
21452
21803
228839
21897
217353
57259
227612
22022
76681
94094
67776
