209378
225998
75541
12406
12444
21859
27360
23972
107747
76187
67896
13998
104174
102644
17304
98660
12759
30956
11541
210126
13175
14184
53896
20511
58807
14813
70097
72014
16007
104776
53412
107869
14633
29820
18508
18760
22601
26362
14314
18994
19206
21808
16779
13618
56448
97064
54403
16011
20971
13649
56741
13371
55963
229534
27494
56188
14230
20512
12950
108052
14114
192216
76257
20678
81879
11829
74519
68385
58187
13123
22329
83925
15483
13004
19125
12411
13731
22350
66873
57738
12830
16870
14221
56473
19038
234356
243914
57265
12494
18682
54326
16816
14623
16206
19283
50500
12505
57319
68607
18596
20255
81840
110078
98396
22339
232146
14560
14405
116847
329828
16008
11932
22421
29815
27273
27226
216739
140492
69239
12496
19013
13850
219151
16525
170790
223254
20893
26938
11761
14261
106648
13609
14756
64385
94180
69538
14066
13602
19309
