12311
93843
17957
20974
59093
140723
12484
19417
69908
12554
75745
14528
18549
17755
68567
23964
17263
235281
64242
23969
94332
20194
15569
13723
20450
14706
53886
57740
21823
12653
11928
100503659
11440
16511
108013
20538
17161
14432
229706
103768
13166
114886
72269
12564
26949
20257
20965
56526
170571
56808
66797
65255
16728
20927
12310
78593
80883
246048
20983
19240
14419
20452
13483
22152
14783
14226
14867
56523
75352
14950
11516
229722
100303646
110876
19662
12294
18082
22342
60597
57775
69574
545192
65254
17758
12652
20908
226180
67451
18481
67295
20618
12933
319317
23934
170677
18548
20254
110058
104886
18616
27220
17116
13056
11859
11423
80334
14077
14778
380684
19275
13386
19711
83766
21419
12716
60510
104010
243328
52331
50782
20733
18039
66815
71733
19894
23893
53870
20606
14570
53322
103098
12659
22065
13180
