C1qb 9.07438390626888 0.842851306655471 0.826100809455668
Ccl3 8.95023784914969 0.939889135913021 0.874965583428724
Atf3 8.24090769788347 0.831461795664721 0.830764007673631
S100a8 8.22755195678316 0.966242485858914 0.960395467221393
Gpr34 8.21525061774802 0.960464771829385 0.947617473416568
C1qc 8.00343128070363 0.904877468760696 0.855340219989704
Ptprc 7.95461172371219 0.946204869755862 0.927593156827561
Ly86 7.90744601895148 0.915302594399045 0.907458534390297
Xist 7.78455875578422 0.584726474551074 0.043416087245151
Fcrls 7.7815500207514 0.937575976531468 0.901294879187313
Rnase4 7.69960970774596 0.884688795478401 0.893021472431678
Tmem119 7.6567266142769 0.927678581310811 0.914693160934049
Mpeg1 7.57604894556532 0.903880677784027 0.883361856541138
P2ry12 7.5544628847019 0.904564002842536 0.86236366443333
S100a9 7.52926404691111 0.957639913245606 0.947926708499594
Klf2 7.51841907593021 0.871961713813018 0.769704468031332
Lcn2 7.49200317643923 0.955917381494363 0.907870360042973
Laptm5 7.46566750996805 0.795846626256029 0.791381444913591
Vsir 7.46355046413319 0.766674534202858 0.817506829988976
Lyz1 7.45735252356104 0.893590065651479 0.879329096242757
Fcgr1 7.39920339017585 0.929859286747073 0.879315103712133
Fcgr3 7.38938884720531 0.937903579230335 0.920256426963961
Anxa3 7.38591638735459 0.929276561918175 0.918522151461646
Itgb5 7.37154104536293 0.646294208540323 0.83172489091188
Olfml3 7.35545486996857 0.948193877407533 0.950596472268072
Itgb2 7.33788914774328 0.94960498504097 0.940209250733343
Socs3 7.33770840605606 0.690992325651224 0.807427989730807
Ctsh 7.31032438435596 0.935432711119418 0.921913629698908
Cd53 7.29275934092113 0.920662291780197 0.913952673786226
Cx3cr1 7.28498575759784 0.916595808170963 0.87514207145877
P2ry6 7.26486915588722 0.958586276294713 0.958511022840041
Icam1 7.25706406115213 0.901483126003937 0.889225151475047
Ccr5 7.25495709543432 0.95326262656598 0.951500020966923
Fermt3 7.24283329574136 0.838323400740889 0.822789092706011
Nfkbiz 7.23836699100993 0.753314670329034 0.868946319052621
C1qa 7.21985425396986 0.911047836250231 0.851564118343956
Fcgr2b 7.21643700642897 0.94006410135943 0.919765492348864
Tyrobp 7.20810158284163 0.933514278247211 0.892391677983416
Cfh 7.20686250702029 0.962758949134903 0.954176865101494
Chil3 7.19857135063286 0.965902127178962 0.903541907352954
Klf4 7.1941093177883 0.625693158418729 0.629645760718684
Cd68 7.18519953817742 0.709533675108617 0.847373469011968
Adgre1 7.13944059670046 0.8963760981517 0.897032007529877
Il10ra 7.13736012675917 0.941401361664409 0.949946636543874
Naip5 7.07734046459691 0.967645000840719 0.966822903199036
Il6ra 7.06672010597929 0.953109891049353 0.96200355045172
Ptpn6 7.06054823579266 0.962525058900617 0.963915988017711
Cd14 7.02420070356144 0.912932376089169 0.895169706719293
Ms4a6d 7.01317941688295 0.964532762546662 0.965321514023132
Ngp 6.99746232481212 0.934210911857594 0.929155754546197
Srgn 6.97395996753185 0.87976279270187 0.877964467546199
Irf8 6.9624183259639 0.903819465067814 0.915184711509976
Csf1r 6.87113189257136 0.771739796986091 0.660138098370364
Cxcl2 6.84419626270071 0.945072624712266 0.887336454289424
Rgs1 6.84010198992626 0.947066945843602 0.913704339101885
Hck 6.82685651330915 0.934844790004632 0.936215350551696
Pld4 6.82177083545717 0.956781018711785 0.946623615028717
Cd86 6.81956943371924 0.95190998531238 0.955705564975573
Ccl9 6.80295700485311 0.951239270998094 0.928426291895579
Selplg 6.78753029038906 0.916757228154036 0.916297976204716
Adcy7 6.75837239936909 0.901673727572885 0.917574655295992
Ptgs1 6.74225678586607 0.765581728565508 0.5355030866188
Lcp1 6.73865785729157 0.825406683408191 0.822778027882635
Mertk 6.73273614130023 0.576723618202433 0.023616097947432
Txnip 6.71273353253558 0.688312205701809 0.534275457018026
Ccl4 6.71156707645576 0.883679885608484 0.878505390289777
Fcer1g 6.71046927475485 0.958912919328195 0.933923638064222
Cd83 6.7053562452863 0.844384658852363 0.897076184323532
Camp 6.64978823676387 0.969647450028201 0.918871198035432
Zfp36 6.61582507484504 0.779705289518563 0.794312073401642
Bcl2a1a|Bcl2a1b|Bcl2a1d 6.61242699222436 0.940532681494488 0.929832928960105
Ms4a6b 6.59011714980884 0.943080639344011 0.946820377262979
Sla 6.57496708440797 0.890781672035686 0.871614297698573
Tgfbr2 6.55230810078279 0.862015464275184 0.86899602330815
Ctsc 6.55020392684578 0.56816016732451 0.741998073095641
Hba-a1|Hba-a2 6.53732143674053 0.833365144084451 0.79997090141383
Ctss 6.52289670005149 0.818183828584794 0.783790355135232
Havcr2 6.44527199071707 0.9385752742544 0.937326855266864
F11r 6.43288902433366 0.936501416916293 0.937174288117388
Il1a 6.43247463602076 0.953481000961442 0.922041603079999
H2-Aa 6.40776707578484 0.933762923450236 0.887851338957158
Tlr2 6.40112713812395 0.96545867800024 0.961962616695745
Tlr7 6.38362892027319 0.943161097466739 0.941847736466202
Naip2 6.38002771312835 0.957255273350886 0.950850292819377
Evi2a 6.37421570689228 0.498660131766911 0.122083941499024
Lyz2|Lyz1 6.36526962743183 0.950233360648519 0.921613774398574
Vav1 6.34091634116878 0.940607844625309 0.941732593958322
Gpr84 6.31312187358142 0.942930343512665 0.945522294773064
Hpgd 6.31101384377597 0.890812145831097 0.902267801883563
Cyba 6.30841435768332 0.864548195180451 0.836618912110019
Nrros 6.26600590020621 0.833493874382915 0.791824786290472
Lpxn 6.26431500683699 0.940261774795657 0.945658672384558
Slc15a3 6.256993284442 0.950674754769803 0.934309287413246
Ggta1 6.24850317616371 0.844871721108889 0.741996856720129
C3ar1 6.24171625007489 0.946183399087624 0.939883533943102
Aif1 6.21701136118847 0.85139717732079 0.848757904561035
Fli1 6.19582798726942 0.958174416022454 0.953590925590724
Blnk 6.13912433428874 0.889525666446422 0.887618376715736
Golm1 6.1225512695072 0.818900860929578 0.912453878407437
Slc11a1 6.11345520879986 0.959807590572564 0.955649027044379
Alox5ap 6.09689571706254 0.888685171240975 0.908224158731447
Fgd2 6.08882615086323 0.945201707116765 0.924676847540034
Ccl12 6.08073678871606 0.959469235560124 0.948696111654511
Ccl6 6.07820870444998 0.95274563662114 0.935565720406612
Ugt1a2|Ugt1a7c|Ugt1a6b|Ugt1a6a|Ugt1a9|Ugt1a1|Ugt1a10|Ugt1a5 6.06526327931734 0.790850299332905 0.856133470982493
Plek 6.04728542072937 0.866090760380422 0.868416359296987
Tgfbr1 6.02793042587915 0.800280588770289 0.896047347290099
Pycard 6.00605558622377 0.906821717040349 0.909516575575799
Inpp5d 6.00048203192396 0.862589200327202 0.837993825109755
Lair1 5.98079198204136 0.913011639262837 0.893433065299134
H2-T23|H2-T-ps 5.96108780792549 0.823286819501415 0.822586914576969
Ier3 5.92584408340794 0.859120544450888 0.892263843568038
St3gal6 5.89910840445218 0.858917220336457 0.792268323049702
Tnfrsf1b 5.89804425307976 0.945693665496366 0.941900777503311
Ier2 5.87253120633163 0.759213591027957 0.761547761270482
Pros1 5.87217527385336 0.848853737170823 0.914430728907859
Ttr 5.86564541695787 0.459809515160194 0.316585366486108
Slc40a1 5.85175319494793 0.885865641183277 0.897655743564143
Nckap1l 5.84171013267851 0.839787320181564 0.894013902866792
Rhoh 5.82570859334128 0.949070374924139 0.946195396780202
Ncf4 5.82154818806401 0.957267822244398 0.956619469414337
Lcp2 5.81568217093519 0.92104035157567 0.932391470843631
Rcsd1 5.80796666070414 0.890394789941145 0.868224474724142
Slc7a7 5.79834255331426 0.921801334329119 0.915324103948767
Fyb 5.79045419750223 0.945352595497436 0.942116486335274
Fosb 5.78438535630044 0.696256536226231 0.716156298176386
Ccrl2 5.78432562288053 0.898197422543033 0.894693179100734
Sash3 5.78339027884163 0.90582205587873 0.908818422765984
Hk2 5.78307627428556 0.839164901519788 0.867128635757137
Crybb1 5.78028221911392 0.923717940717473 0.926819389249503
Ctla2b 5.75836570780799 0.944382438782789 0.910213144005801
Capn3 5.74626626082812 0.928846449999157 0.923108533576556
1700017B05Rik 5.72487016932742 0.841860513319336 0.887403466603492
Pik3cg 5.70600179090079 0.95198128257782 0.940661529188562
Tm6sf1 5.66525762197817 0.762821638757482 0.802099420608926
Stab1 5.65045452219417 0.949047362943822 0.947662460191615
Map3k8 5.6478397306296 0.956041877292134 0.941618118297065
Arap3 5.63940792797908 0.823150084491026 0.828441305648261
Cd48 5.63365220775523 0.940390343927509 0.928558860874269
Mlxipl 5.62288763518646 0.824435449166204 0.80998248586174
Tlr1 5.61619366104651 0.963177521739739 0.942935206661479
Ltf 5.60015691521689 0.868992492598238 0.752584011727949
Hba-a2|Hba-a1 5.57914169346703 0.741058030211316 0.649868222038167
Alas2 5.57614202480218 0.926101944202634 0.924192310723296
Dapp1 5.54361525023863 0.776558948394111 0.731428075918814
Entpd1 5.52264528834168 0.914588129179253 0.928738940969013
Btg2 5.48841284625506 0.710550391533282 0.301508566656002
Akna 5.47428649921409 0.855347269526299 0.909971376627676
Ncf2 5.46359747749225 0.908520945251557 0.821452301139409
Ets1 5.43495302254097 0.881254926659167 0.798717657551142
Cysltr1 5.42864932567842 0.96369773057058 0.961869507826943
Csf3r 5.42575629610034 0.910047400093399 0.899984337271564
Cd37 5.42358294052644 0.941198614647137 0.918897630505711
Rab20 5.39012276657087 0.879285236927211 0.822872062649342
Egr2 5.38956522942768 0.650585523607624 0.741903524867575
Clec4a2 5.38844129025361 0.951435994523296 0.9234739262662
Chil3|Chil4 5.38671953609064 0.953956549779964 0.887550128276747
Zfhx3 5.36850694195842 0.591802297070979 0.709064203663457
Junb 5.36546594032649 0.719314224302755 0.710290375201287
Rassf5 5.35811429729763 0.828356467436017 0.863918142760245
Cd300c2 5.339422381249 0.887749013377227 0.877338806599094
Mafb 5.33671546425386 0.931636382907236 0.947652022669931
Adap2 5.33625045453538 0.889114381759709 0.880723576546701
Il16 5.32478144534827 0.936557863824758 0.935695142808542
Frrs1 5.31989331227833 0.779583623273458 0.862983752650528
Elk3 5.31768137827315 0.83607527932036 0.777284563967688
Anxa1 5.30734535189767 0.884970859730635 0.84542318613095
Tmem173 5.30703624497479 0.840816875162521 0.834308980276062
Cd34 5.28788669135045 0.836919511508199 0.844379365653406
Cmtm7 5.26059654953235 0.913458592059834 0.915946067026645
Adamts1 5.25748300970707 0.663872129214987 0.775585128551753
H2-K1|H2-Q9|H2-Q7 5.25119567343255 0.903229366043208 0.838745867564463
Cd300a 5.24251274772335 0.941997514427805 0.918824845514606
B4galt1 5.22043867192194 0.864159407491748 0.896041027925539
Syk 5.21731510474299 0.880179477536453 0.878373160703663
Lyl1 5.2140824542022 0.929369004630276 0.922325131699178
Abhd15 5.211277889768 0.907558603684616 0.876915506190415
Tpp2 5.20685165705084 0.85680331626525 0.733521750385064
Casp4 5.20563898217227 0.959002192366166 0.950446009074348
Itga6 5.20058366513911 0.560364219986812 -0.12839271730186
Tlr4 5.19939611402686 0.910923437628281 0.88805775171893
Themis2 5.18505917923357 0.927162805017796 0.921919291221176
Stat6 5.17697150001815 0.801536741173467 0.86925539543571
Tgm2 5.17588180194875 0.823581181718659 0.714403151956205
Hbb-b1|Hbb-b2|Hbb-bs|Hbb-bt 5.16796190840859 0.82981715225061 0.702867895205896
Trem2 5.15214465656163 0.917555424322842 0.916528125340533
Arhgap45 5.1520149321509 0.937097093176201 0.942463507714977
Unc93b1 5.13877584085054 0.85472195394347 0.86379158698403
Spint1 5.11917686567202 0.707325830724938 0.839383177549914
Hfe 5.11362101317398 0.819599382904891 0.898614420527642
Srsf7 5.08814896470981 0.737083001933047 0.668273534190973
Rps6ka1 5.07701834567341 0.833197984487018 0.846764575512035
Hba-a2|Hba-a1 5.04748247741797 0.747438778123066 0.646530526782013
Xlr4b|Xlr4a|Xlr4c 5.04223975084549 0.889853137987635 0.808172600014734
Zfp36l1 5.03884274684299 0.434505274301014 0.319838572169749
Kctd12 5.02436349570126 0.695548736052405 0.688884303235975
Pald1 5.0151583434366 0.890317840143138 0.911570585893113
Sparc 5.00941961128217 0.573675749691457 0.570662457871484
H2-L|H2-D1 5.00833244104281 0.7755377982342 0.707632400494705
Ccnl1 5.0054670024006 0.740854258619437 0.796483344497323
H2-D1|H2-L 4.9987449454351 0.793980181108824 0.767627423690294
Slc16a6 4.98878931485163 0.841947555094583 0.88830236546329
Hhex 4.98160223328115 0.935318222183441 0.922955802158022
Lrrfip1 4.97991239109089 0.729876775593532 0.768529682154086
Serpine1 4.97775042235564 0.888998847339036 0.902542648491838
Csf2rb2 4.96298733029079 0.949668718410172 0.95190146421556
Casp8 4.96180486065861 0.93344015309346 0.929652996994632
H2-D1|H2-L 4.95665477170553 0.765632770696162 0.713311983683372
Pon3 4.95145841668178 0.936247373903281 0.921251022146291
Syngr2 4.93915175904213 0.544720997811083 0.678299428842201
Mylip 4.931996694608 0.79651585611113 0.796611223274635
Fam105a 4.93116672944248 0.691073578133238 0.870422965183293
Cyp4v3 4.93101247707722 0.519512838524963 0.610527089597412
Abca1 4.91598753982378 0.494117393819779 0.131832799862662
Jun 4.90207628488431 0.51962144782679 0.404707302879475
H2-D1|H2-L 4.89870872303658 0.864238228271317 0.758288455248064
Arhgap17 4.89544325797002 0.728873073113736 0.814221950493466
Tcn2 4.89310164039953 0.57860686673351 0.817475256532993
Gas5 4.88957511984627 0.617216057470503 0.579234766118862
Clic1 4.87323177986486 0.815421939214454 0.837285239945289
Plxdc2 4.87085081985416 0.747914012765298 0.681115839391099
Clcf1 4.86968312415003 0.949262557374245 0.936404110331846
Pla2g15 4.85781539973558 0.864813878825995 0.89646759412565
Fes 4.85768209035971 0.949603431603947 0.931546616002212
Slamf9 4.8517914413966 0.891058154452823 0.884530143430602
Ankrd44 4.8512126119676 0.731955811734423 0.77415610152197
Lyn 4.84955825828731 0.849274287556588 0.909386164596415
Irf5 4.8454614997812 0.923574726283308 0.910882477995315
Trim47 4.84433165535923 0.876166902287714 0.932162155501116
Tnfaip2 4.83486548391868 0.86564923272452 0.877782533188518
Cttnbp2nl 4.82253660699308 0.596678380988027 0.507848067192213
Tgfbi 4.81186128031426 0.777188803179112 0.774589280932775
Trf 4.80763900637626 0.398936976665535 -0.0912677242073283
Pdgfb 4.80753518364903 0.903261274162294 0.893281683322841
Abcc3 4.80444048455217 0.948653714804219 0.944924432374809
H2-K1|H2-D1 4.80105880113105 0.604208606902526 0.538659872599817
Hexb 4.78440394992554 0.768462407943048 0.790727990428026
Tor4a 4.77464240451451 0.806165954838964 0.853062419242747
Plxdc1 4.75623536600497 0.609354408508725 0.586176110522707
Parvg 4.75461518376303 0.89946957367231 0.887127325104137
Ppp1r15a 4.75432143220787 0.814261428965329 0.770078535783624
Rgs10 4.75039871421632 0.58233230854047 0.832996604116447
Phyhd1 4.75027636347327 0.798914068214122 0.722037066712868
Hvcn1 4.74425668595531 0.836800499460207 0.866386727906276
Klk8 4.72734788205753 0.946975560644015 0.941689548991616
Trim30d|Trim30e-ps1|Trim30a 4.71992009857381 0.879059128984914 0.865073944632369
Tec 4.71632209300699 0.90347320600865 0.900547721310761
Klf6 4.70978530561552 0.820549124317467 0.853272549475506
Slc29a3 4.70714773980797 0.52072784834964 0.543906506479103
Trim30a 4.68748244753577 0.939157538307258 0.912873254922817
Arpc1b 4.68748202943744 0.591244083580387 0.110343180367653
Pla2g4a 4.66869112500169 0.648554743701922 0.265785279023491
Hspa1a 4.65859122573433 0.5462318869025 0.582822142158588
Grn 4.65610230212253 0.756287864142728 0.873541286168392
Siglecf 4.64951740226602 0.961914421608788 0.961294032066809
Ifi30 4.62204116155863 0.838934993018275 0.92928259136678
Coro1a 4.61736596124475 0.570572870271217 0.678169107375858
Tifa 4.61059697273277 0.699221728490356 0.842102642979991
Rrad 4.59790408398333 0.92079907242158 0.86876722337327
Rreb1 4.58375106774313 0.715026875872651 0.786365423721425
Birc3 4.58334622644581 0.927626511185294 0.934623868133667
Wsb1 4.58256876224322 0.610268386178749 0.427123716633604
Ifngr1 4.57117891735267 0.80823496233622 0.85916680571495
Msn 4.56808290391991 0.724884915590244 0.802729585447551
Il13ra1 4.56662081126559 0.862735722389608 0.850783450401933
Sipa1 4.56147237241738 0.918896351512043 0.925162435392642
Sh2b2 4.55823238009816 0.884037550240977 0.834331520421962
Clec7a 4.55117918623652 0.893672109789375 0.893521436477858
Ang 4.55078194809544 0.926985892019774 0.912613987900507
Afp 4.54836634997043 0.758692317111609 0.708103179232604
Cxcl10 4.53474015383522 0.906716310013614 0.698499428715145
Lgals9 4.53265581064122 0.940916735525282 0.937712183748385
Lrmp 4.52713040252423 0.941187800080515 0.939623435825886
Samsn1 4.52509713252238 0.940698937139127 0.935388553239776
Spata13 4.52162034074053 0.594814940062599 0.75574252981411
Il6 4.51973317830498 0.944460022124965 0.870682946136026
Igsf6 4.51947347658265 0.927445832630196 0.918531199282314
Vamp8 4.51803298964846 0.658060547797697 0.723031421900338
Litaf 4.51414508611174 0.366109402921509 0.443693772192225
Cebpd 4.51385195777833 0.509219874331214 0.450852912095384
H2-Q7|H2-Q9 4.50909545548555 0.863376169676787 0.68841466127215
Ier5 4.50482339000313 0.741071164441748 0.835056486466901
Sult1a1 4.4942665771225 0.594094353117045 0.148153281074568
Fos 4.49144733264771 0.311329926484328 0.396804145337738
Nfe2l2 4.48606753236586 0.482381125785312 0.452443442925438
Arhgdib 4.4720472539507 0.300299418104061 0.661263774617395
Cmtm6 4.47196545356852 0.611613593269588 0.81639878389496
Ceacam2|Ceacam1 4.46910915495869 0.905750194211495 0.870997407049921
Spi1 4.46471572898356 0.934851054016677 0.914256447245679
Rel 4.46433604920286 0.876880275839956 0.864094828906548
Mfng 4.45670440080331 0.930960734886399 0.918675242469611
Trim12a 4.45448987109161 0.926094127738566 0.914279269347557
Il7r 4.44783257293502 0.921932779706541 0.907223773641217
Pnpla7 4.44352346579516 0.542242675294511 0.454028729854378
Nfkbia 4.42338640418291 0.758411801976664 0.740459639088568
Edem1 4.41472389340006 0.770419272719051 0.767825289755816
Gusb 4.41181861457989 0.618149332242566 0.783418768187215
Hspa1b 4.41155079516167 0.429388716964645 0.451331534203058
Myd88 4.41066640556649 0.820810273172533 0.907764703289136
Mlph 4.39653097079745 0.954794364207383 0.944807090243512
H2-M3 4.39546430947327 0.819446814301661 0.876448767641706
Gmip 4.38356361382416 0.915240773770225 0.919221268234868
Ptpn18 4.3733206899048 0.927154663709419 0.907807249407794
Lag3 4.36807546739896 0.914223192622494 0.913417852093872
Plxnb2 4.36431476679575 0.589953571714378 0.702560125132365
Arrb2 4.36379419402528 0.790102841758169 0.775877810426998
Zfp36l2 4.3603778790082 0.415926442400723 -0.0438182143146671
Runx1 4.35257698653784 0.879801689447243 0.856859776970112
Naalad2 4.3436649606855 0.924640099461687 0.916663201227688
Chst7 4.33359491991293 0.652555767727881 0.649147471830705
Pag1 4.3313724364734 0.609864688058684 0.824616306918442
Stk17b 4.31210321046053 0.464987183603536 -0.0324488707098534
Mrc1 4.29367547906608 0.904327095832326 0.847204021880619
Ccl2 4.29306368463901 0.932938690808749 0.916353476454943
Ctsz 4.29305522506947 0.710064388090804 0.802218469443772
Casp1 4.2838489995835 0.858151435348393 0.911300006715651
Cd52 4.27114858456656 0.923625434368282 0.901664062342892
Pnp|Pnp2 4.27114742318408 0.627636934463582 0.716726873651538
Gpsm3 4.27001450462605 0.930299790059889 0.926328927798032
Ctc1 4.26544666259323 0.838511777404281 0.82245406090947
Notch2 4.26500484646673 0.443941710092799 -0.0435635125582493
Lrrk1 4.25802384562745 0.925967138849439 0.855122280534779
Il10rb 4.25279292576209 0.812064537926226 0.866573122588682
Slc2a5 4.25234915378432 0.897242233474892 0.88618054470216
Slc39a8 4.25189129388754 0.780989899463047 0.764399149766711
Parp9 4.23991514975435 0.764752404947697 0.828266485703612
Slc25a45 4.2390359530345 0.701609308547538 0.802867299380174
Ptgr1 4.23524259293866 0.708355198195229 0.775430537021147
Ripk1 4.23138808071143 0.708146233094303 0.837982319377725
Tcirg1 4.23126052964683 0.736788814843092 0.753380931164687
Dusp6 4.22419759437375 0.64352574589174 0.594778117435366
Hacd4 4.22313557208632 0.811487207095037 0.650044042198857
H2-K1 4.21830629096044 0.759997778511609 0.570739190218655
Tnfaip8 4.20103014513797 0.418929499048067 -0.0685184420173606
Ugt1a1|Ugt1a10|Ugt1a5|Ugt1a6b|Ugt1a2|Ugt1a9|Ugt1a7c|Ugt1a6a 4.20058619307211 0.769045952787544 0.669671935068351
Cebpb 4.19083436128389 0.846751881328804 0.847409028679661
Dusp1 4.19001972144378 0.553625863835751 0.348690815171587
Parp14 4.18923752897237 0.915270440229174 0.814433333465474
Cep152 4.18016352320556 0.883912610603783 0.817184412170687
Hps4 4.1768705716195 0.802009823924766 0.75771234767342
Btk 4.1766992168187 0.876468880458978 0.887225783750733
Lilr4b|Lilrb4a 4.17402306864819 0.936170516271665 0.869716312668939
Hcls1 4.17176248431021 0.936461014619244 0.92983980585375
Apobec1 4.17011580971047 0.799207087293702 0.840337565531987
Arhgap4 4.15820569102495 0.945680757405483 0.924229286649309
Man2b1 4.15422456231835 0.767937995073595 0.676780720554934
Plcg2 4.14883775144698 0.816555944972233 0.834479373384013
Tubb6 4.14859733976584 0.883569903428242 0.91840370374215
Mcl1 4.1395182786455 0.796814427450671 0.844839258880907
Cd33 4.13924753225945 0.882265651217567 0.86766098998981
Lrba 4.13483976963996 0.661523851103658 0.631253255463654
Itpr2 4.10998863538456 0.404685343916993 0.125989773983375
Cd177 4.10498764075268 0.934819095021434 0.890157832301664
Hpgds 4.10177506496287 0.917664560768047 0.916541319776827
Ugt1a2|Ugt1a9|Ugt1a10|Ugt1a1|Ugt1a6b|Ugt1a5|Ugt1a7c|Ugt1a6a 4.09821087810708 0.884632506550314 0.921197488682175
Fcrl1 4.08428531134348 0.950081163452242 0.94354045189684
B2m 4.08265787937425 0.710041791714016 0.715383388366999
Prkcd 4.08246594441014 0.656510293898179 0.688797133000079
Cxcl16 4.08150220768259 0.91971295524732 0.91114669080148
Asph 4.08096295510789 0.58934784998175 0.204044268100301
Gdap10 4.07518319112656 0.584997914477978 0.498367091224
Pld1 4.05683961834991 0.583544823431304 0.794462402615765
Ehd4 4.0484192175934 0.818774650846052 0.879553673360266
Ceacam2|Ceacam1 4.04678149021405 0.863853048224146 0.85413626420427
Dock2 4.02963648133306 0.893999785436198 0.874463097324043
Uba7 4.02930667184498 0.881702493894712 0.867936453336243
Tgif1 4.02885395975774 0.905588817117598 0.906407215858985
Myo1g 4.02318735604858 0.941289282309245 0.906052956246723
Rbm39 4.01154976107187 0.152683631767101 -0.0377113060072699
Herpud1 4.00553442399663 0.767348461481853 0.851686098012725
Il17ra 4.00078149868052 0.815741035901289 0.806286871386214
Pmaip1 3.99928388114068 0.913125597999426 0.910468146562235
Serinc3 3.99595632729016 0.178484288468867 -0.11794707332253
Zeb2 3.99133346774077 0.440938721576595 0.425737723535069
Ucp2 3.98941954786555 0.848507402344889 0.831414961861922
Cklf 3.98642895040134 0.553416736015704 0.748346411462709
Adrb2 3.98595067415718 0.860229652610896 0.814365591543242
Tmcc3 3.97787983083393 0.742087991532681 0.532731528637081
H2-DMa 3.97188294493446 0.748090381046361 0.853273523318755
Lgals3 3.97135739744078 0.782928841994611 0.480134285385581
Ints6l 3.9669550246209 0.69889984049979 0.504897153771149
Pdlim4 3.96552455284984 0.442181418139548 -0.107626616301089
Ptbp3 3.95338793420351 0.780956668871478 0.777033795321898
Glipr1 3.94792274693071 0.844908443516297 0.817281133815021
Ly96 3.94786119806429 0.818496458968542 0.810245303799545
0610040J01Rik 3.94504849246495 0.583443742860974 0.417867811944527
Epb41l2 3.94259678697995 0.44895743279266 0.635034312601949
Lgmn 3.94181043057045 0.634994831216296 0.754817110237683
Rab3il1 3.93957068177689 0.866388857611459 0.882822603363119
Tnf 3.9380987704432 0.892125796839156 0.865047528398544
Mef2a 3.93774215165801 0.541699190401081 0.81268765125026
Fam111a 3.92755143016255 0.820966473416373 0.698672050537225
Cebpa 3.91724388761248 0.836432878852685 0.865818178888648
Nrp1 3.9126298979292 0.543377403465825 0.481679378160075
Ppfia4 3.90908465971692 0.719505905058863 0.84498110669346
Tmem63a 3.90783359385422 0.461893323324289 -0.0979142640358685
Tmem140 3.90685438208575 0.909898237000939 0.892729268320099
1810011O10Rik 3.9050454047963 0.688322557513272 0.244803155184718
Ebi3 3.89833796556686 0.897675767755143 0.896209352843669
Plekho1 3.8897261321704 0.750346833109799 0.788066034580518
Gna15 3.88790530592168 0.934874916641972 0.938158969025645
Prkab1 3.88485434283898 0.823506932468697 0.837953353287494
Gimap6 3.88283288028038 0.938644572712924 0.928524486000664
Snord22 3.87508651652076 0.748339832394831 0.747003918737636
Dhrs3 3.87507576288932 0.629874597580531 0.359647258867642
Scamp2 3.87248666520554 0.623535563532064 0.7155737725286
Gcnt1 3.86167243434802 0.916009238131792 0.90307597900802
Gem 3.85821574074892 0.600783022402341 -0.0434942884069334
Arhgap9 3.851241987336 0.896208717563465 0.893138744799812
Rac2 3.84263873336271 0.879872338575527 0.875495263586357
Tbxas1 3.83659439099431 0.926876627764198 0.879857818653569
Dock8 3.81769006758412 0.906381896428604 0.863843987956462
Myo7a 3.81534915532141 0.85901972243359 0.864251182744275
Rela 3.81370047101202 0.570204675916349 0.690808598805135
Trpv2 3.81108709528167 0.832825035833038 0.895804428298704
Klf10 3.81082720953473 0.63491976712261 0.779769041489339
D17H6S56E-5 3.8067964641978 0.929901262768962 0.920851460220941
Atp7a 3.79756020577571 0.776659618358901 0.790839135989123
Plk3 3.79716435675836 0.628101761795981 0.315143668563012
Pnp 3.79562933771536 0.430162579203741 0.710310418535471
Ltc4s 3.79395283640461 0.910289064876395 0.875706858396752
Tsc22d3 3.7831983029897 0.689715944096244 0.687128799337793
Phxr1 3.78118418216822 0.785948876185869 0.744570399155032
Snx5 3.7755678998544 0.822010611927186 0.798755162461936
Ncf1 3.77398204846151 0.925124774842114 0.918084431314073
BC028528 3.77283315104348 0.69077012167972 0.296370649208761
Tlr3 3.76909110757884 0.476947154364679 0.833020662009717
Myh9 3.76406097272256 0.473578104403869 0.382333100080186
2810474O19Rik 3.74929217711728 0.736909498816755 0.772226787932835
Galnt4 3.74477014771774 0.455037748694339 -0.0862625467877269
Slc7a8 3.74108427328278 0.855540880883602 0.88852561035597
Npl 3.72779535073613 0.708522480534492 0.699653960707303
Mef2c 3.72227527879533 0.0818106642424755 0.239198853719718
Igtp 3.72203217657215 0.747274871573958 0.600901838140061
Nupr1 3.71929209232472 0.542993857765074 0.301691396351225
Psmb9 3.71734375537194 0.906529844587305 0.796788960040831
H2-Oa 3.70739284059765 0.943000034247982 0.938228770354012
Tnfrsf1a 3.69798156259994 0.606616836992478 0.690919136788437
Cyfip1 3.6972898453065 0.482724501661848 0.665214244733654
Sirpa 3.67806671523823 0.558284666973605 0.673452449319169
Rnasel 3.67587015593594 0.796006185695632 0.817592814940407
Il4ra 3.67116779140702 0.940730907830941 0.928976822930171
Parp12 3.66851584156648 0.511633518390341 0.422840760864534
Rrbp1 3.66804224575614 0.543598074907683 0.612094773615203
Lpcat3 3.66392587121721 0.40069433877352 0.368487033446007
Maff 3.65579097295384 0.785576257574011 0.743379318387826
Rhog 3.65492808881614 0.345733682405368 -0.0900373870533999
Clec4a2|Clec4b1 3.65092099017352 0.937972083451511 0.927081374938363
Mlxip 3.63636223519643 0.834889010171353 0.828899684538563
Ifi35 3.63140426396291 0.849438199513821 0.759090567720773
Clk1 3.62940387291307 0.546891088997897 0.349299385364442
Pxn 3.61956626555215 0.409133095395606 0.778728844700944
Cmtm3 3.60938783032319 0.483638010642333 0.360412130372395
Nfatc1 3.60643909967626 0.804876281772549 0.80686670213817
Rsad2 3.60568911307421 0.631951431051818 0.554108983978892
Tgif2 3.60308321477572 0.883447542988655 0.927411880305924
Rgs19 3.60022253876609 0.677151687154954 0.625340563496616
Zfx|Zfa-ps 3.5816589315966 0.606111352874346 0.54103121589816
Slc25a37 3.58052474126446 0.691462719273777 0.650849986049664
Pbxip1 3.57980156698343 0.504102973413881 0.721219446308713
Vwa5a 3.57738199932455 0.567789004218428 0.68249470895965
Tapbp 3.57619711296131 0.763541505447374 0.607540332355504
Rin2 3.57449324171253 0.697214315111966 0.644402352634606
H2-DMb2|H2-DMb1 3.56638301216882 0.828061396087809 0.800271644733089
Creg1 3.56015790282364 0.647949607099448 0.787802378852739
Ets2 3.5541470479577 0.252856293182576 0.537307615802759
Tuba1c 3.5515357167616 0.776230971828377 0.75332705596839
Cd79b 3.54947098468175 0.910029987527694 0.902622699616597
Slc37a2 3.54066636528617 0.886915287780201 0.870766065930106
Dnajb1 3.5395157733249 0.822190837958548 0.849277510573886
Lmo2 3.53044063272316 -0.14799863232173 0.360740827068808
Trim34a 3.5277833967441 0.821896491960621 0.682503995305586
Cytip 3.52745300384155 0.772348333883097 0.722212051939729
Phxr4 3.51977493255841 0.614327919648578 0.121569697050164
Col6a3 3.51387606481036 0.76273621975375 0.770160038411463
Nrip1 3.49592270732109 0.741838810920778 0.747599015391804
AW112010 3.49414096700566 0.918517201667857 0.908798313489907
Rgl2 3.48187594579095 0.545360870101382 0.586329889182796
Cdt1 3.47455922564951 0.559150853181456 0.166761776200299
Tmem37 3.47188076841607 0.910563360527545 0.916709141979274
Tob2 3.4695061755618 0.680809637414221 0.74728206977533
Ifitm6 3.46867436750505 0.908287046640965 0.845518564123096
Srgap2 3.46631963634559 0.891942297305659 0.884284872483164
Gbp7 3.46618458897637 0.6207446909363 0.316936611536916
Clec5a 3.43963143691769 0.925414787701052 0.923395464607163
Plekha2 3.43764976769285 0.267392669346074 0.150058165527655
Fmnl3 3.43214902708835 0.856779196155585 0.881788877720446
Was 3.43162362089227 0.894609514454075 0.896566147210569
Hp 3.42386676547681 0.911231252751565 0.752034871708271
Nr4a1 3.42362810358019 0.456575792624582 0.55125674601233
Tpst2 3.41415895591002 0.74742766983375 0.81442471149183
Gns 3.41334060739572 0.636971310229861 0.833565688489216
Ptpre 3.41280825218795 0.576578316343171 0.681479732029093
Ifih1 3.40989313212354 0.795443992052245 0.705954631979613
Mcm3 3.40820796712831 0.707572818006147 0.722837886467348
Cd9 3.4025834297393 0.190868488025208 -0.20040857485584
Elf1 3.39966727074967 0.629800220473923 0.647953626575814
Skap2 3.39806476469166 0.724814499853224 0.745421780915352
Abcg2 3.3978863069556 0.587437427220188 0.718754896912557
Adam17 3.39601856625411 0.412336412964724 0.503480885923154
Hps3 3.3923467716787 0.845152069753065 0.846431680902307
Slc46a3 3.39171734719698 0.763774512228445 0.861051513751829
Rgs2 3.3911825907256 0.12921840223581 0.466709946508081
Sqrdl 3.38778286683427 0.628103748153195 0.782947583720519
Pik3cd 3.3842190537087 0.874943668468466 0.902657259861083
Pmp22 3.38280487533254 0.345174175299451 0.0997175273333405
Trib1 3.37836303488401 0.778066224490635 0.777964136787909
Ptger3 3.37134966119243 0.766705402400529 0.424875403998066
Rasa4 3.36040612593942 0.919171462610044 0.913780587179605
Stard8 3.34441342880397 0.486212081180935 0.0582449608474173
Wdr81 3.3427926909971 0.569000683770363 0.715760494090338
Bach1 3.33945083332701 0.629103783178878 0.705837220411304
Il1b 3.33800785097251 0.932910189516537 0.905216162745993
Vasp 3.3314641777639 0.828516561821776 0.879965779855842
Sertad1 3.33138098165841 0.851251968550697 0.874777603566002
Ccdc93 3.32755717580735 0.665822534357943 0.788363581313245
Tmed5 3.32528816726882 0.50555017495024 0.28474799051526
Slc15a4 3.32523345214095 0.645397865493283 0.687743684855815
Traf5 3.32468450090675 0.861298816031485 0.86156487419949
Tap1 3.31450635420629 0.863097566031104 0.723750925295931
Naip6 3.3056191412207 0.875605606884976 0.860110647050435
Ebf3 3.28709482019013 0.863838267431761 0.803897800867928
Tgfb1 3.28101181135425 0.893451946047476 0.779388957127659
Smagp 3.27809380771621 0.915775921133816 0.902402762555941
Npnt 3.27262634818728 0.691288565909419 0.266818228830985
Mmp2 3.26338155662913 0.552776998950187 0.690395449167904
Rp2 3.2617719991548 0.777230544060596 0.745967607500363
Parp10 3.25595685901138 0.829492399144585 0.774875550771875
Ms4a6c 3.23926363954083 0.873309732880423 0.855918677323706
Calcrl 3.23898262662761 0.569689186919385 0.0898651710199407
Vrk2 3.23170359121388 0.594886200344156 0.516590005205737
Isg20 3.23015034957975 0.899435822881242 0.911234361128412
Rbl1 3.21110144408712 0.630952716830572 0.440152162650621
Erap1 3.20747279387737 0.669556942989576 0.632822405285259
Bco2 3.19958195007439 0.62396866324544 0.674991512679374
H2-Ab1 3.18101136538998 0.753259752571691 0.638511414524865
Rbm5 3.17946958797092 -0.0804061374346864 -0.146790399989922
Arsg 3.16071869974801 0.443813056851974 -0.13508894310526
Nfam1 3.13180299422412 0.877733713651241 0.875174890451998
Tlr6 3.11387737468294 0.850200422311979 0.814089924382545
Pf4 3.10908572370514 0.872423573303902 0.836197089844432
Batf3 3.09811743933618 0.902957261384126 0.907142167894284
Hlx 3.09357267928942 0.930720238567195 0.898906253840201
Zfa-ps|Zfx 3.09311174497163 0.567006089734748 0.468400123249846
Mrc2 3.09204890934525 0.87917386688524 0.847166936306999
Gmfg 3.08819115834209 0.896679721802959 0.870911641026766
Calhm2 3.0848894307714 0.889428001375787 0.864638789994067
Tspo 3.06084357204868 0.693369643367067 0.690213753818857
Irgm2 3.05939249273909 0.803015675174869 0.633894504256279
Gbp3 3.05294423567295 0.65884964087818 0.196402495190063
Mpo 3.03012848289468 0.877842904167842 0.574279530653595
Nfkbie 2.95736707868807 0.773851401735369 0.708983678523823
Myo1b 2.94477776551343 -0.138754476703553 -0.040761617287589
Cmtm8 2.93302174794141 0.863653765473091 0.857812692466386
Tnfsf13b 2.89140738944234 0.810951160243283 0.836373836416025
Plaur 2.88612995849997 0.847506100695903 0.83143574448867
Tmc6 2.85798373368802 0.814228029530857 0.7598115818415
Ptprj 2.85315697687081 0.0924955469271174 0.22477193610703
Relb 2.8213935210027 0.779856042508551 0.861819916245886
Tfpi 2.80639680732171 0.775774421579649 0.846652706292482
Nrm 2.79413263471134 0.687208969478224 0.509322254890156
Emp3 2.76362003065492 0.885371582116882 0.847105022856915
Irf9 2.73500514264267 0.809079959464352 0.791887882303619
Pygl 2.71801975310218 0.58738134540919 0.271644178044282
Sh3tc1 2.70566789966174 0.897951765883936 0.899606993737762
Ifitm3 2.70491257604779 0.322274385070561 -0.118718646844368
Srpk3 2.66646949987506 0.763701295695323 0.304890720417605
Esyt1 2.65474376347925 0.852672175607681 0.786050876077104
Apobr 2.57658491009738 0.845211318914474 0.844858210558858
Lsp1 2.50001468172123 0.679934299992987 0.654784937742847
Ltbr 2.48440740040998 0.570285956013894 0.399208022361346
Il21r 2.40357342035266 0.932084690120433 0.933548790768499
Ceacam1|Ceacam2 2.39102177706591 0.84539409018398 0.810249596008603
Dusp2 2.3456412612819 0.837921805622043 0.853551459570779
Tlcd2 2.24769214649988 0.745613128408196 0.753740622353366
Casp6 2.14324164755492 0.359651345569686 -0.0162116405794836
Smpdl3b 2.07465907280728 0.537235631498879 0.630056243666188
Phf20l1 2.01870515935883 0.545745161575093 0.140525249352177
