Gpr88 6.24539025042715 0.838282888469494 0.819982724992101
Hpca 6.11141857107645 0.772977140262625 0.819002901750061
Tesc 5.59130629168605 0.685826957226044 0.446551644044307
Ido1 5.53771922113271 0.868457331342968 0.827985947156402
Lin7b 5.47596970017364 0.682909541059696 0.214610641688532
Rasd2 5.34343608517423 0.636798249178731 -0.119552537455255
Pcp4l1 5.290391372547 0.750746355852305 0.514939210962778
Rbfox1 5.18669387967604 0.711872718198955 0.78079425052739
Penk 5.17195800369047 0.597826884434489 0.0542848419675005
Ppp1r1b 5.12007492015936 0.890030455083516 0.903660075447157
Calb1 5.10253959356314 0.54260371615281 -0.0740602865266204
Kalrn 5.01904457706497 0.638395775513925 0.608248121604289
Myt1l 5.01239705866642 0.705147559613644 0.695436705901725
Bcl11b 5.01108767610237 0.744891179561391 0.727915338750443
Pcp4 4.97759812755765 0.593649960714907 0.475521661207624
Pou3f1 4.94257492806869 0.458595573362359 0.238546521154309
Camkv 4.92918647956965 0.82634500239256 0.838664241930061
Eno2 4.90401767129264 0.664451673105838 0.555771707515069
Caln1 4.8747461623201 0.580205136724159 -0.163375792311015
Slc32a1 4.8693163358578 0.749556966764698 0.771099248378204
Nefl 4.82009766936116 0.656358430396125 0.680039064310544
Itpr1 4.81935800407069 0.759826070997025 0.740725690042745
Kcnab1 4.73033733030562 0.588205712476623 0.384991847883787
Sowaha 4.7105965439884 0.691366928466055 0.571429339689008
Camk2b 4.57071590279588 0.766765229070453 0.798063928397606
Tac1 4.54431682624603 0.47200044858743 0.242099215495906
Kcnq2 4.53816719097887 0.511303932098794 -0.166577584328975
Myo5b 4.53120563128642 0.807809315180265 0.826265303330262
Isl1 4.50332534166529 0.566370233839506 0.052202874403829
Nefm 4.49889750920851 0.660219236971073 0.672574668179547
Pde10a 4.47975105255356 0.849344308098711 0.806989592009907
Itpka 4.45796528335874 0.750929852378407 0.739407660202852
Tmem158 4.45190645277181 0.721223590696295 0.808394754937535
Cacna2d3 4.44602830529411 0.662246061646542 -0.119133241743456
Pde1b 4.43490544683613 0.808598141784063 0.818824086040724
Snap25 4.41379961347241 0.575998728888894 0.606284218627862
Rab40b 4.40398182553131 0.614302812232308 0.594604310647853
Rgs8 4.39000397727732 0.811488406595982 0.841136480952191
Lamp5 4.38684984563364 0.619069777537945 0.551647311904479
Myh7 4.38248712384607 0.726406807037257 0.556203056988532
Nsg2 4.3808036598437 0.739429058498097 0.7954701138991
Gap43 4.37522560868268 0.600777766398099 -0.210487382703383
Rgs4 4.35897870796361 0.487184474993957 -0.120353040875225
Neto1 4.3342972064446 0.51266581986613 0.0815719372332132
Baiap2 4.31180503023953 0.828550003778054 0.822734992896597
Hs6st2 4.25175556888649 0.597022260981146 -0.236357729504451
Gabrd 4.23508774610031 0.737945429673945 0.707890279504823
St8sia3 4.23109316476525 0.640213770237479 0.401552207966903
Foxp1 4.19430900501079 0.784138906564812 0.811946652931857
Fgf14 4.17761634445965 0.696922037478067 0.63791277654635
Kcna5 4.1492168875315 0.66395917387352 0.425914896396439
Meis2 4.1452010515553 0.704720622441841 0.828415739010712
Doc2b 4.13615154828292 0.599387635263279 -0.105610540961778
Cplx1 4.12836460285126 0.649366663623109 0.504594638053592
Ptpn5 4.11970252931072 0.797309996865094 0.78281778110356
Arhgap20 4.10398453646774 0.704298492483545 0.722752568381177
Rbfox3 4.07148880758557 0.657320856421803 0.411780002736804
Slc12a5 4.06337463634503 0.586388235421109 0.433946725030203
Ccsap 4.05854682904709 0.703768456230211 0.698589099821231
Lmo7 4.04892694931867 0.569178128849352 0.442093062662554
Mal2 4.02195997146412 0.463477470245433 -0.0928256662312841
Gad2 4.01186444541949 0.600571122026446 0.151455106204762
Uchl1 4.00389567118937 0.538291100070863 0.0862077995955954
Synpr 3.98217105177665 0.694026985879621 0.780818894665244
Rerg 3.97211263451664 0.611420059322559 0.485977592996757
Pde7b 3.96919249190073 0.654565375187242 0.530149817020734
Rgs9 3.96569445058845 0.866347358259346 0.861155600934408
Rarb 3.93508755876414 0.643343160443832 0.528324337920241
Atp6v1g2 3.9227755547219 0.680111942366535 0.317411538764374
Rian 3.90179290676965 0.509653256688703 0.106725924659554
Necab2 3.89413299303382 0.677708346406548 0.172625197348947
Gad1 3.88484668872304 0.413053413798509 -0.132919774816628
Ckmt1 3.88335724907001 0.665287878277789 0.380737346143966
Chd3os 3.81617715390116 0.551684194010119 -0.0668859809534987
Rxrg 3.81403599501906 0.735471558425508 0.54417126432158
Rin1 3.79494999428988 0.818553782454028 0.808930737207204
Rab15 3.78670569188342 0.720557270979639 0.712409622385709
Coch 3.78619716346516 0.783465214692716 0.76005809569777
Plk2 3.78131199621713 0.709519083339586 0.685967264515334
Chst15 3.76491724457012 0.797043459844019 0.845382618922306
Spock3 3.75368154469628 0.44185181595442 -0.293878414818056
Kcna1 3.75229982579336 0.474450764059481 0.42712916972569
Prkch 3.7382152283914 0.602413781916386 0.0876861161197624
Ppp3cb 3.7339047083464 0.652868541091391 0.169924884359094
2010204K13Rik 3.72739679868811 0.5812846030586 -0.24615564017615
Chn1 3.69672282520638 0.713657674398297 0.653665731998267
Dmtn 3.68002386610341 0.698868760539539 0.384801006664396
Rnf112 3.67535487711366 0.495472728064673 0.504355256980352
Cdk5r2 3.66521586342069 0.586736369020966 0.103228535990381
Lpl 3.66492438748413 0.592650612170082 0.36799103183859
Bcl11a 3.66024167208954 0.584786468268414 0.550109396335696
Scn2a 3.65001244590493 0.709505478377733 0.577716086145778
Nap1l2 3.63446182469628 0.294809205481477 -0.0421102982638658
Rab3c 3.62894368910878 0.605094650123608 0.291887340638539
Nrgn 3.59012619183918 0.704317083090116 0.738840526761888
Dmkn 3.57162333238078 0.755354954595777 0.65026985380839
Plppr4 3.54480529329548 0.666003368971336 0.668172119830531
Rasgrf1 3.54106857777377 0.568898774304465 -0.0786452906911541
Tceal3|Tceal6|Tceal5 3.52509851685257 0.511629736627502 -0.0621147368537958
Pde2a 3.52385225500327 0.719594365991468 0.677046577534144
Snurf|Snrpn 3.52156444522705 0.275555474761719 0.000488132727834984
Gria1 3.51324212147427 0.699954279338517 0.730848108419056
Tpbg 3.51212901442842 0.458313790490198 0.162804957642857
Cyfip2 3.48991209733877 0.664253439046125 0.722212691759264
Ngef 3.46868470436837 0.334381456378289 -0.0756684055048798
Plcb1 3.46607796748934 0.632984317977007 0.499663284117791
Cplx2 3.46512357191635 0.606325243465824 0.0864459332043533
Cacnb4 3.46292000986923 0.420883374736336 0.0278626041732821
Napb 3.46238340965137 0.578085233346835 -0.244834149952733
Atp2b2 3.45974104420433 0.738481170721304 0.82187026913397
Pcsk2 3.43405572136847 0.578143227908074 0.286004997098574
Arpp19 3.42672281980436 0.754685803784568 0.838516119063373
Cap2 3.42568851972049 0.697116114621428 0.798160583635825
Pdxp 3.4228863387305 0.688322616198522 0.160677597162312
Celf4 3.42059530869683 0.528102961178372 -0.240840421397839
D430019H16Rik 3.41306765153722 0.618412572323632 0.691139161030902
Npas2 3.41231772958535 0.77346372271395 0.789722523876892
Rasgrp1 3.40192087683688 0.574420451762901 0.230247966180604
Ppp3ca 3.39663150801544 0.859060999218321 0.856368698239136
Cdh8 3.39531478493213 0.698426797263605 -0.198841899962085
Kcnq5 3.38924783464949 0.702933037802506 0.692537012671584
Kctd1 3.37952791537738 0.680685253603847 0.546293646367932
Icam5 3.37296070146732 0.37670734844409 0.129030563000052
Kcnip2 3.36618195971408 0.563091599135425 0.332356754680997
Tiam2 3.35086458667689 0.695908408066216 0.698984739654975
Gabrb3 3.35068291768199 0.519284285505607 -0.0707063403127814
Tpm1 3.34559720918051 0.440399316138738 0.201953997768481
Prkcg 3.34454850502627 0.553875085235029 0.383028407229994
Shank3 3.34270334541509 0.765775636689709 0.679617006593497
Epha7 3.34213218546517 0.439267544903161 0.0210165719314436
Add2 3.34141295207096 0.679957354379741 0.447950359066388
Grb10 3.34026871574833 0.660694387556037 -0.126219786593157
Arg2 3.33554197850809 0.874146627486878 0.857701048912251
Krt12 3.28885633750795 0.504085241390187 0.331796030746488
Etl4 3.2776211295049 0.591085363894375 0.380430645415411
Usp29 3.24879497140546 0.72808782422245 0.295109236599368
Myh7|Myh6 3.23060791872349 0.704252456762671 0.440175594324283
Scn1a 3.20902307370427 0.481505385021737 -0.205623393125929
Homer1 3.18812624087926 0.610960747994756 0.450840011559637
Synpo 3.05059056150873 0.749004554164555 0.751662168634809
Gas7 3.02343053424947 0.430412586665075 0.219961515411686
Tenm2 3.01417624242827 0.587279837183527 0.0719046224864005
Cacnb2 3.0048703907466 0.735765701914405 0.535502512012671
Dlx5 2.97856146244099 0.800402477877168 0.61856800414345
Runx1t1 2.96104920478633 0.695885036682279 0.0376320540677066
Pgam2 2.94530304415599 0.760379868735467 0.65585631857365
Actn2 2.92313700847582 0.812225969639282 0.756705225689296
Ryr2 2.6078563306972 0.562043040136532 0.44360857717436
Dlg4 2.57109074182569 0.329132443083943 -0.0365066405510991
Cdh9 2.50527810826497 0.279033708567209 -0.162689798075893
Cacng3 2.45870078384771 0.476855793239363 -0.0248235574234224
Gpatch4 2.28052381797369 0.323255138712318 -0.0966149999693661
Etnk1 2.2321667857424 0.322252257844592 -0.0532832268430929
Cacna1c 2.12834772164736 0.686430226264492 0.523073752015126
