76408
11666
11350
11629
70497
171207
11910
381319
30948
12229
52163
12335
17079
217303
12489
12506
15985
12606
56708
26888
102545
12959
12978
12986
12988
68964
13033
13051
13808
223433
26382
14676
23890
14913
15002
15212
15446
54486
12807
193740
74096
68180
16154
16170
16331
15900
117198
16548
52855
56743
19141
107321
16970
16988
17095
17110
17159
17476
17916
246177
27419
17423
64099
30955
18796
104759
140570
68507
19253
15170
66824
19735
11852
20111
68750
89867
20345
20354
98365
67712
56485
56857
71699
100340
69178
21898
231633
21935
21953
83433
27027
233276
74153
NA
217262
66610
NA
242248
12523
73149
373864
NA
75974
74645
330217
230145
NA
217122
14710
321019
320487
NA
NA
NA
NA
212032
108960
NA
237387
NA
74191
NA
78416
224024
233274
66329
212937
NA
NA
215243
338364
225049
74044
22268
381067
210104
209225
11555
11727
106952
17060
67213
231871
76088
13593
192193
13709
13713
22379
14998
15242
259277
16792
16909
80877
233328
17305
218203
74039
99543
70839
18805
65112
108767
18753
16912
54153
19650
56045
24044
100561
104681
56504
54613
27060
21682
21810
21812
21815
211550
68487
21938
217333
54445
69922
11576
216445
12796
68891
56644
227929
13448
14960
17002
18054
20201
20202
71607
230787
