18035
17210
245945
12259
108115
22323
14130
246256
209456
17135
12524
18787
20308
106326
16172
17970
171531
14455
12260
18037
69774
20321
12774
208647
80859
67742
73690
78388
16193
12394
14190
56706
12522
209387
15216
22228
26410
20310
19354
12795
13590
72512
244416
320207
12983
22324
12508
66102
74734
15894
56193
17969
16822
20963
65972
12013
65221
23921
74760
24014
16190
17874
14127
22019
76448
14131
15945
319997
53599
24088
170743
20293
21899
20732
22695
233895
17972
16175
15937
12608
108829
208104
80910
20303
16149
12363
75234
74091
68774
15162
99100
56437
20128
15284
12984
12273
21926
72807
20296
17869
14595
12475
19697
67951
233571
19332
59010
208228
