74211
77034
70045
11491
13733
52614
11690
11810
70719
12227
12262
12267
63955
20302
20305
12493
23833
12519
320790
72136
23845
26920
433375
12960
19025
13040
58861
94176
27261
19252
50498
13822
108670
80898
14071
14129
229499
80891
108101
14159
225020
23880
171212
14537
63986
78816
75612
54368
106512
14824
110006
14999
171285
80885
15163
23900
15277
15939
80719
16197
27056
16409
16414
16477
16643
16768
18826
69757
17084
387160
58805
17533
17906
17951
105855
18033
216799
106582
66566
94212
227696
18707
234779
67220
67448
269823
66812
67103
19264
67844
69834
54354
50778
56532
59044
19889
81910
74131
94279
231147
233186
54353
18173
20540
17131
219140
27965
20375
14270
70118
192187
20852
21355
21356
21391
380712
21897
217203
66139
22177
22751
68386
75444
NA
69069
69918
72481
77633
74364
NA
NA
77727
NA
NA
402767
NA
NA
239027
226652
NA
NA
232406
NA
NA
NA
NA
NA
NA
78317
14747
12957
72318
70785
414101
319711
209630
NA
NA
NA
NA
NA
NA
NA
NA
NA
NA
NA
NA
NA
NA
NA
332993
NA
NA
NA
NA
NA
NA
NA
71827
110958
NA
269181
NA
NA
NA
NA
NA
NA
74376
27426
NA
NA
NA
18576
NA
215632
NA
19331
NA
72549
NA
NA
NA
328381
214111
320706
76925
NA
66654
69769
79202
93841
NA
75083
242687
27083
22717
70227
67477
216991
100182
329154
216869
12010
12362
12370
54199
140497
12514
12628
75458
114584
64138
80281
13057
26377
81489
67603
98878
12495
16456
210998
14594
110355
14972
15001
64209
15936
15979
16164
60504
16194
23849
16859
17087
17096
17698
17948
224109
18591
192654
18783
17872
19128
19224
170791
19696
56470
74030
58809
26943
20469
100127111
21452
22022
22368
74048
67776
11906
12655
110956
27355
21803
