Aqp4 8.68311277151086 0.72643538186029 0.883821070039165
Gja1 8.1806016296078 0.40674433575189 0.552614598890637
Htra1 8.02531269492974 0.454807843038293 0.6221943064331
Dio2 8.01865045877102 0.725206355437157 0.787741905742206
Atp1a2 7.95390199052179 0.696237556277718 0.869568149772906
Fabp7 7.90394790664196 0.216088500987773 0.176965330793772
Mlc1 7.87698355371286 0.735811422845186 0.825176295642938
Gpm6b 7.67598513565849 0.222248591716236 0.32781385650888
Gjb6 7.58891229015037 0.680054207971335 0.734174711121178
Bcan 7.52499009043056 0.507356009553045 0.74587796908394
Tril 7.51022114846705 0.662819674646956 0.805661431824548
Ntsr2 7.46523835221369 0.653575098858958 0.728514178056241
Olig1 7.42471248719956 0.10766940530722 0.776461144764042
Timp4 7.28116355981864 0.344314210981967 0.323149282830749
Sox2 7.20536823480531 0.218072285987775 0.256502273046404
Gpr37l1 7.17126113782853 0.393341141569762 0.732762038858991
Scara3 7.01064652095809 0.774770590622162 0.78826019010128
Tnfrsf19 6.9905570394476 0.848122122058094 0.883137539903969
F3 6.82198729288599 0.711555654411952 0.722398737542403
Slco1c1 6.68819815561654 0.85873673215699 0.872970173978193
AI464131 6.65495646295536 0.820508705488338 0.873111388533711
Fgfr3 6.64312250989343 0.750537308052686 0.802643436225161
Slc7a10 6.5561185598817 0.849262093829643 0.851797101965907
Plpp3 6.5185248435726 0.555592196915071 0.811409116318443
Acsbg1 6.51188706409564 0.818371257749774 0.847992649544217
Ttyh1 6.50776094592767 0.44355947352151 0.680882169421705
Ptprz1 6.5005673011652 0.805905557602876 0.861614423135459
Cyp4f15 6.45906318350303 0.908219671210671 0.894524592459208
Lhx2 6.41633647479596 0.61582782293376 0.610056775433524
Aldh1l1 6.40625087996877 0.808137430201958 0.846832595979502
Atp1b2 6.34956909546181 0.712989317149025 0.7656635668771
Foxg1 6.3447489827952 0.247691347568922 0.100317791044696
Adhfe1 6.30955940000036 0.655187685093278 0.712392385421288
Itih3 6.25224856917046 0.196182009799759 0.183031662938551
Cyp2j9 6.2385087606195 0.585598368646284 0.715988047172526
Nr2f1 6.18310785024889 0.35290368250203 0.390522708685509
Grin2c 6.17182814278654 0.895758547696619 0.886052613603889
Cxcl14 6.12601738199291 0.54846109116912 0.475071717175078
Cldn10 6.06335012016608 0.756498783677231 0.725824710776182
Elovl2 6.06175577047539 0.87243606146862 0.869360761140378
Fzd2 5.97519472451195 0.787165452578189 0.80244136315242
Slc1a2 5.97072805021521 0.876165422149152 0.882902953600854
Il33 5.83967204501481 0.310708468928124 0.108539584370652
Cth 5.79840980905188 0.810159158869481 0.815472595985684
Slc1a3 5.79342983502321 0.747226973464115 0.807227800093745
Scrg1 5.77533055451679 0.137739555752708 0.111733237102384
Rapgef3 5.68748834941632 0.286869497426885 0.334656524905923
Mertk 5.68203535654254 0.621260092574287 0.023616097947432
Cyp2d22 5.62608253257887 0.857304242935981 0.859159500184344
Pla2g7 5.61963287253026 0.791672355903632 0.766755016443729
Nfib 5.60712440969858 0.499899419794874 0.707717201294448
Fjx1 5.59603647079096 0.851348556298027 0.89824790579323
Cyp4f14 5.58896982321579 0.850338585382696 0.85868424702626
S100b 5.57468487272908 0.0374177037076511 0.124959396958816
Slc15a2 5.56149049782335 0.819686794062182 0.920877267804802
Pdgfrb 5.53765171843132 0.82858994004252 0.799965435605529
Lrig1 5.53247864963672 0.79356056255715 0.851209719407513
Car2 5.52479407559053 0.0526572997742982 0.0011712971800959
Timp3 5.52406293174134 0.850632563902435 0.858483914208881
Hes5 5.51394158720368 0.399750496705967 0.269068118860258
Ttpa 5.51037635919919 0.775161110821086 0.772369804703734
Gprc5b 5.45952890553472 0.461412241407814 0.726771796754164
Gldc 5.38895955733635 0.747948312949851 0.734069209013029
Mt2 5.37711664861785 0.336310919241947 0.308103218933042
Slc38a3 5.35762712728542 0.866701659292804 0.862929803572819
Wwtr1 5.33559122205583 0.74269505539988 0.756883370360999
S1pr1 5.32312296296304 0.776771305155645 0.758084570794129
Ntrk2 5.29486778673533 0.573769100035063 0.728654270938923
Mmd2 5.21173743938458 0.226069294559277 0.523779668369458
Kcnj10 5.1702781765459 0.162141735560969 0.458807731675594
Cyr61 5.16060913691099 0.883372566391348 0.857814268177357
Cbs 5.13675334538808 0.87375601114474 0.872131668726798
Nrarp 5.11912406771275 0.548815245425285 0.482462120109468
Ccdc80 5.11178763163272 0.844238956348451 0.856081505706314
Entpd2 5.10344024640514 0.890670581291344 0.90008215300284
Ncan 5.08817277328718 0.787490201582195 0.819650601018293
Wnt7a 5.07913711040303 0.686924510153433 0.632285444728108
Slc14a1 5.0712349723995 0.832216328858224 0.814784058229655
Efhd1 5.03688640856736 0.0770159410426528 0.388459360248184
Pdk4 5.02414485156016 0.597210410885952 0.598105321891196
Klf15 5.01113344813728 0.523305829079801 0.617413540250173
Sparcl1 4.99121836315751 0.682712021517346 0.805372812462862
Fmo1 4.98418658395023 0.893190987254307 0.883170428191991
Prkd1 4.97235881477151 0.640508785793816 0.678488085136365
Gdf10 4.95282666310238 0.86677724440004 0.86238014952221
Tlcd1 4.95215920993912 0.755960250049865 0.744261110495016
Papss2 4.94352854676783 0.741637927654005 0.734481894347144
Hsd11b1 4.9304172190363 0.882233902072058 0.876291129722887
Hapln1 4.92362163494091 0.800285756255022 0.758786598523242
Spry2 4.91886153643682 0.22338974092655 0.0728601262391013
Gabrb1 4.91536956704481 0.31126300554775 0.805142317745757
Igfbp2 4.914681945537 0.79325570674412 0.777587296242546
Kcnk2 4.90222351872787 0.493898891403351 0.44207148021987
Rlbp1 4.90210606359443 0.305373040871843 0.15172412401797
Axl 4.89533213727719 0.837692837236288 0.806905573283577
Emp2 4.88800151492718 0.840824970848732 0.831577988261558
Fam181b 4.88063632098206 0.502034815379279 0.512384561825193
Cyp7b1 4.87858319974121 0.784329315138684 0.815459345245038
Asrgl1 4.86895932393928 0.170040841939154 0.287757514664353
Mfge8 4.86750686846587 0.652720004396103 0.776453128209076
Vcam1 4.86641590096126 0.648336943447402 0.735209874280494
Itih5 4.8656519465993 0.69132234968785 0.761088167317219
Phkg1 4.85092214062107 0.852570739555716 0.813472871204969
Plekhb1 4.84040996826828 0.0727436595413968 0.542035858310577
Itga6 4.8234819919076 0.664745640232293 -0.12839271730186
Lcat 4.81427607909102 0.845288193545679 0.8586288051589
Id3 4.81404769279704 0.489192494509851 0.455377769249416
Tlr3 4.80910969428403 0.678682399801281 0.858371459801115
Gpm6a 4.80483850609835 0.474378010301318 0.516787034743407
Ndp 4.78780435811565 0.590996337913235 0.631657444709025
Aldh1a1 4.77673677354621 0.548393850485547 0.639269346929273
Egfr 4.76796011055522 0.923759827505862 0.893202178946941
Ppp1r3c 4.73226709050092 0.679435635680371 0.735501062017654
Igfbp5 4.71848668952365 0.818087506028729 0.822535469061064
Fgfr2 4.70556483770818 0.271138353546426 0.223740682976029
Myo6 4.70306786020363 0.59390066240142 0.540338316099749
Slc1a4 4.69478581417349 0.595388894646947 0.831975806186663
Antxr1 4.69213303157842 0.598957819305335 0.819471457279681
Eva1a 4.66014983720745 0.61620635465147 0.738089793192592
Fxyd1 4.65733601463777 0.709922178371296 0.660393183845603
Prom1 4.64218512034962 0.289861591228304 0.27979622418856
Gli2 4.63183303829134 0.794767416430033 0.758762905145804
Prodh 4.62407018299253 0.863936103735035 0.848381221215723
Dclk1 4.61022069152604 0.687608827839156 0.697266334030634
Fermt2 4.60590379064847 0.260106603619776 0.811227120619852
Nat8f4 4.59401588834978 0.732350299105569 0.7743439980923
Car8 4.58615963845614 0.32494539939318 0.14790114510697
Ccnd2 4.55510214137294 0.595092447865632 0.592529320250839
Acsl6 4.54507160537971 0.751196654357775 0.82995352342455
Ezr 4.50076060731073 0.770182143389226 0.88054974450058
Col4a5 4.48544559989586 0.959836610681561 0.938864307216904
Cd38 4.48253658800394 0.851908678979003 0.780459374967831
Kcnk1 4.48090388638914 0.633301794494313 0.644915996151621
Ptch1 4.4749669358921 0.621108039524315 0.758969615693986
S100a16 4.44486796157306 0.0531745300400885 0.146090766335559
Lmcd1 4.43583360294333 0.578031873053439 0.549617195775667
Xist 4.43466217374547 0.301175574436818 0.043416087245151
Gabrg1 4.43261596573818 0.573637141760036 0.757034371575311
Fkbp10 4.42797998663431 0.87851075653887 0.899460547772398
Cryab 4.41658597863587 0.137997753290788 0.853447976904885
Nkain4 4.40793560994764 0.595601851853229 0.57779170699844
Slc4a4 4.40286097127684 0.858071059185903 0.873639038788031
Sox6 4.3763042839944 0.282004363342531 0.118282586897786
Btbd17 4.35858788553862 0.848768155420353 0.848505534586669
Sorcs2 4.34778814745726 0.825673488579026 0.8695958583476
Trps1 4.30924552267235 0.683278485501475 0.731756000175544
Sash1 4.28391566705848 0.582945771538792 0.787113228992318
Rftn2 4.26858597811589 0.519470411694695 0.580449122026446
Amot 4.24802003038153 0.833899339707935 0.891958421261625
Ednrb 4.23923920503282 0.627290994540879 0.520275299017579
Gpld1 4.236396939623 0.771813722648795 0.808615650369874
Abca1 4.21715137773922 0.613608735001224 0.131832799862662
Oaf 4.20395943569094 0.69440554833101 0.798924010593506
Aox1 4.18617239063248 0.843240733508962 0.741844177587488
Cyp2j6 4.18586371029908 0.168409723084369 0.221059383223496
Cnn3 4.173727894419 0.229666003370156 0.409700713238245
Arx 4.15698683389998 0.559606881359994 0.485665082660312
S100a1 4.15164127480383 0.0572905033717487 0.0430599170682172
Fads2 4.14823252158339 0.837208457322799 0.846335873009285
Efemp1 4.13853596647902 0.541449347334914 0.399513458666335
Smpdl3a 4.13057711876832 0.860298341571736 0.856410920592703
Pdzph1 4.11423211598499 0.699041770998184 0.682707232270952
Heph 4.11244888009445 0.884883932202485 0.864165013509311
Pbxip1 4.09388645631048 0.724026534003597 0.721219446308713
Slc41a1 4.09146127007621 0.865110920649409 0.847688213537219
Ptn 4.08201798761866 0.340577378092048 0.351797663216632
Pygb 4.07597708217807 0.611608285601289 0.809309579025904
Tmem47 4.05272438162091 0.686715041423156 0.733873812325582
Sox21 4.04428730150896 0.541918899942145 0.428857404995959
Pygm 4.03144341670684 0.851529517334488 0.816829415396139
Tspan7 4.02821324233958 0.648597920362251 0.531851956557669
Dkk3 4.01325894460985 0.341531605179474 0.731834836840322
Gpx8 3.98829999590156 0.464771169685207 0.406774942759366
Lpp 3.98562086514149 0.791637570376433 0.688921781759529
Sdc4 3.98445047687845 0.725694086838453 0.757350529451156
Phlpp1 3.98048296036457 0.269257410517909 0.3257105666492
Ephx2 3.97551785406836 0.783371003752195 0.775965356955259
Serpinh1 3.97152271630078 0.672342165964086 0.609302292534063
Kcnn2 3.96910638779329 0.760243948188376 0.798795988448945
Igdcc4 3.94985035248422 0.639940060977497 0.742881987111353
Metrn 3.94716158568769 0.408443096116545 0.304457197700496
Clu 3.92912925888779 0.65443894574963 0.779868403562126
Slc6a1 3.92661647756278 0.572861945382034 0.798923159189307
2810459M11Rik 3.91026303161322 0.479910823647424 0.318675143349665
Sox5 3.86968091301826 0.624517926672587 0.594333789117626
Pdpn 3.83660778320884 0.513578026146901 0.404509544599853
Prdx6 3.82950569121278 0.632262401575835 0.656137061832776
Tgfb2 3.81465802969059 0.750879183754128 0.759664650416476
Vegfa 3.8103657904444 0.809013958932546 0.771873222246975
Csgalnact1 3.8064577604852 0.610977606805157 0.589925504380433
Ghr 3.79013972440409 0.236701785946099 0.181106685791854
Scg3 3.77944897042295 0.694063974301199 0.93628832469588
Ndrg2 3.77844162264547 0.523090924640382 0.507898133513764
Psat1 3.76939998832339 0.0440803316263197 0.0988967160612217
Eps8 3.76725827319473 0.425339769871982 0.327457667331203
Lgi4 3.76109707017361 0.863433217281791 0.841551906223464
Fstl1 3.75953403507147 0.654335108220036 0.660348910223582
Acss1 3.75592194000004 0.5331064364384 0.681042353164821
Celsr1 3.75082608872021 0.858931158569272 0.816708045196536
Dag1 3.7448920240639 0.768756802631961 0.731516346368485
Add3 3.73344929002111 0.652601593350373 0.705446716413169
Ddit4l 3.73184965507409 0.487310097390944 0.335282366034117
Fam13c 3.7261646258968 0.277274459276875 0.399785628144276
Gas1 3.72361059830335 0.54462670067823 0.433439958017736
Notch2 3.72039248190245 0.51470818234254 -0.0435635125582493
Bhlhe40 3.71938173138649 0.651836105832279 0.704990616748779
Notch1 3.71690578371778 0.677201800881768 0.764811788641146
Arap2 3.71266741794198 0.188671811599692 0.281808519728684
Pdgfc 3.70434116785627 0.246149021891598 0.299537482334282
Pax6 3.70344301776497 0.763253478163832 0.744010544387134
Ppara 3.70338899924076 0.819756618277571 0.79916449531982
Cspg5 3.70296243664222 0.591459029526409 0.593614008319116
Id4 3.70020586562269 0.512671333073752 0.51011396077996
Abhd3 3.68696821388813 0.682371855694264 0.814921285035687
Yap1 3.68627354616717 0.721863521490604 0.744937954986877
Gpr37 3.68574482047122 0.0268460673869407 0.340074477451517
Mfrp|C1qtnf5 3.67213770265669 0.758412631150046 0.76044648223801
Sox9 3.66719349530818 0.859605629949772 0.840781579976709
Fmn2 3.6558307913074 0.54319484223832 0.666207510823909
Bcar3 3.63574081217089 0.823459698656263 0.8076786116458
Aldh6a1 3.63130121163276 0.573409320424403 0.766679105945631
Gstm1 3.62376105391139 0.561919487086951 0.549499653273446
Cyp4v3 3.62329954174184 0.632761319442773 0.610527089597412
Klf4 3.61689555363592 0.285588595531302 0.471143080807738
Plp1 3.61618175854731 0.0881912710256507 0.594703066820909
Fgfr1 3.61466441440152 0.201923127941228 0.139968706622489
Cd44 3.61417894164938 0.792177659654181 0.687006323780837
Hip1 3.60513192919979 0.182151173596296 0.329985589461602
Sept8 3.59849907349544 0.361149261768364 0.25469801136639
Oplah 3.59344742827793 0.835557656269713 0.858828043368833
Ppic 3.58672838940001 0.809495424444492 0.641332909329109
Agt 3.58474885597292 0.782264220205184 0.757562102466637
Scd1 3.57342710814623 0.317726161569577 0.363425028609129
Farp1 3.57310616662227 0.738192161594579 0.687749406305262
Zfpm2 3.57084136123131 0.324435980494539 0.224438092973338
Itgb5 3.55957858745952 0.452460296231245 0.734332201174804
Aass 3.5577890699678 0.863794016929309 0.804387807125301
Prelp 3.54431690401055 0.818044374845802 0.625263395073292
Stk17b 3.52586743900772 0.5483640667917 -0.0324488707098534
Adcy2 3.51443031989982 0.463542794353554 0.763151678426877
Mgst1 3.51109347904104 0.52914112711629 0.570170569396731
Hopx 3.51022425264264 0.508037609353901 0.342252754966219
Tmem51 3.50527955046089 0.649910757998484 0.657131822864043
Gng12 3.48482523875398 0.095631065482871 -0.00906727997896324
Acot1 3.47697781297499 0.0655483857941357 -0.061021936594642
Chst2 3.46696500313935 0.565704688439985 0.604751675516334
Phka1 3.46069233687566 0.792515269428223 0.850175785500534
Lxn 3.4581571364963 0.66017905726309 0.5819732157194
Dtna 3.45343703288972 0.714243605345867 0.804306958227351
Mmp14 3.45316678166913 0.682593861431479 0.650674483266838
Txnip 3.4512160829002 0.442243946134904 0.534275457018026
Acaa2 3.44662741196586 0.86455913122528 0.882522679252495
Kctd5 3.429362701941 0.388420719773476 0.539004667372079
Tenm3 3.42489853922385 0.72268237228873 0.834678861416348
Vcl 3.42409743681213 0.828727913599791 0.850482647635368
Adgrg1 3.40673563968202 0.686036880343338 0.382063240950214
Gfap 3.39786532471656 0.582052224414736 0.442514358704626
Trib2 3.39435141316346 0.319845855417769 0.143809522617503
Asph 3.38127283367785 0.490970827056267 0.204044268100301
Plagl1 3.38126333980363 0.460846401279798 0.545079082524671
Hnrnpa2b1 3.37953848571205 0.560179875026469 0.0245561234797803
Ngef 3.36035740106933 0.516591532850471 0.48285851949803
St6galnac5 3.34646003589347 0.796868038028108 0.775749765709176
Rorb 3.34381494256478 0.791464406490638 0.770544428793091
C4a|C4b 3.33085102833436 0.767001158934488 0.555701143195219
Astn1 3.32963291005884 0.446155005488275 0.709767010811218
Prrx1 3.31436129305368 0.415515899526162 0.200274669157894
Tnc 3.27578069802824 0.824466652395758 0.726651565368951
Gpsm2 3.27412695434362 0.0550783871772145 -0.0256339673397769
Crym 3.27275686432377 0.320538581048858 0.119070509067858
Fgd6 3.26715600127084 0.822499921681641 0.771131705161557
Itga7 3.26531484488069 0.828702391959847 0.833743378720499
Tfcp2l1 3.2389925590054 0.878370938291777 0.857321486633184
Rgs5 3.18002774855365 0.582598549369865 0.466558388829191
Fbln1 3.0924650495425 0.89091722919699 0.896836917109393
Swap70 3.08166291594716 0.632505094770318 0.199442355226874
Lamb2 3.02593174364756 0.827355251100019 0.771344664729871
Vim 2.95648928147366 0.420390938673952 0.0776505957231112
Pcdh20 2.94933387160808 0.237135704749326 0.0738798852180832
Fzd4 2.83857377188372 0.719856950264732 0.546550058082081
Adora2b 2.78998001937283 0.758487031308229 0.695118475954484
Gjb2 2.74411141900613 0.828065402257645 0.810750708211648
Pitpnc1 2.72534162165094 0.625644770966033 0.498108208206219
Tst 2.71706937696229 0.602290670024056 0.532363258971928
Serhl 2.70185452426551 0.621762381480489 0.748078323088421
A2m 2.64351268134622 0.828705064070709 0.634237605016387
Kcnd2 2.58924395007348 0.186691881614565 0.0288694435408424
Gdpd2 2.5795245499207 0.485680389638875 0.254284938237337
Pou3f4 2.55649009955468 0.800341624271873 0.765450300560416
Suclg2 2.53272828713955 0.510263900298173 0.160146644714179
Gabra2 2.49785146256246 0.605374292970722 0.468472674502623
Arhgap18 2.48714608213978 0.618799718282144 -0.161090717500903
Aldh1a7 2.35130794211893 0.547050585825974 0.450146755960778
Fam84a 2.34805181380164 0.297899056040664 0.130854732346781
