Lhx8 7.53877130777886 0.78998841515185 0.799547378311722
Slc18a3 7.02627493974305 0.917062413109049 0.906636047009768
Isl1 6.47485225908287 0.109996841706355 0.052202874403829
Resp18 5.94341911476903 0.774546991026533 0.777003870236312
Stmn2 5.89147908391817 0.535090122376284 0.695739461582217
Sncg 5.82463339223591 0.898438236683037 0.921431972260844
Uchl1 5.4004406041855 -0.10258679387978 0.0862077995955954
Ecel1 5.38338110280302 0.868738044683198 0.885950046257801
Trpc3 5.31802342408602 0.888655735851872 0.876619186700861
Popdc3 5.29066120710224 0.932814443802081 0.931870263385009
Ache 5.2553646412881 0.857685047923025 0.892670228703309
Zic1 5.25478176772971 0.725899974451018 0.705442836493153
Crabp2 5.21725817913088 0.850197932341025 0.827622461707703
Fabp3 5.12175580814451 0.157081223917221 0.287064859239525
Gap43 5.05131228346388 -0.265403911649283 -0.210487382703383
Mme 5.01074719359144 0.0568773091786907 0.132471519644344
Arhgdig 4.98727798438668 0.65971694050796 0.748480116199444
Elavl2 4.96312157791117 0.468127912964855 0.512328626086032
Atp1a3 4.89959446358262 -0.131305682269027 -0.103251886669418
Rit2 4.84235079905633 0.207084858926009 0.360155786601865
Slc6a15 4.81936013006025 0.418478289268952 0.49053227006718
Tmsb10 4.80511756428746 -0.112515398002663 -0.252148823064681
Nrip3 4.80040230867907 0.598572730469236 0.573158717994173
Rasd2 4.65842244104136 -0.318334963184155 -0.119552537455255
Serpinb1b 4.61242675692833 0.539633691885716 0.590837173708647
Rab3b 4.60344342267961 0.373540743786697 0.589895898259108
Fkbp1b 4.59965642624376 0.742737663299093 0.746753986319063
S100a10 4.57052265946769 0.227076971828837 0.32344415737074
Pcbd1 4.55065789887022 0.667183852372734 0.59771382092503
Pcp4 4.53736609988127 -0.433245856988252 0.224773128914966
Tacr3 4.47992399334632 0.875441932446374 0.857011398254101
Gdnf 4.46375870592399 0.70082991393497 0.676851185202258
Stmn3 4.46212657157697 0.27872702719866 0.701191394094366
Tspan17 4.45614960270339 0.516536140060728 0.26966583433484
Calb1 4.44703007843199 -0.302761296790293 -0.0740602865266204
Cacna2d3 4.43838306132134 -0.336545094466065 -0.119133241743456
Ttr 4.38635632474824 0.318746428218492 0.108690668887028
Gng13 4.35376416101902 0.0889716951883626 0.134476005115698
Lin7b 4.35304722550672 -0.259384751664011 0.214610641688532
Sln 4.34422668799787 0.924578932399877 0.901706113948562
Gpx3 4.32878220713591 0.858759874979825 0.849910570868694
Snurf|Snrpn 4.32834610720344 -0.00277981098679172 0.000488132727834984
Sult4a1 4.31793521793952 0.440766504960143 0.668815675243185
Map4 4.30499599550715 0.0612929585949318 0.572647297056379
Cxcl14 4.27986478413595 0.391032687591446 0.0449359817196093
Ly6h 4.27170076046593 0.442536038699231 0.569887686697952
Cyb561 4.26923696150441 0.0862955843819692 0.114098972290763
Mal2 4.24473628182829 -0.166025752104982 -0.0928256662312841
Cartpt 4.20715077674321 0.812151494359935 0.80658115921992
Gpr83 4.17736304290406 0.314162465261811 0.413346647379386
Cacnb3 4.17421694426042 0.264241765466182 0.689843782467683
Flywch2 4.14663611215514 0.626950938621632 0.662176884188296
Olfm1 4.08457636657203 0.496210832254687 0.327860265870693
Doc2b 4.0781193771584 -0.124142754307779 -0.105610540961778
Kcnq2 4.06643527961013 -0.355670952198379 -0.166577584328975
Cend1 4.05374281910223 0.39460560130065 0.619117231337486
Socs2 4.04794129239667 0.29758538626934 0.684912867220692
Lrrc3b 4.04744982761448 0.568192142176312 0.725119510488268
Hspb8 4.0284482804498 0.623725520817463 0.477981126114775
Syngr3 4.02416818509524 0.277808516379197 0.472882195511878
Hs6st2 4.02302394192072 -0.288153793763017 -0.236357729504451
Tesc 4.01173172904604 -0.257723131878826 0.436474496402897
Eef1a2 4.01093239647515 0.0896352834652215 0.40428630641414
Klhdc8a 3.94561307863754 0.618588179067858 0.58256149816109
Pkib 3.93855166832069 0.670176911078691 0.74118424569882
Caln1 3.90942433818402 -0.297485186451596 -0.163375792311015
Ngfr 3.88977473993736 0.913908775757602 0.906855901839243
Hspb1 3.8850333863452 0.778851884740346 0.683268187902524
Syt4 3.86188968745473 -0.0895834354502806 0.0972319405011283
Eno2 3.85584382076715 -0.269290281539001 0.30982693744872
Gng2 3.85547158069457 0.733162200680788 0.762311421643993
Rgs4 3.85396285569185 -0.29305788042751 -0.120353040875225
Chd3os 3.84586121274933 -0.222094105582077 -0.0668859809534987
Gng3 3.82443383676104 -0.13557350991517 -0.11391769070583
Ptger2 3.81219024271208 0.780656807619344 0.744987822528611
Zic3 3.79384679379277 0.567902607743661 0.154509037189096
Selenow 3.79073809113984 0.0620745055283371 -0.0497728538485336
Cgref1 3.78731305017839 0.561389309593845 0.748094529969742
Kcnip4 3.78257269199026 0.100673826406778 0.538662199292052
Ina 3.70554679506967 -0.0701997572608179 -0.00652182182371037
Coprs 3.69146878733304 0.744322234357202 0.558453594521786
Slc5a7 3.68864761360292 0.799675585867967 0.75384736203225
S100a11 3.68725232237023 0.794741106624169 0.588656328463005
Snap25 3.66823607040493 -0.370806409076877 -0.0637342010304156
Tubb3 3.66106273468631 -0.211190439499931 -0.0966292228436888
Vamp2 3.66004622238733 0.0724574269614557 0.0101503708690499
Crabp1 3.6299800798746 0.102240719759405 -0.00294282861503051
Gng4 3.62435985878681 0.663669816023809 0.710677243357353
Reep1 3.62034312984236 0.170747861096697 0.296010431848972
Grb10 3.60526216450319 -0.254977918234438 -0.126219786593157
Hopx 3.60256263731803 0.4678035529938 0.039130999482015
Mt3 3.57484806700088 0.570540564750581 0.349402650206631
1700037H04Rik 3.57402820556143 -0.274397423895002 -0.233300045450263
Dbndd1 3.57171301675911 0.669007762918912 0.664172513486432
Cplx1 3.56556170121465 -0.373200595709743 0.349880017755907
Asns 3.5440576546253 -0.357208652815199 0.229852760009717
2010204K13Rik 3.50737465782676 -0.352445715230411 -0.24615564017615
Vstm2a 3.50376362497606 0.264630671078274 0.287116235522727
Unc119 3.49643884396276 0.571360795658933 0.272969481073487
Atp6v1g2 3.4895504447704 -0.331111855503964 0.317411538764374
1110008P14Rik 3.48035975601933 0.716570793369255 0.620463506724726
Dync1i1 3.47731787777397 -0.0652689582602843 -0.0673459630675997
Ufsp1 3.47688672960497 0.841343973563685 0.865824397204789
Syp 3.4754208373392 -0.266483420994202 -0.135709010569683
Lhx6 3.46850229369641 0.640233840805723 0.625696585132714
Hebp2 3.45174888456164 0.603238472470612 0.495529513268328
Pde1a 3.45017700842779 0.10806214632825 0.0553952658115191
Diras1 3.44749712358474 -0.17937451289048 -0.132338963447782
Cda 3.44342471731721 0.931898160408501 0.889906095391301
Necab2 3.44334990489488 -0.352119427717427 0.172625197348947
Cib2 3.41992463743694 0.759360816651115 0.731598966538481
Scn3b 3.41516391908825 -0.0210806154159213 -0.081602965731563
Napb 3.40896831010723 -0.347106506814593 -0.244834149952733
Cd44 3.39790205863101 0.533655817339414 -0.0315726165499066
Pbx3 3.39424569028598 0.0163015251432147 -0.0308203302154088
Klc1 3.3825187362335 -0.33354185212424 0.0634197079580193
Dusp26 3.37436934360923 -0.333219766346806 -0.00930774830556597
2900011O08Rik 3.37285170266416 -0.19273781328123 0.4927668640002
Edil3 3.36928452498184 0.110066703071661 -0.202415048870567
Actl6b 3.3683485459718 -0.145327296903027 -0.0940399197004768
2010107G23Rik 3.35470014623667 -0.0911315351620435 0.232497126464749
Dll3 3.33753998262155 0.707117993782231 0.489561966984972
Syt1 3.3266306235606 -0.0729374210839248 -0.0432976205770812
Nap1l2 3.32551979904529 -0.136310798322677 -0.0421102982638658
Cabp1 3.24378433091455 0.0809608932247121 0.0969233330988244
Gal 3.23064926128192 0.913297569481592 0.908582770153094
Susd2 3.17476333758157 0.779556132215927 0.740074741076419
Tubg2 3.16609584182507 0.0396574284643432 0.139054111234337
Mcub 3.15348832997973 0.653839454411022 0.7270587965548
Slc29a4 3.13737056907229 0.845179544478383 0.774839720191404
Tfr2 3.10886688987993 0.11837136415146 0.0254714714360954
Pcdha12|Pcdha4|Pcdha6|Pcdha7|Pcdha11|Pcdhac1|Pcdhac2|Pcdha5|Pcdha9|Pcdha1|Pcdha10|Pcdha8|Pcdha2|Pcdha3 3.06251449740164 -0.28085150973576 -0.254858195282043
Racgap1 2.94473873990618 0.573930213194904 0.359933093889157
Kcnj12 2.94060227257159 0.41893282016234 0.384838671176533
Ass1|Gm5424 2.8991509923202 0.475979813793656 0.683113443161862
Sh3bgrl2 2.87818764240711 0.466642876887715 0.488462008905735
Nrg3 2.8770980551568 -0.0414459779338269 -0.0652449803223525
Rhov 2.85359595071891 0.70413496418486 0.786242965741205
Sntg1 2.77407196546287 0.0996913230699562 -0.0961954368191416
Ntng1 2.75623537366485 0.287412843488992 0.248580196006382
Ntsr1 2.74168839019331 0.683754630831776 0.676714230415988
Qpct 2.66051518380311 0.130013715669025 -0.0416643545999094
Fxyd2 2.65049284347321 -0.132394876889277 -0.130786447698054
Pcsk1 2.45003127964482 0.734380871056228 0.741970895987638
Zfp423 2.44299593330149 0.477282121907586 0.572249721585744
Oas1c 2.43101911697498 0.741180987939803 0.679154412367407
Csrp2 2.36101935188472 0.653868860718579 0.464541211206362
Pcdha10|Pcdha12|Pcdha4|Pcdha8|Pcdha2|Pcdhac1|Pcdha11|Pcdha7|Pcdha1|Pcdha6|Pcdha3|Pcdha5|Pcdhac2|Pcdha9 2.32988262267156 -0.0135064327165737 0.230234431658474
Clstn2 2.29588658035506 0.824633167384466 0.782984130080938
