Tspan2 6.46062610211543 0.810184211540345 0.839963201169411
Mog 6.4304096912598 0.852409763363214 0.734643013150006
Ppp1r14a 6.18123017302479 0.825343519099646 0.849098450872215
Ugt8a 5.97055043451645 0.792986646471184 0.801488574430904
Mobp 5.76745209077458 0.703472994687716 0.680933241605697
Olig1 5.63668546675415 0.598737416803239 0.776461144764042
Mal 5.53274828446704 0.797510398891486 0.851276947779319
S1pr5 5.35139610515654 0.694518278005019 0.737337899019528
Cldn11 5.30554137287962 0.601969323442732 0.637500702546575
Grb14 5.13915479326766 0.789564423872235 0.865758801057248
Ptgds 5.09169983014215 0.681363228305202 0.179653692404711
Olig2 5.08099937806102 0.749290846278891 0.698161855023154
Efhd1 5.06726765590539 0.577335089610424 0.388459360248184
Sox10 5.05052967345128 0.864636783786028 0.851631406608258
Pdlim2 5.03971422453109 0.837828191622542 0.744524284168248
Evi2a 5.0074076476733 0.739312675973679 0.122083941499024
Gpr37 4.88848330615727 0.611669885282527 0.340074477451517
Fa2h 4.87796065754486 0.821454694266703 0.749013762975391
Ndrg1 4.7915221241226 0.69775487144298 0.734670204370285
Cryab 4.76914421748388 0.719475928577858 0.801494604078016
Scrg1 4.73208330536678 0.54020988199381 0.111733237102384
Aspa 4.7054154109337 0.750671453474774 0.68417747258489
Tmeff2 4.63633886630753 0.607978852857826 0.648813710265634
Trf 4.6292120916333 0.679085700122923 -0.0912677242073283
Gsn 4.59663660584787 0.722708415545574 0.666446424282181
Mbp 4.54717545154003 0.670374384851893 0.754441607630659
Itih3 4.51409802377766 0.506654411843843 0.183031662938551
Plekhb1 4.50288297750877 0.545309595279745 0.542035858310577
Lpar1 4.49953735108907 0.777456117226806 0.766168728805431
Slc44a1 4.47052388492963 0.751223977050748 0.821301697050406
Pou3f1 4.40345534152329 -0.201846849908254 0.238546521154309
S100b 4.34496321885396 0.519533123962307 0.124959396958816
Mag 4.33216203699213 0.781674133834817 0.542118156611122
Ddc 4.31280589480474 0.773323258832032 0.762561659164493
S100a16 4.3087645462864 0.531817803657831 0.146090766335559
Pllp 4.27726924688325 0.820224036526402 0.797101092119373
Apod 4.2645111937664 0.701855038324205 0.60633824884296
Tmem163 4.25365545421474 0.735222218249428 0.539366597257866
Lims2 4.20392265308634 0.877414746676557 0.745090096492677
Gal3st1 4.19576332109222 0.812383148125857 0.734782994462454
Clic4 4.19055419182215 0.522825643780891 0.517049759324162
Anln 4.16333780056416 0.769104686486735 0.684613202577598
Fabp7 4.15691393957661 0.435723808660759 0.176965330793772
S100a1 4.15391305937841 0.5319042605587 0.0430599170682172
Kcnj10 4.14181076069372 0.4955750472353 0.458807731675594
Phldb1 4.13381420713527 0.785713104871019 0.776437236116717
Gpr37l1 4.09428196672714 0.430398703321493 0.732762038858991
Efs 4.07161380322412 0.523608227554953 0.0147712996578795
Trim59 4.07071613353088 0.765787431531871 0.806786917125511
Sgk2 4.03500701914312 0.795433892704853 0.697020116185706
Nkx2-2 4.03074346372311 0.689443407020886 0.628127796461976
Nkx6-2 3.93371443268272 0.732305704493466 0.730148604090041
Sh3gl3 3.91920467607776 0.20384343636552 0.284332522063515
Josd2 3.86565957226014 0.758022954021391 0.449788270291618
Plp1 3.86119704261402 0.719681163616637 0.780823517014264
Plekhf1 3.85683888219677 0.752524729964934 0.596925216059921
Adamts4 3.82204707600633 0.662963490761654 0.547918374337915
Prom1 3.81807984828599 0.456238166350332 0.27979622418856
Car2 3.80617952947623 0.422585383198396 0.0011712971800959
Sept4 3.7704606438441 0.709177503803053 0.764913253155426
Pla2g16 3.74874082984271 0.681108497811994 0.554604684661062
Nkain1 3.73477450769354 0.694036810932196 0.505736178255682
Gltp 3.71883491693045 0.715217499321061 0.813327248384313
Asrgl1 3.71419662447598 0.39640529560911 0.287757514664353
Thbs3 3.70108128410611 0.729985449263633 0.497067833057062
Elovl7 3.68667318613174 0.664295917323735 0.625450245640949
Tppp3 3.68009479832044 0.671120024275646 0.0107504513206254
Litaf 3.66974704581031 0.611173217661542 0.443693772192225
Gng11 3.65708894872386 0.793448826332988 0.75150879987137
Tmem98 3.65158648986324 0.729590929750113 0.679330416811213
Kcna1 3.64177165231248 -0.0213088628767712 0.42712916972569
Gamt 3.63189929876641 0.780287757014732 0.725366004236085
Lrrn1 3.63187732514579 0.753559368148349 0.752118177077962
Marcksl1 3.61751603098752 0.48694352907007 0.2283053870239
Slain1 3.59945202813825 0.69744683837765 0.814784390620367
Rhog 3.59851873893434 0.656383026015643 -0.0900373870533999
Bcan 3.57466667628126 0.48341831236861 0.732964632844476
Ninj2 3.5712545639281 0.807909150976319 0.746722103777851
Efnb3 3.56156442923773 0.363807716726492 0.588069454586022
Edil3 3.54765237084637 0.416066271651227 -0.202415048870567
C1ql3 3.53738321241328 0.45721642404321 0.464944179290172
Htra1 3.51771289401261 0.311424197351806 0.320160048160983
Timp4 3.5089600959329 0.326757637790568 0.266052423435919
Plekhh1 3.5037816020052 0.626383609654976 0.559248542886844
Cdc42ep1 3.49034240476717 0.669231113915895 0.488490068273796
Jam3 3.40872693481128 0.704146573848845 0.514267178640969
Adssl1 3.37582336054484 0.764437094539547 0.676174592070587
Enpp2 3.37005216843311 0.692262548325712 0.377849066430739
Elovl1 3.36897893985868 0.572737426025423 0.268788881262009
Ctsk 3.33462338606218 0.812505807339693 0.710788520540922
Cd82 3.32965762287039 0.609498971981654 -0.0884127026818026
Rhpn2 3.23564477084982 0.590359358348559 0.366601028299514
Gjb1 3.19432250234024 0.788800616920235 0.538308180661887
Tnfaip6 3.11251353623902 0.720741593882183 0.443528880457223
Hapln2 3.09325492261834 0.718414469324412 0.403497724733655
Il1rap 3.08033941951303 0.701116925996928 0.390351496152303
Brca1 2.90032981947554 0.508956855719972 0.413008014900029
Cdkn1c 2.68553302016995 0.748523769469669 0.118072247871499
Bmp4 2.68212000904092 0.739565641896125 0.516348231072742
Mcam 2.67515136378111 0.759230845340853 0.444714005577592
Wfdc18 2.66129911321956 0.582172377177683 0.598057659030052
Lad1 2.62207829412386 0.687889386784867 0.188983445152129
Kazn 2.52828269836855 0.0109781647159224 0.0539610571365893
Ptprk 2.41328597488727 0.419520793653278 0.415584083896069
Dock5 2.32592171778351 0.586511133699468 0.37886035005463
Marcksl1-ps4|Marcksl1 2.28759119543378 0.586037650876895 -0.007543627464214
