Gja1 10.9464019076797 0.756847128026417 0.476814381713918
Gjb6 9.94451220715142 0.786635431802867 -0.168418371594951
Pla2g7 9.86785697241797 0.699646642531467 0.480179219699719
F3 9.76609079588485 0.799373637603836 0.445877274961983
Slco1c1 9.7146469454361 0.712779936408283 -0.250425616470088
Mfge8 8.9856950531851 0.652630781636119 0.258471088250213
Gpr37l1 8.95569304593776 0.81206788538956 0.409344820472501
Ntsr2 8.84347953221341 0.837653312348059 0.666666666666667
Cldn10 8.75804706469147 0.769256736090082 0.459174791501977
Acsbg1 8.7009537905256 0.837085982337976 0.275626533102702
Slc39a12 8.36560837260345 0.887197534858901 0.396234411305466
Lcat 8.36307825931698 0.843862780425066 0.363056841203593
Grm3 8.29122791085975 0.525150171902606 0.566794080912982
Sdc4 8.28016665273157 0.757674459177811 -0.0961621941476802
Slc1a3 8.25573509266429 0.682080481973209 -0.0713517993272646
Fxyd1 8.08765616478915 0.687132878379233 -0.272392974860545
S1pr1 8.04797695407391 0.712438100327343 0.114855287283906
Fam107a 7.97685153188121 0.830950860470249 0.196376339782974
Aqp4 7.97561788941791 0.902542955475603 0.665918346953123
Cmtm5 7.96521178058486 0.671801911099852 -1
Selenop 7.89082780636871 0.47580474511881 -1
Plpp3 7.73262455820686 0.754750765768926 0.283848488932263
Nat8f5 7.72225642789004 0.949833904598438 0.664199462429988
Ppp1r3c 7.65631745074914 0.816009004956662 0.264603667260793
Slc38a3 7.6358624966574 0.694682865770122 0.384458861132833
Tst 7.61035953600604 0.811933971010609 0.5466948882679
Timp4 7.5643296670617 0.721044428204209 0.131162230854094
Aldoc 7.49591399838176 0.59866795821216 0.59199945899895
Dhrs3 7.46811695328462 0.387248944361279 0.505565497995694
Atp1a2 7.4285763294675 0.711505796079074 -0.322013106145826
Cbs 7.41514571670279 0.914577461279707 0.666666666666667
Plcd4 7.40659981357551 0.876795849714127 0.666666666666667
Pdpn 7.35369848203681 0.731364851529054 -0.312986820653744
Car2 7.33316380362281 0.553667934154839 -1
Slc25a18 7.3215793612924 0.887902272448393 0.664508394375952
Gstm1 7.28195328624079 0.59219513698494 0.613241440242404
Entpd2 7.27565832266517 0.90657661741868 0.665793523416464
Dio2 7.2543519495982 0.87810039084585 0.470600447062608
Prodh 7.25403305924057 0.839580298766833 -0.138870438686564
Chrdl1 7.18687665777216 0.945197348714066 0.666094908388434
Sox9 7.18044118611762 0.741183197369416 0.618013138753041
Aldh1l1 7.09616291180436 0.728552708984774 0.645265839108945
Mmd2 7.08191798725506 0.552801113083821 0.0267857813285901
Slc1a2 7.05585444257483 0.431810316720549 0.247064063271619
Mgst1 6.97989696280522 0.704921472163419 -0.333333333333333
Hsd11b1 6.97915040120751 0.406606549612385 -0.18918164623133
Vcam1 6.9723330355592 0.652329320721401 -0.333333333333333
Cyp2j9 6.89938062918825 0.711331579020517 0.288742450334451
Cyp2d22 6.86089266473619 0.803511994912229 -0.132872242172202
Tlcd1 6.81885218341256 0.831086055062338 0.567696899309346
Mt2 6.80113417139737 0.691926179607703 -0.0808369035442695
S100a16 6.73979835507575 0.468212151188639 -1
Ednrb 6.67836440992482 0.678257195953959 -1
Tmem100 6.64147570925638 0.540329686650904 -1
Olfml1 6.61098926428427 0.847676454666596 -1
Slc15a2 6.54735458062228 0.779262482452904 0.612402375488492
Bcan 6.53968739890615 0.708216183626495 -1
Mertk 6.53483845110587 0.720156104130103 -1
Il33 6.49679006310452 0.785552909313305 -1
Gfap 6.48893630264637 0.951518137927736 0.666666666666667
Mlc1 6.48598315089379 0.926793598305057 0.663741672955969
Rarres2 6.47157950782198 0.817015662159267 -0.333333333333333
Itih3 6.43996142738869 0.891736747411051 0.666666666666667
Fmo1 6.41406288741307 0.695134527614264 -0.333333333333333
C030018K13Rik 6.38720711291556 0.92978660347205 0.666666666666667
Pon2 6.37511656831363 0.566643411437518 -0.0384753707402792
Fgfr3 6.37113778489161 0.854362861904446 0.597682913730173
Id3 6.34884923221913 0.540017185431138 -0.303318186076163
Htra1 6.34129690955196 0.699876890188321 0.171495889886139
Gdpd2 6.3342744188668 0.764229774453067 0.666666666666667
Fabp7 6.33115087907009 0.574651218209978 -1
Ndp 6.32920671046444 0.821905495515776 0.666195852651035
E130114P18Rik 6.31126404142137 0.747591086969668 0.371281337366618
Slc9a3r1 6.27078565803247 0.774227624242192 -0.232522768465862
Efemp1 6.26511059073064 0.686629870984395 -0.333333333333333
Mfsd2a 6.26072037318552 0.667168787173724 -0.333333333333333
Eva1a 6.25974843878582 0.85693487119734 0.666666666666667
Gramd3 6.25784882324518 0.846079690842854 0.226047302265213
Chil1 6.25008641994949 0.80026209332382 0.666666666666667
Ctso 6.22278936224376 0.669559773833906 0.468439164179818
Atp13a4 6.18529834158686 0.912288004711285 0.60158958811102
Dbx2 6.17816614519886 0.85682247672217 0.666666666666667
Trf 6.14265721998361 0.593111862266104 -1
Lix1 6.13450974100917 0.632179736181043 0.641313528472735
Cth 6.12234842456353 0.81388562555485 0.577346202846248
Adhfe1 6.1111054829818 0.785101873266722 -0.200615724593062
Thrsp 6.08713233379019 0.372950696618484 -0.0744838997138067
Scrg1 6.08576700143825 0.599439844104201 -1
Nkain4 6.06871190090733 0.636489784465033 -0.0258956036734074
Slc4a4 6.05019719122608 0.627205331972935 0.102697450187218
Fam163a 6.03259364630881 0.788306853128008 0.505910498084913
Ezr 5.99787976657584 0.79280548429477 0.436731431098522
Kcnj16 5.98084547075486 0.663655735353098 0.177981790151839
Appl2 5.90505160154326 0.664448770378965 0.227639536021707
Id4 5.88915045710737 0.755598132265472 0.400275432365366
Prdx6 5.88842244887326 0.817804873649999 0.529161899992563
Apoe 5.87740805805142 0.653235277476096 0.519882403493909
Ptprz1 5.86807940959551 0.641912229121875 -1
Tlr3 5.86705824502075 0.810496451259306 0.427921432358269
Pdlim4 5.83946859268859 0.8666652055125 0.666666666666667
Gabrg1 5.8348282302164 0.778784454382407 0.34874220832232
Smim3 5.82469012621056 0.768025495804967 0.327894563889514
Nfe2l2 5.82464111239982 0.563163051647787 -1
Maob 5.80904698841397 0.63102279392144 0.364256332054449
Gpc5 5.80383878019853 0.786352860943146 -1
Ccn1 5.79267805018113 0.300018022284808 -1
Gldc 5.78362689072449 0.94822676589549 0.66567206030053
Gabrb1 5.77033328190614 0.48507539445574 0.612883834195237
Tril 5.77033082286839 0.702770177802432 0.572015875067085
Cyp4f15 5.75676922551607 0.957432890276312 0.666666666666667
Dkk3 5.72810104693713 -0.280587102304275 -0.274376251495485
Rorb 5.72530155635158 0.270209255948484 -0.0398478270763095
Slc7a10 5.72188034290825 0.89573471618655 0.640912623691356
Fcgrt 5.72030746437258 0.555517413454798 -1
Cpq 5.71297232712671 0.52995413279162 -1
Timp3 5.69636064697973 0.50916477106734 -0.333333333333333
Rfx4 5.6810033019287 0.80291545916637 0.252056891483635
Pou3f2 5.6785582004355 0.240066779627861 0.20437800143197
Acsl6 5.67421713011529 0.628237955948136 0.305162720318449
Cideb 5.66057909196568 0.834654824428561 0.528614494909699
Ppil6 5.62193301108717 0.689212513584669 0.31627535081506
Cml3 5.61662304574406 0.949908688734431 0.664452414491483
Slc14a1 5.60555610928753 0.964086104046018 0.666398096849408
Pamr1 5.59874994980357 -0.0263509412924133 -0.283933076301128
Plp1 5.5914801579407 0.589776072893419 -1
Prelp 5.5883987435853 0.856390331544432 -0.325003782184299
3110082J24Rik 5.55928149803792 0.942316104679517 0.666666666666667
Tnfrsf19 5.55186851662545 0.346445461802535 -0.333333333333333
Mdk 5.55170730124207 0.684823627002952 -1
Ccdc141 5.52568022037148 0.661286639053313 -0.0789458167823746
Prex2 5.50619536482704 0.746070392150386 -0.241002730556059
Luzp2 5.50309152779216 0.420439112505796 -0.00632770361540763
Bmpr1b 5.45431412682023 0.817634926291049 0.666167747996325
C030037D09Rik 5.4326254114323 0.905389327107589 0.666666666666667
Daam2 5.432361095363 0.812226326717262 0.3538515508823
Pxmp2 5.40381211479691 0.833759413522023 0.195977247587088
Agmo 5.38679566414875 0.768860284632302 -1
Etnppl 5.35947919276097 0.927561684295823 0.666666666666667
Clu 5.35021068907111 0.763414967239364 0.537294457449525
Acat3 5.33792479171078 0.915721162795778 0.666351400463314
S100a13 5.33697745029155 0.476387852175818 -1
Echdc2 5.33051304773327 0.531144620844771 0.467886771725927
Elovl2 5.31035494485143 0.821890998787332 0.666666666666667
AI464131 5.28462298211242 0.911700282856277 0.652986547182073
Scara3 5.26735819983798 0.870731743643859 0.666666666666667
Enho 5.25485154277567 0.710130588853648 0.664300519550735
Gm11627 5.24856757696511 0.850077543287145 -0.135400456553074
Ddit4l 5.24273572300215 0.257033804419718 -0.333333333333333
Nat8f4 5.24147358535418 0.705724455996253 -0.196483229794426
Cxcl14 5.2410600370172 0.819554093858837 -1
St3gal4 5.21579470678121 0.742754086295658 0.612160902188984
Hsd3b7 5.21433099652596 0.612025794467571 0.602707494864201
Hapln1 5.1949273075077 0.638215613912896 0.428100217254076
Tom1l1 5.19465470274581 0.481261781266374 0.666377167302339
Slc27a1 5.19009351573275 0.747552807831945 0.655566188144266
Hspb8 5.18682003421252 0.635181585180695 -0.333333333333333
Gm5089 5.18352736975975 0.773894446080545 -0.333333333333333
Rftn2 5.17412531511506 0.754089069421301 0.396000798009397
S100a1 5.1565519553822 0.369270767980464 -1
Rlbp1 5.15550730962426 0.66232714417481 -1
Ugt1a6a 5.14593372597516 0.965276989200263 0.666666666666667
Grhl1 5.14350697376134 0.484921821375993 0.467251210300325
Glul 5.14288376401334 0.546842809364682 0.610215291908728
Nat8 5.1148226968767 0.928879968169558 0.661722496716969
Emp2 5.11148628579984 0.705708983549915 -0.333333333333333
Gpx8 5.08114085620676 0.64403471591619 -1
Cyp4f14 5.06506555404264 0.960920793835476 0.666666666666667
2900052N01Rik 5.04180448504268 0.918556909518876 0.665321088288184
Fam20a 5.03482634104535 0.8218285878833 0.666666666666667
Cdh19 5.03025146701893 0.777120043692413 -1
Ccdc190 5.02534509115528 0.8995567874859 0.666666666666667
Hepacam 5.01955488891038 0.754455168932792 0.262434168322534
Nat1 5.01296175880452 0.944551511551332 0.666666666666667
Nudt7 5.0112787013376 0.564872237556456 0.47862884477935
Cmbl 4.98633145729915 0.416656370865783 -0.333333333333333
Smpdl3a 4.98218116335722 0.550405177453113 0.152637246068481
Agt 4.98136416927703 0.816295627485574 0.666666666666667
Psd2 4.95306466618848 0.764716070081174 0.537566601890496
Atp13a5 4.93505328564111 0.731796661378441 -0.333333333333333
Egfr 4.92229553337764 0.91346480704904 0.648469735647421
Fermt2 4.9185355046518 0.620123838999077 0.383066924124663
Cdkn2c 4.90885763645241 0.668470589618999 -0.333333333333333
AA387883 4.9082270271701 0.875595084199094 0.664716709044283
Csgalnact1 4.88398528353296 0.29249559804707 0.034777386681507
Gm5083 4.86935496726472 0.927266193368103 0.64811582071331
Abhd4 4.84768971764218 0.534781451582219 -1
Serhl 4.82021862587169 0.813448066702785 -0.0900787364186409
cx_tRNA-Ala-GCG 4.81224809000531 0.759963547748835 0.666666666666667
Ephx2 4.8033852717379 0.528190532449635 0.0718564839617743
Hopx 4.79939518847405 0.829358357999744 0.214697932125096
Gem 4.78658420566298 0.70806754066955 -1
Zfyve21 4.77333602613967 0.593095820959573 -0.0839485011645286
Fam198a 4.76222248977869 0.917027399314142 0.652239289007968
Cyp4f13 4.76062718675081 0.73587475324266 0.45035360013125
Phka1 4.74566361126363 0.732995830847878 0.517486460682758
Nat8f1 4.74033131157157 0.616375889589845 -0.124669102627384
Elmod3 4.73966918431007 0.629917330859189 0.666181452662683
Cnp 4.73389764637845 0.488103333112016 -1
Lhx2 4.72669589946426 0.48807860549442 0.463615497688979
Slc7a11 4.70724247804232 0.802097156870929 -0.333333333333333
Pax6 4.70670683766414 0.757487045503277 0.65395934241295
Cd38 4.6980480360536 0.716463948297145 -0.333333333333333
Hadh 4.69203537522928 0.532371885838498 -1
Spata17 4.67411470749963 0.815034021750283 -0.333333333333333
Phgdh 4.6653580190885 0.460142552396378 -1
Kcnj10 4.64850994944032 0.646190223200529 -1
Gpt 4.64578692428498 0.674125978244465 -1
Nr1h3 4.63362044639886 0.82047763415992 0.215305832810932
Pbxip1 4.61871112998767 0.679078884736894 0.608534723304016
Sparc 4.61595455074948 0.369096996769927 -1
Il15ra 4.60802940124253 0.409719751024207 -0.0914503095341383
Abhd3 4.60187927350972 0.608713706209327 0.542326316699933
Cib1 4.592517948833 0.550588936830339 -0.259687325818629
Tmbim1 4.58510575295107 0.636331820250574 -1
Sult1a1 4.56153367666383 0.576563270923136 -1
Arhgef26 4.56120877952765 0.856154283402482 0.590541128695442
Cst3 4.55710468179315 0.675947468640615 -1
Id1 4.5552601671886 0.633475153090122 0.201285653458501
Kirrel2 4.55164970044752 0.956213223202022 0.666666666666667
Oaf 4.55000406282329 0.938169361612608 0.645842473805834
Zfp36l1 4.5472475975153 0.546639699756966 -1
Fkbp10 4.54457452322108 0.9653385565701 0.666666666666667
Pnpla7 4.53691535738115 0.644617942466962 -1
Btd 4.53620919185967 0.484548058929219 -1
Ifitm3 4.53359192527602 0.475408310130165 0.339072196033475
Cyp7b1 4.53343173432216 0.580006712465495 0.508796302399427
Steap3 4.524655597328 0.858830118135422 -0.333333333333333
Ngef 4.51951829266191 -0.331431592659625 -0.455091341422803
Kcnn2 4.49883631756441 0.408623839864705 0.421196101875958
Mt1 4.49163881961239 0.545397378220604 0.141074534495187
Upp1 4.49061490428095 0.964921333476698 0.666666666666667
Myo6 4.48968865958055 0.657760152111635 -1
Sfxn5 4.47624984941394 0.616291461008724 0.447584132123251
Atp1b2 4.47250174764659 0.471719190927689 -0.219276074613828
Sat1 4.47069165051106 0.682522951667308 0.514254641590447
Egfl6 4.46949497765703 0.817363766680713 0.50020109222685
Gm973 4.46402992653058 0.959700921273015 0.666666666666667
Cpt1a 4.45787816591403 0.592485616067203 -0.333333333333333
Igsf11 4.44620145054273 0.548043577447193 0.658489706138614
Hist1h2bc 4.44591873640993 0.408044792698556 0.124482326702549
Gpam 4.44202963932485 0.747738493097641 0.666666666666667
Tnfsf13 4.43622523439014 0.779910756939355 -1
Fjx1 4.42891560159456 0.578063526546605 0.542875268126917
Myo10 4.42534141099143 0.623090878781729 -0.333333333333333
Nr2e1 4.42496075204299 0.763806364086086 0.395383351318254
Ttyh1 4.42395659484674 0.689259635534218 0.558348664777087
Celrr 4.420209406521 0.858125264039469 0.666666666666667
Acot11 4.41291336386268 0.889154802654935 0.655717223661759
Gstm6 4.41132305276079 0.55460964080444 0.563998531285382
Aldh1a1 4.41014591658191 0.293399529244068 -0.333333333333333
Msmo1 4.39933458709795 0.711877173145446 0.54982461051057
Mcur1 4.39750569603798 0.640624432275755 0.192417972788023
Lpar4 4.39311045832235 0.796931157745537 0.487601489318765
Slc26a6 4.3859734399816 0.69748435626224 0.635782081933477
Slc6a11 4.38526798221018 0.821508206047564 0.654806557000182
Megf10 4.38389139918973 0.715950860272841 -0.0155740889054435
Dcxr 4.383410993315 0.789164588476849 -1
Aifm2 4.36596632313691 0.559235650397248 0.10577464603265
Frrs1 4.36185383374347 0.592932772738748 -1
Gas1 4.35471881545448 0.803469067692475 0.209103762151307
Kank1 4.35360114578415 0.759051156578948 -1
Slc22a4 4.33935348827663 0.687475589199671 0.457172011561025
Naprt 4.3374956937002 0.917427960268388 0.666666666666667
Gsap 4.3351655633468 0.654524818929625 0.0310516558892307
Naaa 4.32263654720224 0.668502382493362 0.0756809686494689
Bcar3 4.31438768374356 0.42894611805314 -0.333333333333333
Zfp36l2 4.3139085314544 0.569493954997702 -1
Ramp1 4.30815532701019 -0.253853260326713 -1
Phkg1 4.29008719405908 0.846195877854127 0.455827738672968
Rfx2 4.28993737883029 0.915271209365126 0.65218002886283
Vav3 4.28711353714728 0.780314980253959 0.666666666666667
Gm13031 4.28245421769508 0.81154030084129 0.661842739506341
Gstk1 4.28164293476349 0.461765980768124 0.13534383178126
Ptn 4.28042012268663 0.00757060169689866 -0.333333333333333
Slitrk2 4.28028381787075 0.25378181980572 -1
A330048O09Rik 4.27407862001142 0.926540839326597 0.657220686114753
Acaa2 4.25366882620719 0.482521797380454 -0.333333333333333
Hgf 4.24913113807117 0.829733137445454 0.666666666666667
Prkcd 4.24767776321373 0.750069107238512 -1
Hbegf 4.24547683363148 0.426601738359024 0.583552546027292
Gstt3 4.24302781308934 0.877920768922689 0.231604626078148
Aass 4.24256510219884 0.930248786468937 0.611935069283407
Acsl3 4.24199524027942 0.643306735662373 0.151109607907203
Fgfr2 4.23456562605324 0.652068197501908 -1
Hrh1 4.22781203854517 -0.017306998184961 -0.159803837387444
Rnf182 4.22368562997697 0.466224702574853 0.573336241228744
Gpld1 4.22033618313083 0.673422976146616 0.0970308316405695
Pcsk6 4.21374513686657 0.88900816347627 0.666666666666667
Ndrg2 4.21066289431623 0.367328299744606 -0.227094178596613
Vim 4.20836745089425 0.600066119467946 0.583805716380528
Clmn 4.20395862396332 0.72050241122272 -1
Ttpa 4.19092718554923 0.921714466460864 0.635843554332624
Sorbs3 4.1869089770208 0.586047560316884 -1
Acss1 4.18557584671444 0.78988059547408 0.646345900900609
Hist1h4h 4.18448405203466 0.758462168544967 0.566268066750282
Ttyh2 4.16350837471873 0.510879871318589 -1
Tmem98 4.16203118830728 0.503980009044251 -1
Fas 4.16018100551801 0.668833868196015 -0.253454271530122
Lmcd1 4.15333360827117 0.534684538631461 -1
Bcat2 4.14112507124256 0.531399711251968 0.286951293534218
Soat1 4.138059904236 0.762500516304611 0.464310263382093
Akt2 4.13606490939709 0.620323469844455 0.266542499047329
Loxl3 4.13361379321377 0.794575337513073 -1
Lxn 4.13197605342946 0.488570792100155 0.599039151486823
Dhrs11 4.12989326747734 0.756586586021343 0.567546198656461
Pax6os1 4.12807467334746 0.966113519709354 0.666666666666667
Plxnb1 4.12347354598731 0.78221334241447 0.376669413650072
Dock1 4.10205126822056 0.517174041642928 -1
Dapp1 4.08858818296896 0.737945564888153 -1
Pou3f4 4.08192534762582 0.697571408857628 -1
Tdo2 4.07526172401615 0.744885960555507 -0.260070036004847
Snord8 4.07401945378454 0.637066380846645 0.636341821010037
Bdh2 4.07110809982733 0.958652508746989 0.666666666666667
S100b 4.06694158909304 0.310553095322486 -1
Fgd6 4.06005695770271 0.899713956747232 0.614354767212987
A330076C08Rik 4.05966255277459 0.892962045498416 0.666666666666667
Cyba 4.05070718141085 0.510881574713034 -1
Snx33 4.04894896955344 0.743420763868393 -1
Rhou 4.04798958727566 0.337444684874962 0.381911029127135
Nat2 4.0478519839492 0.771535052006825 -0.322105270433929
4933407L21Rik 4.04734426631458 0.555372160183746 0.51792706586895
Cyp2j6 4.04376200151782 0.459982151795882 -1
Meis2 4.03936206598877 0.228227862937929 -0.0398627132411593
Rapgef3 4.038939373656 0.601015972904845 0.389176409990628
Fndc4 4.03769538849163 0.558158325543846 0.50681887409631
Apln 4.01841887494702 0.840752636990527 0.666666666666667
Aldh6a1 4.00575217843857 0.664921477238239 -0.0465431871512194
Tnfaip8 4.00358798416273 0.536729124617632 -1
Hist1h4i 3.99726404021023 0.71130983719469 0.664454682300182
Gstm5 3.99508606890714 0.800432805317768 0.483626486848735
Nim1k 3.98194224699172 0.535421974445162 0.418466345653943
Stk17b 3.98185892355401 0.465744139561443 -0.107165450048379
Zfp389 3.97209416725358 0.644511642496806 0.54738509457685
Adora2b 3.96657615767542 0.780393894322615 -0.333333333333333
Tmem47 3.96246697546133 0.399175661579015 -0.152487731732481
Csrp1 3.95723020450943 0.731671143781937 -1
Tubb2b 3.95363304558789 0.474448437329364 0.184440014139283
Eya1 3.93621302194957 0.591653406417554 0.298572293174937
Trim12a 3.9360376420607 0.668155058605766 -1
Lgr4 3.93082308026171 0.823584511078143 0.532297466448987
Alpl 3.92730114151155 0.767005435087249 -0.333333333333333
Nek3 3.92466744921693 0.750413594245221 0.426315938005553
Fpgs 3.92113127682844 0.729283720604152 0.639523178698787
Akr1b10 3.91805027532582 0.293492749143852 -1
Paqr6 3.91547643214422 0.843218616019254 0.666666666666667
Mettl11b 3.91456452349394 0.956618948698104 0.666666666666667
Txnip 3.9119425737189 0.589780749457459 -1
Sqor 3.91063735274064 0.629493003765245 -1
Mro 3.90490031717901 0.47778097939554 0.180500300438176
Mog 3.90377502715414 0.756301866975503 -1
Pdzph1 3.90198380782893 0.946140982053588 0.666666666666667
Zfp438 3.88729113920564 0.574554482635264 0.501083996619239
Per3 3.88413630083352 0.403394084284477 0.0762653713618675
Lrrc51 3.8796987233375 0.50206703679953 0.0355062974939585
Gdf10 3.8742219807672 0.94051918112737 0.666666666666667
Hes1 3.87068128943255 0.388876948174272 0.0276574845830904
Klf15 3.86928714150587 0.737203302783391 0.62028608552585
Opalin 3.86822157225176 0.815297512673579 -1
Bmp1 3.85929743506497 0.43834720801468 0.426792583418212
Parp3 3.85349863789229 0.694641467172083 -0.333333333333333
Fgfr1 3.84696636034756 0.540804511202877 -0.0563599206290959
Rmst 3.84691437584599 0.824293856340401 0.666666666666667
Ifitm2 3.8442972263 0.162208973536523 0.172697327654701
Fads2 3.84174078455711 0.712008917980635 0.304838377509556
Tmem218 3.84167124319142 0.47724965261336 -0.0668407225860492
Wfs1 3.83983334554584 0.438098300425086 -0.201014215521306
Ccdc80 3.83667779938157 0.104800165189151 -0.200856351305962
Dok7 3.81070805999546 0.900894185777166 0.666666666666667
E030003E18Rik 3.80694320649524 0.762738581407285 -0.165797560090643
Sema4a 3.80319394445633 0.338076333249068 0.362340366867463
Tnfrsf1a 3.79587617563906 0.552306168154178 -1
Rbp1 3.7945582954453 0.68717715568582 -0.333333333333333
Notch2 3.79420353823242 0.63946406616251 -0.333333333333333
Pacsin3 3.79318650492921 0.426149452310852 -1
Catip 3.7931331925605 0.659053119436251 -1
Taf4b 3.78905237939885 0.807173396408907 0.666280708579886
Tox 3.78840728759405 -0.274680017710442 -1
Crot 3.7848841937314 0.59643615732162 0.491085871740311
Mir1192 3.78326701144902 0.490303542294833 0.63682285666728
Rab7b 3.78275687074802 0.861576566281652 0.662627551317914
Ddo 3.78134395879184 0.877229361557295 0.571880564088111
Hhatl 3.77869146284467 0.457311390728492 0.157703101885994
4932438H23Rik 3.77568760112435 0.959853963653903 0.666666666666667
Ctsc 3.771448387181 0.590800831554377 -1
Pnp 3.76771757792006 0.521727581160327 -1
Retsat 3.76583720546759 0.670740098968734 0.433363510806525
Vamp8 3.76363624748081 0.283429903431441 -1
Cspg5 3.76037790374196 0.531298777599034 -1
Paqr8 3.74782128517712 0.72391617697486 0.656211905096972
Arap1 3.74702061079189 0.680226723194988 -1
Cdc42ep1 3.7446880323131 0.745580870619171 0.464013457889525
Aqp9 3.74290864732708 0.965285773890074 0.666666666666667
Lrp4 3.74138366242113 0.598246722031842 -1
Plekhb1 3.7410386856383 0.288577658353031 -1
Dnase2a 3.73565141764264 0.611682477928791 -1
Eps8 3.73417472226463 0.594592758702516 0.0855711971823608
Utp14b 3.73403126762449 0.653626470395019 0.273032138659601
Ghr 3.73354114878635 0.608830045235908 -0.26496856257913
Tmem51 3.73267306829342 0.889940348346403 0.047054703525341
Slco1b2 3.73209247134691 0.964684105259861 0.666151562860279
Sall3 3.73104615680885 0.660996752826925 0.0356431422567151
Ppp1r1b 3.72992289646367 -0.0530774667884476 -0.342839640289905
Acy1 3.72844159753073 0.48613062223581 0.469770070449702
Slc30a10 3.72369657199657 0.658933707434287 -0.333333333333333
mt_AF093677 3.72354646141673 0.49953127618878 -1
Smox 3.72331827819005 0.541720860121615 0.0357681674112896
Hdac4 3.71223619818357 0.395116942758317 0.155197756139813
Apod 3.71169685294331 0.505730581197768 -1
Papss2 3.71166648819163 0.876455182046278 0.642226035766351
Aox1 3.71131561510349 0.917377323788677 0.644499610243788
Pdk4 3.70995650941205 0.854756038288657 0.665557078992024
Nmi 3.69539347950877 0.486718437104982 -0.333333333333333
Abcd2 3.69447577519481 0.503762983958622 0.447053529237666
Cbr3 3.69180616566181 0.722693232759465 -0.312179153154296
Bbs10 3.69171794402879 0.585906569526403 -0.281471930935053
c2_tRNA-Ala-GCG 3.68946852521008 0.743005977352932 0.666666666666667
Nedd9 3.68903233771611 0.407546421691725 -0.333333333333333
Stard6 3.68855879431175 0.660210670638906 -0.333333333333333
Ldhd 3.68651684081728 0.335184190496478 0.06205489452616
Lgals3bp 3.68334105682725 0.345894116019783 -1
Olfr287 3.67885249319962 0.930525203063598 0.638489656903086
Lonrf3 3.67883413875645 0.709355658315371 0.531549813517525
Gm10767 3.67348805927161 0.442728792166224 0.244754415110505
Itgb5 3.67251568507896 0.685389835164012 -1
Cklf 3.67084029342537 0.555276894349769 -1
A2m 3.66907951776445 0.876355359590028 -0.23574663731337
Tcn2 3.66751479798037 0.462291510878934 -1
Notch1 3.65921870380459 0.623577378220897 -1
Smpd2 3.65827476109715 0.559325653436166 -0.0144361087544438
Icosl 3.65744068080014 0.785355464432954 -1
Cd82 3.65375705666849 0.682361891757447 -1
Zfp783 3.65140351820202 0.780460868849509 0.666666666666667
Nwd1 3.63897864447246 0.859599436685744 0.48410456821529
Paqr7 3.63798026607001 0.720879246250984 0.531677498712324
Mir99ahg 3.63611829583152 0.699771621967725 0.630332549592847
Gcnt4 3.63255669100958 0.383396828581548 0.310167611558737
Gadd45g 3.63234559935341 0.451308016185003 0.201271396752862
Hist1h2bq 3.62998539256847 0.812390158127018 0.664965445351947
Hist1h2br 3.62998539256847 0.812390158127018 0.664965445351947
Eogt 3.62997165706422 0.508766022555554 -0.333333333333333
Grtp1 3.62963041756077 0.642028212029771 -0.333333333333333
Wfdc1 3.62774255604782 0.623901467244233 0.541382374313831
Ugp2 3.62607187691116 0.70979787161035 0.623250571231679
Sycp2 3.62316623857315 0.865007488197253 0.666666666666667
Renbp 3.62027830584971 0.58430700288661 -1
S100a6 3.61854078777399 0.147675877540948 -1
Tsc22d4 3.61552218987386 0.632275222400093 -1
Tmprss7 3.61193167910564 0.0407809013222856 -0.186218981385485
Znrf3 3.60450294407315 0.651613482250601 0.352422817624834
Serpine2 3.60377635275329 0.175992423638489 -1
Dapk2 3.60364244853083 0.248539257122714 -1
Chst2 3.5867413287006 0.644129738977108 0.440418666463846
Sqle 3.5798741692443 0.528835828660599 0.170398361177584
Grk3 3.57985906444641 0.497690552557592 0.32906975601013
Adgrg1 3.57868754877101 0.514512883262196 -1
Ddhd1 3.57353703138206 0.735315954394912 0.650719579519561
Itga7 3.57278192870801 0.756908866004273 0.242726033309772
Sema4b 3.57093363438183 0.802813871261679 0.600497613419107
Rpe65 3.56756654811892 0.955226857263204 0.614595942074073
Gpr37 3.56546382931279 0.575371780575971 -1
Kctd14 3.5604417679922 0.915690131820763 0.62538849653382
Dbi 3.55983066170859 0.546260385411696 -1
Trp63 3.55843851212304 0.966503231056509 0.666666666666667
Mvk 3.55650463759824 0.432854322762076 0.393244424362354
Hk1os 3.55141586177106 0.888793366629397 0.657860338490195
Tmem229a 3.54977832211243 0.608147832778639 -1
Nhsl1 3.54794236902689 0.462139997964185 -1
Sox21 3.54597865177132 0.840212830239696 0.333420467686043
Hist2h3c1 3.54342866867986 0.921395135608104 0.666666666666667
Fzd2 3.5425651015923 0.911919694335775 0.484744890957344
Rdh5 3.53839945802199 0.694528256951175 -0.333333333333333
Nphp3 3.53731661110247 0.721376993533722 0.665584634599679
Btbd17 3.52921079847947 0.962411991641566 0.666666666666667
Hdhd5 3.5282924636534 0.399437106735549 -1
LOC433374 3.52426198196904 0.924881597690554 0.666666666666667
Nrp1 3.52340882955757 0.0424022202332935 -1
4430402I18Rik 3.51827162501617 0.684914348018279 0.391533632451644
Calr4 3.51384325293005 0.966351411040288 0.666666666666667
Dera 3.50855689709549 0.689567361653214 0.0770128615251903
Sfrp1 3.50617986949352 0.74210176481344 -0.274051687765695
Dclk1 3.50468573813694 0.389180906216599 0.276558698475665
Gsdmd 3.50323038446679 0.663371367579885 -1
Zic5 3.500505635263 0.874045833616722 -0.258417455828087
Lpcat3 3.48495212865562 0.534351575722957 -0.333333333333333
Chst10 3.47826204382025 0.564642533113798 0.459815278915213
Hsdl2 3.4759974917062 0.521194811706368 -0.317813422189965
Aifm3 3.47562669560913 -0.096306374147473 -0.220995530350858
Gm10052 3.47214062964812 0.462313329458851 -1
Serpinh1 3.46543407005366 0.731970258349188 -0.317220063470881
Cldn34c1 3.45859802905141 0.545954848358954 0.555704365824794
Tm7sf2 3.45752033686545 0.0142191358290547 0.168515439874558
1700003M07Rik 3.45420979809317 0.761646975200429 0.661434274293573
Ccdc18 3.45096246045254 0.742394194399793 -0.0486766214126965
C230035I16Rik 3.44709320402389 0.748336050209427 0.512352346018449
Lpin3 3.4467495105613 0.883811478778906 0.662845549104534
Pla2g16 3.44584361290334 0.690317974133777 -1
Gm10560 3.43848592646135 0.656676101938909 0.335667788600151
Gulp1 3.43803779074963 0.685230005079661 -1
Eci1 3.42783692436836 0.537592072046984 -1
Cd63 3.42713030868288 0.323709064338607 -0.283414309229543
Ephx1 3.42604733885641 0.222684308821413 -1
Optn 3.41896445013714 0.418519385314559 0.286409397982997
Rgcc 3.41705875752469 0.222874705275817 -1
Hist2h4 3.411352345439 0.522535684326164 -1
Gli3 3.40874432276637 0.941006175805623 0.666666666666667
Aif1l 3.40688639109831 0.625598222234982 -1
Clybl 3.40667163932451 0.164977442013599 0.0592699702519829
Zbtb20 3.40460330564822 0.588635388107907 0.361852697358118
Tex11 3.40310152091129 0.962045539847295 0.666056077829842
Cpne2 3.4018220386941 0.332508982893115 -1
Axl 3.39987222305599 0.725868785648877 -0.333333333333333
Swap70 3.39929726742275 0.589078874934655 0.162202498737594
Kyat3 3.39912278098024 0.528352207644052 0.0959534661799967
Elovl5 3.39657427173478 0.493343083711054 0.490780522025546
Slc12a4 3.39180860607616 0.721304519577683 -0.201365368088978
Cox4i2 3.38987425415162 0.820864738841841 -0.333333333333333
Slc25a35 3.38982095968446 0.391655447314448 -0.333333333333333
S100a4 3.38569046299194 0.677416377117436 -1
Prr5 3.37764645304555 0.855095775134489 0.649977013102948
2300009A05Rik 3.37635060879774 0.203839373251501 -0.396900538032421
Abhd14b 3.3757746645959 0.542745348268462 -0.333333333333333
Pln 3.37142333168606 0.635686702913327 -0.333333333333333
Tstd1 3.36493154753087 0.645445123900304 0.632059349408153
9430041J12Rik 3.36472150447269 0.68786701969459 0.624504487491965
Farp1 3.35395589267391 0.661694974084724 0.504314239231375
Fam234a 3.35203330413203 0.550800764135507 -1
Emx2 3.34304463203479 0.922971291534032 0.66628354395156
Lrp10 3.34087439284383 0.659751100441233 -0.333333333333333
Tsc22d3 3.33944246625066 0.525160826809738 0.0764453729886776
Abcb9 3.33627266926337 0.712089123207541 0.540426645195988
Ppargc1a 3.33512725165671 0.0765763899774713 -0.388656547292208
Nrarp 3.28397110867152 0.72902523583782 0.288513979729245
Fam69c 3.27424433433848 0.766502136008243 0.1428200440263
Flt3l 3.26756894465473 0.68353524087311 0.666666666666667
Gm10658 3.26177569261663 0.81698746505391 0.651846672940684
Gm10731 3.24471044640604 0.907216865443967 0.666666666666667
Sftpc 3.22937329453254 0.39742778950574 0.141146571739226
Mmp14 3.21224078700955 0.842723362913918 -0.333333333333333
Olfr288 3.20327401234334 0.952432199735919 0.666666666666667
Lrrc9 3.19885958717301 0.845590407272863 0.52538254646106
Gprc5d 3.19670219008841 0.928388160426655 0.666666666666667
Glipr2 3.19173618342904 0.900439788126185 0.660929889441016
D630033O11Rik 3.18076959124652 0.961051781271273 0.666666666666667
2410004I01Rik 3.1787331673113 0.808183532649415 0.275239090818881
Lama2 3.17758035362676 0.803077966174178 -0.333333333333333
1700028K03Rik 3.16569640380767 0.441857137116807 0.295685697702884
6720483E21Rik 3.16522203830334 0.776538434973189 0.581599782836868
1700084J12Rik 3.16226704042763 0.963211322925578 0.663636840873401
Bcas1os2 3.15753549992015 0.840474736869195 0.562988343732329
Lgi4 3.13984830793536 0.855341521569033 0.666666666666667
Ak4 3.13823419372937 0.129687986634603 0.0927734852830979
Sox1 3.13004600917489 0.741199095841305 0.360866968599024
Ugt1a2 3.1290352578696 0.954047235797788 0.664694082204251
Sohlh2 3.12813223647378 0.966666666666667 0.666666666666667
2810459M11Rik 3.12352122678322 0.798900262671088 0.66601445797757
Fezf2 3.1215552018756 0.0260815341861123 -0.329257956013328
Pex11g 3.10973553429359 0.585200038442377 0.590413279813788
Tekt5 3.10331918814214 0.122389031493931 -0.200584799720009
Tekt1 3.08746284125034 0.712736675810533 0.581794275282497
Gm17660 3.0764079563707 0.95997461890799 0.666666666666667
Kcnk10 3.07614819535605 0.58108107318636 0.576230258943085
Frmpd1 3.06553760573866 0.603048004188587 -0.156705773032709
Sugct 3.04011765411146 0.853793533660367 0.666666666666667
Apoc1 3.03954649977398 0.858400962227069 0.666666666666667
Agbl2 3.03658541769982 0.754040097671827 -0.333333333333333
Fgfrl1 3.03321687647346 0.837250352939927 0.663512544801237
4930515L03Rik 3.03287993582247 0.961197676029146 0.666666666666667
Mgmt 3.02811680001036 0.804268720009943 0.556811552465003
Klhl25 3.02266564833586 0.695479090958769 0.602591809447565
Wnt7b 3.01390690606452 0.701778409989163 0.626134971532269
Apoh 2.99899311729712 0.701396486173697 0.50272468434093
Slc13a3 2.99836442592268 0.831163048666113 -0.333333333333333
Mx2 2.99412574569312 0.714115924119122 -0.333333333333333
F2rl3 2.97576667022881 0.945157237849824 0.666666666666667
c11_tRNA-Leu-TTG 2.96149411435894 0.950548644919172 0.666666666666667
Otx1 2.95778088752521 0.742128403150763 0.603794510167061
Trp53i13 2.95728168227065 0.725978592030806 0.490680807441046
Olfr57 2.95229021811191 0.856181052317368 0.666666666666667
Ube2t 2.93598704825396 0.309407406461239 -0.333333333333333
Chp2 2.93339696763178 0.966666666666667 0.666666666666667
Raver2 2.91850593999616 0.334349353376713 0.0537721971128381
Gm12216 2.91411906473652 0.678248403417166 0.550036022975115
Epo 2.9035315835186 0.966666666666667 0.666666666666667
Stag3 2.90127625142515 0.852879152245992 0.666666666666667
Cfap100 2.89885621333479 0.729896848891794 0.666666666666667
Fam181a 2.89764568331769 0.965717936661062 0.665119498115642
Cdca3 2.89651968616323 0.695655130468675 -0.333333333333333
Hpdl 2.8905598070838 0.721057236750999 0.22281541354978
Acad12 2.85160227969643 0.838125866924007 0.666666666666667
Rnase1 2.84939418999676 0.966195718643587 0.666666666666667
Gjb2 2.84389038406443 0.861568355079136 -0.333333333333333
1600014C23Rik 2.83366677664403 0.945309171396198 0.666666666666667
Syde2 2.81673274405017 0.880281970423292 0.666666666666667
5930403L14Rik 2.81366143163577 0.94254083486006 0.651451043342962
Epx 2.81147103052984 0.966666666666667 0.666666666666667
Tmem52 2.80692348694389 0.963145606522754 0.666666666666667
Insl6 2.7647450938852 0.755273670484379 0.666666666666667
Bglap 2.75717213400558 0.711705862052696 0.577040124106091
Dpf3 2.75308126226574 0.762979525950417 0.666666666666667
Clec11a 2.75085638642512 0.434654278557046 0.403426298926901
Ccdc69 2.72434569149801 0.871177192075073 0.39634136242799
Slc25a2 2.71650604495575 0.54235070030683 0.297621610613195
Angptl4 2.6995936304796 0.747404182221045 -0.333333333333333
Vnn1 2.69682199627896 0.966666666666667 0.666666666666667
Sctr 2.69148222737835 0.965436784938258 0.666666666666667
Snora69 2.68862277934415 0.744458059490752 0.629775636846495
Ccnjl 2.6761220341232 0.529297838548484 0.407128834875071
Gm2115 2.66315924255364 0.744005850453106 0.1937231718257
Fmo4 2.65481917398554 0.966666666666667 0.666666666666667
Sdsl 2.63340417460879 0.86058945802554 0.666666666666667
Alpk1 2.62686282460532 0.903202770317839 0.330117692493749
Gramd1c 2.61343802936773 0.870441364455066 0.66506630413052
Ucp3 2.61122729069698 0.95877138895305 0.666666666666667
Olfr688 2.6086992350472 0.887076304394984 0.666666666666667
Gm5475 2.60271724989975 0.633057836875011 0.463342567677058
Apoc3 2.58457101872367 0.966666666666667 0.666666666666667
Fzd7 2.58349561845206 0.86918075642548 -0.184288846838808
Exd1 2.58300396138425 0.890965244265357 0.66454650361653
Rsg1 2.5779557116161 0.561768866672201 0.388859685036255
Dmp1 2.57705638090344 0.921072676136859 0.666666666666667
Pgghg 2.56819572822099 0.742248602467346 -0.333333333333333
Olfr461 2.56395269102763 0.966666666666667 0.666666666666667
Shpk 2.54413206943997 0.718143184345389 0.318942329140095
Dnase1l2 2.54360697844456 0.156419968972924 0.0822085900153264
AB124611 2.54160201657029 0.883996977690534 0.662211260419922
Fam151a 2.53865365314643 0.948151154039183 0.666666666666667
Ropn1l 2.53559371734252 0.833688258746528 0.666666666666667
Lfng 2.50589092972996 0.964550700677891 0.666666666666667
Vit 2.50038971099528 0.891247033815114 0.664366151484776
4933413J09Rik 2.45333339002636 0.700244891967743 -0.333333333333333
1700008J07Rik 2.45314525389215 0.871173523302895 0.666666666666667
Frmpd1os 2.45134645891462 0.644204027480834 0.0690819220643793
