Vip 11.9212571414939 0.941283879280287 0.664858010852974
Tac2 11.0699110393527 0.935256482439406 0.666666666666667
Synpr 9.94039245603014 0.484168827316287 0.503995331307026
Htr3a 9.66379881047218 0.931211597057649 0.666666666666667
Gad1 9.22836343126782 0.31321140604275 -0.016946969335337
Sncg 8.98149653815958 0.873843376389324 -0.251518788821357
Nrip3 8.33665154236533 0.225754313277114 0.399637519831202
Npy 8.10133856133522 0.391151856284495 -1
Pcp4l1 8.04451481547002 0.219835995313467 -0.0244311156935425
Cnr1 7.8813324298648 0.573171246152201 0.431597288647842
Pnoc 7.7536551235352 0.652639705884676 0.666055418435643
Fxyd6 7.68060664241174 0.470516508204783 0.0594414494710186
Tmem130 7.6069009854864 -0.00786009470563265 -1
Npy2r 7.52908592092633 0.851181716260246 0.666411463025129
Syt1 7.49572941964557 -0.603549542327731 -1
Igf1 7.47229312867699 0.752800180902323 0.490903699744717
Tnfaip8l3 7.34694842213666 0.888683937751622 0.666666666666667
Stmn2 7.31877058667942 -0.607786361582176 -0.349213681384081
Vsnl1 7.23331260734392 -0.346035266818802 0.427764993587313
Cxcl14 7.15952712050964 0.856371855450641 0.633858462361425
Cacng3 7.09150711143346 -0.475396491350657 -1
Nr2f2 7.04648209855663 0.707323223869197 -0.333333333333333
Cadps2 7.02243041236196 0.484152229421484 0.586564309535346
Cpne6 7.00838988232412 -0.14607801897907 0.024001338417074
Kcnip4 6.99974916991671 0.0324603590224749 -0.254236202832878
Dlx6os1 6.93861609429103 0.57232683576962 0.545835507997241
Adarb2 6.83547482669153 0.875903995868906 0.429023208955479
Zcchc12 6.81247516564464 0.314608428702753 -1
Cck 6.77295807459368 -0.00533042162172587 0.0159008253579279
Snap25 6.69407382498216 -0.493603711135394 -1
Atp1a3 6.63804281210532 -0.515078858017369 -1
Sp8 6.57780785763268 0.920736242172504 0.666277432640409
Gad2 6.51776611697363 0.404262274386431 -1
Kit 6.34365615700619 0.637516917441159 0.335809250857538
Smim18 6.32550251465889 0.0658062776390841 0.37261315854055
Snca 6.32153210151439 -0.472584933910424 -0.413405725156129
Crabp1 6.26698727279284 0.964528416231728 0.666666666666667
Teddm3 6.20782903907746 0.68268848933925 0.507731950976314
Nell1 6.16529677639257 0.305353091179622 0.249612818494232
Rgs12 6.15635053039518 0.695434511102971 -0.00156620222385776
Galnt14 6.13480248042917 0.415683919959249 0.252832958155242
Cdh9 6.08606418903785 0.38284733850599 0.477491997164787
Necab1 6.03044728580573 0.117715956426503 0.225875066536028
Rpp25 6.02855231674618 0.356024321706992 -1
Nnmt 6.01818513209355 0.718105480793806 0.299395163174903
Zmat4 6.01029806933057 0.0559943153371148 -0.0396639216747576
Dync1i1 5.98034632013399 -0.351154616435652 -0.000731798764609808
Galntl6 5.9541772079109 0.0540877333539762 -0.198101294693326
Gm9866 5.92654967358282 -0.165373456059753 0.0849190719996763
Crh 5.91171074393622 0.835085765215198 0.666666666666667
Sema3c 5.88152761160158 0.627888452415451 -0.217408818307402
Rab3c 5.86013359919499 0.11077478203334 0.145418552186066
Gm15881 5.78756217593979 0.119428315183702 -0.413845949487522
Mal2 5.78201562222856 -0.484584325167724 -0.133201563456621
Gabrg2 5.74850482082005 -0.555557708823605 -0.112935095041111
Pcsk1 5.71344146418904 -0.232912603932138 -0.26879753537003
Cpne2 5.69588789256095 0.586490963846617 0.446528305047907
Resp18 5.65865433180471 -0.130227378281715 -1
Dlx5 5.6542577471429 0.440282045044464 0.385220256272836
Pde1a 5.62480540266751 -0.345450721117807 -1
Kcnip1 5.60886818338119 0.402827660230184 -1
Dlx1as 5.56420744775406 0.582906997300597 0.428974909267553
Fstl5 5.54526749018302 0.496662116824032 0.378664563779298
Cbln2 5.51700988179776 0.211333737597056 0.125564517239675
Fabp3 5.51001255502912 -0.645685803801179 -0.416668721197986
Gdap1l1 5.48200605568849 -0.153865030422547 -0.0830574043660656
Ctxn2 5.47522009828795 -0.0576798888124099 0.0734202900332229
2900055J20Rik 5.47506295981407 -0.241269163254802 -0.272134370169319
Pcp4 5.45186441591171 -0.230650965016374 -0.298947748407762
Hsd11b1 5.43405013624847 0.295378436131524 -1
Bex1 5.41458480170098 0.132053476889181 0.202679138056426
Elmod1 5.40907242339309 0.276021029984433 0.323291188273925
Bex2 5.40585188866492 -0.42769941864795 0.35117541438126
Syt5 5.39627145095102 -0.351513676194755 -1
Rxfp1 5.37596946268094 0.448328012570214 0.218677708249189
Tpd52l1 5.37299885140623 0.150939649258602 -0.30832062283073
Ralyl 5.36551814997721 -0.473355581857576 -0.367094082813426
Plppr1 5.31766675813098 0.542932998737291 -1
Sult4a1 5.29327357759046 -0.632881891727024 -1
Rnf227 5.25646847584937 -0.475628865631972 -1
Sncb 5.25319532070105 -0.549213754415804 -1
6330403K07Rik 5.20303170181334 -0.307022889197557 -0.20099600243185
Vstm2a 5.12660471671148 0.0651947433577713 -1
Gap43 5.12601795145269 -0.379191600778209 -1
Qpct 5.12398590760209 0.455947684968632 -1
Camk1g 5.12236013227931 0.0583603561994128 0.181162309908094
Pnck 5.10081466641367 -0.430438356309686 -1
Nrsn2 5.07726576638679 -0.366609100016272 -1
Btbd11 5.06805009039204 0.363068078126938 -0.396553348579553
Casq2 5.06716542701711 0.861622267226928 -0.333333333333333
BC030500 5.0472932342552 0.121168803699185 -0.418419513239989
Fam163b 5.03640346301566 -0.0940218045388029 -0.123114834970928
Prmt8 5.0309252511661 -0.442052735858711 -0.450189668949479
Nrxn3 5.02666368267412 0.288628075172746 0.521920448839256
Rab3a 5.02064633264696 -0.520180491960006 -1
Ckmt1 5.00149287075655 -0.58905627255685 -1
Camk2b 5.00118774282146 -0.514578344990471 -0.319627230408157
Syn2 4.99299103199623 -0.0588337615265544 0.253264457092046
Snhg11 4.9851699851894 -0.620771423159688 -1
Gng4 4.97168203720249 0.326080807109845 0.336462495992241
Golga7b 4.96637329968674 -0.282056296126289 -1
Grin2b 4.95840645503881 -0.547686811584859 -0.274375185535173
Pdlim2 4.94009002104073 0.624894502869805 -1
Col25a1 4.92396500227286 0.686850213251069 0.655174746125674
Atp6v1g2 4.91621404565103 -0.575320899395972 -1
Tuba8 4.90238266041904 -0.0520820870561615 -0.335155980206925
Rab3b 4.9023009140822 -0.279685369915406 -1
Galnt9 4.90116434114299 -0.421141918339983 -0.26886587562103
Sorcs1 4.88778829880755 0.463828005230376 0.426900031622013
Sln 4.85445879737439 0.901340835424852 0.572232257885821
Rgs10 4.84030702155347 0.195494450565068 -1
Ube2ql1 4.83143069533437 -0.0799377734418883 0.25762500991131
Magee2 4.8204960398389 0.227175426484067 0.250076895721155
Adra1b 4.81980855067708 0.845520588179255 0.665512861841575
Htr3b 4.76644918412779 0.956998821582527 0.663089614999611
Zfp385b 4.75619223287875 -0.0965678969223612 -0.126675495819074
Lin7b 4.75446549150245 -0.256228383014902 -1
Spryd3 4.73706417891 -0.579616097401513 -0.404023619914064
Hpca 4.72050120522722 -0.236850083772588 -0.349140910730244
Meg3 4.71642407635141 -0.64366536115457 -1
Cntnap4 4.69625564004261 0.1933101004596 -0.224757387524582
Clstn3 4.69521085023498 -0.436956849811666 -0.436533513953538
Reln 4.68804748121591 0.583819258821777 -1
Ipw 4.68492750484448 -0.38655536305864 -0.127743593044248
Stac2 4.6796859493825 0.0358562804799234 -1
Scn3b 4.66810763804373 0.148597641445502 0.267721375070358
Rph3a 4.66352657307203 0.0315793611612563 0.252833432936126
B130024G19Rik 4.65851154602694 0.859618068757462 -0.333333333333333
Elavl2 4.65674705286822 -0.323711652423457 -1
Mchr1 4.65129812424382 0.21459230832178 0.184663554712021
Rxrg 4.63947278113478 0.595464647210005 0.517064809484082
Ankrd55 4.63716436412205 0.449988006264687 -0.351798103953394
Rwdd3 4.62660313760757 0.69979285622462 0.585821954765966
Anxa2 4.62542748885024 0.46620666272693 0.0518458971334206
Scg2 4.62312973947116 -0.374097206387096 -1
A530058N18Rik 4.61638606723582 0.347696334580391 -0.317512460899534
Rbms3 4.59321495625529 0.352169759285865 -0.192743424310817
Grip1 4.59037008329581 0.437042517688106 0.557507113157426
Sh3bgrl2 4.58694618344711 0.303638012436526 0.0236244051008343
Egfem1 4.56518386690589 0.512129572271887 0.442488443432469
Pcdh20 4.49418020142097 0.429203537743482 0.323651875357727
Fkbp1b 4.48494791756405 -0.0993154702390658 -0.24619363974526
Aff3 4.48070980268256 0.612687946316577 0.53484098479999
Sez6 4.46547585444225 0.0470287839339347 -0.0941205163945756
Mlip 4.45393782517182 -0.276587006664549 -0.152929755867196
Cacna2d3 4.44910894113087 -0.0539986390818882 -0.168955292790404
A330076H08Rik 4.43602104372181 -0.345398372509214 -1
Dlx1 4.41287973916013 0.610406145515877 0.475083701149203
Prkar1b 4.28308380407873 -0.433856606128981 0.135656768725254
Tceal5 4.27826276375697 -0.064018583006898 0.344344590074122
Dpp6 4.27442499436158 0.156936105797956 -1
Asns 4.27403832786865 -0.0477328860770755 -0.384918758634136
Kctd16 4.26408852767042 0.0076962049806656 -0.0440622681919059
Gprin3 4.25936206106994 0.516890953827466 0.474954809911456
Cplx2 4.23387071159005 0.0940099717682377 -0.0231112794743523
Usp29 4.2335602260337 0.121736390177278 0.258166566134216
Rgs8 4.22539261887113 0.526923284288696 0.351253638887062
Cplx1 4.20446620352186 -0.469476585831022 -1
Tmem200a 4.19528151014617 0.320180301561636 0.255440884457155
C130030K03Rik 4.19074387348174 0.606764527938739 0.324316211168974
Eno2 4.18581105703361 -0.607778432948331 -1
Dgkg 4.18563237346324 -0.12246308966048 -1
Nsg2 4.18206642168404 -0.540610895250934 -1
Fam163a 4.17843264141857 0.690564731938114 -1
Col19a1 4.17424545288385 0.175486716016611 -1
Fbln2 4.17349286547111 0.677600206438084 -0.303264017857034
Lrrc3b 4.1625428999715 -0.251192112912893 -0.122551179269615
Agtr2 4.16154222321232 0.919366030763976 0.666666666666667
Etl4 4.15941814602012 0.000593412802206782 -0.567282573371167
Racgap1 4.15791227710394 0.68582877926958 -0.106246420758481
B3galnt1 4.14558029058814 -0.553231573753445 -0.344229726717454
Htr2c 4.1452116188852 0.697163253785091 0.273284711175948
Shisa9 4.14203145344125 0.435137852163853 0.13666892048284
Zwint 4.13992394980363 -0.373025031258049 -1
Syp 4.12918751621015 -0.508765329180896 -1
Tceal6 4.12575635133275 -0.572098541297857 -1
Lhfpl5 4.12048384293119 0.141349166833272 -0.323671442208706
Camkv 4.10405239594518 -0.386941040396105 0.0471115070590598
Chga 4.09719574516411 -0.46865224586861 -0.341302605456381
Npas1 4.08934563189952 0.933609072096965 0.659705736451241
Hrh2 4.08839641967134 0.533082216563329 -1
Olfm1 4.08276907178468 -0.357553783095187 -0.357899077455875
Nap1l2 4.07673850584678 -0.623700094963263 -1
Enho 4.05893432605636 0.627963085324796 -1
2810029C07Rik 4.03890703092242 -0.244638392057561 -0.184686954439982
Gpr12 4.0339509023403 -0.0600930241811122 -0.104319072808597
Pnma2 4.02962088674065 -0.213581941055679 0.0284112861498111
Svop 4.02835053730265 -0.510251275366018 -0.0940641335975937
Arpp21 4.0220128538582 -0.216915195380868 0.0382751892717397
Pcdh8 4.00893827896823 0.480568984023762 0.282091853669824
Gnb4 3.99784683485038 0.236112357824174 -0.333333333333333
Grin1 3.95956134688394 -0.272205367966725 0.15654974855561
Hdac9 3.95652449018547 0.527225927746282 0.472506099172217
Chst1 3.95273141834784 0.00729498323306456 0.197354361631017
Bend4 3.93507429522373 0.535590202548456 0.486114755342264
Egln3 3.93010175503251 0.922196259572104 0.666666666666667
Galnt18 3.9297635192196 -0.355131035922028 -0.387049490159158
Rhof 3.9274811132031 -0.0823546567839254 0.193415011058185
Syngr3 3.92358693951597 -0.582175781906358 -1
Kcnc2 3.90384787837155 -0.119536056847951 -1
Prox1 3.90190454701691 0.742877439062646 -1
Fgf1 3.90042350791382 0.575686134720205 -0.221861199894753
Pcdhb14 3.89720621315641 0.562846071568688 0.56752398841166
Nap1l5 3.8943454711824 0.0270995014587034 -1
Mllt11 3.8916203989315 -0.566398018830826 -1
Gm11110 3.89103517974495 0.623015025450576 -1
Mrap2 3.88469116822412 0.693612777632935 -1
Zc2hc1a 3.88215394102293 -0.300248783518346 -1
Spock1 3.88062698189001 0.00436238631737343 0.145796853118218
Dbn1 3.8685332340727 0.170141789847384 0.442139402968116
Sphkap 3.85878688499755 -0.309280538061547 -0.376916939394012
Clvs1 3.8521889455427 -0.528688987928505 -1
Phyhip 3.85004881744705 -0.226674380567198 -0.275594797535302
Fxyd7 3.84715477538495 -0.31441112995966 0.174999794104534
Syt17 3.83863953344869 0.0798086911748369 -0.0207217669955525
Scn2b 3.83497205589345 -0.565515233770191 -1
Ncs1 3.82133675757491 -0.326943598924476 -0.362938953874611
Parm1 3.82101700857662 0.0632875411097796 -0.333333333333333
S100a10 3.82029765636958 -0.201768195298716 -0.332108474560093
Gulp1 3.81908145765808 0.70108194903673 -0.333333333333333
Khdrbs2 3.81715691833306 -0.0698814563968304 -1
Rab27b 3.81682467534991 -0.340742932756361 -1
Cacng4 3.81230824972305 0.682185338108259 -1
Gipc2 3.80654501897937 0.672418518194175 0.526660281288913
Csdc2 3.80594936885674 0.208816415003501 -0.00872856610575604
Snurf 3.79609375977403 -0.595999251173921 -1
Fam81a 3.7854403087891 -0.368947217765432 -0.0794729916396063
Flywch2 3.78469026465212 -0.278787861547114 -1
Ypel4 3.75900713435063 -0.40931126590242 -1
Gng13 3.74581211451178 -0.324692551801557 -1
Nrsn1 3.7300890482285 -0.373884455912252 -1
Gng2 3.72991776316497 0.437021272492313 -0.111431215589007
Olfm2 3.72890263455786 -0.156497636072719 -1
Ankrd45 3.72839825578465 -0.459967533517141 -1
AF357425 3.72558536631527 -0.472602650390899 -0.418509772009851
Cygb 3.7234306862953 0.0855883577136779 -0.17677477366334
Prkaa2 3.72316234869862 0.033090458573489 0.334900750352915
Grm8 3.72270251473842 -0.0715332595609927 -0.381770798077668
Mamld1 3.71981860666387 0.410803768963974 0.433728215456132
Rit2 3.717320219482 -0.594217814778583 -1
Glra2 3.71669048460195 0.2468122374563 0.123817567676666
Cyb561 3.71223648745517 -0.379719015367921 -1
Gspt2 3.70883605101213 -0.00674888713591366 0.092187040287431
Syt10 3.70270683394363 0.132912644040203 -0.134043029150598
L1cam 3.6945921073725 -0.355584504411378 -0.226131276355465
St8sia5 3.69089026694817 -0.437599409045846 -0.288328403638818
Bend6 3.68828048736116 -0.516871866340983 -1
Pcdh18 3.68608506982065 0.663614289887289 -1
Kcnf1 3.68598635785666 -0.359506863509988 -0.302317524538346
Susd4 3.68017711136779 -0.17043283551133 0.148451611149729
Inpp5f 3.67986619919811 0.266943224916619 0.336830039827773
Elavl4 3.67705771329802 -0.257232278718074 0.162808868247154
Cmbl 3.67025033568348 0.278477873676039 -1
Dpysl5 3.66288653656223 0.532687155736926 0.486384171026099
Cadps 3.65522096836671 -0.460251078657833 -1
Vwc2l 3.65099640978466 0.330436399087023 0.104114345734887
9430021M05Rik 3.64861965616283 0.3702656058126 0.199433545148109
Dpysl4 3.64669977594959 0.383954314920195 0.374678872996606
Minar2 3.64623459290429 -0.216816202541487 -1
Sorcs3 3.64537245402767 0.231466204832262 0.210768244432347
Shisal1 3.64520204995442 0.494649586468534 0.422779918991899
Fkbp11 3.62887832791312 0.385196666454344 -1
Wdr31 3.61924530411232 0.000879205333484616 -0.0338103747620372
Diras1 3.60857796839288 0.18938375452059 -0.386684662830465
Wnt2 3.6039575075747 0.328143821121619 0.183841142499625
Fam174b 3.59741956053721 0.0942123481120817 -0.199509577185312
Rian 3.59638755323948 -0.388645213685073 -1
Gabra1 3.59143378530959 -0.224968962797634 0.221089952770767
Ddx25 3.59114397111928 -0.264601678973451 0.236246349227833
Amer3 3.58082803740891 0.265308461484488 0.295369749119716
Klhl13 3.58044674192136 0.385011192221973 -0.220201445301714
Prepl 3.57085357109969 -0.220961261714827 0.0395102129046706
Adamtsl2 3.56268607941848 0.129728546750699 0.109086686440514
Thsd7a 3.55768692032593 0.357704721144124 -1
Arl4c 3.55009661539827 0.263957758376412 -1
Thy1 3.53815509591496 -0.552896594311852 -0.41328966903685
Asic2 3.53345342313208 0.149776354760648 0.450507363797938
Kcnn2 3.53283393366822 0.223332947564541 -1
Rasd1 3.53067220187416 0.369042186857121 0.0343587031157065
Bglap2 3.52982094652869 0.935534095650221 0.666666666666667
Serpine2 3.52121130468408 0.165593773018137 -1
Fam241b 3.51823921643928 0.0610588402233072 0.252413117123236
Gria1 3.51123659278517 -0.324307921944606 -1
Syt6 3.51109700617173 0.569074887961361 0.250374749205716
Map1b 3.51108583288248 -0.534460319289266 -0.241087613628231
Snrpn 3.51030415502184 -0.599474428775509 -1
Ramp1 3.50442354103144 -0.319802001696635 -1
Chrna3 3.49258570776646 0.868223293728592 0.380623374621844
Caly 3.48732742685778 -0.4649347924692 0.143598019364513
Gng3 3.48554984501544 -0.682432915543333 -1
Edn3 3.48097646870926 0.756532831383359 0.471780677306095
Ngb 3.47959312704445 0.452812006277773 -0.333333333333333
Ndrg4 3.4791033313258 -0.423703099256049 -1
Dennd2d 3.47702965301306 0.87167795966787 0.551499564567195
Gpd1 3.46973370212176 0.299042888647827 -1
Slc44a5 3.45402948903866 0.739516051790154 0.61744536016761
Scn2a 3.45071904664655 -0.405589438164079 0.142844228068015
Nbl1 3.44968382950162 0.467384510526697 -0.333333333333333
Npcd 3.44954188354552 -0.178361708521932 -0.136077661440482
Syn1 3.44820893523953 -0.502102122531867 -0.172914523706752
Zbtb16 3.44738390778465 0.676570118667793 0.094028531107463
Ackr1 3.44638740194222 -0.448779672649701 -0.35855199115515
Serpini1 3.44299109101612 -0.285653056201118 -1
Cgn 3.44038777224494 0.233521813791914 -0.0368602161362655
Bex4 3.43989754138427 0.261419978776516 0.262032675098956
St6galnac6 3.43335858374311 -0.016352688956393 -0.041172664009731
Got1 3.43087374202824 -0.407644322610792 -1
Lrfn5 3.43050713011521 -0.382508387651818 -0.411077068330445
Gstm6 3.42762129527057 0.419419581437368 -1
Tspyl4 3.42600435101095 -0.145916807562324 -1
Crispld2 3.42104837595353 0.839916023210707 -0.329061306973691
Fstl4 3.41263376843528 0.132731951497141 -0.134114295602182
Vstm5 3.41143127649935 -0.110720543233986 -0.406378057417222
Gabra3 3.40946081273276 -0.238356680524868 -0.056172647311607
Nectin3 3.40481041491261 0.273435242104543 0.0227356734610576
Erc2 3.4047868731105 -0.332228379672461 -1
Bc1 3.38393327034645 0.127752312652532 0.194151847055731
Tbc1d25 3.38167877715081 0.461574621061324 0.410791064604606
Calhm5 3.37515314976513 -0.304472625005007 -0.333333333333333
Atp6v1b2 3.37182508106908 -0.537762897466226 -0.0928377547977242
BC005764 3.36575486974792 0.57132452346498 0.51112481932865
Lonrf2 3.36442373883978 -0.435484061328217 -1
Sh3bgrl 3.36126630624069 0.491064412675393 0.179500162830981
Dner 3.36013837332009 0.25310396178575 0.0563614894761193
Gins1 3.3595462108538 0.44786570105424 0.307208294468645
Lrrc17 3.35104516216779 -0.133166745161884 0.251826032915023
Cntnap2 3.34146549805212 0.130770481089064 -0.284830889641122
Syt13 3.34010033680228 -0.235306944697287 -1
Plcxd3 3.33016156844975 -0.351172735212177 -0.323744009427245
Ntrk3 3.3290312098241 -0.385444951476839 -1
Kctd12 3.32788174215432 0.552644221825701 -1
Fam84a 3.32713115546513 -0.212115353279501 -1
Cpne7 3.28757414787205 0.0686949069213072 -0.23804157629738
Clnk 3.28243980500639 0.900831566210112 0.666666666666667
Mtag2 3.24129542086481 0.489812514317196 0.244741785371488
Vash2 3.21922384807011 0.471725908428384 0.202963077682903
Slc10a4 3.18394015648526 0.966224416328481 0.663654088879091
Klhl40 3.17395415048604 -0.0661995642608341 -0.143185592396001
Ribc1 3.13457300265112 0.818268025364004 0.576911758632683
Cntnap5c 3.10126371554851 0.470801169953556 -0.360213341316552
Cda 3.08012394625358 0.475979811242414 0.301200182693291
Strip2 3.07413409045312 0.471274239873541 0.37923322229494
Cited1 3.05936424410505 0.104738637676767 -0.150205063225291
Apoa2 3.01320700590623 0.453516128107765 -0.0292059959421489
Mir374b 3.0091167895306 0.684124981988697 0.625193749163677
Gm13305 3.00741538409594 0.567715430345698 0.364873487550829
Setmar 3.00554867317422 -0.102404690677721 -0.120302575244082
Usp13 2.996958174052 -0.0259238115304355 -0.348926024394353
Slc6a7 2.97394686178367 -0.322042186894023 -0.3606482797757
Gm8773 2.97203613747831 0.78130066859505 0.660521685478658
Gm14169 2.96198316183337 0.524345969135294 0.258541667582736
Fgf7 2.95250454781591 0.869470251373221 0.656126770593422
Zfp618 2.91142035243204 0.726525223981062 0.382232960712293
Sstr4 2.90404274244337 0.183165916902037 -0.0919605069945933
Noxred1 2.89391688014436 0.697877243835528 0.405982764063865
Gjd2 2.88613203544172 0.731646243267537 0.146160936242047
4930563E22Rik 2.88493751858878 0.180227725154051 -0.0811794133106798
Bpifb6 2.87423489516364 0.966666666666667 0.666666666666667
Plxdc1 2.83651377222822 0.0399726737190579 -0.234708549418207
Cacnb2 2.83508817348016 0.481265083970631 0.307454350339807
Rgn 2.83245605565917 0.959843158868301 0.666666666666667
Sac3d1 2.81918675773528 -0.0646138707742883 -0.311154692839594
Mdh1b 2.81879214154612 0.818712039573733 0.65751490459019
Ccl17 2.81012104743493 0.120426500769175 0.116384290617633
Gpr135 2.77339356970617 0.737241627198531 0.538546494171301
Sardh 2.76131292700235 0.716427641490391 -0.333333333333333
9530080O11Rik 2.75503654197224 0.109952779299334 -0.0276596253153688
Kcnq5 2.74731195611641 -0.209205157721991 -0.38856737339197
A530072M11Rik 2.746617656361 0.715961726655213 0.586348385833128
Capn6 2.73377034352137 0.630805767490704 0.550539207714184
Vcpkmt 2.71367893760267 -0.173722027853888 -0.231688091883215
Serpina3c 2.7085025792003 0.958148825434069 0.666666666666667
Rspo3 2.70720998216074 -0.17997897959813 -0.257169507729135
2810442N19Rik 2.70533928533917 0.806595452087676 0.660675609744432
Etnk2 2.69869474619272 0.503436258873124 0.257283380772771
Lrrc73 2.68719480728067 0.312750622968752 0.205151705259861
Ankdd1b 2.67096344392727 0.261453762575741 0.265258836434786
Bmp3 2.66908859204242 0.0482650109066264 -0.283863400440566
Ankrd34a 2.66396597639315 -0.389898479548235 -0.350791671886919
E130006D01Rik 2.65992455840238 0.74119246737792 0.391029331220158
Gpx2-ps1 2.65158478487149 0.146437447035052 -0.136446842687439
Prcd 2.64936550777952 0.0730676721174136 -0.0426348363765684
Fam183b 2.63176950199306 0.479038922460948 0.222413909197908
1700013F07Rik 2.62510346245226 0.386337386952409 0.192753341527069
Pde11a 2.61974836509524 0.895764351349884 0.488755338246298
Hcrtr2 2.60463781138387 0.497888217066722 0.341378963166259
Gm1673 2.60254511072982 0.0693723197817016 -0.033198839049825
Gldn 2.57110966482042 0.895075983055987 0.665422181037509
Agtr1a 2.55791767770693 0.953972262208597 0.666666666666667
Chrna7 2.55234534826548 0.772098719700445 0.652989957259242
Snora23 2.55037301025302 0.614923259322301 0.530579986317191
Rims3 2.50535778132808 0.545437368138564 0.351613572966344
Slc29a4 2.42752809050251 0.759647349146255 0.306951619867699
