Npy 11.2479083379081 0.552024396942707 0.3031964824525
Sst 11.0220082759897 0.739619041899654 0.491301143071913
Crhbp 9.8269733634971 0.643097733436573 0.539877211958834
Synpr 9.4050525332737 0.441242440571513 -1
Gad1 8.61493486820271 0.304002984469023 -1
Pdyn 8.19977507803317 0.85494497677645 0.664508076948855
Nrsn2 8.12561861232308 -0.0207754318611614 0.000332837361253308
Cacng3 8.12041824492408 -0.337542155680727 -0.110382628511724
Rab3b 8.08892059440639 0.193043037224547 0.120308336466063
Tmem130 7.97251156399954 0.11369990670429 0.44381035201851
Calb2 7.796277119037 0.774194375914659 0.531259085920107
Syt1 7.59365126189892 -0.573243034556557 -0.0425771983559302
Calb1 7.46612327530111 0.494713811881319 0.338438182015881
Snap25 7.4558582813444 -0.657883844000568 -0.275263367949807
Cort 7.2219772284168 0.56294506000977 0.139533019320142
Zcchc12 7.21469886710373 0.351166883711015 0.123523948231403
Akr1c18 7.19795671759233 0.615011998803514 -0.406411519072925
Nrip3 7.126354908434 0.00564347718993814 -1
Gad2 7.10800756201264 0.441237910288336 0.506050441236415
Nxph1 6.97719294550112 0.264784680003119 -1
Serpini1 6.95358369845884 -0.0886197642691353 -0.163675331494169
Lgals1 6.83198528592964 0.529391962312046 -0.301633334463823
Atp1a3 6.79094448138446 -0.485186129481639 -0.0142112992081376
Stmn2 6.77439079994234 -0.582351215420301 -1
Rpp25 6.60248798443822 0.406876995697847 -0.00519451555269503
Rbp4 6.43074278336498 0.415087327037164 -0.382834834553587
Vsnl1 6.00609626130969 -0.596054217321373 -1
Golga7b 5.95164594837818 -0.41862461170579 0.200946385728715
Kcnip1 5.91455271124889 0.431991880456764 0.289389136785233
Pnck 5.85518762763439 -0.168022208537568 0.208419886335583
Resp18 5.8517441402963 -0.0552716305221634 0.241045392346827
Bcl11a 5.83523084772431 -0.292850396428459 0.160616216094182
Pde1a 5.80342029777779 -0.34462851719852 -0.374897420404986
Cdh9 5.76655376923167 0.334481813816369 -1
Rasl11a 5.75434883816107 0.5663557728574 -0.06872941198081
Efna5 5.70210563055129 -0.388707630069953 -0.375590069012067
Slc30a3 5.69857360208059 -0.217577749527329 -0.432088253655291
Elavl2 5.69785948505989 -0.0443900100958977 -0.365464413108091
Igf1 5.63376572759837 0.670194048487532 -1
Gabrg2 5.61218754696653 -0.522747364447294 -1
Syt5 5.61129523250596 -0.386301444235102 0.274290013988326
Rab27b 5.60146529707068 0.324381737068868 0.545838194402132
Nell1 5.5722784879605 0.207738149166403 -1
Sult4a1 5.5335306306936 -0.618811140429882 -0.413866072125364
Sncb 5.51148295754795 -0.568304237811634 -0.288088600624021
Il34 5.47558692094545 0.280496322412107 0.331524741197427
Dbpht2 5.46764280917414 -0.386664412538015 -1
Rnf227 5.4604279274234 -0.40770020830689 -0.489523211327486
Dlx5 5.45653682533194 0.42586966745805 -1
Cbln4 5.45546027445328 0.438756325283489 0.225140154574311
Atp6v1g2 5.45120156901537 -0.631223118651078 -0.206158933618711
Gm1604b 5.4452711300176 0.415716005482983 0.170697988704091
Fabp3 5.43863588355156 -0.646029511870327 -1
Ckmt1 5.43343551285158 -0.597123862671006 -0.377824124724979
Cpne6 5.40823274081257 -0.457731821094024 -1
Ctxn2 5.37154664039899 -0.0889066977856031 -1
Lin7b 5.35808059730298 -0.45898954465735 -0.379228554905616
Mpped1 5.35677456264472 -0.302029978981726 -0.0121868043838125
Gm15881 5.35658509030009 0.0618696497276522 -1
Scg2 5.34315414951917 -0.204483239542075 -0.335568500645494
Sema3a 5.33394362449925 -0.0197883877620345 -0.136716882684618
Galntl6 5.32031498597912 -0.0354283081234569 -1
Bex2 5.28513702057862 -0.484350113393384 -1
Dgkg 5.28375660438091 0.267306588898636 0.468413128072502
Stac2 5.24607245557454 0.122218904313283 -0.585823229403827
Dync1i1 5.24347743144295 -0.535234401821163 -1
Fam84a 5.24319521739349 -0.121842877714833 -0.0963948555411647
Kcnc2 5.23721658266624 0.108467483942509 0.0421199809885432
Meg3 5.23159259262862 -0.499653381951075 0.217976738182537
Rab3a 5.22701837034561 -0.586163673156768 -0.12845174907976
Arhgap15 5.22422990565436 -0.0627273042750893 -0.0737409532263922
Gap43 5.22353456405465 -0.366668206661829 -0.31514389001048
Cplx1 5.22153394654242 -0.322235814575497 0.0987056031800585
Pcp4l1 5.21316061556912 0.0886774457029242 -1
Ephx4 5.18538184228257 -0.46782927412987 -0.3277159893645
Ano3 5.17321899946633 -0.352048232776192 0.0285533592652466
Cpne5 5.14903663463731 0.209659618322674 0.140709375546724
Vstm2a 5.14066655885074 0.0685944789466592 0.0427162461893636
Snhg11 5.12853084992203 -0.586119877175781 -0.342401436047976
Car7 5.10833475221995 -0.226065051720651 -0.0521726479861532
Smim18 5.06003157354171 -0.40740295124037 -1
Reln 5.02843697710518 0.61370515260554 0.591850728300151
6330403K07Rik 5.02757698293987 -0.348446813068442 -1
Syt4 5.02693251128637 -0.550109013104385 -0.196545227743111
Cdh7 5.02238959968444 0.362176443066895 -0.311817477745336
Rbfox1 4.99550881044349 -0.330470768778153 0.0198281581617672
Mrap2 4.96861645069613 0.753346335250587 0.612878366372632
Nnmt 4.96842013255674 0.661102465778329 -1
Gria1 4.9632164005402 0.155573221957277 0.533716577060185
Tac1 4.94687681028525 0.283297723006597 -1
Tmtc4 4.93301394552405 0.557508472291789 0.311021396803166
Lhx6 4.91107450926168 0.435230511171605 -0.338816380448403
Tox 4.90292547985161 -0.13772807084905 -1
Tuba8 4.89681682424238 -0.0524702820802833 -1
Cd68 4.88567636648483 0.328322945242494 -1
4930452B06Rik 4.87899450311215 0.707160905290924 0.245432608021803
Nefl 4.87434168402353 -0.40941119681604 -0.104056376094026
Gpr83 4.84690583553422 0.00594556283162113 -0.330692034203718
Prkcg 4.82224360397511 -0.288799505956865 -0.449158515266931
Cadps 4.81894457540445 -0.30991623016857 -0.34628848510086
Tceal6 4.81878143691348 -0.216416945273937 0.196142371978952
Grin2b 4.81327449963976 -0.537181851786674 -1
Bex1 4.80684625284078 -0.111076572268291 -1
Sh2d5 4.79700989432226 0.0599361869198454 0.297318025343337
Syp 4.79597206281296 -0.589938338366672 -0.333037189918607
Slc2a6 4.79443105258723 -0.244161100496601 -0.233060624542185
Mal2 4.77150899155562 -0.295423871163022 -1
Nppc 4.71224526363295 0.519140839830265 0.268688124171115
Sult2b1 4.7121780540506 -0.398571855484826 -0.269419490321895
Dpp10 4.70171087024681 -0.459138915269351 -0.331758172685796
Kcns3 4.69814827767595 0.321334579236502 0.218756716396622
Spryd3 4.6932041199303 -0.581372677634579 -1
Clvs1 4.69247278333397 -0.350875077363724 -0.365036520581268
1700086L19Rik 4.68586820777954 -0.391433067261624 -1
Tmem91 4.68333908265871 0.0460720847355529 -0.0900062532146104
Olfm3 4.68117978731343 0.22569778613057 0.145965350355503
2900055J20Rik 4.67492838429961 -0.396651858320199 -1
Nap1l2 4.6564143817251 -0.406124420742521 -0.271183014787003
Chac1 4.64923627069208 0.217193609183655 -0.374018016341094
Gdap1l1 4.63624011919199 -0.543695899088065 -1
Hpca 4.6202467392566 -0.224723523897563 -1
Pcsk1 4.60962612288779 -0.328129546673685 -1
Pcdh18 4.60455693718012 0.709127077092062 -0.333333333333333
Camk1g 4.60303273530127 -0.0950400470655556 -1
Fndc9 4.57994146900327 0.518883197541874 0.358935503453301
Serp2 4.5626848457806 -0.311077690995502 0.139559753630594
Gm9866 4.55962705882648 -0.485154825426175 -1
Syn2 4.55124568082902 -0.255769190883663 -1
Zwint 4.54577235345351 -0.123128587537922 0.310082326478725
Scn2b 4.53552053202573 -0.537778334053768 -0.524755654254941
Ifit3b 4.52924799113751 0.477733254238335 -1
Ifit3 4.52576997335524 0.440143994767959 0.478530921018195
Col19a1 4.52378711721727 0.231572566797721 0.0548861462264454
Syngr3 4.51687940729326 -0.336504500867711 0.167913877584973
A330076H08Rik 4.513670145128 -0.310891828701101 -0.159222002363756
Pvalb 4.50998998345993 0.328793223283414 0.485643775077586
Ndrg4 4.50012489732364 -0.586474501588852 -0.172989846307756
Nsg2 4.47480472856006 -0.554228220637923 -0.360061877498513
BC030500 4.46453595963359 0.00988955430343472 -1
Mafb 4.46246549915561 0.397452639260159 -1
Nrip2 4.46123211603478 0.169547667073373 -0.333333333333333
Clstn3 4.4546228472327 -0.533039085953037 -1
Spock3 4.44616982431231 0.10949735075524 0.357895929610904
Gng13 4.43781070975057 -0.488491891642611 -0.474388495931341
Wipf3 4.42766462467298 -0.19794085070043 -0.420023665146486
Cacna2d3 4.40506216312438 -0.0644626314333019 -1
Eno2 4.39859723541951 -0.624460953122736 -0.298346483260045
Sfrp2 4.38492728132967 0.777183235707088 -0.145722334420016
Cdh13 4.37628468259124 0.072091311359062 -0.111115440220404
Cyb561 4.33921328222093 -0.497808954727929 -0.152170194305636
Ralyl 4.33110938313803 -0.387236865634503 -1
Rit2 4.33048527007417 -0.482213773139021 -0.267055638676957
Ypel4 4.31294397215116 -0.160973341847714 -0.2381061112264
Slitrk4 4.30216230205566 -0.528437308628445 -0.397054358723269
Rgs4 4.29781455293658 -0.359865937415051 -0.337608285051271
Mllt11 4.29353476639295 -0.404094160276878 0.108458207543879
Ipw 4.25226536467458 -0.535665865216404 -1
A930003A15Rik 4.25071393794081 0.712723822304821 0.181913346202873
Snca 4.25028052344237 -0.226238559663733 -1
Nrsn1 4.24955491021849 -0.454587503954496 -0.190738274874534
Gal 4.23607611485346 0.944583699760045 0.666666666666667
Hrasls 4.2290316086731 -0.365194717958331 -0.364436207552445
Syt13 4.22284257192869 -0.468005195526449 -0.374138135410576
Gria3 4.22119410307074 -0.275488229858132 -0.264036881174964
Oxtr 4.21351527614194 0.866284516456623 0.66435865057984
Hpcal4 4.19138730943096 -0.33479206425583 -0.163074056722288
Snrpn 4.18752008811165 -0.467735280871351 -0.10453179959214
Timp3 4.18610556070009 0.420298414304944 -1
Rab3c 4.18449036269157 -0.339147201427225 -1
Vgf 4.17355269214424 0.36479758390904 0.312380553922899
Nmbr 4.16952419715 0.808582038070051 0.666666666666667
Snurf 4.14398801593694 -0.430215956542937 -0.207037841809471
Gdap1 4.14329185241487 -0.620494595879522 -0.338087476611904
Lmo3 4.13926239391547 -0.359242449678588 -0.373064666976733
Got1 4.11204188588628 -0.577727591730135 -0.319110606023247
Rwdd2a 4.10737328347254 0.101066813142616 0.382023397728012
Kcnab1 4.10009358586913 -0.154733914247391 -0.299743179503643
AW551984 4.08842482271463 0.805142244135713 0.494855559299807
Ubash3b 4.08745924331137 0.233380140847416 -1
Chl1 4.07631736578876 0.22409443595278 0.327451530738744
Rxfp3 4.06830091959841 0.944235538530983 0.665566293014013
Rpusd1 4.05827989665787 -0.115911860992608 -0.127947164348792
Chga 4.01868619572415 -0.489041563666716 -1
Rgs17 3.99532662109272 0.159370701365507 0.272322209805437
Dlgap2 3.97494956189851 -0.295847153243617 -0.310858279750528
Rph3a 3.96982661910992 -0.205669835528547 -1
Dusp14 3.96395066605434 -0.218126008613924 -0.131668177213336
Rian 3.95071970246942 -0.139636451023085 0.395991809458538
Prkar1b 3.94727293172686 -0.581146583341034 -1
Zc2hc1a 3.94539460069263 -0.330946033670004 -0.293428276672847
Pcsk5 3.93625122935069 0.0202759250731357 -0.23977105524993
Coro1a 3.93522795145107 -0.381117095962106 -1
Mgat4c 3.92398723906871 0.150214779909228 -0.487205371595847
Nap1l5 3.92106849299922 0.0362805539086075 0.403517039958917
Cnnm1 3.91657303385532 -0.405356034254498 -0.327778003659878
Flywch2 3.91046893485293 -0.209726867678199 -0.0906594567287805
Kctd8 3.90674914798441 0.509284393772266 -0.0210926871091878
Slc38a1 3.90347146820831 -0.0901741081740888 0.500153292664938
Fstl5 3.89426733210081 0.303733510752726 -1
Stmn3 3.89157923870063 -0.542043348897039 -0.1203934721119
Th 3.88584707605551 0.730942433696344 0.128566994203174
Grip1 3.88060265455671 0.265291889013901 -1
Trpc6 3.87851493761996 0.574678769967917 -0.220389661115971
Cdh8 3.87713689644867 -0.310227064803342 -0.232295234001772
Pcdh8 3.87324409239209 0.467202894781844 -1
Eme2 3.87123404116764 -0.0258488853157324 0.133294100499918
Moxd1 3.86750405803149 0.62928334475302 0.290438600366532
Maf 3.86404308168869 0.293400492421955 -1
B3galnt1 3.86099075561637 -0.586311021352956 -1
Neto1 3.85902588062176 0.150060938508165 0.245041883531987
Lrrc3b 3.85541329799528 -0.383099308734958 -1
Gng4 3.84977772931197 0.0616931124502957 -1
Adcy2 3.84238283813187 0.0960004239812062 0.186570822077463
Nrxn3 3.83003054867879 -0.105737909270511 -1
Usp29 3.82466612860048 -0.00546505337804613 -1
Scn3b 3.8201185324183 -0.090510523934931 -1
Grin3a 3.81840548327378 0.775298360607849 0.626254287178599
Ptprn2 3.8150077734917 -0.421629858251833 -0.250859373419011
Lypd6b 3.80906202822573 0.287777733563596 -0.33628919763054
Bend6 3.80797428044425 -0.523528113733256 -0.325633040126971
Magee2 3.80597490082896 -0.183672112871881 -1
Zfp385b 3.80550038388572 -0.497932657705542 -1
Ankrd55 3.80235827232111 0.383189131638596 -1
Ankrd45 3.79477927116979 -0.490664782646501 0.0945196057901054
Dlx6os1 3.78638727995983 0.389374109319953 -1
Lhfpl5 3.77811171209306 0.085813379687187 -1
Lamp5 3.76562509858469 -0.174143572670459 -0.137740673455114
Gng3 3.76438404357037 -0.590325532202024 0.0974529240777808
Satb1 3.76214269594769 -0.264080139960787 -0.527596902210412
Tceal5 3.7588245973322 -0.415635595750754 -1
Ptchd1 3.74851340935264 -0.339796812547093 0.0174563639909324
Rcan2 3.74609108912845 -0.00736979205892557 0.136401915227578
Camk2b 3.73924379550217 -0.27923521991681 -1
Gda 3.72806276977176 -0.227807961070155 0.46064782372569
Fgf12 3.72667512055604 -0.508805509561434 -0.00159479722438445
AF357425 3.72087393855536 -0.473787011603373 -1
Tmem59l 3.72056715519199 -0.577195138243613 -0.223198290036166
Klf5 3.70943324987078 0.432193324192839 0.427558223960021
Svop 3.70858749980534 -0.43941300859238 -1
Slc5a5 3.70307449384308 0.00358463278099439 -0.238512260194018
Galnt9 3.69226262171603 -0.271717962761974 -1
Samd12 3.69042726329161 -0.393754496033257 -0.37503694901418
Tubg2 3.68792380232899 -0.204273037675068 0.119201189678124
Rims1 3.68655559511634 -0.386042231767088 -0.423316203135235
Tmem178 3.68562559103556 -0.392588579359317 -0.351799791761895
Akap5 3.67919456645033 -0.027622884568871 -0.0276966131907656
Fam110b 3.66843490026371 -0.179664224207102 -0.0645823294929701
Fkbp1b 3.65886705769202 -0.386512241932068 -1
Galnt14 3.64362467924207 0.0946588486875066 -1
Ccne1 3.63291129577109 -0.284548338090394 -0.513433159549765
Rasgrf1 3.62716851279602 -0.45372807784529 -0.456097253731719
Asns 3.6264659040409 -0.357044585160715 -1
Kctd16 3.62603130393221 -0.176578682172174 -1
Lonrf2 3.61677273935945 -0.23859627175079 0.412805667486108
Thsd7a 3.61494600442304 0.364623431459911 0.048321022178883
Gfod1 3.60602972382546 -0.172944585730481 -0.333333333333333
Phyhip 3.59267695971052 -0.159003532751571 -1
Oprl1 3.58317224459836 -0.464649039693159 -1
Etl4 3.58163896598241 -0.107835968289731 -1
Chgb 3.57555464487406 -0.427493700525055 -0.272540258720652
Tspyl4 3.57212014636822 -0.0835384865884691 -0.322320610515378
1700001L19Rik 3.5604600079462 -0.288801383351194 -0.31518468981266
Slc24a2 3.5596906018916 -0.528947156295496 -0.347142485168036
A530058N18Rik 3.5576440629531 0.276375015152287 -1
Prkg2 3.54834015921123 0.280403300666114 -1
Slc7a4 3.53790135010801 -0.298546111243607 0.241179581738055
Scn1a 3.53597559028829 -0.269738971232298 -0.0523500328805618
Rab6b 3.53388122148768 -0.543979928648612 -0.374158537934583
Pnma2 3.52021625958295 -0.424885207496702 -1
2310030G06Rik 3.51924986955122 0.257649733163121 0.156994639604416
Ak5 3.51812854033902 -0.272141799045412 0.00866377587779172
Grin1 3.51320333785337 -0.510512997023831 -1
Cend1 3.51069618186268 -0.319312016242642 -0.163031100458818
Gm13629 3.50092942448258 -0.150136563108569 -0.0950670449914247
Col25a1 3.4989838109554 0.50821157256471 -1
Pla2g7 3.49596408827799 0.111942137844863 -1
St8sia3 3.48916757522052 -0.396519597680537 0.117002404989107
Erc2 3.47496402436486 -0.338122374051644 0.217605836256287
Slc12a5 3.46727433316786 -0.444755315952901 -0.381709547657044
Dlx1as 3.46337860265055 0.415068568073896 -1
Rerg 3.44741192713185 0.488335821218589 -0.425122198112217
Scn2a 3.44457887596614 -0.404185961250725 -1
Grik1 3.44032686199936 0.179875958031853 -0.508470333462179
Lancl3 3.43754971007413 0.30814622526257 -0.306144718178348
Grm5 3.43024129308166 -0.444247851016903 -0.312807147212108
Mical2 3.42654810419228 -0.462144968487556 -0.43364171906861
Asic2 3.42346571402325 0.102725962774309 -1
Cntnap4 3.41728907799985 -0.0241285136882149 -1
Actl6b 3.4169624813161 -0.556876031013301 -0.361739448508777
Bbs12 3.41516859420818 0.348132460362026 0.229759389157966
Calca 3.41423504223335 0.101187928911772 -0.306626582476282
Rab15 3.41081826298624 -0.283721973521118 -0.358749430742863
Ddx25 3.40400372751111 -0.373916099163279 -1
Rbms3 3.40365114335174 0.298887331359776 -1
Sel1l3 3.40277865601191 -0.417619488614853 -0.362367876503427
Mir344g 3.39759205025366 -0.0439150770127141 -0.295573356878163
Caly 3.39543631233062 -0.507118512876665 -1
Grm1 3.39531437042394 0.435942705062455 0.45398685266771
Opcml 3.3951303779646 -0.603406004331574 -0.304868276531505
Tnni3k 3.39152918077997 0.872502407586406 0.666666666666667
Thy1 3.38203688600004 -0.559503892504988 -1
Cds1 3.3811949446072 -0.462215173861983 -0.37423992834002
Syndig1 3.37994910722502 -0.318907668066587 -0.213448489790085
LOC626082 3.375415798452 0.0212631364557912 -0.157808728625539
Neto2 3.37499035625174 0.160635392966167 -0.150065312057587
Gspt2 3.3700221777916 -0.201854160160307 -1
Ifit1bl1 3.3639337480211 0.101798613886144 0.125534701643573
Grik3 3.36234925745615 0.28033825793561 0.0663031545313114
Dleu7 3.36122900693782 0.398853048597776 0.364113350263069
Disp2 3.36062597280677 -0.0745415861983166 0.108842941956132
Ptpru 3.35326403434407 0.599752796708842 0.42741750684407
Lsmem1 3.35286651212908 0.606662025855224 0.22011269732295
Pcdhb12 3.35272837350491 -0.180414467596308 -0.20565821409493
Map2k4 3.35012785399702 -0.488588576534566 -0.415760261783253
Stxbp1 3.34632816313237 -0.617314952750832 -0.418675409842151
Syn1 3.34091813667868 -0.477602281009592 -1
Ywhag 3.34065523129629 -0.617803787822786 -0.478769499410673
Homer1 3.34036290796627 -0.426832477359299 -0.0156517519844492
Fxyd2 3.33742894451556 -0.0205131248737879 -0.227272058857544
Fam155a 3.32726270785222 -0.399659726184987 -0.214436336054538
Clvs2 3.32724609875854 -0.557507873511892 -1
Gabra3 3.3234930445689 -0.2791440533702 -1
Aldh1b1 3.31858474641524 -0.157423481321367 -0.394325327971097
Kcna3 3.26095739335323 0.323269537007813 -0.28458556510573
Cntnap3 3.25791243524235 0.508228460143178 0.404115681172467
Prokr2 3.23251096554113 0.930419915555272 0.665290597077809
Trhde 3.23108060941406 0.0631904694501914 -0.225462673487447
Frmpd4 3.18592264990495 -0.198975826763184 -0.180096585626124
Ifit1 3.1178885082109 0.751211962444095 -0.333333333333333
Hpse 3.02911505156739 0.965753911886982 0.666666666666667
Prep 2.99884758022912 -0.0438558696785509 -0.325342781843649
Cfap69 2.98624590186952 0.180622654138404 0.125401202248716
Elfn1 2.9606861830748 0.90522992094861 0.624138359432597
6430411K18Rik 2.95461272314978 0.38931692823491 0.175804196699476
Ttll11 2.94906724776612 0.00127066538121889 -0.286534813092551
Foxred2 2.93185371882997 0.417714876100647 -0.0933153686141696
Pcdhb10 2.91328754337053 0.413771435207362 0.173464806631587
Grin2a 2.86441622049857 -0.261374706556117 -0.321291161188791
Shisa6 2.85787813862702 0.66426031604829 0.521245563765597
B3galt4 2.83936683714597 0.265321741264283 0.0559707284407834
Sptb 2.81655125086401 0.27300764286146 0.0949395885177722
Syt3 2.81153912793534 -0.0967335260736658 -0.317008094609576
St6galnac5 2.79738132658028 -0.202750081159931 -0.316666821329266
Pla2g5 2.79212040836244 0.644668015637098 0.638861385475783
Dok4 2.790772037862 0.141800779165535 -0.23133447523329
Slc27a2 2.78035833621772 0.399868348778679 -0.358959769011882
Cacng5 2.77117095004137 0.785206365748469 0.666666666666667
Ablim3 2.75202171577149 0.389889076231752 0.229261481673015
Cdk15 2.58383053123124 0.519483536943907 -0.307981526529467
B4galnt4 2.5835351955404 -0.0685719233837946 -0.153093182644739
Fibcd1 2.5830163792108 0.80148839712979 0.666666666666667
Dmrt2 2.55639334852439 0.846340643423226 0.355217612340186
Ly6h 2.51662277084526 0.0444026234422264 0.00912645485681239
Hcn3 2.51107357865911 0.477431058796141 0.525417550286132
Cxcl17 2.50704838644307 -0.162234740192113 -0.248435980357037
Pcdhb13 2.50238963335512 0.12632375752535 0.0744645423512827
