Trf 12.4414226758758 0.766304352797172 0.124504783059613
Plp1 12.3001861924886 0.822355433507976 0.643367990168517
Car2 10.4834746474285 0.682947093342961 0.348518642069591
Mog 10.4029349786506 0.908815346888729 0.664498020490843
Opalin 10.3864762507403 0.928878278727349 0.665258240713219
Mal 10.3096238047711 0.774528059881211 0.412947726838732
Ptgds 10.210300573814 0.738263745433464 -0.21339427889188
Il33 9.97660771822439 0.848992397924796 0.666666666666667
Cldn11 9.96720296972084 0.918885673322529 0.665778326827558
Cnp 9.67654897116063 0.73469282597564 0.326083292336888
Apod 9.66752023221665 0.741745132804277 -0.333333333333333
Aspa 9.33781674815292 0.94048231125484 0.666666666666667
Cmtm5 9.07017800082226 0.703192674996903 0.350542087964516
Ermn 8.98891427966677 0.911173323736783 0.655325163760956
Mbp 8.81044080179824 0.824798689056611 0.643061941022255
Evi2a 8.55923178319159 0.750659745477119 0.661196237027902
Mobp 8.5370649950338 0.897630256191832 0.665803919839125
Gjb1 8.5313115940325 0.868735209093935 0.666666666666667
Olfml1 8.52503216477499 0.870860245001153 0.666294218498077
Cd82 8.3127276607351 0.842629107021142 0.665525304453256
Ugt8a 8.18877887938818 0.761204353216633 0.303802825448336
Car14 8.13598442862433 0.873983181380346 -0.00757717413575311
Mag 8.09471397106083 0.95246037187541 0.663397080333423
Pdlim2 8.01177655223849 0.746531422692883 0.0312492030800411
Gpr37 7.9488932958749 0.814089493931141 0.665860302507232
Ndrg1 7.92802040575991 0.674705497807908 -0.212672741763607
Serpinb1a 7.82014639694362 0.837797429618225 0.630390738943852
Tmem98 7.77935266406048 0.648705563476383 -0.101269951619763
Tnfaip6 7.72325345881352 0.659696012121226 0.321006194505166
Tmem63a 7.67006472396069 0.812332036035824 0.263613622252495
Tmbim1 7.37872528874494 0.750559613579762 -0.147967555107563
Enpp2 7.3565558593311 0.574735359697358 0.532048275863155
S100a16 7.33679456538111 0.49632127597907 -1
1700047M11Rik 7.30309838628082 0.876860707854271 0.441276941092263
Ttyh2 7.29568469615526 0.669250576584068 0.332098237533478
Lpar1 7.29074853178335 0.587856393523232 -0.150622205722482
Cryab 7.19038733495459 0.471577886181474 0.00605780278121446
Ninj2 7.06993849395865 0.858606545070632 0.589644793602859
Pllp 7.05585449440689 0.647257987012775 0.209562430701082
Tnni1 6.97512640151054 0.958481027206438 0.66575337920761
Pls1 6.95628769906016 0.746767332751223 0.66624063892594
Gng11 6.94918294107364 0.652691284731838 0.413751618496842
Gatm 6.93303213599369 0.560246895750269 0.33728036470054
Cyp2j12 6.83645858735751 0.966327852056604 0.666666666666667
Plekhb1 6.79399528546203 0.59388573702386 0.189680429797623
Grb14 6.7330924684529 0.732933615274832 -0.226378133960541
Rhog 6.69531948760222 0.686600623903821 0.182909969719747
Selenop 6.68503113099251 0.435116063283326 -1
Tspan2 6.66090336783666 0.659758268440365 0.142878531430971
Ctsk 6.59467187298814 0.779815128338125 0.655778189718231
Dbndd2 6.5815876828178 0.766313824461444 0.461500921396015
Gstm7 6.57894315952571 0.589814008539951 0.328133407193866
Sept4 6.53802752487994 0.654505037590272 0.51962515796467
Litaf 6.51420991080941 0.696022094060677 -0.0204189985448613
Grm3 6.49863004623425 0.256047376715586 -1
Fa2h 6.43335203874029 0.873484044266064 0.666666666666667
Smco3 6.3008523095114 0.706998404803869 0.666666666666667
A230001M10Rik 6.25179812728821 0.94468599855761 0.665541720742396
Folh1 6.15202307844185 0.924173870100998 0.666666666666667
Bfsp2 6.13542959537247 0.891722694622652 0.666666666666667
5031410I06Rik 6.10802126693258 0.868220278780378 0.665062758136322
Slc44a1 6.07122613783923 0.805199172226313 0.613601317522192
Pigz 6.01451537327932 0.664655741791473 0.666666666666667
Csrp1 6.0065751198981 0.817259925974871 0.391156290312902
Kcnj10 5.99706322465928 0.702933095433859 0.0956199462437905
Gsn 5.93802976768048 0.636394291147172 -0.176696954686506
Pex5l 5.93132315722998 0.666726677807078 0.666666666666667
Tmem125 5.8766724627545 0.828909147916361 0.666666666666667
Prrg1 5.8765544868514 0.581267804737016 0.485063278673295
Kctd13 5.86839620361541 0.691047075407756 0.6661400978094
Pde8a 5.78329233381701 0.84802305574463 0.645509949928432
Snx33 5.77968466024939 0.783382474482878 -0.294620731496193
Sgk2 5.75551075426599 0.954181901592563 0.666666666666667
Arsg 5.72904636159704 0.690438488434293 0.0109228291862838
Aldh3b1 5.69051952957629 0.770763510589491 0.666666666666667
Srd5a1 5.65353513828853 0.682024578293754 0.658536966184563
Qdpr 5.64362740722712 0.858595008046795 0.498330570917427
Cd9 5.62367821707607 0.457461758232518 -1
Efnb3 5.5860402752266 0.726509920568442 0.665835991410999
Frmd8 5.58379764937757 0.7088331503338 0.491179195163385
2810468N07Rik 5.58243592562497 0.525644406338655 0.195932241409573
Neat1 5.52233579468435 0.641391266741184 0.569810342053957
Klk6 5.49249415167943 0.966327129924649 0.664343231687347
Gpt 5.47263552682233 0.720278247767716 0.645080332326053
Gm10220 5.46358167099054 0.917163699692236 0.665051617952545
Enpp6 5.45696736582501 0.929330393624686 0.665793635577942
Anln 5.45125877185998 0.872658532016263 0.0428024508228672
Prkcq 5.44068427059728 0.741316256326844 -0.0979892811561443
Bcas1 5.43096258204501 0.735753240215479 -1
1700063D05Rik 5.39445366379791 0.874053547519163 0.506775146264197
Speer4cos 5.36706851181905 0.811482539852253 0.66417013042761
Chn2 5.36332004797636 0.62734007240753 0.530835309960529
Fam57a 5.35945345383598 0.73696599290758 -0.214171683177396
Fgfr2 5.33129970041449 0.716682583634108 0.367329605311749
Sorbs3 5.33102876228397 0.64800991698767 -0.333333333333333
Olig1 5.3121266068886 0.7297255327423 -1
Ddc 5.29880821800147 0.767808518389182 -0.333333333333333
Trim59 5.26043729110137 0.822053507831348 0.391596561971576
Abca8a 5.24514234251399 0.817224608446383 -0.217918723613575
Nipal4 5.24004247595076 0.954106380917071 0.659527855320419
Zfp36 5.20854065691446 0.539309567019184 -1
Dock1 5.20565867813284 0.580828964290147 -0.157906371839976
Cdc42ep2 5.18576519883907 0.620984499600734 0.650350445361895
Pla2g16 5.18527007434457 0.779151639298635 -0.0927214551766518
Josd2 5.12787971269516 0.718427738286617 0.666666666666667
Tprn 5.12190716099752 0.827005192229692 0.0547645196442078
Myrf 5.11593380567935 0.939477378894114 0.666666666666667
Phgdh 5.10400097931519 0.493784687243851 0.0215919255494459
Aif1l 5.09972741293328 0.707341101538874 -0.333333333333333
Synpr 5.09648776915023 -0.0350321863148334 -1
Carhsp1 5.09642870901758 0.714759226643545 -0.0556469601187883
1500015L24Rik 5.08133962745194 0.966666666666667 0.666666666666667
Ankub1 5.07126505555979 0.925226784034184 0.627217561404715
S100a13 5.06395424517329 0.466586763810199 -1
Tppp3 5.06123140078363 0.719056256413961 -0.166154145640034
Cdh19 5.05381275260863 0.777757861081304 0.6654483259595
Gab1 5.04973436408828 0.67725529122547 -0.0841737614756878
Lims2 5.04204972144535 0.52249162041453 -1
Jam3 5.03746934691155 0.537708442798798 -0.123949276770954
Abhd4 5.03300677663441 0.548771312945773 -0.0655116051520459
Epb41l3 5.01743141092427 0.668675714529126 0.458374750052569
Nmral1 5.00674166013505 0.703180910201173 0.390217655755378
Ano4 5.00302187406576 0.578222992555586 0.62476343778016
Cers2 5.00177921120074 0.664216582160378 0.58822928664843
Il1rap 4.99509863714049 0.400472647897197 0.396512117402585
Tspan14 4.95755135103222 0.489740151241916 0.428939808451755
Adssl1 4.9559010567631 0.499457059439594 0.367814546676636
Clic4 4.95517217731594 0.567549292129949 -0.333333333333333
Nkain1 4.95408565774796 0.797034215416208 0.665400508216005
Pdlim1 4.94279920176038 0.0330847503480538 -0.333333333333333
Plekhf1 4.93560525444695 0.779637426536362 -0.183614233520212
Glul 4.89400999661086 0.528966637977741 -1
Prr5l 4.89165927473111 0.810827326213727 0.447856239717239
Prox1 4.88922549466415 0.781223125158622 0.666023456578295
Tsc22d4 4.88701882015002 0.706031874688349 0.486836467761677
Wrap53 4.87406571622794 0.616255749400363 0.666128314308746
Insc 4.85669254698705 0.934469279394188 0.351989387256141
Cpm 4.85100126078366 0.807777195269374 -0.264768295814664
Wnt3 4.82682179173118 0.862433603950106 0.666666666666667
Sox10 4.81695751117919 0.833854373805168 -1
Kndc1 4.80777000986284 0.710873907465534 0.666666666666667
Hadh 4.8074939799887 0.54139093802668 -0.055281509105573
7630403G23Rik 4.78722402682051 0.965000819963404 0.666666666666667
Elovl1 4.78619792497795 0.525993105568428 0.140452993091599
Pon2 4.78520023143917 0.479031308494273 -1
Syngr2 4.77721267105032 0.561327568881883 -1
Gm9895 4.76821961963671 0.945455789939803 0.666666666666667
Map6d1 4.7651371592719 0.587589550049232 0.287834993940466
Ppp1r14a 4.75219552366028 0.966109752491326 0.666666666666667
Unc5b 4.75052705754408 0.771807035375451 0.434896126306278
Speer8-ps1 4.73695854726359 0.858657652480184 0.665503719918579
Psat1 4.73513463350609 0.570697607774134 0.176545889855761
Slc48a1 4.73299255037736 0.716602725296956 0.627448412330299
Myo6 4.72759078492548 0.674862772698125 0.626661615102667
Stxbp3a 4.72140775824528 0.600496303069115 0.475960268471886
St6galnac3 4.71861098704071 0.62748629984532 -0.118103087052379
Gal3st1 4.71452532608842 0.783535928084674 0.666666666666667
S100a1 4.71140285925734 0.330581587288268 -1
9330117O12Rik 4.7048166453344 0.966115187095851 0.664629426754737
St18 4.69058057252957 0.916468803584792 0.662933892884896
Cyp2j9 4.65994064172421 0.632003144325067 -1
Zfyve21 4.64713027779115 0.583361754683213 -1
Efhd1 4.61523393646136 0.903028849389211 0.666666666666667
Gm10471 4.60919009296629 0.927590589071323 0.665779686541266
Galnt6 4.60873488613514 0.942414713735007 0.665451117291065
Polr3e 4.59005987931981 0.829290224321114 0.666666666666667
Scd2 4.57095912849974 0.764879953411489 0.274558132932273
Mcam 4.56863624122729 0.855700716787117 -0.333333333333333
Gng8 4.56362593365286 0.907647835022163 0.666666666666667
Serpind1 4.55993891183365 0.628736253707381 0.614841573417982
Prr18 4.53874591954691 0.911173586383357 0.665611435637638
Gltp 4.51432881439056 0.51548199753442 0.609980848258354
Plekhh1 4.50792394815611 0.918805375542494 0.666626227824354
Plin3 4.50070785110817 0.774949644763661 0.272742663310257
Slain1 4.49573821080725 0.715215078562035 0.614939025948313
P3h4 4.46444957287411 0.808438723047302 0.664589204787961
Card19 4.46046577849627 0.633423170766747 -0.333333333333333
Wipi1 4.45281457761721 0.790687733550967 0.637410395734867
Phldb1 4.44512202696234 0.814118586868529 0.350341269049402
Clmn 4.43932047163573 0.734115514082667 0.183879993467903
Arhgef10 4.42300046605472 0.764008353997827 0.555887446608009
Serinc5 4.40114572687567 0.672752759256684 0.461833770788894
Slc12a2 4.38733216834375 0.700392031458082 -0.0545447180471227
S1pr5 4.36395546697549 0.859569266919245 0.662870194079034
Kcna1 4.36326283820026 0.205552104453889 -0.313999802461498
Adamtsl4 4.35752181720927 0.883140653118113 -0.0630234689567962
Ankrd28 4.35449501383419 0.750002724553222 0.20514322777917
Lgi3 4.35094112185916 0.622465187979065 0.533459324234933
Fbxo36 4.34006297655737 0.6204435312084 0.654037109834612
Tmcc3 4.30394716643856 0.744327871172646 0.312190666331949
Cib1 4.29730029616375 0.527976903067715 -1
Ttc9 4.29375749027312 0.5059006785785 0.600818778004703
Ccp110 4.29181695588477 0.756467126213755 0.666666666666667
Cyp27a1 4.27393189268564 0.784785065582938 -1
Itih3 4.26505269978376 0.856059374032771 -1
Creb5 4.2632399000831 0.743818262898832 -1
Fam234a 4.23817040185979 0.614149517216756 -1
Dbi 4.21160908640563 0.596218379045255 -1
Ccdc89 4.18009770470908 0.759760071876921 0.624064451454301
Inf2 4.17208310824689 0.507071716040174 0.523923422534173
Hist1h4h 4.15403084177085 0.757100901664941 -1
Ccdc13 4.13648193422803 0.894762937352951 0.666666666666667
Gdpd5 4.13360542177006 0.421530496339805 -0.0919235057894244
Dapk2 4.13108841267274 0.313266366914416 0.0822349391119086
Agpat4 4.11177192479559 0.416528214142779 0.382634400571775
Tmeff1 4.10796391660296 0.600764176154907 0.432489721979298
Daam2 4.08920152497337 0.756897701384486 -1
Fbxo7 4.08349310729116 0.69968743842178 0.0205681108257121
Arrdc3 4.08158485266261 0.697704544534335 0.217363908543662
Cdk18 4.07949129383307 0.43437080086897 0.281762703192852
Ppfibp2 4.07741716167984 0.689955477814632 -0.100979313464533
Mob3b 4.07629779720499 0.797400560015698 0.312680497254257
Il17rb 4.0719049565351 0.933741296120381 0.666666666666667
Tyro3 4.06838571362481 -0.0578892175410698 0.154230439367836
Gstp1 4.06483772255839 0.792358837156806 0.362797924687568
Hist1h2bc 4.06478964328014 0.363605523702765 -1
Gm13293 4.04320628507049 0.965971013986327 0.666666666666667
Sh3tc2 4.0402271931351 0.871515845798318 0.666666666666667
Dock10 4.0278199939605 0.645387633445847 0.0829671641444422
Hepacam 4.02473163172666 0.706514755454067 -1
Sema6a 4.00387947289817 0.626014654000814 0.573684857301659
Ppp1r16b 4.00098074099797 0.678986878870156 0.379709240754554
Pnpla2 4.00093123608586 0.537814944822529 -0.333333333333333
Zdhhc12 3.99487343463424 0.401101338481545 0.444289577977514
Olig2 3.98744129336972 0.768772561933027 -1
Desi1 3.97987283217756 0.730866258622314 0.494068354689828
Apln 3.97767680087445 0.83974256810802 -1
Dusp10 3.96604614968023 0.388186109771721 0.0496266521731408
Fth1 3.96056902406723 0.784478155041051 0.595171060824295
Slc25a45 3.95519269176218 0.849879699388663 -1
Qk 3.95337958594711 0.48673245002084 0.607733691443694
Fign 3.94622195665632 0.63894239634669 0.0178158931226236
Plxnb3 3.93112490426046 0.756273171351591 0.65752379601239
Myo1d 3.92814129541539 0.799933722124287 0.0923461133616132
Kcnk13 3.92041829124519 0.853037514932447 0.666666666666667
Eml1 3.91335095456251 0.639466248795304 0.0562089639663589
Gprc5b 3.91077121210691 0.383396920395013 -0.205021016793789
Gm11110 3.90700853993218 0.62485216915368 0.592051138238015
Dock5 3.90202640036811 0.943250394765486 0.666666666666667
Stmn4 3.90168472577647 0.31642875191379 0.402972394945102
Tex52 3.88986288136518 0.953926684160713 0.666666666666667
Mylpf 3.88523471332905 0.584005353125881 -0.333333333333333
Lap3 3.88391396444896 0.605017580014483 0.268900435040307
D7Ertd443e 3.8780599798364 0.92457122632 0.666666666666667
Rab31 3.87533931518107 0.482839114357522 0.408287626390815
Plekhg1 3.87458856572419 0.720176523026579 -0.221114338167246
Hs3st1 3.87193117542689 -0.220004584373896 -0.333333333333333
Acy3 3.86515189824892 0.589166271559686 -0.333333333333333
Cntn2 3.85430292619609 0.77679114041996 0.658628951163296
Gpr62 3.84744088666084 0.896478995077245 0.666666666666667
Pkd2l1 3.84465346348058 0.966276456393361 0.666666666666667
Rftn2 3.8402519146678 0.704841135419592 -1
Chd1l 3.83036480534559 0.657470156728627 0.665736408326581
Spg20 3.81802904749527 0.639315577488911 0.624999991079913
Kif13b 3.80793420859376 0.718703792794232 0.0640707339133081
Dpy19l1 3.8018020126462 0.0531648372531239 0.0261798445823905
Rnf13 3.79694494105481 0.73952255936625 0.504789999661759
Tmem229a 3.79091593321799 0.627573158354102 -0.0815058977547169
Sgk1 3.77611349318922 0.578377785988934 -1
Tmem81 3.7456127501815 0.792434517621341 0.666666666666667
Tmem88b 3.74235212669736 0.843242476540689 0.397269572687881
Gjc3 3.73473538142489 0.802389598089079 -1
Cyp39a1 3.73126193741785 0.295432319150013 -0.333333333333333
Elovl7 3.73070646959713 0.719236592433968 -0.0234915959553338
Arpc1b 3.72860486692581 0.514184870802171 -1
Tubb4a 3.72450197304977 0.487557534909631 0.214957959426834
Cdc42ep1 3.71895217558623 0.744433324093259 -1
Taldo1 3.71663748331222 0.778777167986225 0.579619594265313
Scd1 3.71372180091173 0.718327101305787 0.659933215427227
Klhl4 3.71342986972741 0.426762082989177 -0.201717794781092
Igsf11 3.69941692642505 0.437315543422636 -1
Nt5e 3.69626141215704 0.587917662112205 -0.0968573816205868
Slc26a11 3.69539561696194 0.636641120595624 0.6292951457975
Jpt2 3.68977673686098 0.716864061073132 0.496598685995866
Necap2 3.6855947252228 0.600472936849892 -0.220398684204569
Fam83d 3.66530641952179 0.92110979849225 0.664921958136111
Fnbp1 3.66119326668174 0.738583436980708 0.26819367947233
D16Ertd472e 3.65148998012183 0.671006530693769 0.0865275216865943
Aven 3.63957644649588 0.630724347324685 0.47486868260133
Vamp8 3.62967540921036 0.267181836781665 -1
Dgat2 3.62151312316992 -0.0787898762828101 -0.166198648984904
Csf1 3.61899022448656 0.766570692662848 0.261942524134817
Rab7b 3.61743291169271 0.858133377330344 -1
Pik3c2b 3.61710911550662 0.746163603118235 0.634373060438138
Mta3 3.61670730569446 0.556489243249504 -0.143852160457344
Acy1 3.61405038655241 0.469885524956749 -1
Pla2g4a 3.61106633609909 0.633051183824916 -1
Pstpip2 3.60675613102008 0.524245128261927 0.283384004850524
Fah 3.60322048769798 0.474775729579148 0.335771523232996
Etv1 3.59075100617094 0.225579315831713 0.0234750046127839
Cobll1 3.58632314620514 0.556578630003578 0.214861386017175
Ado 3.57591481935077 0.765364258631114 0.457824974543258
Wfdc18 3.57313211780203 0.818372128426499 0.666666666666667
Nfe2l3 3.57289262101485 0.769193594412646 0.664227787042217
Rapsn 3.5697144252376 0.783323574719724 -1
Rhou 3.56148816358847 0.202640696851057 -1
Appl2 3.5565262086269 0.438180340804505 -1
Rasgef1b 3.55501139783721 0.00774540813526957 -0.150856914430509
Efna1 3.54839554791292 -0.330263008768247 -1
Skap2 3.54694215192151 0.155840699788171 -1
Slc38a2 3.54211687728673 0.782530382334592 0.588804324986289
Pcbp4 3.52605692453347 0.690050860462194 0.571585334919961
Sp7 3.52569306090602 0.966349142989098 0.666666666666667
Bpgm 3.52246053035284 0.71201255411523 0.146800443692795
Nfe2l2 3.52146853427404 0.471131377011892 -1
Speer4a 3.51447485516397 0.947111282075067 0.666666666666667
Cela1 3.50385753257743 0.266361251613193 0.0519502496721055
Gss 3.48571482547232 0.673059311081418 0.25430431590939
Adi1 3.4841314378449 0.735769804516573 0.526738867315332
4930452G13Rik 3.48321310692519 0.869615092841484 0.666666666666667
Ptprd 3.48005378211519 0.437016289951113 0.641949983242605
Sirt2 3.47962731579161 0.699726713180427 0.403302322609712
Plekhg3 3.47260822885605 0.86377616576427 -0.306128476289373
Klhl2 3.46965836564277 0.199178784549943 0.419999406522727
Adamts4 3.45951494881194 0.925897038557466 0.666199652009378
Sytl2 3.45604956670795 -0.546847761662447 -0.429207143749945
Paqr6 3.45013349717558 0.829038389409506 -1
Trim12c 3.4389352386704 0.714681783878097 -0.333333333333333
Hhip 3.43535124904154 0.880231597657017 0.666666666666667
Gstm6 3.43108811106374 0.419912600467249 -1
Mtmr10 3.42954441876717 0.59901481490664 -1
Slc35a2 3.42913061006997 0.655471957540241 0.165355336376854
Tesk2 3.42882265543081 0.680122961860937 0.654964076144312
Gamt 3.42842742738107 0.58005239690512 -0.239306816141416
Tmeff2 3.42354416500031 0.540832047944018 0.440146604162763
Cep97 3.42170758133549 0.726868167300985 0.627117933776413
Gm6525 3.42065177811763 0.541081399344802 0.563978639245179
Cyp2j6 3.42054339474087 0.398474781653856 -1
Meis1 3.40956191081844 0.566850572468223 -1
Ypel2 3.39965633428513 0.574011973332204 0.2947474267318
Lrrc1 3.39411152026264 0.726165547837639 0.563791725991743
Sez6l2 3.39365368819222 0.401226661246243 0.59870708534746
Pipox 3.39186987981334 0.865112413778963 0.655704578309808
Gnb4 3.38657912132248 0.143681957520222 -1
Rtkn2 3.38430193078467 0.755494110827514 0.0859685120898003
Megf10 3.38382786818356 0.652434618169349 -1
Tmem144 3.37602546565651 0.512127937293903 0.327878378508203
Pcolce2 3.37463976344005 0.620695709239159 0.447330296440857
Ptpdc1 3.37433645156112 0.741701495917042 0.374844067061626
Lrrn1 3.36941669578375 0.48152957209817 -1
Enpp4 3.36205371148476 0.632476051763258 -0.182000851533429
Unc93b1 3.35973539820899 0.610856633960227 -1
Plod1 3.35790227446665 0.509484970549947 -0.278634494468881
Thbs3 3.35635717497142 0.48379892428899 0.389606110454858
Map4k5 3.3552104141869 0.527163790098148 -0.228142389807573
1700019D03Rik 3.33955878634182 -0.0302798664349803 0.0372155856259696
Slc4a2 3.33519174638099 0.765066690206341 0.0526822128409637
Zfp438 3.33505513700515 0.499875793464746 -1
5031439G07Rik 3.3348729875686 0.784235443246276 0.666230603261866
Speer4b 3.33304165915432 0.716802831825181 0.450775376341523
Acot1 3.30636367601758 0.571119035181224 0.116242172460064
Cntf 3.2300523487081 0.658284712873131 0.4059990819427
Defb47 3.22609744701892 0.966666666666667 0.666666666666667
Adamtsl1 3.21158974810592 0.830314540791296 -0.0622038624384227
Sec14l5 3.17403349833468 0.966129708968887 0.666666666666667
Shbg 3.16697887845346 0.957058200129781 0.645037154762589
1700037C18Rik 3.15657043797716 0.694167503407331 0.634894241999385
Itgb4 3.15618085423416 0.929102753695995 0.44502971208051
4930550C14Rik 3.15293920039906 0.854142988456261 0.251243016991287
AI463170 3.14698099722323 0.965852866487181 0.666666666666667
Rad51b 3.09014445754742 0.867326168219939 0.66235516140643
Ada 3.07808109673314 0.883017344724632 0.666666666666667
Kif6 3.03550661268274 0.838038079372364 0.666666666666667
Il12a 3.02024330641405 -0.0215743955639875 -0.31070294220067
Gabrr2 3.01101847824446 0.942783163641998 0.666666666666667
Cldn14 3.00635787310661 0.959993288451664 0.662203899787895
Gjc2 2.99512266910363 0.930564460324031 0.666666666666667
Plpp2 2.97496105498997 0.884872808393151 0.662764697599434
Cnmd 2.92681994804854 0.885828491394084 0.662811014558576
Nkx6-2 2.9174832135519 0.96056405560153 0.666666666666667
Gm12530 2.9003999189828 0.966380894794419 0.666666666666667
Ly6g6e 2.89012568884927 0.0302774794923413 -0.283745228428517
Casq1 2.87532136775491 0.937061695346638 0.666666666666667
Lrrc46 2.8719671420738 0.800105725936847 0.663314227264149
Smg8 2.87193313013748 0.478998481861247 0.445342917181505
Bche 2.85034555527863 0.755501616573518 -0.288603996425513
Mfsd13b 2.75567097558253 0.95002922704335 0.666666666666667
Ccl22 2.71691775211788 0.867707741996371 0.666666666666667
Dhfr 2.69786996329289 0.587267783127882 0.613429470147426
Ly6g6f 2.69071506528432 0.836190711000119 0.666666666666667
Ctnna3 2.67643190784873 0.584665131082526 0.322150410982855
Mamdc4 2.64578383530369 0.915155503452451 0.666666666666667
Fbxw15 2.63436093169658 0.966525462174443 0.666666666666667
Rasal1 2.62611664508664 -0.10897900193459 -0.3023862348641
B230319C09Rik 2.61250417684488 0.784192136546986 -0.203979163177581
Prima1 2.57142632218443 0.913451258700822 0.666666666666667
Sprtn 2.51245088344427 0.800015832729171 -0.0545790527036216
Ptpn13 2.50745601004739 0.80336013260742 0.624522669264428
