12655
27056
192232
14594
14270
74048
26377
107769
58805
21356
105348
12514
18826
23849
329154
15163
18707
67448
63986
80281
70415
16197
233186
15277
16477
17001
20375
94094
100182
14159
26943
140497
18591
14129
433256
14537
16164
16414
17258
23880
70719
58861
60504
27355
21391
17948
12721
20305
17096
17886
13036
216991
16768
21803
234779
17951
50498
23845
229499
106512
219140
171285
12628
98878
67477
76681
16194
56744
15939
20469
226594
12267
17921
269823
22368
74131
224109
20852
13732
216869
13733
18173
17533
11745
12493
107350
16859
192654
12960
80719
114584
12490
94176
56470
12495
78816
217353
20540
13057
19696
74211
54354
17087
21897
67220
23833
12370
12362
19128
192187
15001
16456
