Nefm 8.38182669185723 0.726336435423506 0.740075797771875
Nefl 8.3129072667213 0.615157909727063 0.630243439537291
Calcb 8.18063195316818 0.959561898964953 0.957799719249929
Calca 7.83038730662097 0.968444033047728 0.968855418189843
Stmn2 7.63621818978138 0.75943866225716 0.768123343983477
Sncg 7.57185796572585 0.966687688188508 0.967563198338472
Tesc 6.95282854479296 0.669875869412903 0.673017866886663
Spp1 6.94533734365805 0.913158039931453 0.851604161355579
Scn1a 6.89071587494958 0.689896596485251 0.637944131468815
Hoxc8 6.77516145578722 0.973026377591161 0.967380674425581
Slc18a3 6.74634265687736 0.962709738899372 0.956270566383331
Nefh 6.69799864668331 0.888212431080944 0.86383852528232
Prph 6.50731469157446 0.967237929088999 0.960744144350158
Cd24a 6.42000791453736 0.773506426105008 0.85115112932758
Resp18 6.34734871593613 0.719771381128875 0.745410674396069
Sh3bgr 6.29155919750019 0.911759332891158 0.90344131590659
Chodl 6.23204867773008 0.956935143714113 0.960035925259823
Hoxa9 6.20543976195582 0.967204962616381 0.966756421114642
Kcnj14 6.20439560843459 0.806985315008697 0.877638202068891
Uchl1 6.06147150005475 0.474560919710886 0.662908533297583
Kcnq2 6.05872849790253 0.398844939408263 0.279609631079023
Lin7b 6.04719913840672 0.641483102408706 0.67510684537176
Irx3 6.0049743006788 0.958328209483141 0.957103727273053
Cbln1 5.89559202135834 0.776430370947554 0.787329940441099
Susd2 5.87950608960726 0.936406540704755 0.916154510240587
Uts2 5.82152813181633 0.948792954563572 0.918571327311074
Nap1l2 5.78173710903612 0.432119152194602 0.535741663333583
Arhgdig 5.75151780405773 0.623909315105791 0.733256643355341
Fabp3 5.72757998339493 0.675404610206666 0.719782815433819
Bcat1 5.65795429747194 0.142482103829576 0.655711334288515
Rit2 5.65491308746599 0.360053331774635 0.216899154040703
Fxyd7 5.64145823426553 0.890654519320909 0.902827080404617
Hebp2 5.61334063872552 0.810126712807123 0.776964654337924
Fstl1 5.60241157915713 0.328092486038601 0.621128779705238
Pcp4l1 5.58334640764158 0.870854551678388 0.840759676112077
Tspan17 5.57496527908077 0.408238695675989 0.458296066862366
Cplx1 5.56813918185185 0.517700499840093 0.546839566852113
Chga 5.53832467410339 0.728614979495809 0.802996962505538
Isl1 5.53822755538729 0.940217135321059 0.948096943308992
Asns 5.50192175455988 0.21014183257757 0.264056942812727
Snap25 5.50184063880781 0.203327398036083 0.00281304325376182
Hoxb5 5.46201373585877 0.954199553245471 0.954822838629949
Elavl2 5.45946133560697 0.556900608385641 0.559927202368547
Vamp1 5.45849021874692 0.845376340560583 0.877789417816454
Stmn3 5.44634647500315 0.447719100625623 0.671046660832022
Fkbp1b 5.44100096578347 0.780817197507786 0.796111899932537
Tubb3 5.44004001250766 0.503954829858799 0.695348763400699
Sez6l2 5.42791700457858 -0.0331468465283716 -0.0602819902298209
Caln1 5.42323704628313 0.645131259994854 0.630879179835113
Ina 5.37912353760609 0.403389527635145 0.394278649888375
Nrip3 5.28545912632427 0.756957522555512 0.733302162464187
Gng13 5.26222630001963 0.629553367243494 0.691019230503819
Map4 5.22004517195019 0.481773537309674 0.829378191979251
Rgs4 5.21726694149965 0.432302461539518 0.305792160427911
Cacna2d3 5.20585614272802 0.618889336811192 0.597268514789296
Chd3os 5.17243343082208 0.58291059024915 0.695813021746427
Cdkl2 5.16419408608495 0.473970476802357 0.720362549554253
Kcna1 5.15155098893776 0.124305189403601 0.17998586765118
Map1b 5.1172496863909 0.56664335215552 0.623365908498057
Patj 5.10672398773887 0.927959502014784 0.942829159058298
Cartpt 5.10620832976535 0.899426363313214 0.897679104942544
Hspb8 5.10315420701542 0.635456799216418 0.765389226681024
Slc6a15 5.09234686341351 0.622887981670689 0.750775760135923
Pcp4 5.08049509171349 0.0611415009159029 -0.203343667188924
Rspo2 5.05205744519551 0.787849259622384 0.741744593583034
Lgals1 5.03173183108377 0.785065590258025 0.778946169002888
Popdc3 5.02827383312649 0.932201148883091 0.924607135774523
Mfsd6 5.00421874599034 0.139685218992333 0.336052253140945
Reep1 4.971373979602 0.435336852819477 0.594398527178631
1110008P14Rik 4.9577672067941 0.697414106584548 0.719834615168357
S100a10 4.93304943835732 0.746110654183567 0.725297757651127
Trhr 4.92124492552746 0.916986676346779 0.906889107978741
Dusp26 4.91090123480286 -0.0874697701822949 -0.0630238378139537
Hspb1 4.90782497508499 0.757339600848641 0.793429341680598
Rnf112 4.89626827589515 -0.0259985020048394 -0.0352434153277507
Tdrp 4.8641285160066 0.849369882080308 0.905484184913165
Dync1i1 4.86330295338697 0.405706299806444 0.400860514996738
Prss12 4.85894089992733 0.782587165640155 0.839868467101293
Rbfox1 4.82601570639557 0.28461300855117 0.0823118186584766
Syt4 4.81581136036833 0.62149641828286 0.574580381858463
Slc12a5 4.7906796318534 0.346533841816738 0.215936359885663
Clvs1 4.78174252809579 0.572982457322836 0.779377530748211
Medag 4.74558766739805 0.786348107298483 0.763946022869993
Eno2 4.72129522915154 0.330237671067949 0.243474351738821
Tmeff2 4.67937380617123 -0.0807944336319318 0.376256826009421
Lrrc49 4.67162589825091 0.823708666376522 0.89997175108806
Tppp3 4.66351790968038 0.132324758487463 -0.0324898120641185
Crtac1 4.65710620158666 0.378243573610125 0.337555909625319
Mllt11 4.65153707140612 0.438927243262741 0.718967158799622
Nell2 4.65152941334576 0.701870302549584 0.595729295090097
Slitrk1 4.64713546018274 0.435263881339483 0.36243654433426
3632451O06Rik 4.62461248148767 0.263012505718466 0.531688245886523
Cdh22 4.56548881268177 0.751952078061231 0.765914683313084
Slc29a4 4.5483815604407 0.856877347465227 0.84628430228682
Susd4 4.49550791831354 0.229139745783225 0.414803035210263
Dpp6 4.48322662049374 0.53963377569482 0.582104850658533
Ckmt1 4.47534642305664 0.601094535006528 0.473298207097317
Prkar1b 4.45849294560031 0.218206540853546 0.0249361481354313
Hs6st2 4.45580071934077 0.57708471948426 0.480978020316216
Gna14 4.39912360200567 0.951850494491307 0.932011037505853
Klc1 4.36681485039666 0.255943977635418 0.591980847206313
Cyb561 4.3634434501009 0.639932702046887 0.539669026259377
Kazald1 4.35770282127612 0.842776013491874 0.839814906389775
Hcn1 4.35021740086397 0.77212080080437 0.76930071147015
Arhgap20 4.34847369240503 0.448186373935594 0.53479681019082
Acot7 4.3286949404334 -0.0166816047621095 -0.16215380166374
2010204K13Rik 4.31378432161609 0.454048843726098 0.359993322567183
Rasl10a 4.31308963033424 0.596960547426253 0.547104645249316
Tmsb10 4.305375050898 0.591100945187564 0.743270399787601
Anxa2 4.30172362615023 0.820153776640724 0.803730363159151
Rph3a 4.28803568293958 0.736940279393905 0.741699436380031
Gdap1 4.28376350798782 0.255718914320479 0.434033118337096
Spock1 4.26686612629467 0.619997641777014 0.601755684836624
Sema3a 4.25965932518762 0.766321271765417 0.742580073634114
Cela1 4.25865242021023 0.446972077438297 0.71474711139817
Spock3 4.24911162762254 0.0796363525883281 -0.0858761029939423
Rerg 4.23687554804546 0.59642257515842 0.463437503086269
Vstm2a 4.21990210116337 0.468887128801773 0.454607301615427
Lamp5 4.21386641013684 0.280349297617146 -0.0115215637787484
Kcnmb4 4.19753013180052 0.27268832600541 0.307225631129131
Cda 4.18995917315877 0.961364983265344 0.941842367713363
Gng3 4.16574482575877 0.201427730888056 0.269706783900374
Wnk4 4.16098469930668 0.937379812962333 0.892099588725671
Kcnh2 4.158130881361 0.827641782250357 0.819204381758116
Vsnl1 4.15803981109715 0.0400784413879179 -0.241299183136703
Edil3 4.15391991332242 -0.148275181940623 -0.161045463859936
Npr3 4.14964240300853 0.876732210757294 0.836891958371696
Atp6v1g2 4.12938747074005 0.447349014026415 0.520163909141031
Ache 4.12577566122828 0.848305805485962 0.853651655003846
Sytl2 4.1232594391468 -0.0391093526170281 -0.0695794342072413
Neto1 4.04502708293978 0.142765732564715 -0.153563759375699
Cd55 4.04333866029296 0.918564639227137 0.910678974957723
Eef1a2 4.03759578117706 0.286711348026136 0.0600195689988764
Ykt6 4.02841151552702 0.801455106369201 0.872827277261562
Ntng1 4.0265190960966 0.73591988752559 0.680437933191691
Chac1 4.02306420035674 0.799500091930383 0.813134038206121
Serpini1 4.01949008222031 0.392366020502768 0.350363223366888
Rnf157 4.01786351407532 0.421791495876996 0.510815667425521
2900011O08Rik 4.00878121513125 0.325098369528336 0.32482121076402
Chgb 4.00831096464573 0.352131338237208 0.231409121968974
Plxdc1 3.99365278204646 0.500005791262787 0.718377704708489
Snap91 3.99334905283745 0.0940498976387566 0.503808645983931
L1cam 3.99312622830637 0.662753469235932 0.564505394839707
Cops9 3.9921459041171 0.759376252477804 0.802288748528421
Cd59b|Cd59a 3.98727500314971 0.533578392358654 0.542858734981144
Fhod3 3.96503833397817 0.549716497282354 0.505930013185906
Sh3gl2 3.96381011264173 0.23738496870853 0.774389144156704
Mbp 3.95895608293151 -0.142622610533827 0.53086796638829
Ccdc92 3.95741579591317 0.867479241474489 0.918831926629247
Anxa4 3.95606915298594 0.813399900919769 0.813026814240397
Rbfox3 3.91955160244892 0.45946540168069 0.345173098834912
Cck 3.91934866997539 0.298449918167009 0.0956256129961742
Prkcz 3.91176277947414 -0.0790236682934206 -0.171328590728625
Nfatc2 3.89687012777803 0.437738309410839 0.348346806653796
Dmtn 3.89644436423994 0.643368191934956 0.564206255664229
Sult4a1 3.88633701379332 0.771561471545976 0.755011419968673
Kcnab1 3.88078476906563 0.449301332316573 0.325421350356482
Ccl19 3.84656752305726 0.732213796998387 0.673615621076787
Olfm1 3.84022930664483 0.114173671875659 -0.101927395812109
Lynx1 3.83837772575072 0.782563169157974 0.82975784439371
Rnf208 3.82623997271848 0.227269077177053 0.332431540589244
Pcsk2 3.81780627549093 0.293324187128642 0.334467589346982
Atp9a 3.81676012649638 -0.0709456989024798 -0.13979962148268
C1qtnf4 3.81077367435914 0.139061509626767 -0.137210417759408
Chchd6 3.80379771239383 0.203520762074912 -0.104811428140412
Dnm1 3.80134053065493 0.0129165045393237 -0.0500236243689928
Etl4 3.79110353367472 0.504335828559736 0.390625855395304
Polr3k 3.77876792929648 0.234981836380393 0.210935176755637
Stbd1 3.76568273378943 0.754393090577513 0.836991764299627
Dpcd 3.76266888511223 0.686608077180629 0.82251073936938
Elf5 3.74789420841176 0.439421790133521 0.223988092626111
Kcnk3 3.74427772656358 0.831172926614077 0.869987976439866
Tpd52l1 3.73422408832188 0.635342701567582 0.576176094500733
Snurf|Snrpn 3.7278433187946 0.5354523118197 0.558580135014165
Slc1a1 3.71659917334571 -0.032603081566356 -0.0586710876449028
Syp 3.71033225034755 0.37800792590075 0.178310152729003
Ifitm10 3.69944630651457 0.554225860789476 0.705873226065609
Pcbd1 3.69172717396759 0.538312866689061 0.436065391391854
Slc17a6 3.68856150847991 0.660556933612705 0.547214928155527
Slit2 3.68763321158427 0.60159894243477 0.70735366336757
Nipsnap1 3.68505349000984 0.509091774626545 0.489164264174563
Arhgef7 3.67790593762007 0.226110554043176 0.360582017255586
Cacfd1 3.67729350316153 0.776140399450663 0.86877224122736
Vstm2b 3.67363036210434 0.385316609883549 0.435281805815986
Nts 3.66935317556807 0.842538557325523 0.840760777601031
Cdhr1 3.65646308289571 0.792467817300488 0.834918463000802
Penk 3.6400618786591 0.434505412170492 0.263306684031069
Srxn1 3.63789905395461 0.85199212519996 0.889570518089848
Sst 3.62996760827323 0.353898052514542 0.174680504326359
Pak3 3.62411478127328 0.452811361583805 0.583109342442039
Gng4 3.61420883408552 0.462729969068912 0.571101714785712
Nrg3 3.6124808830802 0.396989893798663 0.409393312792456
Arl16 3.60315911123817 0.853342426805232 0.916027177216049
Gpx3 3.60243974511171 0.878461856907275 0.880659317950182
Cd200 3.5972097312353 0.130365700824072 0.401605198365142
Mapk12 3.57723599092518 0.687760600742288 0.69600994317073
Lrrtm1 3.57693678329864 0.111345227166644 -0.188738481325752
Cpne6 3.56718284997644 0.690037196722841 0.622728509352938
Ccdc28a 3.56024708382246 0.892344152409764 0.898049117386803
Selenom 3.55313563796314 0.487774513472004 0.653217411451912
Akap12 3.54790255226021 0.731865402482182 0.652086958450675
Nol3 3.53921508683854 0.713185587868152 0.831905204182587
Celf4 3.53700544407514 0.325232456903826 0.129653388934164
Cend1 3.53416843019594 0.619438112566834 0.712971953063899
Habp4 3.52768773410433 0.683389209164761 0.773381386938778
Dffa 3.52076950518545 0.879193472956006 0.897419417465281
Esyt1 3.50495476628683 0.651945564405989 0.838202063705283
Aard 3.50153578434098 0.662074726266556 0.680464166663171
Sln 3.49664893110656 0.93788231968938 0.928375470478375
Tmtc4 3.49305367734445 0.683172809483993 0.68336745771236
Mapk8ip2 3.48768239483796 0.79264761741393 0.832916225981786
Mycbp 3.48232863433291 0.781860451737457 0.891663496243252
Gap43 3.47299534215949 0.205987197555203 0.0378530202106968
Rasgrf1 3.47041029401311 0.298991143680761 0.0885745668084976
Kcnip1 3.46982281176256 0.276278256928435 -0.0200083328587646
Rell2 3.46726424053787 0.628617161427439 0.728323069784908
Armcx1 3.45105491569299 0.365713201749865 0.592253289413802
Rufy3 3.44791965915709 0.359698587388182 0.791400517367844
Fgf1 3.44521026492139 0.235208684926961 0.248064216155817
Mast1 3.44262947632305 0.797333512439338 0.786892398700669
2310030G06Rik 3.43472442056941 0.929549199978621 0.927584968556987
Thy1 3.43290657822221 0.402899104716318 0.391454796601369
Rhov 3.42599848881415 0.892499972954957 0.888587316850912
Lcp1 3.42465955479897 0.36700726403237 0.70162179078451
Isoc1 3.4230913888912 0.482711185103038 0.388476316745039
Emb 3.4227770328439 0.781356162275079 0.77785753990116
Cyb5r1 3.4182834980181 0.553024064201558 0.671023914972893
Ptbp2 3.41502888380347 0.390405872974086 0.593393897147722
Bex1 3.41169951628666 -0.0302088844225158 -0.121501677512317
Tac1 3.40927840959623 0.0674422768043366 -0.236748983833645
Mgst3 3.40843484883184 0.638718794670534 0.7675918246285
Napb 3.40763513560753 0.401687356340563 0.232501713492714
Pdap1 3.39786920271277 0.472517955963582 0.510848388729307
Cntnap4 3.39772087073575 0.721587492069661 0.603619935273058
Pcbp3 3.39515254849095 0.532351714526828 0.529506174876153
Car10 3.39144222596046 0.162292535259144 -0.106497429629877
Fgf14 3.39079338969465 0.366252549013562 0.233242229626985
Rab3a 3.38856209012345 0.409278813201629 0.434388778741165
Kcnab2 3.38475870569869 0.469678352879999 0.479805518837627
Ryr2 3.38191186812148 0.578143698087787 0.407649558704354
Synj2bp|Gm20498 3.37424459166937 0.64703506995864 0.76526930316656
Mcam 3.36905272647274 0.247710344369729 0.12420242085369
Dynll2 3.35382433047589 0.126156603846449 0.205944774767509
Pfdn1 3.34618125646306 0.412094796468985 0.42940122758715
Grin3b 3.34611360733434 0.904943268266196 0.919893977757194
Lor 3.34511664780845 0.433959470999343 0.427015855323352
Atp5j2 3.34509940265643 0.512300569808022 0.564670500548447
Hist3h2ba 3.33852336134278 -0.0587351153520183 -0.0596907589443553
Mest 3.33152665172717 0.781524367711243 0.726121965502694
Nap1l3 3.32664925692526 0.22221876980585 0.305490891610341
Atp1b1 3.32287251102098 0.505664643242187 0.577725858253637
Flywch2 3.30258173770373 0.435559556905659 0.365860255771651
Mmp9 3.27948357321497 0.71495099802183 0.428353579819359
Parm1 3.27807485140795 0.292814655255827 0.187584755212044
Polr3g 3.26357689784779 0.823313400003308 0.845231930195441
Pcdhac1|Pcdha1|Pcdha4|Pcdha11|Pcdha9|Pcdha8|Pcdha7|Pcdha2|Pcdha10|Pcdha5|Pcdhac2|Pcdha6|Pcdha3|Pcdha12 3.24643844224882 0.12050855108505 0.0438613007165552
Fgf18 3.24494092164184 0.883426550276856 0.891583383819097
Myt1l 3.23599973272661 0.232936078264477 0.0171823075934167
Rgs11 3.22162016828227 0.907264513452198 0.902284919992215
Pip5kl1 3.2083327333285 0.87235410371673 0.908466992690709
Cst6 3.1582249715291 0.882338694024044 0.886879378552601
Gabrg2 3.15042156313937 0.704877145664986 0.582589246299595
Oprl1 3.14322032996967 0.194845598123517 -0.115168373289422
Grem2 3.14028044430161 0.847801539360361 0.821272722465151
Sh3bgrl2 3.10961506605854 0.754569962024451 0.750212328294596
P4ha2 3.0946293895419 0.194679724014771 0.0647689899240946
Clmp 3.09299426833239 0.878441337840633 0.889272777464437
Agmat 3.0858538808921 0.883149926163159 0.904486353084172
Tnfsf13b 3.07836106108767 0.609746852783695 0.0511227627076043
Gabrb3 3.05130943696406 0.712650981089619 0.678687529938158
2010107G23Rik 2.86778243284847 0.12228052545545 -0.165285992602917
Scn3b 2.8580492147483 -0.0243277548951864 -0.166917666911825
Magi1 2.77634961744052 0.602267279612916 0.485331594765313
Hrasls 2.76668109878064 0.549275620747968 0.450064091386511
Coa5 2.73284273089941 0.770709003990431 0.814625213769361
AI506816 2.71892641794127 0.66857286194094 0.526778182180328
Klhdc8a 2.65128273538269 0.392400762730094 0.161142550692951
Cgnl1 2.61029700213655 0.876306324454989 0.815836702308494
Bean1 2.58646227063659 0.835777226739461 0.80875785694948
L3hypdh 2.57650897855709 0.44495851359694 0.571308082243186
Perp 2.55600259159143 0.725154365916489 0.666356101504226
Nxph1 2.5435551442074 0.433890075769015 0.173344986415863
Slc32a1 2.49219844500044 0.111922617349258 -0.0844745583193701
Lhx3 2.24751795780233 0.833695309376964 0.802254818217351
Pappa 2.23639525246788 0.838294207610835 0.805413804227574
Csrp2 2.2149276102558 0.534781179875079 0.442920950506323
Cox7a1 2.20928483900586 0.705650965469561 0.778929353624103
Add2 2.16030610944492 0.717178679883086 0.676969657707148
Acan 2.08233299999223 0.839046847058985 0.82396277582581
