Dio2 8.02037422357184 0.734880498947043 0.787471722733219
Atp1a2 7.59712212037718 0.728526877773506 0.869750555250992
Mlc1 7.58887821006412 0.745402152351688 0.825378370026054
Slco1c1 7.37160199315045 0.863014070571307 0.87299018999373
Slc1a3 7.22944219504951 0.764611282829035 0.807293456785459
Plpp3 7.15505559222507 0.540910086978635 0.811978819760046
Scara3 7.13722375216109 0.772896756451431 0.788206465049001
Aqp4 7.13636739754973 0.750286273973747 0.883748625533659
Timp4 7.11258166525605 0.329711089858243 0.324236408148064
Gjb6 7.10727725601404 0.686135182372874 0.734317573133935
Bcan 7.08317517541011 0.531510459365477 0.745927732045758
Ntsr2 6.8316613377376 0.665070286516773 0.728002606316933
Tril 6.82556167740485 0.686422460291061 0.806142741710318
Slc15a2 6.70130283927007 0.821073291042827 0.921009629470217
Fgfr3 6.63725177642549 0.766571209271699 0.802723370783223
Acsbg1 6.51080503135998 0.831023659005115 0.848146629069874
Pla2g7 6.38873223056899 0.746102962728239 0.76681796750778
AI464131 6.30262598279728 0.828672393518513 0.873227347698636
Grin2c 6.25547022902599 0.890449905047347 0.873939516469758
Foxg1 6.23239599096389 0.123158946864503 0.10027705199262
Sparcl1 6.20401659308966 0.643799035447546 0.805923548495651
Aldh1l1 6.20317879138984 0.816075802687653 0.846807638617003
Gpr37l1 6.19615186370155 0.422271710480237 0.733083747780239
Slc7a10 6.1584187702546 0.856439741491347 0.852061872672263
Gpm6b 6.14828239444957 0.247725216760697 0.327706582400241
Cyp4f15 6.09653999524706 0.910696741340741 0.889249818425102
Cxcl14 6.05410809333793 0.52890372702414 0.475267304627807
Slc1a2 6.03009968370616 0.872715967062943 0.882941646542401
Cyp2j9 6.01839590747828 0.595186613332955 0.716019828295686
Tlcd1 6.00741073741171 0.724208750440702 0.744216793632352
Xist 5.9712653087221 0.311219098104945 0.0438292083858103
Mertk 5.94819512288968 0.639430552586801 0.0261893883636564
Adhfe1 5.89887954763966 0.669398094106517 0.712598130426396
Vcam1 5.87912101844754 0.66943072179186 0.735221645514732
Itih3 5.86631566230453 0.196554520124373 0.183021296056439
Cldn10 5.8500204719209 0.758951907247578 0.725881227177818
Gja1 5.84543098290617 0.390730926368108 0.553656114820993
F3 5.81105031533933 0.720863564678895 0.722474428275171
Fabp7 5.76421225662381 0.22279226903139 0.177649719014433
Ccn1 5.72198339205972 0.878923095144145 0.857742276936229
Ezr 5.65335396900134 0.84242764392281 0.880660169033498
Scrg1 5.56168420981505 0.148081206173809 0.112704087755725
Fjx1 5.55248573154668 0.811651586198378 0.905608413797664
Gstm1 5.54570021246556 0.517988274910321 0.54981590680719
Pdgfrb 5.53866873845814 0.816234006943823 0.76967796869568
Dkk3 5.52479383695872 0.656555335797619 0.74418483988371
Ttyh1 5.51213663296765 0.491834137823515 0.681241771901208
Gldc 5.4756560299656 0.738802552386307 0.734191753881614
Cyp2d22 5.47051718974611 0.870337571334045 0.859198077982984
Slc38a3 5.45307918002586 0.86201164158057 0.862967923624543
Elovl2 5.4481307996633 0.795295415144891 0.867501404022666
Fzd2 5.43195027657641 0.792911252859934 0.802411547201338
Htra1 5.4309474288971 0.492402873824809 0.622722836961478
S1pr1 5.41956899443016 0.777217283188394 0.758346552535745
Tnfrsf19 5.401729769432 0.855395089633068 0.883201807792334
Car8 5.40090601886535 0.199599067479135 0.147790851630843
Mfge8 5.39603086599048 0.680361847619417 0.776185206189974
S100b 5.36429315650797 -0.00503765750200435 0.122987472536489
Wwtr1 5.3354484026282 0.744307886726302 0.756990704355561
Ndrg2 5.32818350982238 0.469183148782249 0.508374393640426
Ptprz1 5.32581190421359 0.841869674985435 0.861591437147945
Ncan 5.32546981220375 0.787427879201733 0.819591384210325
Cyp4f14 5.27592189306595 0.857859339780777 0.858832994772507
Tlr3 5.26830932232644 0.706973884002646 0.858261417080183
Ttpa 5.25388350765153 0.777298505576699 0.772672191450678
Oaf 5.20020467864583 0.700846372640548 0.798644918569623
Itih5 5.16942946887074 0.71764328763235 0.76119937279555
Kcnj10 5.16874436690597 0.158246390491776 0.460499408511415
Rlbp1 5.13078991816107 0.297829891690196 0.151462428712924
Myo6 5.12809140646857 0.615712743661755 0.540453592895223
Ak4 5.12674484042759 0.556040587040974 0.633055515335075
Fmo1 5.12320765599721 0.872321566126864 0.883333123416696
Gprc5b 5.1192677668691 0.475721967790862 0.726868800397743
Ccdc80 5.11306968639207 0.86099346701071 0.855930485978329
Acss1 5.08226327465631 0.554769125670171 0.68089049441288
Slc14a1 5.07220705648216 0.830973737522701 0.81487755164395
Il33 5.04507467552886 0.215809044976411 0.108817894612257
Itga6 5.04202661375221 0.687133073403364 -0.124700103526212
Cdh11 5.01111826798167 0.257914151722045 0.337064199337467
Prom1 5.00312213258196 0.314520929816991 0.280166162214014
Lrig1 4.99240498044756 0.7894664726225 0.851216531879184
Pbxip1 4.98125014880021 0.735396403440894 0.720814282442406
Prodh 4.97963872581555 0.864745920616783 0.848159221691957
Hapln1 4.93787875880976 0.80091885792341 0.758635480881868
Igfbp2 4.91374094261029 0.787717205852355 0.777569344984925
Gabrb1 4.91243257513552 0.626655127047946 0.821049152718094
Pon2 4.90571268053173 0.348873686342899 0.559229481171783
Pdk4 4.9024702351094 0.611309171441805 0.59812531115307
Axl 4.8953385910971 0.835217212462885 0.80705582270249
Emp2 4.88829946714578 0.851224168431453 0.831637440077007
Eva1a 4.88345514600977 0.620331351235967 0.738276592709824
Papss2 4.87146587130949 0.746127754470586 0.734667449623514
Notch1 4.86042713446861 0.695455726790636 0.764167174464022
Phkg1 4.85203545136071 0.841241012930054 0.813405923972753
Vcl 4.83936322751159 0.686909462436881 0.850607910471557
Egfr 4.83342499617531 0.922488771279003 0.879358515049813
Nhsl1 4.81586311712892 0.703744954295842 0.724558055450522
Id3 4.81410256285294 0.512992464892342 0.455648052233081
Lcat 4.78795377214427 0.85250488944785 0.858793961130153
Dtna 4.78689806825991 0.690613976921938 0.804227769190381
Notch2 4.78249578494919 0.54278569769463 -0.0431145382667697
Hsd11b1 4.7806605417103 0.879814405487794 0.876369198052101
Slc4a4 4.78038482078221 0.858964019035935 0.872841613822196
Aldh1a1 4.77228654451571 0.544671892008297 0.531330210869385
Cth 4.74931772326716 0.817465465857682 0.815719197888649
Zfp36l2 4.72503570526357 0.36347890192113 -0.0397896095159471
Gdf10 4.71741957343012 0.871620722295391 0.862502561247135
Reep3 4.71322860760461 0.0247560925815665 0.158575198262574
Crot 4.70496745710256 0.562668958039611 0.598351629663525
Slc1a4 4.69476746811986 0.844368168705553 0.875050434757302
Antxr1 4.69248497951637 0.594265756658952 0.819460475563837
Olig1 4.69174790788031 -0.00415931087940562 0.535635049223184
Asrgl1 4.68767981522403 0.172157917958109 0.290279942573485
Plekhb1 4.68433457387572 0.0106146607353202 0.544142483318154
Fam181b 4.67038018126901 0.517125426907556 0.51287461459383
Slc9a3r1 4.66379640299459 0.506043815057458 0.646284895513653
Nrarp 4.66175484209085 0.580906562419027 0.482849134485129
Dclk1 4.65471546918016 0.675733326017611 0.697295984322277
Cyp7b1 4.64347504047557 0.754902413771203 0.815562645959806
Itgav 4.62399236045241 0.443963484480302 0.754050874493661
Entpd2 4.6116327583024 0.878974042416681 0.883631523544601
Cd38 4.6097759811097 0.856856667095652 0.780415940143321
Amot 4.57919000534902 0.85345717158971 0.892030538981987
Hes5 4.54634609048612 0.420007899626003 0.269336182674246
Zfp36l1 4.54338593122818 0.229071956514582 0.240107344389942
Gpam 4.52776217710887 0.745937963188464 0.909088868199756
Gabrg1 4.51659975292044 0.662241516625516 0.756990714669715
Col4a5 4.51105996027637 0.950844251597515 0.928722966163766
Wnt7a 4.49587827458258 0.692861059135231 0.632391831925148
Itpr2 4.48538720915468 0.349964885492708 0.125444356554589
Glul 4.48273454165974 0.366401256747572 0.483954526692674
Acsl6 4.47979741528558 0.750281365733069 0.83016356117573
Lmcd1 4.46349898267328 0.598979459079939 0.54919992736903
Gli2 4.45728488288193 0.78938891058876 0.758859490315648
Trps1 4.45212539482301 0.653393461156704 0.731823877429972
Klf4 4.45167379019582 0.405361676376712 0.471210838394412
Timp3 4.45136587693748 0.756851375949741 0.693371338864745
Cbs 4.44289454225216 0.860778956481445 0.872145789365819
Fgfr1 4.42871049834615 0.799331126427807 0.779974246026641
Ntrk2 4.4228854388156 0.59630399072114 0.728940262777291
Clu 4.40733251798839 0.675921422436378 0.7798997051574
Igfbp5 4.39375272318078 0.788067541221893 0.822619911904456
Nfib 4.39309943983583 0.541247593047307 0.707978953257414
Galnt4 4.37636097242255 0.530823032370452 -0.0888496445825484
Gas1 4.34098714810222 0.541720588769106 0.433860113387943
Smpdl3a 4.3322610293626 0.733421427033584 0.856539361347333
Stk17b 4.30852045683614 0.553836163231551 -0.0309181338982068
Serpinh1 4.30249995297479 0.66488211905702 0.609044213058367
Msmo1 4.28701871774944 0.419968695119092 0.410188295635445
Rftn2 4.26889986763572 0.55725436748859 0.580022633254166
Apoe 4.25780281007116 0.473101641025936 0.666574378143419
Oplah 4.24962177173378 0.825164978372048 0.864705534216156
Ctsc 4.24370272828857 0.332035185564645 0.529832847727897
Sept8 4.22168790697335 0.353539600544659 0.255090336416462
Efhd1 4.22112650272016 0.00844037390770352 0.38748675074385
Abca1 4.2174298453227 0.582579203968902 0.134537026901349
Selenbp1|Selenbp2 4.20787851405163 0.58432878312952 0.746311436738478
Slc12a4 4.20653864218202 0.66411089583414 0.703455991387444
Csgalnact1 4.20101082454311 0.594538572502043 0.58966471870632
Jun 4.19245815738519 0.294922374028509 0.407492586906477
Itgb5 4.17965727136958 0.470358043894246 0.73439783258758
Add3 4.15671666077896 0.599805045108016 0.705829514370196
Ephx2 4.15245277963101 0.743916326876755 0.775884783448145
Pdlim5 4.13465856365253 0.586734382722886 0.689095577245787
Cbr3 4.13122596682507 0.355645272034351 0.285302631312132
Fkbp10 4.12718035909565 0.896759627560744 0.899516779543883
Tmem51 4.1270203642215 0.736625559264413 0.65718091844381
Acadl 4.12377680665834 0.558776484351208 0.816233672808133
Epb41l2 4.11206659528127 0.158099545062884 0.345373091375369
Ptger4 4.09726962647245 0.59126280073917 -0.100268729796802
Soat1 4.0878974300863 0.574617146531649 0.305472115319303
Sdc4 4.0842686851128 0.736230160364243 0.757489124014108
Pygb 4.07361631133293 0.863051047619364 0.869773255614445
Dag1 4.06350299921064 0.75403122942623 0.667177207891181
Farp1 4.06098589922723 0.746349773790717 0.687779800403579
Tmem47 4.05420661590424 0.612147710398267 0.734182590864795
Ppic 4.0447629985674 0.800299708117349 0.640887901708897
Sox21 4.04407990890627 0.549516220001842 0.428564846108335
Pmp22 4.04272301758913 0.229657476386308 0.102555722127942
Txnip 4.01342412446203 0.455680411256359 0.53409481607691
Heph 4.00824288303757 0.857187544365787 0.825811380415301
Btbd17 4.00759338308565 0.844010692553368 0.848551679387617
Aox1 4.00481996347437 0.73830580669312 0.467954510636267
Fermt2 3.99711981643327 0.263700243883915 0.811857104378506
Fgfr2 3.99351611187705 0.303823715069405 0.224298672133077
Lpp 3.98430673454572 0.783864275660164 0.688617377779324
Efemp1 3.98223908517821 0.519257405530473 0.399241132194746
Prkd1 3.97648799440405 0.564215239468057 0.67864565889689
Fxyd1 3.97419191459578 0.697203936919469 0.660596061160108
Macf1 3.96821520041858 0.466658187109041 0.43380887181617
Pdzph1 3.96461323289117 0.710900873773554 0.682676867270913
Ednrb 3.94289272521105 0.641006460298707 0.520434038689209
Ccnd2 3.9357783460427 0.602791224871551 0.592747707777418
S100a16 3.92355075591481 0.0355507166852273 0.145495965397372
Arx 3.92255303918846 0.560255935732914 0.485772261528614
Gpld1 3.91508975945257 0.759821976475578 0.808736437227135
Lhx2 3.9115002312868 0.525948630291292 0.610148485900611
Gpr37 3.90569061286658 -0.0296103609980942 0.339781304561819
Ndp 3.90455014239966 0.609385069727457 0.631767424613954
Gstk1 3.90330512632416 0.338336278594966 0.616503516821624
Slc41a1 3.89142369795256 0.846740102727816 0.847941245716804
Itprid2 3.88804508198236 0.507402090443752 0.159678465284474
Sorcs2 3.88208757353993 0.837392601776506 0.825958756557874
Nfe2l2 3.87971464650465 0.365569924670414 0.453204696832214
Acaa2 3.87524459793691 0.812295573299767 0.882409346550495
Limch1 3.87366872634361 0.389098129162679 0.394387106951165
Ccdc88a 3.87202740611646 0.719937682907075 0.774516955658186
Cspg5 3.83271761984008 0.600204444282219 0.594014793965842
Klf15 3.82214184334872 0.571360465139203 0.617622827277866
Tgfb2 3.81618783386807 0.589235193957309 0.34526677944852
Dock1 3.80737052520781 0.337202487960434 0.700167376680665
Rapgef3 3.80157786670135 0.321409810913257 0.335395972496605
Ghr 3.79166622471177 0.465492080968569 -0.020989542021132
Pdlim4 3.7866462510064 0.444913909950778 -0.10726267715303
Vegfa 3.78624473102402 0.825914514631532 0.745953540805387
Mmd2 3.78416831722943 0.191630803415155 0.520948834756598
Tmem100 3.77280772621705 0.184097843278664 0.0974590490891886
Tjp1 3.76784089721323 0.195053418458467 0.0996055535001289
Ptpn13 3.76710352382875 0.512128375644598 0.426598513895313
Psat1 3.76698973480292 0.054597143214198 0.0998992642256209
Lgi4 3.76296561787275 0.893358374797521 0.841493115620949
Sash1 3.76289203891772 0.603526865848745 0.787702825121012
Fstl1 3.76134154678283 0.560155733362698 0.551575902570093
Smim3 3.74557242875651 0.315353305537655 -0.139194413983646
Kif1c 3.74405726217923 0.539859097076332 0.589613741459378
2810459M11Rik 3.74390672291342 0.474989035389916 0.318754240791455
Slc6a1 3.74165430984231 0.366422746743097 0.462930654191235
Phka1 3.72128425409316 0.825401335223609 0.875128869026012
Scg3 3.71814552726707 0.594932737004733 0.849177756987872
Selenbp1|Selenbp2 3.71700710651903 0.716800760045836 0.798058883221447
Tmbim1 3.70487355017374 0.00457885708256002 -0.0109066754384885
C4b|C4a 3.70444500702066 0.757712368242001 0.549762379736337
Mgst1 3.70439747127602 0.559414054972346 0.57022102100166
Cyp2j6 3.70063221906223 0.177898492334761 0.220474368610902
Id4 3.69853235482235 0.441046893174169 0.510556664812665
Nkain4 3.69702482533813 0.608182998762321 0.578598975017792
Fads2 3.69335662874984 0.828678019279668 0.84631677585485
Sox6 3.68107315204475 0.212187573952679 0.117995607184475
Gng12 3.68101920892633 0.110102431850145 -0.00783775289348381
Mfrp|C1qtnf5 3.66964721450399 0.666667892720653 0.603205226339268
Sox9 3.66692716204634 0.862019468876773 0.840866351991707
Lrp1 3.66000138975164 0.506940210448453 -0.155148499741134
Fmn2 3.65758941689168 0.553018029697648 0.13484011327453
Thrsp 3.65505828412815 0.349409487652337 0.486240857155612
Lrp4 3.65259926585269 0.740176291952992 0.804610416030568
Myo10 3.64847818837296 0.682349690132708 0.648873162901774
Gpx8 3.63509378238195 0.504612488465498 0.40611633808638
Pygm 3.62662147618532 0.781746544749218 0.634215124198602
Cyp4v3 3.62549660282746 0.518882483057673 0.610980030295918
Smpd2 3.62271451189092 0.723058540883931 0.795528071005179
Igdcc4 3.61965203595101 0.66767712132272 0.743135159352219
Cnn3 3.61697197482599 0.240910503795644 0.406596768592915
Cd44 3.6130940881149 0.615096226424487 0.262957702369346
Prdx6 3.61078024451272 0.598531454342698 0.656825804103533
Ppp1r3c 3.60620149017624 0.672187615380187 0.735751623222543
Celsr1 3.60052626810344 0.861802153942001 0.796887336880296
Elovl5 3.59648164401569 0.477867209651962 0.56619220792534
Fgfrl1 3.58633535416364 0.603743445611534 0.592152786115701
Chst2 3.57268155355507 0.398850763034309 0.0318446345119371
Smox 3.56706737446305 0.172962676061152 0.498146154257842
Kctd5 3.56640074862912 0.413151465743414 0.539425238475373
Nat8f4 3.55774937800269 0.758969516444794 0.774272554907464
Aass 3.55639390145813 0.865523747927731 0.804450685738106
Hnrnpa2b1 3.55217018020451 0.523593555878514 0.024113012278018
Inhbb 3.54816995179548 0.477318163616622 0.321554331602304
Rgs5 3.54442427695793 0.624894788886925 0.389077032901386
Prelp 3.54430970856933 0.800939386043061 0.599252601021903
Lpcat3 3.52946905605979 0.44005815874042 0.370986664449744
Appl2 3.5228375741653 0.742154121395855 0.855419059677517
Adcy2 3.51543943572949 0.650320215499912 0.763262550531987
Bcar3 3.51189068088653 0.797371853200022 0.807606325498022
Crym 3.51037007023732 0.246438339366931 0.0957423937213639
Adamts1 3.50933261342216 0.49889456180941 0.762255121624239
Dennd4c 3.50789557633653 0.526320434791867 0.506901935824868
Kcnn2 3.50530428235716 0.787956791988842 0.798804047092218
Ptch1 3.50260993190317 0.686283507787823 0.759646177621088
Atp1b2 3.50219540109619 0.589103959097844 0.765441939397806
Hrh1 3.48866843996442 0.711926603272724 0.705820665493218
Lxn 3.4737006787776 0.561810670623997 0.582155041406133
Gna13 3.47218626373731 0.490124916364268 0.365976995374097
Abhd3 3.46485444459772 0.595556094719526 0.808757152644204
Kcnk1 3.46053795862369 0.58096896930898 0.645084723565735
Mmp14 3.4551728911626 0.678486405480115 0.649927060941807
Aldh6a1 3.45436199467526 0.508273307082027 0.76723316164955
Dusp1 3.44785207809407 0.481274060965428 0.349844153941768
Adam17 3.44067297683068 0.240627507328286 0.393398933002628
Hip1 3.43622807503948 0.200849333524588 0.329892699173432
Tenm3 3.42611863200218 0.557992757380991 0.104292238917396
Mt2 3.42079164588219 0.387619313928787 0.308782290398383
Hacd2 3.41665382745022 0.653217364427754 0.733832603403636
Acot1 3.41337616981399 0.0478546045251484 -0.0615653343210839
Adgrg1 3.40852811224261 0.655622391999832 0.381297856642244
Ppara 3.40365918260581 0.818295208531741 0.799276126241346
Tjp2 3.39826522749166 0.235609145788723 0.298894276727576
Fcgrt 3.39124001330283 0.590882054446122 -0.0875959106266034
Asph 3.38262238170443 0.497088664268534 0.205598381384253
Naaa 3.37666266128774 0.732596145303257 0.692756615237975
Tspan7 3.3721124247435 0.570433010892844 0.300076291637056
Lamp2 3.36510832598266 0.0849050864184922 0.13123191019055
Itga7 3.36405239311893 0.860189032225644 0.799218376920539
Wnt7b 3.34778851542962 0.717957799905084 0.688585464092741
Hey1 3.34708349771518 0.379855151825387 0.270786791624019
Rab31 3.34462646236508 -0.0485953379092291 0.237256674681233
Snord47 3.29712457670191 0.341995103660209 -0.176266399212185
Serhl 3.27732154363405 0.663385766804128 0.748079539117632
Tnc 3.27486471992054 0.852193476796552 0.667978002309396
Fgd6 3.2664734625035 0.80479491592355 0.7705441186567
Plod2 3.26129460486377 0.456001003371945 0.337875427397444
Swap70 3.19874061908696 0.642636905526576 0.193880719358242
Tfcp2l1 3.18511297831144 0.868788616614241 0.857023570596235
Ddit4l 3.17955051243118 0.47057581422666 0.335094267788676
Pax6 3.16657730413847 0.767082190633251 0.744023487542505
Sox5 3.11473780197964 0.611456550869073 0.594323950801034
Gfap 3.10141806944709 0.580355355913843 0.395034259831014
Prrx1 3.01315178851797 0.430532399019236 0.20026669389718
Zfyve21 2.97401387974299 0.281277548020422 0.356912998920361
Vim 2.95635736291029 0.248581136785858 0.0527074299719619
Fbln1 2.95354990255915 0.851638576345877 0.840278176606194
Fzd4 2.95160270173762 0.732205204080202 0.543831054952889
Agl 2.89956404571531 0.659411934022427 0.56053745396565
Elavl1 2.89028492767056 0.258995090351391 -0.19332220557639
Adora2b 2.879393838406 0.659796451615881 0.500296689256608
Lamb2 2.86408123237553 0.790691667731001 0.770601719116414
Suclg2 2.85890153569337 0.531075302490105 0.154705569909139
Gjb2 2.7967509552293 0.818951937270159 0.750803208017352
Rorb 2.78893469334572 0.613332508703689 0.480607592517056
Tst 2.77551291897724 0.606996826312681 0.531840598795718
Clcn2 2.76413622136447 0.53745761740224 0.462441553143367
Arhgap18 2.75088493642484 0.532076781918187 -0.162287053575659
P4ha2 2.69301759983216 0.326414308870548 -0.163600234827908
Gdpd2 2.5782888159479 0.747068568861079 0.623801782483828
Bmpr1a 2.57233560936302 0.711406802627225 0.606346487024034
Aldh1a7 2.49422115582558 0.572337159534512 0.450454008154847
Slc16a2 2.48966398485978 0.635825452810518 0.436878787565528
Itsn1 2.47246106023478 0.623948013983724 0.542094003570001
Lrrk2 2.47239908676462 0.593828853968028 0.369581555429033
Tor3a 2.46404358775062 0.586915630303125 -0.189967036375195
A2m 2.41135751564217 0.796117447942372 0.634011997453123
Rnft1 2.40559639295018 0.553934115084916 0.586831569403115
Pou3f4 2.389105232171 0.684476958550289 0.471485730853179
Pgghg 2.2921922660125 0.576225247985829 0.497036386281828
Vasn 2.1760314125118 0.268217477699732 0.269433484830815
