C1qb 9.45098054815363 0.850466692686284 0.826260272738749
Ccl3 8.87179340601141 0.9183354029072 0.875010278610411
Xist 8.53437236270563 0.298941258716243 0.0438292083858103
Laptm5 8.48936599215113 0.764311883912048 0.791436260745034
S100a8 8.34181512952899 0.973177751768486 0.956931661636669
Socs3 8.29607777139031 0.618403630026938 0.807573837512272
C1qc 8.15282593341081 0.879767007466787 0.855364296399817
Ptprc 8.08376084909867 0.940274621454605 0.92770960708297
Gpr34 8.02168669083625 0.953358106595327 0.949005732697826
Atf3 8.00451255660193 0.778832512194329 0.830918790269464
Fcgr3 7.72733342931138 0.91782746654174 0.920306466436604
Fcgr1 7.70776969332883 0.876086860835564 0.86990078691015
Nfkbiz 7.53091006717525 0.659473095407026 0.869118393769463
Lcn2 7.52311571655195 0.946068036424185 0.907947148580474
Tmem119 7.50112542154425 0.916858149200793 0.914694448697459
Lcp1 7.50029806361087 0.778011715601283 0.822900146558026
Ly86 7.49324880183737 0.903850158720851 0.907463383937587
Lyz1 7.49312016855347 0.878207694834032 0.879523082964344
P2ry12 7.48675739341342 0.886001055425789 0.862550960007451
S100a9 7.48440965413698 0.960422006693453 0.94795300958219
Vsir 7.46858046084606 0.721936899081713 0.817507082236361
Fcrls 7.43524266729842 0.923752268075188 0.901292070530544
Ccr5 7.4188238322777 0.960577433150601 0.963788597617164
Ctss 7.35408879981093 0.732908254266995 0.78372939665311
Itgb2 7.3395317929789 0.946867378898942 0.940219873686282
Olfml3 7.32100636582637 0.957208539249098 0.955976788575879
Rnase4 7.31650320539874 0.892860179581324 0.893119925283091
Klf2 7.31623282498583 0.82041944724101 0.769883444767211
Icam1 7.28854039913127 0.911324234418614 0.889251240730328
Anxa3 7.28218542723921 0.918915397251027 0.91864696667275
Cfh 7.26874885699619 0.955842527453773 0.943396532109772
Chil3 7.23405978017326 0.951498619913974 0.893407036419357
Cd53 7.19942447138486 0.935522738979033 0.927687961573739
Mpeg1 7.1925227397816 0.898120615488005 0.883325020049595
Il10ra 7.15973652466581 0.958586320578439 0.952530264376204
Itgb5 7.14814271902199 0.486273343541263 0.832456606116307
Fcgr2b 7.14765083255646 0.937062397295782 0.919854728455445
Irf8 7.14372190473851 0.937329709807127 0.932074870145629
Ctsh 7.14346384317297 0.920290810630175 0.921969990290907
Cd68 7.13517725722293 0.927332062991705 0.911576814556398
Adgre1 7.10944132531368 0.918584356366778 0.909365664581818
Il6ra 7.1029267460012 0.971791752261785 0.968834468045587
Ptgs1 7.10046641549967 0.632466203920267 0.535546514080042
Hpgd 7.07178915974518 0.841903183644029 0.902381875546933
Fermt3 7.07024165888395 0.883321226965218 0.897143260497269
P2ry6 7.0278972846671 0.950397194609843 0.958522990465114
Tyrobp 7.0262872329052 0.903947558976193 0.892467346121742
Klf4 7.01986363259707 0.439639025341928 0.630011299392605
Ptpn6 7.01807877238417 0.967378782201915 0.970284061036322
Ngp 7.00627116439708 0.918251600918321 0.90150934974749
Ctsc 7.00485875751771 0.47462905695567 0.742271812483732
Naip5 6.95539474503357 0.962116352471385 0.969066027520528
Cd14 6.94715588775517 0.893456291806483 0.895224222052279
Srgn 6.94378926068366 0.876916582244619 0.878047278847563
Ms4a6d 6.92470143211 0.967546594675062 0.965364043877448
Cx3cr1 6.91784217771071 0.894963455055645 0.875260216921099
Rgs1 6.80141172755693 0.925822491151046 0.913783032329059
C1qa 6.78998939749785 0.8239602968826 0.851490235657899
Ccl9 6.7822754557438 0.941408722614856 0.928511238037821
Sla 6.76489195753279 0.933301902969675 0.939436942841655
Pld4 6.75655526304851 0.949301235269994 0.946661154057517
Fcer1g 6.75610708250336 0.937140182767305 0.93400792629559
Cd86 6.73187776392455 0.962817410928818 0.955761659608987
Adcy7 6.7057507804709 0.804162575045921 0.787516030208644
Txnip 6.69571276956539 0.564540682244839 0.53409481607691
Camp 6.66190694258574 0.957061465364231 0.906800302933785
Aif1 6.64671439912925 0.953969868608975 0.94214871745603
Selplg 6.64364508869339 0.914471923966811 0.916390716868
Bcl2a1b|Bcl2a1d|Bcl2a1a 6.63777534717514 0.934635242759944 0.9298968864865
Havcr2 6.62656024609208 0.959434871329619 0.958200993309105
Ccl4 6.59339814771923 0.903056607779726 0.923659975191136
Cxcl2 6.55567803890898 0.924690336127775 0.887347150467016
Hck 6.54747373169826 0.926636574425467 0.936269201701485
Mertk 6.54308137167661 0.293797506380496 0.0261893883636564
Fosb 6.45919458916884 0.599102181333425 0.716245626208222
Vav1 6.45509847003835 0.964612074079729 0.964811037180624
Plek 6.4445179832432 0.861900866717604 0.914322195521385
Tgfbr2 6.41660410484233 0.895369106855515 0.907284716852166
Evi2a 6.3689741044097 0.162979832423953 0.123793673495937
Lyz1|Lyz2 6.361073423087 0.929992654642694 0.939028710520933
Tlr7 6.35474939468848 0.95180287575523 0.963348143720327
Il1a 6.34010251670382 0.940971345992007 0.922074681523627
Tlr2 6.33436432545199 0.929285318953157 0.946243069698942
Ms4a6b 6.32513410353272 0.950945644700041 0.947457886501949
Egr2 6.31634588675125 0.795189021688778 0.855232724756674
Naip2 6.29696747601014 0.954643644481828 0.937021722770112
Gpr84 6.29660494982441 0.941329071972098 0.946098744373182
Cyba 6.27220748123196 0.829783977316238 0.836822420217362
Nrros 6.26456292671658 0.770051373508633 0.792080354658163
Slc15a3 6.25927024589607 0.947306474572857 0.934368395362971
Hba-a1|Hba-a2 6.24699688375311 0.760397496436195 0.800086411562127
C3ar1 6.24641806368329 0.907545609248014 0.930221008177301
Fli1 6.22037994369628 0.968775166341806 0.966218678836106
F11r 6.20389267638034 0.933829118291052 0.954229919836641
Golm1 6.13028461859187 0.786764691592029 0.912150173780495
H2-Aa 6.11126857895628 0.897148993473536 0.887894303071023
Zfp36 6.09048773842556 0.722933738374368 0.793942399564921
Zfp36l1 6.06891078529921 0.163359613997607 0.321053198039929
Ccl6 6.05717927585877 0.939650052672596 0.94323860761337
Slc11a1 6.03794844591401 0.928405529817543 0.936514155231321
Inpp5d 6.03544571091001 0.929128808122878 0.937003060366815
Nckap1l 6.0094380846779 0.922234235598225 0.918810624846416
Csf1r 6.00544337484854 0.73943144659427 0.660291347313418
Lpxn 5.99603994849779 0.953484481734304 0.957661559189553
Spata13 5.99362283424346 0.654663976483246 0.842031245266465
Ccl12 5.9908809944925 0.957920804365303 0.959481196842038
Ier3 5.95597980442882 0.902733943402269 0.892575784455379
Rgs10 5.95445530456159 0.682163224294999 0.930032924761725
Blnk 5.9515392379829 0.893943804420518 0.908122112919432
Lair1 5.94389063084662 0.889628348445159 0.893564252231407
Fgd2 5.93409780157036 0.933447011221586 0.924591888366743
Ggta1 5.93154856599497 0.771397404108307 0.742119145974757
Ier2 5.88833313763355 0.754309500313557 0.761337970588246
Slc7a7 5.87089002659819 0.931543326610311 0.916611386867615
Arap3 5.86094679144358 0.94275775146075 0.927801257675394
Dapp1 5.84273328305926 0.643692248374347 0.7316654390012
Ugt1a2|Ugt1a9|Ugt1a10|Ugt1a6a|Ugt1a5|Ugt1a6b|Ugt1a1|Ugt1a7c 5.82200469471097 0.700854661071896 0.856600531425976
Lcp2 5.81591651553549 0.96010459512225 0.958537099789537
Trf 5.80528008937782 0.0130443895505013 -0.09037688828102
Rhoh 5.78822366434968 0.948539436534905 0.941281394126734
Slc40a1 5.75931723679285 0.883098655074413 0.899347347920266
Ctla2b 5.75668346044861 0.897551781026079 0.906482700739164
Pik3cg 5.75275776403868 0.962012459222617 0.937004439877087
Junb 5.75095279290659 0.663256699516678 0.710325676330519
Crybb1 5.74312792643949 0.925258293796511 0.926794374466269
Ncf4 5.7328988883306 0.959673924484581 0.965990762596429
Capn3 5.72980603653425 0.926615465760692 0.941623931086492
Tnfrsf1b 5.72496956798337 0.911803821887189 0.923623398923894
Fyb 5.71094362409961 0.944964829043286 0.942190799937016
Stab1 5.70775804869926 0.949679406406549 0.949999720804822
Tm6sf1 5.69620663586712 0.786975344365377 0.883262267559447
Map3k8 5.69538471556747 0.949018851996504 0.944718327523361
Hba-a1|Hba-a2 5.67665256221584 0.647461355899803 0.649753889295238
Dusp6 5.6721656027394 0.518037424205093 0.595104011435609
Sash3 5.66494615799587 0.890147625902241 0.942717558366005
Ccrl2 5.6554110668512 0.903521337479026 0.89476894373723
Adamts1 5.64117804884423 0.50842460146903 0.775484383005765
Entpd1 5.62969122485757 0.897952145218544 0.92871377916462
Slc16a6 5.6139296672444 0.882839907242145 0.888549594366103
Pros1 5.61325562826024 0.791453683033881 0.914612661125001
Tgfbr1 5.60362203149712 0.86099235968432 0.895941007327488
Ttr 5.57850321298979 0.26280154973681 0.143316703016846
Cd48 5.56432672533849 0.957416974766974 0.95879752143186
Jun 5.5474239625188 0.316574283783438 0.407492586906477
Stat6 5.53097274454941 0.868750774340896 0.930985405158515
Alas2 5.53056733053244 0.925655772020996 0.924253691584636
Rab20 5.52913130281147 0.852426714596816 0.823035733235841
Otulinl 5.52442191670509 0.899024598926826 0.950739715915111
Cd34 5.51418924888483 0.861036078051682 0.844376505059526
Pycard 5.51134843923038 0.856524754823384 0.909626848879343
Rcsd1 5.5051748713334 0.91629566660877 0.94782875949589
1700017B05Rik 5.48024008350832 0.837038921603385 0.887736329966601
Mlxipl 5.4741195031883 0.773438936309977 0.810263329246178
Kctd12 5.45201340124739 0.789355734055145 0.785278356355154
Lrrfip1 5.44705930881959 0.686651062684186 0.768638722666259
Tgm2 5.44557018448739 0.749106664482267 0.714558247291975
Adap2 5.44441877189107 0.94110545992739 0.953510245248495
Hk2 5.43900206231771 0.803802513851792 0.867097005396443
Tlr1 5.43690479745047 0.944059747616929 0.938884144658445
Clec4a2 5.43100976975616 0.952320156992608 0.939788422621545
Chil4|Chil3 5.42547744165757 0.937840398104898 0.884047104749735
Cysltr1 5.41907353488706 0.956551157070304 0.961910559768528
Btg2 5.40569612660297 0.582337479903729 0.302019874538366
Zfhx3 5.4008088564508 0.739260600575392 0.864637187550775
Epb41l2 5.39036220443534 0.225176903341057 0.63651975349556
Cmtm6 5.37912337771362 0.634906058405043 0.820671636930779
Cttnbp2nl 5.3708211938205 0.855782232601144 0.923721152602066
Csf3r 5.36477827114893 0.902380489084436 0.954263921064999
Cd37 5.36295452940902 0.907869120753662 0.918944626477695
Alox5ap 5.34254149506077 0.873386096520639 0.942622352175004
Slc29a3 5.33186684680043 0.443060565171466 0.544499143390683
Hbb-bs|Hbb-bt|Hbb-b1|Hbb-b2 5.31656702195071 0.771984877285187 0.702822936030939
Ets1 5.30173588883228 0.798251350470436 0.798932163578278
Akna 5.30114869428302 0.826815752571776 0.910062558306999
Tgfbi 5.2981974991881 0.751004577963806 0.774506568660179
Mafb 5.26614241001796 0.935093039299045 0.947739125244313
Il16 5.2653333524785 0.940126378475616 0.935745852651164
Cd300a 5.25824494531122 0.929045286518095 0.920405327340653
Tmem173 5.25778769828665 0.866636333349387 0.922379084640337
B4galt1 5.25646607481947 0.847561918848137 0.909670505680859
Ncf2 5.25381167282809 0.872880083921946 0.821566928619307
Arhgap17 5.24971574357528 0.739577873835851 0.814797078135117
Zfp36l2 5.24486817538975 0.117922654455311 -0.0397896095159471
Cd83 5.24241688863951 0.775865863032677 0.897147056600767
Anxa1 5.22963946772751 0.881763542898958 0.817250757313243
Cmtm7 5.21273699180223 0.906128814445425 0.913081165826634
Cd300c2 5.21041218580508 0.935019038250899 0.932141039371669
Tlr4 5.20128068614181 0.893621208791471 0.888197520393592
Casp4 5.18891786615503 0.944702072746042 0.941804418112438
Nfe2l2 5.18208015464163 0.323776697714017 0.453204696832214
Tpp2 5.17934885571611 0.77625751216507 0.733933028598939
Themis2 5.17432699358343 0.940695698649488 0.934216602334326
Itga6 5.17324247364024 0.278627314759828 -0.124700103526212
Klf6 5.17310475141673 0.787558825782514 0.853418388374044
Arhgap45 5.15709434730212 0.941486748876614 0.942532303463858
Ltf 5.14807934415619 0.762379712721791 0.738127752743039
H2-Q9|H2-Q7|H2-K1 5.13816297379874 0.861893661347871 0.839085208581476
Notch2 5.10551169680959 0.213401711279146 -0.0431145382667697
Trem2 5.09099962831301 0.920933142945919 0.923048534677776
Pla2g15 5.08821462620088 0.834252623586499 0.911871410358419
Hba-a1|Hba-a2 5.07588491789023 0.654650163173135 0.64631733596174
Spint1 5.07126142506357 0.921144213873249 0.940631470951188
Syk 5.067595626152 0.926203357855879 0.916583332912951
Lyl1 5.06382191548352 0.957687540153773 0.956103429861046
Il13ra1 5.02223081958261 0.79227430123849 0.851013587645032
0610040J01Rik 5.01174473433029 0.458156709784288 0.418756621518981
Ctsz 5.00705419501416 0.636417099741519 0.828921071951649
Hhex 5.00238141066719 0.945615985703727 0.929318607440176
Chst7 4.99718766641722 0.633681639459704 0.649251307858187
Serpine1 4.98909818761096 0.904594027959187 0.932571673599018
Lyn 4.98633074639086 0.851489011777492 0.909644388166988
Pald1 4.97881722969657 0.894696645573388 0.928793324255148
Ier5 4.97860695775891 0.785739781428326 0.835210837595264
Unc93b1 4.97532180966415 0.89029402449495 0.88849577103665
Ccnl1 4.96993854995848 0.614715107246687 0.79644374410402
Gas5 4.96521950231459 0.50299815225871 0.579511280860838
Clcf1 4.96226420644451 0.953664146301759 0.936458027389983
Abhd15 4.95950192922238 0.834904775290241 0.877001403572972
Gusb 4.95258490710721 0.677875156801388 0.783390853831904
Sgk1 4.94384173214866 0.181324410750764 0.245624872193521
Pdgfb 4.9438043722599 0.858619932817151 0.879669211302031
Ifi30 4.94367796130128 0.865054246516845 0.894612408566279
Casp8 4.93879737831915 0.951360729088914 0.949552900161856
Itpr2 4.93187372745952 0.0571792826989021 0.125444356554589
Frrs1 4.92977309572834 0.735864548355226 0.863091113981946
Csf2rb2 4.92641014637062 0.947757474402186 0.958846883544927
Fes 4.92056590742949 0.941914393850509 0.931599858038054
Clic1 4.91551053118613 0.810816771979344 0.837498015711099
Pon3 4.89849239024335 0.935261047256051 0.92133875979289
Nfkbia 4.87195494634192 0.652278501817734 0.740443446254942
Cklf 4.85781890249948 0.554417660750015 0.748925563337602
Abcc3 4.84705230549895 0.924862620766194 0.919122531562726
Elk3 4.84594877581998 0.697104686434501 0.777628378042196
Slamf9 4.84323222679939 0.887820936164236 0.9398275355924
Srsf7 4.80559328303874 0.659555415117699 0.66856877761714
Birc3 4.79955052530501 0.932789130023554 0.934960841548849
Hexb 4.79492447244785 0.819567815937004 0.7904495650039
Trim47 4.79239141507952 0.854221403012712 0.931936249533862
Rassf5 4.76098988359195 0.758907693323705 0.889153490739433
Hspa1a 4.75431062825215 0.55837072506587 0.583085555598923
Hspa1b 4.75178977137468 0.344708562462788 0.452262978230158
Pmp22 4.74112670973438 0.102996566865323 0.102555722127942
Klk8 4.74076678014621 0.931718748374747 0.941719303780103
Arhgdib 4.72546651275754 0.864500839142674 0.909574722254288
Pla2g4a 4.72469780748559 0.439922762864766 0.265679578354155
Ppp1r15a 4.72266863807393 0.776625729700729 0.769972582969436
Irf5 4.70909037271442 0.926324932932784 0.928977922737396
Coro1a 4.70907741128625 0.598539737057858 0.678631306779883
Il10rb 4.70710109163857 0.79716346017196 0.866829486587767
Edem1 4.70270055825149 0.770590116766721 0.767918324079887
Hvcn1 4.69829817929425 0.952543813127492 0.950130935086771
Parvg 4.69637168108478 0.912958763992279 0.923277072966874
H2-D1|H2-L 4.6946393988022 0.78093088522509 0.75846323307839
Tec 4.68356461681732 0.901413033512103 0.928374685932346
Trim30a 4.67805479142449 0.938706271224295 0.91299778038857
Grn 4.6737987066061 0.772976274433728 0.873399989198547
Hfe 4.66691203140721 0.84303868290062 0.890588948335746
H2-Q7|H2-Q9 4.666165498803 0.819430209734786 0.68879456734831
Skap2 4.66128575219202 0.691858832013914 0.770129321353477
Vamp8 4.66060031449131 0.644829460523948 0.723195666338738
H2-T23|H2-T-ps 4.6560636561575 0.696152968356411 0.822872207107064
Mcl1 4.65386667450321 0.749665954305815 0.844813275571466
Lrba 4.65081628029552 0.74153459271781 0.878348383596823
Wsb1 4.64623928302294 0.397588134878071 0.428163634759953
Ankrd44 4.64526060858177 0.702227951033895 0.774227736142258
Rrad 4.61810010245022 0.61646934954208 0.0132164602565095
Myh9 4.61796677002387 0.791704038930787 0.821736634259929
Mylip 4.61332011619307 0.849881303154606 0.845228428749095
Tcn2 4.60628458427716 0.566005229927498 0.817371209963856
Siglecf 4.60578953027259 0.961832890096111 0.95961181418094
Tor4a 4.60436674529537 0.80721395699199 0.853479901834411
Sparc 4.59462478948217 0.455238985446799 0.5712743831825
Trim30a|Trim30e-ps1|Trim30d 4.59038022339355 0.883511351358305 0.865158599382529
Phyhd1 4.58720118017224 0.722428349261978 0.722017233311674
Xlr4b|Xlr4c|Xlr4a 4.57810910621413 0.856921901497158 0.808364070210946
Ang 4.57784627033652 0.955424419358197 0.93158544631161
Lrmp 4.56802593117278 0.961119152993058 0.923780093884308
Litaf 4.55117297519662 0.130402145479655 0.446164633416549
Sipa1 4.53184108179849 0.914915931932721 0.933010479570456
Igsf6 4.5223362353427 0.958048296008277 0.950248480907027
Lgals9 4.51823212067166 0.931515853387384 0.937749808673227
Ptpre 4.51779701623484 0.439874885513529 0.681432942308758
Plxdc1 4.51758901814112 0.755038866890324 0.772281464002912
Samsn1 4.51620117571806 0.949362853276222 0.9390547711497
Afp 4.51519642191652 0.943954475225485 0.930557363583417
Cebpd 4.51415884284899 0.305932896002462 0.45065287968563
Ifngr1 4.51402385188333 0.824975708806843 0.859010231008067
Mef2c 4.50964195378514 0.52807077322014 0.438951025089988
Clec7a 4.5085059206493 0.893053888872738 0.905516019989307
Adam17 4.50239101147809 0.19691515014187 0.503749337160444
Arrb2 4.49728600162475 0.784824301370655 0.861718971087627
Stk17b 4.49479162857901 0.210105483634562 -0.0309181338982068
Cebpb 4.49186621918632 0.848075072803203 0.861926917952206
Rps6ka1 4.49058846700327 0.834947708323181 0.84682949472598
Trim12a 4.47491691167596 0.94219419662956 0.914433306321833
Abca1 4.47309901233617 0.221421974229623 0.134537026901349
Cd9 4.47066752228203 -0.213948042574794 -0.198812014371934
H2-DMa 4.47056010784366 0.859563688047144 0.894383745475378
Tcirg1 4.46437022919914 0.691059994634907 0.753210413303783
Il6 4.4629296469641 0.923011929636559 0.870859115857809
Il7r 4.44558323758884 0.919088507792315 0.940704360830706
Spi1 4.4400089121351 0.931497250621886 0.914316561861161
Mfng 4.43195422709141 0.933431813701009 0.918704315594184
Dusp1 4.41802604512207 0.345915655931549 0.349844153941768
Lag3 4.41570933996462 0.903501612364711 0.928132940349833
Slc39a8 4.4126359462837 0.755250269111448 0.764901025984507
Ceacam1|Ceacam2 4.40710361631293 0.899149099376545 0.871167305317215
Cxcl10 4.40567809887295 0.85725652359788 0.69856176833123
Serpinf1 4.39643237443812 0.479845473417337 0.109418107851125
H2-K1 4.39542998697531 0.678462396458418 0.571151271462752
Ptbp3 4.38145245896656 0.770990945015063 0.777432801346045
Arpc1b 4.38012996614235 0.423360586094116 0.11048556736705
Rel 4.37773921716397 0.877535141939912 0.864259189795859
Klf10 4.37518059468159 0.764806649925063 0.822010151299125
Cebpa 4.3685849238893 0.848928735702382 0.87501448082935
Ctc1 4.36334767433435 0.914821780817842 0.909009856489313
Runx1 4.36250664846047 0.950294244388053 0.927656172346526
Cyp4v3 4.35660128539051 0.264896863697185 0.610980030295918
H2-L|H2-D1 4.35412880682289 0.794084601240537 0.767797222031011
Plxnb2 4.35264052362255 0.479294552738177 0.702591554700873
Atp7a 4.34547083616694 0.696067934984599 0.791527745787337
Casp1 4.33761912462211 0.692921788318364 0.679897283864539
H2-K1|H2-D1 4.31935957418608 0.614132348125749 0.538827231906372
Gmip 4.30079477236207 0.912568042355098 0.893583040229556
Rbm39 4.29534244380789 0.619935006995885 0.628134182694359
Sh2b2 4.29493212913238 0.85360803566386 0.83455325094322
Tifa 4.28853469669294 0.651041458260482 0.842208727064751
Pld1 4.28508765600327 0.597365027371743 0.794539732732298
Mlph 4.27809419203548 0.948043303969392 0.948738754698209
Ccl2 4.2702176529539 0.933224549493966 0.916482200341481
Reep3 4.25172801226275 -0.289022609601541 -0.118153589258345
Asph 4.25136153583355 0.32657037387326 0.205598381384253
Galnt4 4.24959535424439 0.138892862541678 -0.0888496445825484
Syngr2 4.23924628673118 0.504661628980494 0.678839470206685
Hacd4 4.23516621462553 0.720887283830188 0.650509092278048
Ptpn18 4.23335224112069 0.880128442723282 0.907792967208714
Cd52 4.22834768484809 0.897094525015263 0.885622576913807
Lrrk1 4.22368956973052 0.899858985520071 0.855217105115679
H2-D1|H2-L 4.2216308024398 0.754679518009776 0.713519505520334
B2m 4.22126289589278 0.651958697529127 0.715184919529906
Slc2a5 4.22039277783874 0.893102734686297 0.925762382707557
Msn 4.21255662041038 0.694488492195862 0.803008847870909
Tmcc3 4.21185101214638 0.618200014455887 0.533104613879965
Tsc22d3 4.19912089432919 0.659697231127811 0.687236910718014
Npl 4.19852285779996 0.562439658042989 0.700004523370205
Serinc3 4.19252616256266 0.845700847177421 0.822849086632032
Plxdc2 4.18984082009978 0.691235816813581 0.681432637933602
Hpgds 4.18235603857322 0.943370074796786 0.936023337329389
Naalad2 4.181242676534 0.891182185637861 0.916021897432184
Tob2 4.18039619531659 0.608353618999904 0.746918701070787
H2-D1|H2-L 4.17760492557808 0.736861800142931 0.707796442936603
Egr1 4.17597853001709 0.534311979018935 0.776572714337506
Ugt1a7c|Ugt1a10|Ugt1a2|Ugt1a6b|Ugt1a9|Ugt1a1|Ugt1a5|Ugt1a6a 4.16233415907327 0.693987715202514 0.670144410937881
Mrc1 4.16095580324127 0.883145243149494 0.847305771674863
Rgs2 4.15258591785285 0.48299608453368 0.801068677978145
Myd88 4.15097285184066 0.910536030551721 0.915999493360353
Lpcat3 4.15037730335216 0.226257953430548 0.370986664449744
Arhgap4 4.14725287916036 0.936948117515241 0.924372754827671
Btk 4.14317505407871 0.909526566251104 0.925557641373087
Cep152 4.13551453516649 0.851026002655652 0.817513234654921
Lilr4b|Lilrb4a 4.13323258483706 0.92537131505506 0.869890159977523
Hcls1 4.12922573591749 0.941867117287347 0.929837033835418
Snx18 4.12114994792415 0.585633297320082 0.77287795022491
Cd33 4.11581395968438 0.891820209124395 0.91612292796024
Tjp1 4.11469211338684 0.0111262323131618 0.0996055535001289
Plcg2 4.11402970102238 0.853321198726594 0.872023597011429
Pnpla7 4.10294376717666 0.33378648699718 0.453948081481576
Ripk1 4.09979803161469 0.713989176768149 0.838147934214828
Rin2 4.09772094457203 0.566297523604514 0.6446135270599
Cyfip1 4.08228146283382 0.300703045579078 0.667101971450016
Resf1 4.07822545264196 0.685114542596102 0.666253422136326
Cxcl16 4.06916644688197 0.94258917781657 0.922705238058778
Uba7 4.06566423110373 0.919479469815099 0.916194496978144
Tspan14 4.06509443674412 0.173503057814636 0.410817272224325
Myo1g 4.05892776053372 0.880053281573696 0.85548720693751
Tgif1 4.05712371117123 0.91354655411334 0.919729643263349
Ly96 4.05689251647486 0.74794881080571 0.807139112465663
Adrb2 4.0562030910934 0.954778497838925 0.933688796363331
Ugt1a7c|Ugt1a6a|Ugt1a2|Ugt1a6b|Ugt1a9|Ugt1a5|Ugt1a10|Ugt1a1 4.05392771344398 0.85936556401557 0.921277580658776
Pag1 4.05160604119311 0.514531259064225 0.830757448823823
Tubb6 4.04839741213691 0.827692506709395 0.824467317304645
Rgs19 4.04720217267113 0.452332811275173 0.625774703356778
Lgmn 4.04127939054971 0.774456202450112 0.75538821184546
Fcrl1 4.03999157338485 0.947691578679892 0.959519659953163
Rreb1 4.03693385597702 0.561952802801733 0.683197301211984
Gpsm3 4.03400055212724 0.918771068043606 0.926403188215968
Mef2a 4.02035476675977 0.857765095336636 0.846506686794126
Apobec1 4.01377309461736 0.806479858944597 0.840467309792975
Scamp2 4.00969103229095 0.601480050250415 0.715696763220685
Pmaip1 4.0069093848046 0.92167708893287 0.889491282289277
Cd177 4.00004284360566 0.921532804231631 0.859149668426157
Rnf19b 3.97884115733824 0.826886278113828 0.874523947618719
Plk3 3.96274465696486 0.471282099880076 0.31595241466277
Pnp2|Pnp 3.96215495943872 0.335460964027071 0.717571443896628
Mlxip 3.96073045553865 0.822318069256276 0.829245551665253
Dhrs3 3.9591919603884 0.43410832270133 0.359202952261275
Dock8 3.95436059993463 0.924234672720703 0.901474875965425
Parp9 3.9465926422046 0.771522274614614 0.828615184502807
Sult1a1 3.9442309870612 0.429448539286544 0.148317382320863
Cmtm3 3.94086089447059 0.191659610111586 0.359412207355567
Prkcd 3.935966567438 0.493958529247456 0.681004754571411
Parp14 3.93594289173527 0.873560612741888 0.814696809414452
Plekho1 3.90939526138812 0.823764933367584 0.788235215860598
Diaph2 3.90797884785945 0.634683525959789 0.761953773122357
Gna15 3.90497384011791 0.932537461117177 0.938234863617351
Gcnt1 3.8990111429567 0.94054446300865 0.886133049472264
Tnf 3.89799734094262 0.881756168429284 0.865126284423679
Tmem140 3.8973272033847 0.939009611434795 0.921296072221538
Mcm3 3.89599668663548 0.696881766028806 0.72368498800329
Arhgap9 3.89400316823324 0.904071393265157 0.89329254580179
Rab3il1 3.892244325028 0.898329903849273 0.924350365939555
Hps4 3.87504903130741 0.7377163397382 0.757692064328705
Gimap6 3.87032119852321 0.908671118915998 0.921725257160851
Dock2 3.86847799030504 0.847901954380209 0.931698267448438
Slc7a8 3.85907871649584 0.818106906309388 0.89671981448967
Elf1 3.85753127891427 0.575782815919285 0.648389017927976
Fam111a 3.85078929992988 0.779247407993804 0.699300212943908
Abcg2 3.84163805146805 0.46138364848636 0.718903841160524
Rffl 3.84068731599415 -0.022256764978128 -0.0514476373775014
Rnasel 3.8402637735655 0.781003374655735 0.850464809875338
Pdlim4 3.83976756954808 0.0962169860004705 -0.10726267715303
Slc25a45 3.83085690528328 0.751385857700218 0.802674843388815
Tlr3 3.82627065598365 0.211915049921838 0.833342645686074
Myo7a 3.82464896842459 0.801454921473706 0.878726533395576
Gcnt2 3.82346956034953 0.7673915420045 0.662655704667559
Ebi3 3.82219544649084 0.882802109876822 0.904658966709239
H2-DMb2|H2-DMb1 3.82207396005391 0.879441940131218 0.843342453491311
Nrip1 3.82122995005869 0.692155844643962 0.789729136392824
Lgals3 3.8097455978906 0.484750235337105 0.108114138491983
H2-M3 3.80851659028983 0.623766769231785 0.801709728986833
Il17ra 3.80557873894471 0.772517824620406 0.806217033563063
Prkab1 3.79267038395734 0.803737128482115 0.863550545932207
Pik3r1 3.78270305393513 0.164605792943755 0.546071316011202
Ptgr1 3.78223096436832 0.634314716209034 0.775925727977305
Usp2 3.7783390505142 0.589054434828378 0.80553412520255
Rac2 3.77369919402507 0.853661769577549 0.886508470157985
D17H6S56E-5 3.77054504581302 0.932106222813039 0.912751403881137
H2-Oa 3.77005774284102 0.935313434317676 0.936753258761117
Tbxas1 3.75594273216753 0.904051741086735 0.879936905457404
Gdap10 3.75258105079399 0.283633207421076 0.498893816980958
Man1a 3.75212666848113 0.391255312571407 0.248470045884262
Ints6l 3.75167845516262 0.440801721066174 0.506121765968368
Man2b1 3.75110003019004 0.728943391093439 0.677482272613863
Lrp1 3.75048135674704 0.156560655936306 -0.155148499741134
Gem 3.74758946677334 0.258488964636753 -0.0428587386634424
Ceacam2|Ceacam1 3.7424818553058 0.83108081352928 0.854413328593084
Pon2 3.73079027261657 -0.190864615951161 0.411878372559407
Ncf1 3.72812255700848 0.931606949388612 0.921842538921958
Snx5 3.72745551863832 0.806065128392687 0.893605375600489
Lamp2 3.72046498216008 -0.128634487565521 0.13123191019055
Rrbp1 3.7187692085743 0.51831515567756 0.613184915400422
Zfx|Zfa-ps 3.71738509256113 0.796782943839161 0.792130918558022
Plekha2 3.71363028596967 0.129840107538239 0.152598260663507
Ltc4s 3.71337706185946 0.855955788341345 0.875747417788326
Srgap2 3.71318163286156 0.723786079987743 0.884274059617656
Snord22 3.71008071546569 0.639730540320133 0.747652135155631
Frmd4b 3.70409038482997 0.379030584947668 0.529871924735643
Plcl2 3.69814532474655 0.678327352917552 0.789184720430486
Slc37a2 3.69560097582488 0.841666749872252 0.870871332826267
Il4ra 3.67459326346833 0.933189328912554 0.91708436887305
Tcim 3.67329708759072 0.535256600666328 0.245549962192037
Ucp2 3.67179150630435 0.778149489993256 0.837080813239157
Psmb9 3.67117524058363 0.79000399189617 0.797192482441821
Clec4b1|Clec4a2 3.66888765941899 0.942114770669358 0.917870560021149
Npnt 3.66113552919405 0.699402933945426 0.579417985853949
Rela 3.64313515580487 0.643284430700289 0.691315995201326
Phxr1 3.64110013435365 0.735054301875342 0.744678481059365
Ifih1 3.637161155943 0.771262671245632 0.706495043247053
Sirpa 3.63601168736613 0.379749663066111 0.675461524839095
Asxl1 3.62517578396394 0.796066340990129 0.826117307818706
Jmjd1c 3.6231427598837 0.703825694356838 0.759223250556792
Per1 3.62312407684771 0.684325039720152 0.778482498491602
Ptger3 3.61607812744885 0.861601520451147 0.818085007839776
Dnajb1 3.61027003104097 0.848951301494408 0.849492330129476
Glul 3.60771556910248 -0.12359586184578 0.483954526692674
Ifi35 3.59744280288464 0.853527246062887 0.864951015856057
BC028528 3.59551512093192 0.59333546347018 0.296661843788185
Pxn 3.59281252578673 0.455843515024568 0.778675839413359
Stard8 3.59082620859291 0.248022259071394 0.0592476810424324
Glipr1 3.58676040859686 0.675816768677485 0.907036576062169
Tnfaip8 3.55632720681608 0.0544162458604305 -0.0687511326400445
Slc25a37 3.53459305491692 0.823271556823341 0.755797149762966
Rsad2 3.53409272104854 0.553937661241837 0.554416766449516
Ptbp1 3.53216059863428 0.550474111129089 0.514292176793496
Prkd3 3.51500941212317 -0.266166817424306 -0.155128712744896
Adrb1 3.51210395071941 0.594108228132637 0.828249379484997
Nupr1 3.51190674365782 0.381439610702145 0.302237592466249
Cdkn1a 3.51107310898366 0.703208687082925 0.628363727710872
Vrk2 3.50703424611175 0.805349186084699 0.852797321661004
Cd79b 3.49542861692532 0.914120404348435 0.902792662395606
Herpud1 3.4879080783532 0.8422221068103 0.848919822317794
Arsg 3.48713914079805 0.11056267331825 -0.13454317901363
H2-Ab1 3.47995849512769 0.716919157549252 0.639214100328447
Sgpl1 3.47569994982954 0.41906701326229 0.675218489090254
AW112010 3.47360592303881 0.911547851605007 0.90862188092226
Ets2 3.47164831268353 0.65477382155608 0.537652466298833
Tmed5 3.46818523552396 0.368864184462938 0.284702529007432
Phxr4 3.46161313629864 0.44278517496838 0.123478879707711
Maff 3.46012945705111 0.740400603608241 0.743797013341992
Snap23 3.45958322025336 -0.115731089041684 -0.191035716606133
Zeb2 3.4588337035003 0.400391405086028 0.427471045432332
Tmem37 3.45645795745704 0.917194037043625 0.916847182831245
Rbl1 3.43878216847271 0.550731757099681 0.441093516327229
Fkbp5 3.43406896432089 0.680181693032745 0.747719756959961
Dok1 3.43352824353026 0.838718316569392 0.858072174063603
Daglb 3.43270165494977 0.830600222051868 0.840681093989538
Lims1 3.42587169849578 0.487886495981151 0.648840678026141
Ifitm6 3.42432747066884 0.911744484641628 0.827120881703958
St3gal6 3.42337894658408 0.701587373152725 0.5604615924321
Ppfia4 3.42333808838723 0.762206527844954 0.878550069223894
Hp 3.40984604067557 0.887190128637353 0.749977786189845
Pik3cd 3.40889833070148 0.861675066063954 0.877359952912149
Was 3.40535631234075 0.873035495670784 0.850301955712366
Vasp 3.4031724986703 0.852753588239403 0.879980192537098
Mitf 3.40146560230077 0.520323735284431 0.595166133932564
Smagp 3.39937056384413 0.902359949671892 0.902573560776099
Pnp 3.39834401893611 0.285022566554327 0.711749559477843
Tgif2 3.39741948600927 0.887127492712478 0.928781067850688
Trim34a 3.39730950881577 0.780547710202201 0.683217445325645
Usp24 3.38237426852347 0.380378941864921 0.622261158994516
Snx20 3.37781445564497 0.92609094020446 0.913820589320925
Ifrd1 3.37372542664311 0.353214531708193 0.252519884886922
Wipf1 3.36262582465833 0.010787075350905 -0.189837624912386
Cd2ap 3.35986712392114 0.610805178022509 0.693218984781947
Tmem63a 3.35882883187105 0.191197633473769 -0.0975183256489013
Clec5a 3.35816192891402 0.926644372769601 0.915570235676764
Ebf3 3.35752200359428 0.581267310167824 -0.100471666781112
Sh3glb1 3.35098427910374 0.661690735149485 0.800871318416691
Fcgrt 3.34848354085493 0.303100993647755 -0.0875959106266034
Mrc2 3.34479957714433 0.877604124000426 0.847362071830426
Il1b 3.33886948722698 0.875198172488826 0.90533160526654
Tpst2 3.3333632960441 0.711386492868761 0.814376567990135
Hps3 3.33098020688383 0.839774558983919 0.861998195581169
Itgav 3.32766837691136 -0.174624880676245 0.199337858804581
Tgfb1 3.3183999323975 0.899146393903505 0.84166036959491
Rp2 3.31341656111406 0.833749497853461 0.820370686261358
Gbp3 3.31321273731333 0.452989035791861 0.197688377819953
Zfx|Zfa-ps 3.29691238704054 0.835551874711908 0.820493938231458
Gbp7 3.29091775216076 0.398947063944208 0.318783171697342
Tspo 3.27713982269191 0.68357133975182 0.6906399287873
Ceacam1|Ceacam2 3.27455864809172 0.911059160238551 0.854546007478846
Traf5 3.2437282736468 0.854817214347373 0.863068484559966
Naip6 3.24222899902596 0.771297735442573 0.898258761509904
Rbm5 3.23731863827896 0.209310016619553 0.170286101582299
Ms4a6c 3.21877174333202 0.863066961283719 0.8499877146226
Calhm2 3.16271475680297 0.896987069381461 0.86493137612578
Kcnk13 3.14239917302689 0.37448124522529 0.413441695155519
Myo1b 3.14221155811269 0.85660728268251 0.76525668855302
Nfam1 3.13757653429935 0.686094010237965 0.128283252424105
Tmc6 3.12276963420391 0.788515980359991 0.760202015860069
Rasa4 3.12050633934684 0.840526673798866 0.825460086715857
Map4k4 3.11874685036551 0.107992457456473 0.102220641811435
Batf3 3.1155145539664 0.92254371587014 0.93842137569786
Hlx 3.09514494355093 0.889861782826812 0.846511197523403
Nfkbie 3.08844162140684 0.691842274648352 0.709695613664964
Gmfg 3.05832706747774 0.87954866515189 0.871157297350848
Tlr6 3.05252515973945 0.795097630633402 0.814454308742572
Mmp2 3.02526953739367 0.397077347044263 0.690780587454023
Mpo 3.01827118477815 0.750554775769187 0.310786581356656
Plaur 3.00514815953902 0.776417748581893 0.821455861536062
Erap1 2.98962603392796 0.578055160904305 0.633822422530596
Irf9 2.96301673865611 0.77632191715763 0.792342799295709
Pygl 2.94181059142014 0.417760450152608 0.274371462721545
Isg20 2.90848049267683 0.896233479765953 0.885914611062803
Pf4 2.89603618758447 0.852335275659704 0.836430045685434
Relb 2.89450300740725 0.801556924511286 0.80276865387014
Parp10 2.87193472063645 0.830894040781352 0.775427265527832
Ptprj 2.86821145549322 0.827406574717955 0.809363108262489
Calcrl 2.866674176642 0.174387102712379 0.090445464157904
Tnfsf13b 2.79294166940086 0.811522877726214 0.853732423558336
Stk26 2.77811907079414 0.725783230845967 0.580299647298931
Emp3 2.74869517472651 0.771560299997391 0.829834831363156
Cmtm8 2.70697649117783 0.782180988544754 0.61005515792944
Sh3tc1 2.70105985579242 0.86372922685347 0.901994230648247
Ifitm3 2.6983845775263 0.283653627790071 -0.118774610174719
Myc 2.67355736872605 0.79148610508518 0.836613395073022
Smpdl3b 2.66660279163418 0.50478187066646 0.792081319671928
Irgm2 2.60590212644335 0.748055561119918 0.634221126947278
Sftpc 2.59439350643551 0.499715969307756 0.275534800791808
Esyt1 2.50981722886343 0.818438761049749 0.786482603175355
Lpl 2.4397749522954 0.23980359788193 0.0418221770332508
Arhgef2 2.43734055412839 0.210988799212153 0.150889989252393
Bicd2 2.43180318129359 -0.0924825117487837 -0.0815026172651759
Srpk3 2.41834875819019 0.590097469480338 0.304828228240171
Il21r 2.40089377897045 0.935827634718116 0.940204302795195
Ceacam2|Ceacam1 2.38090947968623 0.838033084192596 0.877095586027001
Dusp2 2.37204545258952 0.723594467534256 0.711843961985984
Gpr137b-ps|Gpr137b 2.30137712002864 0.286524744563105 0.185357464488346
Dab2 2.16573884204305 0.0123735006605209 0.0145495332023619
Phf20l1 2.16003211162674 0.309499021860386 0.143414406164952
Tlcd2 2.07457806072334 0.86604562281572 0.827380392406169
Tnip2 2.07294824262552 0.834466412941472 0.834331023189816
