Tac2 7.02337138253952 0.853167574966475 0.801535824614804
Htr5b 6.30145309706973 0.9377086818335 0.90072092067799
Zic1 6.27418885360747 0.6448625042012 0.758460399476316
Necab3 6.27049198234453 0.849902628653351 0.855511640094927
Syt9 6.03314211830781 0.592153195063859 0.922566632385331
Slc17a6 6.01245579723734 0.559261635587025 0.188924315298468
Lhx9 5.97623408685934 0.662052748049583 0.638182176651118
Irx3 5.96470642225038 0.918346396985109 0.889962381752184
Slc18a3 5.77538366075456 0.942488342756343 0.910683532994736
Nppa 5.71276749254243 0.955630067921762 0.955498786050355
Rit2 5.67242910422731 0.28675495905322 0.380451907893817
Neurod1 5.61267517508894 0.845453684152753 0.797980822158913
Sncg 5.41090463521145 0.882265575052647 0.864805139106614
Mcub 5.27935412281637 0.626488264208732 0.737613470581952
Tnfaip2 5.14958631804102 0.644031241887988 0.416681760667042
Irx2 5.04368120067346 0.881070841427931 0.862536684734995
Lrrc3b 5.02891458603601 0.673902101443503 0.856434251974931
Cytip 5.02386191510215 0.714183072978972 0.848753827658928
Tesc 4.92173184506017 0.54976701122818 0.703422451698478
Cbln1 4.88433335075031 0.426212787680334 0.72477727600366
Cadps2 4.84856579029183 0.61890355796668 0.664056041688999
Nptx1 4.83727960279364 0.36859807054395 0.201902965056044
Cxcl11 4.83566266695798 0.937067719483284 0.935833420838435
Pou3f1 4.75327255260364 0.00633210597121279 -0.185857771138749
Necab2 4.72780968930258 0.555182990034812 0.735956734318388
Irx5 4.72025544594744 0.876105513997436 0.881680134637206
Mme 4.7179041961309 0.861158047229722 0.761387632962416
Nr4a2 4.64870208473498 0.826818782570732 0.810469915671365
Mab21l1 4.6413420493873 0.768616647259385 0.616443730493963
Chrna3 4.5718523147883 0.71690580011436 0.473895235249205
2010204K13Rik 4.56118320708996 0.373115938905536 0.592296679355285
Zic4 4.52297935724935 0.879898008946365 0.817196885575786
Kcnip1 4.49412220128885 0.610693202527333 0.657662332248977
Resp18 4.48355438481648 0.260053991462698 0.202395492442979
Syt4 4.40053639010539 0.376059385102131 0.545956132550738
Hs6st2 4.34478833885036 0.403823605287561 0.61864308338168
Tyrp1 4.33804376744043 0.923528832941308 0.853525520947503
Sh3bgrl2 4.27067373433923 0.847825325291711 0.868933497118753
Cygb 4.22178294411811 0.576945799349573 0.518160570274338
Synpr 4.19388903294701 0.526170754740618 0.822679689583586
Snrpn|Snurf 4.18718005053756 0.372696148454769 -0.173157282143953
Pkib 4.18542097223051 0.446675114698035 0.528028847341279
Sstr2 4.16298088604368 0.809306956329123 0.809617304249113
Rab40b 4.11281372604639 0.184080981317816 0.191835174034295
Cacnb3 4.0770110929247 0.625674274244167 0.769128510190127
C130026I21Rik 4.07185088493935 0.912001978453629 0.942083902413013
Tac1 4.038003822172 0.107823647008292 -0.0136276082312537
Olfm3 4.03028924927581 0.294193425088693 -0.26139631173465
Rtl8c 4.02362551327951 0.576470666471099 0.433650218664554
Pde2a 4.01856683689331 0.632484661352908 0.748819458402695
Kcnma1 3.99713895571457 0.711863706197617 0.754358237256986
Grb10 3.98750460962091 0.329370229629233 0.0744037821752664
Calb1 3.95253530419693 0.093202108957945 -0.0383194824578572
Ebf1 3.91230571238651 0.836239158199869 0.767761031362153
2310030G06Rik 3.8781521276387 0.737695785750652 0.646424981669317
Vav3 3.8212827648812 0.625436301895466 0.765392866971857
Sostdc1 3.80965081250897 0.673405233526147 0.776372489163073
Fgf14 3.7803111852009 0.337183730872404 0.389691245904313
Epha7 3.76189348643139 0.45003577893575 0.391322731111677
Cabp1 3.74597882065316 0.724917602888049 0.698575860106329
Car10 3.65969815924507 0.360894095211612 0.500222894477233
Myh7 3.646702983934 0.586981131288884 0.727760667077987
Map3k6 3.63263092870853 0.900689081569447 0.872181636934322
Kitl 3.61988982120243 0.594302293964275 0.744498217323462
Nptx2 3.60055476372322 0.355329213325908 0.399878880933554
Socs2 3.55397994060377 0.74879279185942 0.811126419929484
Calb2 3.54646064879339 0.437177942838324 0.356777330024368
Tmem158 3.53802976869147 0.0764290534801885 0.0926618164417892
Myh7|Myh6 3.52611663892233 0.644367523413505 0.796017394293079
Rgs10 3.50619019029659 0.416104970083298 0.821354071752253
Cplx1 3.50329051694312 0.29936251838547 0.585817403900158
Sema5a 3.50211170135778 0.100502586572833 -0.000185169403011332
Cdh22 3.49515691443272 0.439512159396424 0.332169740502888
Tspan13 3.49268044999928 0.557795311993827 0.715470756657674
Sema3e 3.42381446412632 0.757510848740324 0.828872145693974
Copz2 3.42204887218178 0.664025007778198 0.805778961623357
Kcnd2 3.41354225369738 0.54001896745589 0.491783292217451
Prkcq 3.36865105210316 0.235083199874013 0.268264588510064
Nrgn 3.36789500284369 0.472135704945699 0.350955407310782
Tmem56 3.3526709215248 0.391123793810192 0.584666622789883
Tex15 3.34897134619867 0.884009437272203 0.864548222223428
Spa17 3.34273214200822 0.681104023579641 0.760016354695133
Fzd7 3.26171943434296 0.402519931509066 0.52669895242682
Zic3 3.25729479858056 0.297055379734884 0.00301202455244142
Tcf7 3.24326813428279 0.874505371286448 0.89172822991804
Cartpt 3.18056400208762 0.588794200460746 0.675723322556005
Gpx2|Gpx2-ps1 3.14275921769359 0.886540199134968 0.849948101205407
Shroom3 3.13891628649775 0.42372055656572 0.255829503096413
Galm 3.02139912144768 0.524411662720612 0.4765322340027
Klhl1 2.92022983132641 0.563106885667684 0.0451302689532048
Ifit1 2.86768377611282 0.794773990251298 0.714448475987637
Syt17 2.77489413832086 0.617707513996368 0.349276404682149
C1d 2.68923708373984 0.400938538054559 0.439584370361453
Pcgf1 2.63019997097247 0.476338885942918 0.433368134292964
Gabrb3 2.55704009229426 0.54455634114043 0.694508346751954
Stk39 2.54950678844881 0.103671564368457 0.102292821622023
Grip1 2.53516150820572 0.628324354609219 0.658196737384828
Chrnb4 2.51410186818402 0.860015631711521 0.799401621902465
Ung 2.49807834363834 0.33842769588947 -0.0167359414494073
Adcyap1 2.48673214337273 0.722027814743918 0.656342381987776
Robo1 2.46074555503807 0.254143158225687 0.549266216117848
Tspan12 2.38431859583635 -0.0490617555940113 0.0815024398858982
Trim62 2.22046487683197 0.46352787884461 0.254165097689949
