C1qb 9.44489526985825 0.850343910212466 0.826100809455668
Ccl3 8.87201486120426 0.918312968045332 0.874965583428724
Xist 8.53069524382098 0.298598761944636 0.043416087245151
Laptm5 8.48457021003879 0.764184885582343 0.791381444913591
S100a8 8.33703393391749 0.973140647421109 0.956873655073415
Socs3 8.29278961977578 0.618055031519487 0.807427989730807
C1qc 8.1532069508627 0.879758209308434 0.855340219989704
Ptprc 8.07772170584902 0.940195199391769 0.927593156827561
Gpr34 8.01898238298112 0.953341234757611 0.94898039756534
Atf3 7.9990935032608 0.778525504283983 0.830764007673631
Fcgr3 7.72300092217204 0.917757386157874 0.920256426963961
Fcgr1 7.70186958413731 0.875986225703466 0.869832467782368
Nfkbiz 7.52647857691089 0.65891344189073 0.868946319052621
Lcn2 7.51978496919568 0.946029861780887 0.907870360042973
Tmem119 7.50127136869886 0.916848556131581 0.914693160934049
Lcp1 7.49678740023939 0.777858936784691 0.822778027882635
Ly86 7.49230530998931 0.903865771242217 0.907458534390297
Lyz1 7.48764702922339 0.878084528188641 0.879329096242757
P2ry12 7.48194729038038 0.885852725888788 0.86236366443333
S100a9 7.48070149720201 0.9604012188194 0.947926708499594
Vsir 7.46592120818037 0.721680474787846 0.817506829988976
Fcrls 7.43518926772461 0.923744294809687 0.901294879187313
Ccr5 7.41491404094588 0.96056590946307 0.963737816425011
Ctss 7.35402928513998 0.732853707001077 0.783790355135232
Itgb2 7.33696705793725 0.946848446951634 0.940209250733343
Olfml3 7.3221406786556 0.957188568112556 0.955987681329844
Rnase4 7.31345881460857 0.892783987925538 0.893021472431678
Klf2 7.31294397514875 0.820220489561433 0.769704468031332
Icam1 7.28560185132695 0.911244346321728 0.889225151475047
Anxa3 7.27788648791315 0.918819376461336 0.918522151461646
Cfh 7.26683835683582 0.955837852028181 0.943413748496649
Chil3 7.23172608559357 0.951470048582734 0.893430269097577
Cd53 7.19473445141395 0.935430576976565 0.927557102487486
Mpeg1 7.19305309442597 0.898167187753939 0.883361856541138
Il10ra 7.15676960749382 0.958591561492928 0.952522764485584
Itgb5 7.14570795719167 0.486055984798866 0.83172489091188
Fcgr2b 7.14385518953309 0.937012084945563 0.919765492348864
Ctsh 7.13963835191267 0.920207106460171 0.921913629698908
Irf8 7.13874059761479 0.937233853962652 0.931962833737715
Cd68 7.13076928962724 0.927266905036687 0.911444553254431
Adgre1 7.10634623333524 0.91850445947778 0.90924329915282
Il6ra 7.09832810435334 0.971762767351217 0.968796259192909
Ptgs1 7.09808003327205 0.632350006210534 0.5355030866188
Fermt3 7.06703787282077 0.883282668855004 0.897026946144149
Hpgd 7.06696626559696 0.841767619443731 0.902267801883563
P2ry6 7.02495730338075 0.950362498791209 0.958511022840041
Tyrobp 7.0230035999233 0.903895653979057 0.892391677983416
Klf4 7.01651584733494 0.439317869431445 0.629645760718684
Ptpn6 7.01551164675284 0.967395369570676 0.97023851071766
Ngp 7.00236643293597 0.918189254178515 0.901413277593958
Ctsc 7.00091243069584 0.474267672595835 0.741998073095641
Naip5 6.95299291932103 0.96204169190144 0.969041223053107
Cd14 6.94298749938652 0.893412362018585 0.895169706719293
Srgn 6.93896062423328 0.876849820333541 0.877964467546199
Ms4a6d 6.92154485419344 0.967535481808 0.965321514023132
Cx3cr1 6.91377880251436 0.894871589051515 0.87514207145877
Rgs1 6.79947064342479 0.92575569791581 0.913704339101885
C1qa 6.79134018561425 0.824045442807812 0.851564118343956
Ccl9 6.77931724421078 0.941361446343207 0.928426291895579
Sla 6.7597576058152 0.93321883468969 0.939377780676717
Pld4 6.7521343196621 0.949278527582167 0.946623615028717
Fcer1g 6.75103138923978 0.937110448957225 0.933923638064222
Cd86 6.72942245484524 0.962796484042312 0.955705564975573
Adcy7 6.70168162675738 0.804125843379392 0.787842222716494
Txnip 6.69789744259157 0.564629166974869 0.534275457018026
Camp 6.65817843874781 0.957046717262226 0.906799900628723
Aif1 6.64359195773736 0.95395728709069 0.942069354545529
Selplg 6.64108262598368 0.914456632424626 0.916297976204716
Bcl2a1a|Bcl2a1b|Bcl2a1d 6.63350882640795 0.934535556616973 0.929832928960105
Havcr2 6.62406486736647 0.95943682422777 0.958210014306567
Ccl4 6.58804299199594 0.902956881372629 0.923551549130329
Cxcl2 6.55351071662631 0.924639131346181 0.887336454289424
Hck 6.54448369477079 0.926593364233394 0.936215350551696
Mertk 6.54005386660538 0.293553353861577 0.023616097947432
Fosb 6.45565839260683 0.598697734774971 0.716156298176386
Vav1 6.45427510592155 0.964604756870992 0.964785272575621
Plek 6.44035925533032 0.861896450630526 0.914335684288107
Tgfbr2 6.41138440435307 0.895312584034459 0.907203589929829
Evi2a 6.36424824285287 0.16226506251118 0.122083941499024
Lyz2|Lyz1 6.35598245753309 0.929943769820373 0.938923292459465
Tlr7 6.35238513353652 0.951780800408721 0.96331730323523
Il1a 6.33862650319998 0.940916640263139 0.922041603079999
Tlr2 6.33169462440422 0.929273770652586 0.946321371742008
Ms4a6b 6.32304745810442 0.950917499641225 0.947495753778147
Egr2 6.31384995542503 0.795060272778477 0.855156068576675
Naip2 6.29553651264389 0.954588917224852 0.93707339577966
Gpr84 6.29389062793797 0.941291562480622 0.946062028391353
Cyba 6.26921635707359 0.829577116336902 0.836618912110019
Nrros 6.25966729315299 0.769671277440094 0.791824786290472
Slc15a3 6.25640094507731 0.947271416372305 0.934309287413246
Hba-a1|Hba-a2 6.244358953135 0.760226922017899 0.79997090141383
C3ar1 6.24310164095234 0.907487831658656 0.930233995213747
Fli1 6.21987728571493 0.968790946454912 0.966257200400884
F11r 6.19990216229548 0.933823008667424 0.954226494950616
Golm1 6.12535334381941 0.786584544348926 0.912453878407437
H2-Aa 6.10904519703356 0.89710837769406 0.887851338957158
Zfp36 6.09028973279817 0.723075726730048 0.794312073401642
Zfp36l1 6.06580785633459 0.162501780434056 0.319838572169749
Ccl6 6.05659616967562 0.93965450265521 0.943285872045669
Slc11a1 6.03450829283941 0.928322508704669 0.936462332727685
Inpp5d 6.02958252571027 0.929141779219316 0.937033519358415
St3gal6 6.02660030772082 0.83765119835314 0.792268323049702
Nckap1l 6.00688174357117 0.922172985894342 0.918690107442541
Csf1r 6.00456899774516 0.739373434300799 0.660138098370364
Lpxn 5.9943899433202 0.953465933136345 0.957658152792717
Spata13 5.99045499582482 0.654532047268109 0.841974331327327
Ccl12 5.98856461188178 0.95791800365526 0.959443366840621
Ier3 5.95509904257091 0.902644511929218 0.892263843568038
Rgs10 5.94953376279692 0.681921519024144 0.929941789254349
Blnk 5.94863713862093 0.893910169958423 0.908158892022789
Lair1 5.94248816043504 0.889503697560096 0.893433065299134
Fgd2 5.93099497007617 0.933448668496826 0.924676847540034
Ggta1 5.92910583891074 0.771240511395696 0.741996856720129
Ier2 5.8841724121897 0.75424923259033 0.761547761270482
Slc7a7 5.86901208095641 0.931483278480659 0.916701824992142
Arap3 5.86004500980721 0.94276652954292 0.927776511211137
Dapp1 5.84080543509808 0.643288652803117 0.731428075918814
Ugt1a2|Ugt1a7c|Ugt1a6b|Ugt1a6a|Ugt1a9|Ugt1a1|Ugt1a10|Ugt1a5 5.81885277349412 0.700355850844512 0.856133470982493
Lcp2 5.81450460553671 0.960069646166519 0.958516202649754
Trf 5.80113580105128 0.0126145689496917 -0.0912677242073283
Rhoh 5.78645725521135 0.948546368674965 0.941330134157802
Slc40a1 5.75656420200099 0.882991780260592 0.899345786037857
Ctla2b 5.75566410233888 0.897504717233304 0.906445401047279
Pik3cg 5.75208416716931 0.96198742414018 0.93693752885356
Junb 5.74814871872872 0.662926320161612 0.710290375201287
Crybb1 5.7372286960624 0.92522789353099 0.926819389249503
Ncf4 5.73055778706306 0.959636110411014 0.965959974919039
Capn3 5.72782662662792 0.92660281599421 0.941607866082009
Tnfrsf1b 5.72176505029116 0.911769878576412 0.923625054317388
Fyb 5.70731075645152 0.944897939096803 0.942116486335274
Stab1 5.70555002174436 0.949651546786359 0.949953997409876
Map3k8 5.69461673207622 0.948984403702406 0.944719361425179
Tm6sf1 5.69290261966343 0.786902219907278 0.883178529076906
Hba-a2|Hba-a1 5.67535708060578 0.647523980322643 0.649868222038167
Dusp6 5.66889672423791 0.517603930623864 0.594778117435366
Sash3 5.66188144594772 0.8901118267886 0.942725564956864
Ccrl2 5.65171212343126 0.903418168031241 0.894693179100734
Adamts1 5.63782612576901 0.507998160625624 0.775585128551753
Entpd1 5.62702641636041 0.897857794631612 0.928738940969013
Slc16a6 5.61029658545376 0.882768344493738 0.88830236546329
Pros1 5.60923221527994 0.791193008147498 0.914430728907859
Tgfbr1 5.60523830892958 0.860972523776053 0.896047347290099
Ttr 5.57670031223657 0.262563170155549 0.142154907293234
Cd48 5.56356127314026 0.957376624749715 0.958702390129506
Jun 5.5443830086515 0.3159735273299 0.404707302879475
Stat6 5.52965856580929 0.868701686065671 0.930991891727825
Alas2 5.52901386473909 0.925614219829437 0.924192310723296
Rab20 5.52803048225209 0.852315416066972 0.822872062649342
Fam105a 5.52114956524946 0.899023408082928 0.950727157824503
Cd34 5.51288751885954 0.860983818897073 0.844379365653406
Pycard 5.50882178800967 0.856430611922901 0.909516575575799
Rcsd1 5.50131347922444 0.916354044494403 0.947926969104279
1700017B05Rik 5.47770791257205 0.836827125658352 0.887403466603492
Mlxipl 5.47257235060557 0.773243679985536 0.80998248586174
Kctd12 5.44744640938076 0.789128518928569 0.784972493366985
Lrrfip1 5.44467259364386 0.6863029945594 0.768529682154086
Adap2 5.44374998232106 0.941098727835291 0.9535047434125
Tgm2 5.44282046834028 0.749011112126385 0.714403151956205
Tlr1 5.43594107818097 0.944031642576715 0.938908712469891
Hk2 5.43492997685829 0.803584187272093 0.867128635757137
Clec4a2 5.4296636744531 0.95231234683792 0.939740512581498
Chil3|Chil4 5.42342171390451 0.937874160775586 0.884159963519461
Cysltr1 5.41745078434275 0.956496814871471 0.961869507826943
Btg2 5.40195245636873 0.582125532383969 0.301508566656002
Zfhx3 5.39769863582282 0.739130789566717 0.864481035696597
Epb41l2 5.38588352365463 0.223782428332702 0.635034312601949
Cmtm6 5.37552722324334 0.63439692542724 0.820741523022315
Cttnbp2nl 5.36808679858466 0.855682779115441 0.923921964686593
Csf3r 5.36303221567172 0.902371370794235 0.954297211687871
Cd37 5.36038509131984 0.907831855237846 0.918897630505711
Alox5ap 5.33803517486456 0.873335956092612 0.942507627947727
Slc29a3 5.32983256844981 0.442546045231342 0.543906506479103
Hbb-b1|Hbb-b2|Hbb-bs|Hbb-bt 5.31538631453207 0.771985995803325 0.702867895205896
Ets1 5.30030287705535 0.798140426334753 0.798717657551142
Akna 5.29959741818348 0.826656714560114 0.909971376627676
Tgfbi 5.29755109186273 0.750955543070876 0.774589280932775
Il16 5.26349346643611 0.940099317033833 0.935695142808542
Mafb 5.26294011424459 0.934987055582856 0.947652022669931
Cd300a 5.25792750792635 0.929061114315851 0.920404722199852
Tmem173 5.25484134843381 0.866602224690128 0.92248133723679
B4galt1 5.25358666362294 0.847479088749375 0.909545678459186
Ncf2 5.25162039625574 0.872771102166869 0.821452301139409
Arhgap17 5.24747612134052 0.739234478583787 0.814221950493466
Zfp36l2 5.24020333723623 0.116851844892555 -0.0438182143146671
Cd83 5.23919143012164 0.775706442806057 0.897076184323532
Anxa1 5.22692966913116 0.881657714705938 0.817013094241594
Cmtm7 5.21186716072328 0.906076606285271 0.913058719416686
Cd300c2 5.20644533660211 0.935060031227679 0.932205680616575
Tlr4 5.20011359973866 0.893545071742548 0.88805775171893
Casp4 5.18741819925627 0.944620232807572 0.941818251730271
Nfe2l2 5.17945145309126 0.32346479251374 0.452443442925438
Tpp2 5.17866105678472 0.776002155014216 0.733521750385064
Themis2 5.17338763834102 0.940669033425351 0.934169189743477
Itga6 5.17058912811896 0.278379077448756 -0.12839271730186
Klf6 5.16793986936017 0.787192847799 0.853272549475506
Arhgap45 5.15496207308075 0.941416859248534 0.942463507714977
Ltf 5.14445578073284 0.762272148922992 0.737844087955033
H2-K1|H2-Q9|H2-Q7 5.13590640093424 0.861745189640889 0.838745867564463
Notch2 5.10322613265132 0.213213615965631 -0.0435635125582493
Trem2 5.08856083737166 0.920896123507489 0.922985665160755
Pla2g15 5.08305290401687 0.834092964615886 0.911486166080669
Hba-a2|Hba-a1 5.07592891275332 0.654737994932182 0.646530526782013
Spint1 5.06955653085211 0.921086405144451 0.940603217605927
Syk 5.06545163390135 0.926169368171633 0.916557463296523
Lyl1 5.06304303920949 0.95767954705208 0.956051741813629
Il13ra1 5.02128468093586 0.792188283909612 0.850783450401933
0610040J01Rik 5.00955254149594 0.457514620666634 0.417867811944527
Ctsz 5.00346825836557 0.636325709496924 0.828783034372294
Hhex 5.00140799975406 0.945576884855569 0.929198258159101
Chst7 4.99517614799441 0.633307523912231 0.649147471830705
Serpine1 4.98830081751608 0.904559414595835 0.932600990392289
Lyn 4.98454744747944 0.851273482502113 0.909386164596415
Ier5 4.97592209781524 0.785492467890274 0.835056486466901
Pald1 4.9752963381696 0.894620679953524 0.928796233917189
Unc93b1 4.97159278524514 0.890241336014868 0.888484110420343
Ccnl1 4.96655402866893 0.614493552247315 0.796483344497323
Gas5 4.96463182932405 0.502423981693247 0.579234766118862
Clcf1 4.9596693986043 0.953631523737077 0.936404110331846
Abhd15 4.95863168685082 0.834842425228743 0.876915506190415
Gusb 4.94958278277472 0.677436078612952 0.783418768187215
Pdgfb 4.9404060967808 0.858650208161947 0.879699514338136
Ifi30 4.93957734181792 0.864997501302919 0.894619490039858
Sgk1 4.93872281686992 0.180413855959214 0.244141776976519
Casp8 4.93805030985813 0.951354581188204 0.949539444020823
Itpr2 4.93118426204454 0.0569697594493654 0.125989773983375
Frrs1 4.92777866402759 0.735543819212527 0.862983752650528
Csf2rb2 4.9246497021092 0.947720959825681 0.958838748839579
Fes 4.91877670545425 0.94187997068087 0.931546616002212
Clic1 4.91128339164148 0.810479757284779 0.837285239945289
Pon3 4.89557975382579 0.935245362866599 0.921251022146291
Nfkbia 4.86730177571893 0.651866931771345 0.740459639088568
Cklf 4.85506485189761 0.553749022884293 0.748346411462709
Abcc3 4.84606210733815 0.924827357287328 0.919071051091442
Elk3 4.84446484493079 0.696971135525 0.777284563967688
Slamf9 4.84053443420279 0.887895529952749 0.939874285566405
Srsf7 4.80387679083928 0.659278484268462 0.668273534190973
Birc3 4.79782057873085 0.93269024244667 0.93490512237169
Hexb 4.79422580089785 0.81962899212245 0.790727990428026
Trim47 4.79143107619685 0.854058010676044 0.931923316624522
Rassf5 4.75975966274603 0.758880699421285 0.88893288317414
Hspa1a 4.7524799714612 0.558088264060212 0.582822142158588
Hspa1b 4.7491046538406 0.343933459103189 0.451331534203058
Klk8 4.73893579510046 0.931654399330012 0.941689548991616
Pmp22 4.73578935654229 0.101688203093048 0.0997175273333405
Pla2g4a 4.72385813975006 0.439762818373547 0.265785279023491
Arhgdib 4.72238731115106 0.864487162760245 0.909663210364923
Ppp1r15a 4.71876086525667 0.776422048078054 0.770078535783624
Irf5 4.70806395963775 0.926317307958603 0.928972439557862
Coro1a 4.7052196700013 0.598100629466083 0.678169107375858
Il10rb 4.70439541503529 0.796930921385087 0.866573122588682
Edem1 4.70124471225953 0.770484562633393 0.767825289755816
Hvcn1 4.69769025703957 0.952495298103994 0.950073524227792
Parvg 4.69495558115304 0.9129117055842 0.923185277916623
H2-D1|H2-L 4.69403273871785 0.780863864349283 0.758288455248064
Tec 4.68258800143973 0.901342796713806 0.928312463536601
Trim30a 4.67570700888204 0.938638926156637 0.912873254922817
Grn 4.67378273511656 0.773124747601894 0.873541286168392
H2-Q7|H2-Q9 4.66429512749221 0.819299903599483 0.68841466127215
Hfe 4.66412644545916 0.843013244959956 0.890528540921122
Skap2 4.6586127781447 0.691611295396893 0.770185404238867
Vamp8 4.65814531966557 0.644474572434446 0.723031421900338
H2-T23|H2-T-ps 4.65228234608047 0.695920828239868 0.822586914576969
Mcl1 4.64886108402773 0.749293289847898 0.844839258880907
Lrba 4.64560057848047 0.741130954237111 0.878526198628715
Ankrd44 4.64279847101777 0.702093322885929 0.77415610152197
Wsb1 4.64266760556311 0.397157664198127 0.427123716633604
Myh9 4.61712746063306 0.791486284969934 0.821358407248178
Rrad 4.61687328234924 0.616374743557401 0.0125333018211444
Mylip 4.60861484574072 0.849677875456836 0.845074013968499
Siglecf 4.60341647965529 0.961811227533342 0.959591294888631
Tor4a 4.60279184426942 0.806990553977697 0.853062419242747
Tcn2 4.6016748590126 0.565574128327955 0.817475256532993
Sparc 4.59085365921456 0.454958040263767 0.570662457871484
Trim30d|Trim30e-ps1|Trim30a 4.58962520911799 0.883448214040367 0.865073944632369
Phyhd1 4.5828688979468 0.722085896272298 0.722037066712868
Xlr4b|Xlr4a|Xlr4c 4.57653226503496 0.856819461347767 0.808172600014734
Ang 4.57556502263546 0.955414579050997 0.931542084668239
Lrmp 4.56593959052239 0.961101358782064 0.923716929912034
Litaf 4.5465150823393 0.128891836821717 0.443693772192225
Sipa1 4.52933880197521 0.91489378640757 0.933122397897655
Igsf6 4.5197928939069 0.958047383714899 0.950250863279606
Lgals9 4.51748220600472 0.931491936362174 0.937712183748385
Ptpre 4.51615836169882 0.439861282110166 0.681479732029093
Plxdc1 4.51446897043336 0.754945591119833 0.772160971989998
Samsn1 4.51371786239399 0.949310580075683 0.9389913560171
Afp 4.51275775831967 0.943936393068673 0.930541586075498
Cebpd 4.5119492360366 0.305573176690837 0.450852912095384
Ifngr1 4.51064109891703 0.824684482947495 0.85916680571495
Mef2c 4.50807871619748 0.527880222442928 0.438555786550722
Clec7a 4.50732556450625 0.892991357342697 0.905439858365646
Adam17 4.50155911594093 0.19663705399316 0.503480885923154
Stk17b 4.49362289926634 0.209980739632782 -0.0324488707098534
Arrb2 4.49347009505619 0.784789768906606 0.861784174824028
Cebpb 4.48989246712196 0.847909853561224 0.861589666840522
Rps6ka1 4.48472102248425 0.834914947479147 0.846764575512035
Trim12a 4.47190093417377 0.942135674812125 0.914279269347557
Abca1 4.46996484587812 0.221095121339114 0.131832799862662
Cd9 4.46854214992442 -0.214797800200911 -0.20040857485584
H2-DMa 4.46685346585931 0.859510161433922 0.894310776112195
Tcirg1 4.46221864930155 0.690747386109478 0.753380931164687
Il6 4.45996269926839 0.922906786356307 0.870682946136026
Il7r 4.44373688037241 0.919066911303274 0.94074386209504
Spi1 4.43785511979371 0.93141278188014 0.914256447245679
Mfng 4.43066736560872 0.933415701399974 0.918675242469611
Dusp1 4.41730364922031 0.345563345861784 0.348690815171587
Lag3 4.41421889240693 0.903417310009397 0.928039971190441
Slc39a8 4.40976767424896 0.754920961500152 0.764399149766711
Ceacam2|Ceacam1 4.40477817826069 0.899023864223707 0.870997407049921
Cxcl10 4.40444679274289 0.857191261314707 0.698499428715145
Serpinf1 4.39515704565418 0.479682273779832 0.109349044563373
H2-K1 4.39294430941459 0.678132472758128 0.570739190218655
Ptbp3 4.3789574113214 0.770722675686281 0.777033795321898
Arpc1b 4.3778942558958 0.423126668747669 0.110343180367653
Rel 4.37675088184053 0.877442015652327 0.864094828906548
Klf10 4.37361860109052 0.764783132283704 0.822070037745781
Cebpa 4.36736696043259 0.848775642696793 0.874981085720788
Ctc1 4.36102153279149 0.914694911300002 0.908902635248101
Runx1 4.35990545791121 0.950250371922792 0.927546949341411
Cyp4v3 4.35260072990547 0.26461457537517 0.610527089597412
H2-D1|H2-L 4.35021536693513 0.794042493755211 0.767627423690294
Plxnb2 4.34879750324811 0.47915767638958 0.702560125132365
Atp7a 4.34482896712028 0.695666364266323 0.790839135989123
Casp1 4.3352733838886 0.692792195965038 0.679242533851539
H2-K1|H2-D1 4.31498178867948 0.613705078073826 0.538659872599817
Gmip 4.29945667853224 0.912543971896562 0.893613641081702
Rbm39 4.29456038297492 0.619564879016307 0.627989196309652
Sh2b2 4.29324570830346 0.853469023266368 0.834331520421962
Tifa 4.28563926272491 0.650377403127451 0.842102642979991
Pld1 4.28306746127057 0.597188829127134 0.794462402615765
Mlph 4.27717317210686 0.94800815702082 0.948539528600307
Ccl2 4.26935308863928 0.933159090984015 0.916353476454943
Reep3 4.25008941118668 -0.289189485950469 -0.119268836499372
Asph 4.24791000570094 0.326270960280776 0.204044268100301
Galnt4 4.24744930677887 0.138554854291074 -0.0862625467877269
Syngr2 4.23664612354581 0.503973806366885 0.678299428842201
Hacd4 4.23378212875507 0.720620648720938 0.650044042198857
Ptpn18 4.23268103187136 0.880205161592993 0.907807249407794
Cd52 4.22688663413668 0.897012061047988 0.885591557229581
Lrrk1 4.22173067202366 0.899827191447461 0.855122280534779
B2m 4.22165018423314 0.652010809996701 0.715383388366999
Slc2a5 4.21918790589281 0.893160153564826 0.925893428853781
H2-D1|H2-L 4.21824916873824 0.754640800043514 0.713311983683372
Tmcc3 4.21089063561007 0.61795571580827 0.532731528637081
Msn 4.20884994861126 0.693974512347789 0.802729585447551
Npl 4.19705708370591 0.561990255040916 0.699653960707303
Tsc22d3 4.19677231043878 0.659304460292744 0.687128799337793
Serinc3 4.18970009263427 0.845698498084147 0.822852265229638
Plxdc2 4.18413272254772 0.690807798263875 0.681115839391099
Naalad2 4.18058079787603 0.891080403770917 0.915999097469202
Hpgds 4.17985660237244 0.94329304131276 0.935950268992701
Tob2 4.17840435557563 0.608109412856 0.74728206977533
Egr1 4.17587874680007 0.533938886283714 0.776039501561144
H2-L|H2-D1 4.17398231657401 0.736845683696871 0.707632400494705
Ugt1a1|Ugt1a10|Ugt1a5|Ugt1a6b|Ugt1a2|Ugt1a9|Ugt1a7c|Ugt1a6a 4.1608034941165 0.693688197265069 0.669671935068351
Mrc1 4.15879326264955 0.883031866368668 0.847204021880619
Myd88 4.14883027630779 0.910408271235418 0.915862908361041
Rgs2 4.1487584305764 0.482819027683137 0.800746784040893
Lpcat3 4.14775789521521 0.225657639185044 0.368487033446007
Arhgap4 4.14612475306794 0.936886626807007 0.924229286649309
Btk 4.14210356662757 0.909487934215026 0.925514822859757
Cep152 4.13413125003867 0.850828277957605 0.817184412170687
Lilr4b|Lilrb4a 4.13135250207972 0.925288750252772 0.869716312668939
Hcls1 4.12548257165609 0.941844302929897 0.92983980585375
Snx18 4.11846583990429 0.584873595113092 0.772205200851753
Cd33 4.1134817813627 0.891737384503368 0.916095091884231
Tjp1 4.11196244398451 0.00972895586958715 0.0953296299341309
Plcg2 4.11088845402195 0.853240332336145 0.872027469815505
Pnpla7 4.10071897832548 0.333718386947207 0.454028729854378
Ripk1 4.09812795704824 0.713653338977505 0.837982319377725
Rin2 4.0970106807679 0.565838966585233 0.644402352634606
Cyfip1 4.07882256769026 0.299651782050349 0.665214244733654
2810474O19Rik 4.07688638901582 0.684801043798245 0.666275439717711
Cxcl16 4.06753530728503 0.942602714189966 0.922650676324961
Uba7 4.06367129479746 0.919412080412574 0.915988327547634
Tspan14 4.06245431323352 0.172414983494295 0.410186478896844
Myo1g 4.05636870877745 0.879948969967035 0.855285284637036
Ly96 4.05500416548639 0.747858024842263 0.806903704417501
Tgif1 4.05485429248406 0.913425288792288 0.919688030284155
Adrb2 4.05343361622463 0.954739761044537 0.93362743252451
Ugt1a2|Ugt1a9|Ugt1a10|Ugt1a1|Ugt1a6b|Ugt1a5|Ugt1a7c|Ugt1a6a 4.05146373835136 0.859187422223784 0.921197488682175
Pag1 4.04732654723158 0.513841479426958 0.83022630472362
Tubb6 4.04664274687646 0.827619403730695 0.824365150514396
Rgs19 4.045038092192 0.452056304534393 0.625340563496616
Lgmn 4.03945649379239 0.774201298062569 0.754817110237683
Fcrl1 4.03808232199662 0.947643630560578 0.95955484511899
Rreb1 4.03659762368962 0.561511380852338 0.683389089390175
Gpsm3 4.03353593916842 0.918732239655419 0.926328927798032
Mef2a 4.01850231806546 0.857581952092458 0.846156589889865
Apobec1 4.01273280686365 0.806409608076882 0.840337565531987
Scamp2 4.00777280934786 0.601139382308878 0.7155737725286
Pmaip1 4.00372289638994 0.921577745882274 0.88934344239442
Cd177 3.99736285294651 0.921401022683513 0.859050113931897
Rnf19b 3.9767618559158 0.826857028699297 0.874358931625926
Plk3 3.96101279304058 0.470912842581304 0.315143668563012
Pnp|Pnp2 3.95926630690441 0.335093696630477 0.716726873651538
Mlxip 3.9587734067506 0.821901723151907 0.828899684538563
Dhrs3 3.95664337452029 0.433923376866823 0.359647258867642
Dock8 3.95246308884067 0.924164202228617 0.901402939795731
Parp9 3.94608798444402 0.771225481821407 0.828266485703612
Sult1a1 3.94260553487819 0.42913553885564 0.148153281074568
Cmtm3 3.94014506705876 0.191315386454877 0.360412130372395
Parp14 3.93482526356372 0.873410245352104 0.814433333465474
Prkcd 3.93350206675938 0.493569226137271 0.681212333779064
Plekho1 3.90756209576674 0.823607156550056 0.788066034580518
Diaph2 3.90671921202266 0.634020509949854 0.761991716643559
Gna15 3.90287246201401 0.932481627828758 0.938158969025645
Tnf 3.8976147637225 0.881715599614441 0.865047528398544
Gcnt1 3.89610905410006 0.940408985132895 0.885940761276839
Tmem140 3.8947994976987 0.938977311177433 0.921308560814583
Mcm3 3.89362984433064 0.696155227583896 0.722837886467348
Arhgap9 3.89223167914313 0.903930125567452 0.893138744799812
Rab3il1 3.89042701889591 0.898364333465166 0.924457246167858
Hps4 3.87018687615982 0.737281641959076 0.75771234767342
Gimap6 3.86769689257237 0.908615427930991 0.921650222241034
Dock2 3.86611499197043 0.847808836856187 0.931582958097245
Slc7a8 3.85797028359163 0.818130381677949 0.896669352590459
Elf1 3.85546638705638 0.575030709167025 0.647953626575814
Fam111a 3.84734017744036 0.77886212462437 0.698672050537225
Abcg2 3.84048211601236 0.461323677689888 0.718754896912557
Pdlim4 3.83934487391295 0.0960708623195871 -0.107626616301089
Rffl 3.83922124227519 -0.0223662860063228 -0.0512880321046809
Rnasel 3.83808856166866 0.780829925635098 0.850242077002845
Slc25a45 3.82842118334223 0.751438970920151 0.802867299380174
Tlr3 3.82514743399999 0.211753995308969 0.833020662009717
Myo7a 3.82315200999644 0.801385313062764 0.878547170961798
Gcnt2 3.82190041976237 0.767228639756629 0.66256892237912
Ebi3 3.82049651237347 0.882738549619093 0.904617938964316
H2-DMb2|H2-DMb1 3.82016047645483 0.879348887308711 0.843299151486974
Nrip1 3.81931982988402 0.691949881704837 0.788866707991239
Lgals3 3.80765682042665 0.484435530826341 0.107364117034006
H2-M3 3.80739766151143 0.623676770637594 0.80165828665201
Il17ra 3.80237715097168 0.772291130612032 0.806286871386214
Prkab1 3.7910691622169 0.803727003974106 0.863860689913033
Pik3r1 3.78136402766975 0.163686739067387 0.545138022919234
Ptgr1 3.7805769821253 0.633763180906331 0.775430537021147
Usp2 3.77578414592851 0.588845940755207 0.805541238474468
Rac2 3.77187129410444 0.853753336774736 0.886642418454716
D17H6S56E-5 3.76837623283374 0.93201158080297 0.912694912113225
H2-Oa 3.76736304338595 0.935301356029194 0.936705240528835
Tbxas1 3.75469120810467 0.904039071306502 0.879857818653569
Man1a 3.75028228555986 0.391167399492099 0.248399879781027
Gdap10 3.75022026325916 0.282756712091811 0.498367091224
Lrp1 3.74844742534846 0.156398079004011 -0.154154108627708
Man2b1 3.74763618236096 0.728530442591588 0.676780720554934
Ints6l 3.74533700284698 0.439649825197328 0.504897153771149
Gem 3.74465048140829 0.257963219304862 -0.0434942884069334
Ceacam2|Ceacam1 3.74050895019375 0.830884339715071 0.85413626420427
Pon2 3.72926506774594 -0.191055916445724 0.411683276584525
Ncf1 3.72564201804105 0.931575572413641 0.921826963266427
Snx5 3.72269154233049 0.805880579434738 0.893627169134587
Lamp2 3.71759033856809 -0.129306990674047 0.127384404431192
Rrbp1 3.71662659804502 0.517471434892308 0.612094773615203
Zfx|Zfa-ps 3.71522806094062 0.796514888473204 0.79178098052844
Plekha2 3.71382748684049 0.129518704644731 0.150058165527655
Ltc4s 3.71300756904074 0.85594829313504 0.875706858396752
Srgap2 3.71063187755389 0.723414483562792 0.884284872483164
Snord22 3.70734394500874 0.639152593305059 0.747003918737636
Frmd4b 3.70124894055501 0.3777740200056 0.52771899212184
Plcl2 3.69582271839848 0.678193085116188 0.78892315783237
Slc37a2 3.69353075579309 0.841439714143807 0.870766065930106
Il4ra 3.67198383274791 0.933087703091593 0.917030520632348
1810011O10Rik 3.67075113391541 0.534825532650447 0.244803155184718
Psmb9 3.66970830446052 0.789877267954726 0.796788960040831
Ucp2 3.66826865564577 0.778023269039648 0.836966830622535
Clec4a2|Clec4b1 3.66664434839104 0.942056166290359 0.917733804372749
Npnt 3.657049649741 0.699048856644496 0.578921424938188
Rela 3.64160975681359 0.64284262450079 0.690808598805135
Phxr1 3.64000245364294 0.734927292593833 0.744570399155032
Ifih1 3.63490241654717 0.770882378718076 0.705954631979613
Sirpa 3.6300119663292 0.378942641401872 0.673452449319169
Asxl1 3.62331158720765 0.795832909883072 0.825700650218612
Per1 3.61979296834429 0.684259820379834 0.778717863052323
Jmjd1c 3.61858366619972 0.703511457287456 0.759113032173227
Ptger3 3.61348202874586 0.861427157726684 0.817800775629038
Dnajb1 3.60565269275809 0.848871637736986 0.849277510573886
Glul 3.60413349755619 -0.124223542527942 0.48517509232173
Ifi35 3.5949809730485 0.853389407833996 0.864997866577897
BC028528 3.59276315356021 0.593106302150393 0.296370649208761
Pxn 3.59065784281876 0.454775935527845 0.778728844700944
Stard8 3.58958351657265 0.247595349174276 0.0582449608474173
Glipr1 3.58462368383362 0.675704392330059 0.906931393036517
Tnfaip8 3.55550544174784 0.0542968731979395 -0.0685184420173606
Slc25a37 3.53320332826031 0.823084147712135 0.755241069273192
Rsad2 3.53179140262328 0.553540628325804 0.554108983978892
Ptbp1 3.52997969644123 0.549753608946651 0.512764159168053
Prkd3 3.51412440483662 -0.266480372523424 -0.155987928564746
Nupr1 3.51142808035507 0.38096574108039 0.301691396351225
Adrb1 3.5108334242577 0.593724525343778 0.827598558385828
Cdkn1a 3.50617218212307 0.702821222094875 0.627952110528323
Vrk2 3.50501654247007 0.805099889052107 0.852334393717817
Cd79b 3.49305215660588 0.913974552910977 0.902622699616597
Arsg 3.48406124771239 0.109987695513356 -0.13508894310526
Herpud1 3.48241690004671 0.842077440732444 0.848854137743115
H2-Ab1 3.47748060419864 0.716529919147613 0.638511414524865
Sgpl1 3.47572028212386 0.41834512442403 0.674196841431123
AW112010 3.47127179954694 0.91142862356078 0.908637908604328
Ets2 3.46860461099906 0.654545820801059 0.537307615802759
Tmed5 3.46736487739006 0.368656168232056 0.28474799051526
Maff 3.45973264018846 0.740119430673688 0.743379318387826
Phxr4 3.45879436320065 0.442101098313146 0.121569697050164
Snap23 3.45674188944594 -0.11668257483458 -0.19177575788238
Zeb2 3.45671312680778 0.399422025080652 0.425737723535069
Tmem37 3.45612075014976 0.917137792461323 0.916709141979274
Rbl1 3.43699100929112 0.549951956377064 0.440152162650621
Daglb 3.43217329304277 0.830402150998116 0.840303726502506
Fkbp5 3.4317804281768 0.679979418505439 0.747454884929775
Dok1 3.43119222756674 0.838405855061988 0.857985983382346
Lims1 3.42261672289758 0.487187833359221 0.648677951225633
Ppfia4 3.42257993525866 0.762241347290819 0.87848458366625
Ifitm6 3.4220215082889 0.911612959233563 0.826711886260677
Hp 3.40746093666869 0.887039733466035 0.749616303611519
Pik3cd 3.40643272178108 0.861585811239168 0.877226743417394
Was 3.40288581097503 0.872866344278829 0.850183307939822
Vasp 3.40071662543368 0.852503816967452 0.879965779855842
Mitf 3.40055669070445 0.520119628302379 0.594821563461404
Smagp 3.39696888333559 0.90222871078758 0.902402762555941
Tgif2 3.39533795999272 0.887038081926983 0.928600205724572
Trim34a 3.39523722302263 0.780198233276621 0.682503995305586
Pnp 3.39492272373038 0.284504959400014 0.710310418535471
Usp24 3.37980632205867 0.378840743144295 0.62141033900809
Snx20 3.3753706248244 0.926097127845001 0.913831582122835
Ifrd1 3.37150464243559 0.352455981989747 0.25125267664336
Wipf1 3.36151422347649 0.0104469163159467 -0.189270711817176
Cd2ap 3.35763468669526 0.610339495125975 0.69316737086587
Tmem63a 3.35622850535453 0.190882207710035 -0.0979142640358685
Clec5a 3.35542890572442 0.926519646628369 0.915418110576694
Ebf3 3.35463455677687 0.581010739569905 -0.103270878489096
Sh3glb1 3.34914461623954 0.66168940942283 0.800838556049869
Fcgrt 3.34714140371294 0.302718563061069 -0.0875450334054097
Mrc2 3.34251159892229 0.877455429095938 0.847166936306999
Il1b 3.33602293881545 0.875083730281489 0.905216162745993
Tpst2 3.33060917858933 0.710951036583219 0.81442471149183
Hps3 3.32968143229629 0.839754534050058 0.862067047394008
Itgav 3.32544059090784 -0.175503170303685 0.194528148663818
Tgfb1 3.31573191364724 0.899055837117662 0.841315087107573
Gbp3 3.3105226615127 0.452350200964526 0.196402495190063
Rp2 3.31041428715384 0.83360573224037 0.820189718788966
Zfa-ps|Zfx 3.2941618872572 0.835302431714278 0.820075310675393
Gbp7 3.2883251974598 0.398291460823682 0.316936611536916
Tspo 3.27471785127114 0.683132105688156 0.690213753818857
Traf5 3.24076580097101 0.854608986576686 0.862939661411853
Naip6 3.23926446084067 0.771182163707665 0.898191129382071
Rbm5 3.23461974112042 0.208183757855182 0.168092224971603
Ms4a6c 3.21626542204227 0.862915721174555 0.849732546636076
Calhm2 3.15972508000027 0.896799022511566 0.864638789994067
Kcnk13 3.14053425658291 0.37391111853239 0.412804189571056
Myo1b 3.13978047461979 0.856364924392094 0.764825770678646
Nfam1 3.13457846481368 0.685898546648166 0.126756095090981
Tmc6 3.11990990543268 0.788138396865203 0.7598115818415
Rasa4 3.11794893166041 0.840375206029335 0.825214329408048
Map4k4 3.11643247355815 0.106966130134672 0.101736538232366
Batf3 3.11276440198614 0.922468569853525 0.938348361972643
Hlx 3.09220317075923 0.889770184028947 0.84643111411606
Nfkbie 3.08522602310213 0.691262099939855 0.708983678523823
Gmfg 3.05560477136628 0.879415761888395 0.870911641026766
Tlr6 3.04968332859598 0.794708975638486 0.814089924382545
Mmp2 3.02240633071458 0.396283606570432 0.690395449167904
Mpo 3.01743721534686 0.750429221728367 0.310279361872172
Plaur 3.00248614636571 0.776160536119701 0.820957447810737
Erap1 2.98720762789872 0.577398213293729 0.632822405285259
Irf9 2.96073051132638 0.7759902561439 0.791887882303619
Pygl 2.93876998793263 0.417018436456037 0.271644178044282
Isg20 2.90591668056289 0.896069006376087 0.885767077066965
Pf4 2.89317715739772 0.852137148969661 0.836197089844432
Relb 2.89183739677847 0.801191880484895 0.802561178128824
Parp10 2.86873988565616 0.830634943834333 0.774875550771875
Ptprj 2.86496274571749 0.827075938857329 0.808971987528052
Calcrl 2.86358364316417 0.17375190860327 0.0898651710199407
Tnfsf13b 2.79001445737928 0.811257818511743 0.853373774262379
Stk26 2.77504640736218 0.725401303882645 0.579711894052088
Emp3 2.74650777577527 0.771320432296092 0.829864967464452
Cmtm8 2.70461359906688 0.782063850554005 0.609300591016652
Sh3tc1 2.69878951103835 0.863597416680003 0.901905136937128
Ifitm3 2.69521784524859 0.282951776126266 -0.118718646844368
Myc 2.67094505185136 0.791131310981083 0.836247106327214
Smpdl3b 2.66356887746652 0.503755141523099 0.791498206920445
Irgm2 2.60301925581122 0.747731010593492 0.633894504256279
Sftpc 2.59161706698031 0.499025187239235 0.27457840037432
Esyt1 2.50651784368711 0.818131203835121 0.786050876077104
Lpl 2.43692192462372 0.238884064049726 0.0405014545626466
Arhgef2 2.43418265312406 0.210231209667709 0.150700563813311
Bicd2 2.42911958566147 -0.0934078380875053 -0.0839043277592548
Srpk3 2.41547855399533 0.590023302454677 0.304890720417605
Il21r 2.39789926851804 0.935704567554388 0.940074712756564
Ceacam1|Ceacam2 2.37776198101113 0.837768608592744 0.876739438522706
Dusp2 2.36920065224002 0.72332262982243 0.710540082318748
Gpr137b|Gpr137b-ps 2.29842820942516 0.285338979824663 0.183768522428427
Dab2 2.16275759830295 0.0108510888957082 0.00901665382895696
Phf20l1 2.15746651603612 0.30821448447327 0.140525249352177
Tlcd2 2.0719199131709 0.865784891809975 0.827059810094553
Tnip2 2.06935013541158 0.833961716683279 0.8338952358183
