209378
225998
75541
13527
12444
23972
29873
107747
76187
67896
13998
104174
102644
12759
210126
14184
53896
12032
58807
14813
72014
16007
53412
107869
17035
14633
29820
18508
18760
67916
56448
97064
30937
13649
68738
229534
14230
20512
108052
76257
81879
11829
74519
68385
58187
13123
22329
83925
15483
19125
12411
13731
22350
66873
57738
12830
16870
14221
18128
57265
12494
18682
66277
54326
16816
14623
22330
19283
50500
57319
106861
16404
20255
81840
98396
22339
232146
14560
116847
329828
16008
22421
27226
216739
140492
69239
12496
19013
13850
219151
11761
14261
106648
64385
94180
14066
17986
18217
