Slc1a3 8.08677374497396 0.657579728281955 0.215179485386027
Slco1c1 7.67315893909468 0.84371693740635 0.760714045908182
Vcam1 7.46218783656881 0.741796961250328 0.726027635535635
Dio2 7.34662437707752 0.720328382384059 0.54511720716431
Mlc1 7.23923779194114 0.6802944264823 0.570335030777718
Aqp4 6.91903490806772 0.601693161734152 0.609733350182184
Slc15a2 6.84795435919475 0.740652442951925 0.687437838982306
Bcan 6.70815734168472 0.771094648202443 0.587851008589703
Atp1a2 6.65754132601124 0.508514452774541 0.446873753460461
F3 6.65504759963614 0.722316068035279 0.646237931671982
Mertk 6.60214703115455 0.80064376426175 0.0261893883636564
Gjb6 6.50817031056957 0.726581090473703 0.519862975564975
Fgfr3 6.47612239542474 0.733698356858911 0.775423851367906
Tril 6.46725504178017 0.657053305946589 0.480091044019382
Ntsr2 6.45319632096184 0.697745007130515 0.67252550005919
Tnfrsf19 6.44930877615881 0.809301022751937 0.841263179133067
Apoe 6.42514337398208 0.486274370403862 0.435310317507943
Acsbg1 6.35872218130081 0.773168295884242 0.507371881694612
Scara3 6.3299128597038 0.797863866867446 0.722685204287689
Ezr 6.32625377647861 0.806291983499707 0.585629476966715
Cyp4f15 6.28835140639877 0.89543680909481 0.840546828136223
AI464131 6.27996647234296 0.880520386635416 0.863372028014191
Aldh1l1 6.20317879138984 0.765967681294679 0.59624762082396
Slc7a10 6.1584187702546 0.808054428842487 0.764966444301471
Gpm6b 6.14828239444957 0.333478318337481 0.164015180490324
Plpp3 6.10629060661512 0.559378168160649 0.372733668027936
Acss1 6.06525399482433 0.733011195132246 0.68089049441288
Gpr37l1 6.02113660562159 0.442533176955234 0.0971005846891085
Xist 6.00368156343061 0.576890467718284 -0.162572107514553
Lhx2 5.99563817408097 0.716173476593958 0.619383895264114
Tlcd1 5.8861327863892 0.663599282990165 0.378673674313307
Igfbp2 5.85815957710801 0.805905072418289 0.608593880994855
Grin2c 5.85111522198867 0.802267632211772 0.692260249061135
Cldn10 5.8500204719209 0.807095406400417 0.187529796389661
Eva1a 5.84103000135605 0.811724278575304 0.606451458866132
Pla2g7 5.81261024670709 0.653434049278947 0.408585745075601
Adhfe1 5.81054583606171 0.793563300204886 0.743618698807959
Elovl2 5.80214113674109 0.737701333144226 -0.0152177349493936
Mfge8 5.71137124332857 0.636091368158521 0.626842501308087
Tlr3 5.70605040931054 0.774994733141206 0.613500097012706
Cyp2j9 5.66535069831102 0.662164784278125 0.371894070630543
Fzd2 5.65826650540876 0.834563495228988 0.724398062904723
Ccn1 5.64379590956357 0.871979823746061 0.712624727690518
S1pr1 5.61649316899055 0.773839860104034 0.639516520860364
Pdgfrb 5.59332794679632 0.708964330794735 0.437362412310218
Itih5 5.59073940386149 0.65459863755152 0.595621370976965
Zfp36l2 5.58346663609644 0.675736293192436 -0.0397896095159471
Pbxip1 5.5624702257906 0.795529335868894 0.720814282442406
Slc9a3r1 5.54411040375903 0.607875741505588 0.653204864392161
Pon2 5.53769673701289 0.493387143853954 0.554281147265751
Itih3 5.53118608145389 0.377919644139934 0.0558396315450101
Slc1a2 5.51666571654008 0.694004080724264 0.435495041385004
Fabp7 5.50206447729958 0.439056783758087 0.0741056677201
Ccdc80 5.4955150458435 0.784199500145615 0.813732133061766
Cth 5.46920729161643 0.832199401105198 0.811520187329242
Wwtr1 5.44104783024919 0.561900053396312 0.451195939226022
Oaf 5.39540552056612 0.846508798980457 0.781918568155859
Myo6 5.3850371938207 0.61374411925738 0.3189376203658
Glul 5.35917100123141 0.51007164072877 0.301908974883745
Cxcl14 5.34821879011668 0.584102762097226 0.0108285046614075
Prodh 5.34511723642176 0.838452756510254 0.767646958716964
Gldc 5.33906407996048 0.672491527028227 0.441978481910555
Htra1 5.3055896229357 0.349763114989438 0.530319890569834
Scrg1 5.28920696358973 0.584697780197059 -0.165110706275699
Selenbp1|Selenbp2 5.28319096933619 0.638541589199741 0.545930175865621
Slc14a1 5.27289262008742 0.789087367980259 -0.0843326762696102
Cyp4f14 5.24714539211505 0.84431604816033 0.788213059811707
Ptprz1 5.23172732621471 0.491576393446117 0.131837196945363
Gja1 5.23115269673816 0.288655277809496 0.210156276382868
Cyp2d22 5.22333330876237 0.774747150201096 0.594698254242004
Ttpa 5.21920881791177 0.763959668090053 0.401807404301584
Smpdl3a 5.19637830384904 0.707540250833343 0.732888943119861
Emp2 5.1691487809144 0.771508494998777 -0.0869752716032026
Kcnj10 5.16874436690597 0.370077242477775 0.201400798503315
Itgb5 5.09027470876451 0.576851191563466 -0.105494120410017
Phkg1 5.08976552183166 0.882144410970428 0.820087061458103
Slc38a3 5.08671550912781 0.777503049091365 0.726120913308512
Zfp36l1 5.05427206584288 0.506663293732022 0.0110681030257889
Ctsc 5.01783154773593 0.69400854307544 -0.0424799009362405
Notch2 5.00352715304343 0.57945670669933 -0.0431145382667697
Aldh1a1 4.99527608314356 0.222464077460233 0.133213126462032
Lrig1 4.99240498044756 0.555733180396091 0.0646476488309459
Notch1 4.98617418658658 0.763557946407962 0.180692303739484
Fmo1 4.98386790322643 0.757862057646627 0.733062924793304
Rlbp1 4.97479792826292 0.735079314534702 0.174936509773628
Cd38 4.94888658678743 0.854426331481848 0.735179708845463
Mgst1 4.9218934256124 0.555826754135941 0.0713358668043659
Itga6 4.92187115928547 0.723102844044108 -0.124700103526212
Il33 4.90597356275272 0.396133931764088 -0.0904616164428415
Axl 4.89675029477766 0.808840660032182 0.64033499899463
Ttyh1 4.89582050568582 0.39243948668034 0.275706769553271
Pdk4 4.88385351851548 0.652546241346724 0.398748697638555
Cyp7b1 4.87837915791739 0.708842381200889 0.648734185390207
Stk17b 4.87207739833273 0.278817556965614 -0.0309181338982068
Papss2 4.87146587130949 0.833599272817393 0.706479988259661
Klf4 4.85684796769361 0.650545698509266 0.377335952176013
Reep3 4.84949523198019 0.288582617077341 0.141421310519278
Egfr 4.81676251648041 0.871985882636715 0.686245821036737
Id3 4.81279862723211 0.64151362619603 0.337558895594411
Sox2 4.80516611404856 0.373079096821161 -0.147450785491978
Hapln1 4.8049523742645 0.77059689835928 0.178903005401521
Lcat 4.78795377214427 0.726737224788972 -0.103217465407325
Hes5 4.78446614583352 0.488428321831612 0.390411234854646
Tmbim1 4.78412492736005 0.36515659645573 -0.0888254704489623
Crot 4.76306453320765 0.698495180878787 0.598351629663525
Cbs 4.75896008677112 0.818345343113822 0.7259188510466
Msmo1 4.74218506001946 0.587480245941267 0.492253799225597
Sept8 4.70543646243464 0.539003515538116 -0.0948538059143455
Itprid2 4.70085178619278 0.73609715251468 0.159678465284474
Ncan 4.69583329270966 0.546888847420003 0.561204813454833
Nrarp 4.66175484209085 0.745529343430616 0.556064742935624
Tnfaip8 4.65839879047479 0.664007431321936 -0.0687511326400445
Pdlim5 4.6441259852939 0.619439071543355 0.656831096907167
Prom1 4.64178004330765 0.468451023927824 0.307864395157569
Car8 4.60705384644816 0.0750359033472902 -0.162295292797075
Gabrg1 4.59181563473723 0.591336569120089 0.674751603133768
Pmp22 4.58481363032586 0.422300628978835 -0.0873359243433087
Itpr2 4.58134337955835 0.723670743148797 0.125444356554589
Abca1 4.56875745988553 0.677446359725227 0.134537026901349
Hsd11b1 4.52467545845042 0.632169869094724 -0.0697801940313434
Ntrk2 4.50891012802033 0.634154011684065 0.584721838972252
Tmem100 4.50018338212114 0.718581933396863 0.134566730572397
Galnt4 4.49669932370077 0.772984835944309 -0.0888496445825484
Antxr1 4.4828164145744 0.678310163567672 0.687763812152824
Ppp1r3c 4.48059717993742 0.663505974862456 0.663945412781652
Prkd1 4.47949976331944 0.580828631023011 0.630432995406914
Pdlim4 4.47644568473715 0.744329253960162 -0.10726267715303
Timp4 4.4702909842072 0.318899168200979 -0.0310338671706854
Gpam 4.45531849248193 0.641667037111352 0.704868812122971
Timp3 4.45042202303698 0.576063729676523 -0.0726833106123869
Entpd2 4.44558770463316 0.710888403423553 0.740876471673466
Asrgl1 4.44314030890997 0.462407865074275 0.199789349402955
Cebpd 4.43841890598963 0.55733462663538 -0.1693990092924
Selenop 4.43778591842277 0.267588936191935 -0.0216241545472818
Rapgef3 4.43468445856047 0.355361889152545 0.0493475853390586
Cd9 4.42659027947001 0.429563343940041 -0.0525300586265961
Gstk1 4.42619357756357 0.531465610892223 -0.0658312227152505
Slc12a4 4.41193708358636 0.766996274700036 0.603331384373929
Fads2 4.40890279165668 0.764568737703391 0.711694394047273
Lmcd1 4.40269655798878 0.68796704633271 0.415158160483703
Trps1 4.39884998995311 0.59431311940433 0.597722596170511
Txnip 4.3722215223851 0.67426877119142 -0.128468404653434
Adgrg1 4.36302840171033 0.792206097175132 0.381297856642244
Col4a5 4.35867858428795 0.744996730508538 0.444023695671494
Olig1 4.35813553329211 0.152253227070059 0.503718020867852
Slc4a4 4.35810397503669 0.412358051316543 0.105182251701148
Nfe2l2 4.35239805340874 0.56433282511786 0.0909115402093911
Gdf10 4.31386524519388 0.545490498422923 0.0406403187356552
Scd1 4.31091970819207 0.460008030356445 0.370217587459549
Ndp 4.30402366425854 0.700308276951551 0.197913190886718
Soat1 4.30088774428866 0.685453568397681 0.0469506857974241
Fermt2 4.29628235979579 0.492127394170052 0.653080827820971
Oplah 4.2949138358524 0.800728687650453 0.753300708952983
Nat8f4 4.2946455747834 0.785491662602193 0.448462742227167
Rhbdf1 4.28854984662241 0.582628753066691 0.362852845618513
Slc1a4 4.28529976309679 0.534727117810081 0.276355060422032
Amot 4.26857550280184 0.487592624663348 0.35484482419593
Acadl 4.26693158638513 0.504673543914795 0.472200946891369
Psat1 4.25785118160356 0.349540418699762 -0.0392815459368086
Selenbp1|Selenbp2 4.25586570001045 0.717378448959853 0.599241661552443
Cspg5 4.25270051930177 0.698951997726141 0.55920681480206
Add3 4.23883491295488 0.668967084086753 0.65852801050496
Gli2 4.23263689429188 0.779811592795087 0.132419448580579
Dock1 4.22960644016357 0.567319425691669 0.29941014050899
Igfbp5 4.22923810898939 0.438412528316999 -0.202413456288912
Foxg1 4.20381925017886 0.0610415328700324 -0.136510223632995
Btbd17 4.20135643489857 0.793110044222758 0.290667389165306
Sdc4 4.19368599601887 0.663146788700146 -0.149118653568226
Fkbp10 4.18602879966282 0.85839547396113 0.797580378532322
Mical1 4.17732464636694 0.637844191311974 -0.105820022612797
Gng12 4.1710675137264 0.486140388400045 0.007064510748399
Kif1c 4.16596579714295 0.552640207372606 0.34122053134611
Smox 4.16175121964418 0.553806572394449 0.232619567860434
Tjp2 4.15677429370519 0.55497715247514 -0.0716429389668044
Efhd1 4.13685307356269 0.332727403040483 0.383773220415975
Fgf1 4.12624933768863 0.334889010957899 -0.0817562069362734
Clu 4.11469442308722 0.631845323968182 0.758322802349845
Cbr3 4.1145826945045 0.414578166646092 0.0882705113668557
Epb41l2 4.11206659528127 0.580982521845797 0.503050039981584
Rftn2 4.0983709071264 0.672094244502764 0.319851473082363
Mmd2 4.09627867615176 0.389683326608008 0.251078137639516
Fjx1 4.09556295132544 0.749307870715928 0.827508322320732
Cyp2j6 4.07835892448991 0.659952028413516 0.274797052145162
Nde1 4.07318744704498 0.561069152886478 0.0132588754022298
Id4 4.07251277179606 0.227986198536025 0.19654095684582
Qk 4.07076344246208 0.149853560416753 -0.106691646386155
Fam181b 4.06806708924381 0.695617545024935 0.214523614346493
Tmem51 4.06783547175363 0.642135256184069 -0.0830699167410091
Dtna 4.0665409118269 0.574896274637747 0.23048523288576
Jam2 4.06388375864108 0.599946550126904 -0.053210741865675
Heph 4.05855023567265 0.856389050574708 0.620572670650959
Gna13 4.05559911486391 0.563678400427444 0.365976995374097
Sparc 4.04989322108972 -0.0330403015365004 -0.140870240701739
Appl2 4.03416425667607 0.500453180316045 0.564805193193446
Serpine2 4.02580689171373 0.0484800752961295 -0.185705877854293
Lpp 4.02177090697687 0.818042926305107 0.495965881688284
Efemp1 4.02069246533516 0.578291356355435 0.205958553115609
Pttg1ip 4.01898909491852 0.495373925258157 0.0536159734314513
Zfyve21 4.00676931895599 0.493366567018892 -0.0860823370963094
Sox6 3.99542970035311 0.36800772173078 -0.00952648970569834
Smpd2 3.99388226069934 0.715737871897638 0.68545257781745
Gpld1 3.99263812585883 0.581548903042006 0.529090840154358
Gpx8 3.98713827561424 0.658979780147811 0.0384174796892629
Itgav 3.96996015623817 0.517910925088831 0.526070649448238
Pdzph1 3.96461323289117 0.864293680839792 0.701439250062969
Ppic 3.96005463139137 0.743346615112111 0.251390333067987
Slc41a1 3.95755125799714 0.748200061846449 0.726473948591494
Atp1b2 3.95433423178768 0.462808166748803 0.402763001051361
Prdx6 3.95253594590427 0.673413174039419 0.671843540647743
Phka1 3.94658989003226 0.601706741713514 0.596868706547675
Il18 3.94047113419245 0.486150650163586 0.493161279595039
S100b 3.93942445374064 0.152191921380356 -0.0216972283765164
Smim3 3.92736169250239 0.735734893674592 -0.139194413983646
Gas1 3.92722116687836 0.510719974980484 0.0243839184105557
Tgfb2 3.92690810803894 0.315561660798159 -0.179312149690573
Ednrb 3.92187502045201 0.70330249551262 0.301951689836083
Cyp4v3 3.90813476194801 0.456443003542162 0.041753354036086
Pnpla7 3.90134232248969 0.689203122739265 0.453948081481576
Sash1 3.8918949911031 0.511053906640744 0.605900350759989
Wnt7a 3.88387395271265 0.631435494013503 -0.111415742392012
Sorcs2 3.88146458017044 0.583145802030409 0.490875666738006
Stxbp3 3.88031761958682 0.382661284999138 -0.109742686049143
Lgi4 3.87716674450791 0.740673703633165 -0.189532066117907
Aldh6a1 3.87448735145743 0.601460311093697 0.570517982459575
Ptpn13 3.86947113645915 0.646140409575139 0.498606359264111
Lamp2 3.86926511222085 0.53496634159991 0.13123191019055
Lrp4 3.8670385150415 0.738093388493767 0.61436531382172
Vcl 3.86060782152709 0.618125820215604 0.719134612043281
Fgfrl1 3.85914071317964 0.767265642623343 0.586082936892037
Farp1 3.84622554207872 0.569342191085885 0.500878641025168
Pnp2|Pnp 3.8434120248865 0.520020971688541 0.662813583050944
Fgfr2 3.84256996261395 0.415946127594582 0.0613094352849663
Klf15 3.82214184334872 0.682295235754841 0.0486099420277102
Fxyd1 3.81864825200186 0.64994831810388 0.416045591768562
Mmp14 3.81362285310343 0.639471087665485 -0.0246699708647358
Ndrg2 3.80856777689132 0.355501192050866 0.297889333751306
Myo10 3.80593748975583 0.476994237101383 -0.147011396922277
Aox1 3.80440799130552 0.815658373041042 0.467954510636267
Acaa2 3.80027047696598 0.750123301062622 0.724753727353525
Car2 3.7997439041282 0.301699600342231 -0.119389543070539
Nhsl1 3.794639847528 0.566885175030169 0.231482751976275
Vegfa 3.78624473102402 0.787603814362024 0.587569399280013
Smo 3.78268703384199 0.25625040042654 -0.126428818812838
Serpinh1 3.78228610773547 0.602723704855032 0.465032061371412
Hacd2 3.77894132913673 0.714848506600593 0.704918615214023
Ephx2 3.77502873500442 0.78257580473881 0.690178933330548
Dclk1 3.77383192523996 0.552553348836659 0.13015776558937
Sparcl1 3.77114547955753 0.411401172242572 0.412297288193856
Cmtm3 3.76970353921042 0.72598660635564 -0.192064052862997
Srebf1 3.76781884937311 0.622133900098685 0.59541540929509
Eps8 3.7660199544152 0.436449363405618 0.261286232365216
Slc13a3 3.7415828971695 0.432550721467732 -0.00037329244432618
Ak4 3.7403160223385 0.32614439361281 0.155918857176835
Mt2 3.73132789679053 0.429359703294227 -0.158713866658118
Cdc42ep4 3.72759197463223 0.530051640145918 0.263207773606606
Ngef 3.72627313566298 0.1593628695733 -0.0759969674071833
Pnp 3.72480849592318 0.542070804497125 0.451537376572259
Hnrnpa2b1 3.72459760757414 0.495387404632454 0.024113012278018
Lpcat3 3.72192660615849 0.654628974558499 0.370986664449744
Kctd5 3.72032634756541 0.656442868233162 0.17669411149394
Jun 3.71973112298299 0.518281087212035 0.216260785148423
Suclg2 3.7147101913805 0.772800261795154 0.154705569909139
Pdgfc 3.70474364133765 0.551501749273755 0.35569218011611
Sema4a 3.69836228440312 0.591652285347706 0.371592884299677
Sspn 3.69153247303261 0.500788676879779 -0.0303015976343583
Acsl6 3.6890224538769 0.629482219111243 0.676670652768675
Ptch1 3.68777598328931 0.376705127784555 0.0258396034140503
Gstm1 3.6876237997754 0.456904337077515 0.270964139287096
Abhd3 3.68580622036239 0.314550342528142 0.20754546927373
Gpr37 3.68546038543937 0.373973281028822 0.293498056594595
Naaa 3.68496482403046 0.737164208172461 0.706649743378868
Prelp 3.68260669794141 0.845857380455618 0.492037881245723
Pygm 3.67950063094971 0.76072397757629 0.453576537086904
Cpq 3.6742740327079 0.58163547488362 0.641625601057841
Celsr1 3.6703184523651 0.850423525046439 0.608685260787444
Sox9 3.66692716204634 0.773132001010249 0.424465250837703
Adamts1 3.66507617814019 0.489707159944894 0.363739097380615
Aass 3.66396671426573 0.818950959090125 0.508121908745681
Klhl5 3.6490142430292 0.487056004803313 -0.0220437983212377
Nrp1 3.6187243040557 0.329180668653405 -0.0711863189822255
Bcar3 3.60655591191032 0.570010114426798 -0.09100152019665
Slc6a1 3.59870887407021 0.252317074704922 -0.0126296627085841
Elovl5 3.59648164401569 0.594732595950202 0.613822329864255
Mfrp|C1qtnf5 3.59531913952718 0.66836945318529 0.603205226339268
Dennd4c 3.59373740390384 0.616792136467475 0.499836782921264
Prkd3 3.59234815088415 0.447525068671732 -0.0670202446703701
Adam17 3.58884457574292 0.618768687338414 0.53482010276901
Sox21 3.58694073603427 0.716288911536815 0.364249730197108
Carmil1 3.58423397030601 0.656511782134599 0.504029128021441
Ptger4 3.58413390322646 0.522829960913186 -0.100268729796802
Rab31 3.5764654399437 0.315700497835749 -0.047011953542442
Sat1 3.56119015711795 0.417500373370469 -0.0921083148433765
Rgs5 3.54442427695793 0.374574247573737 -0.0522350432908788
Plekhb1 3.5422234244433 0.119489197698994 -0.130248697228695
Ccnd2 3.54045625053054 0.339528405018086 0.0604440478603703
Nfib 3.53015115818795 0.286939005496735 -0.0428810186794035
Fkbp9 3.518940371567 0.289967301242677 -0.0196072780630082
Pygb 3.51227373915623 0.674873642680395 0.64688090598598
Retsat 3.50766209494792 0.771753882539143 0.734791503390898
Serhl 3.50265264707354 0.666798066560209 0.613309939304386
Ppara 3.47994154443516 0.868900516794215 0.767431005055977
Acot1 3.4758854459832 0.37689961537898 -0.111266060184264
Metrn 3.47497374001693 0.495935864661476 0.185900920362527
Chst2 3.46665664845632 0.258825717633887 0.0111962527594499
Nkain4 3.45422254177953 0.65944663867436 0.321680401893652
Limd1 3.45363112398626 0.523845416615946 0.0060787614102652
Glud1 3.44894734033806 0.559084155439717 0.45760280568764
Dusp1 3.40635439546933 0.580818856195323 -0.0788514747604032
Fcgrt 3.40428549169741 0.65724021576815 -0.0875959106266034
Tspan7 3.3977517279705 0.37490383868112 0.0617676545795384
2810459M11Rik 3.39097933565478 0.697408489035376 0.0458184298250511
S100a16 3.38966859181552 0.31864874325587 0.00847440719077255
Lxn 3.37551833905029 0.393138936276874 -0.00371265774157843
Fads1 3.37454273568463 0.558959892622056 0.573746281026613
Tulp3 3.37448675468115 0.710899303693807 -0.030725747116027
Asph 3.34663343415716 0.228052227768595 0.205598381384253
S100a1 3.34449688646381 0.419105039250019 -0.0456939020624736
Rb1 3.33624954143024 0.557736977404483 0.297928043129023
Sox5 3.33088124128792 0.404447322748862 0.21047393431729
Lap3 3.32367297848359 0.446726620205222 0.109289799434821
Kcnn2 3.3223471670135 0.605595068364604 0.0865752001585932
Itga7 3.30265640855418 0.791050338971181 0.684940822269612
Fgd6 3.29670085565937 0.859620716351939 0.670580566801831
Mdfic 3.29626922828959 0.501131620644212 0.248135710832313
Tfcp2l1 3.24806288624245 0.814466311851349 0.678656089490935
Gfap 3.23293810055503 0.617987564868187 -0.0726467924479065
Swap70 3.22678954609728 0.727541626333221 0.193880719358242
Elavl1 3.18774665771201 0.219771833174086 -0.19332220557639
Agl 3.11949289913239 0.590494450256107 0.28706700404049
Hmgcr 3.10665135285538 0.455741078335128 0.215902580183875
Inhbb 3.0841198810207 0.351357423617625 0.137772445383797
Tnc 3.04425043506273 0.713223766695994 0.312204590498771
Tor3a 2.98300455106431 0.735205659494778 -0.189967036375195
Rorb 2.98092183154613 0.71443705926936 0.480607592517056
Lamb2 2.96690938529648 0.67836474858168 0.551034931837912
Fbln1 2.86532722799529 0.723522311183802 0.461943407033664
Arhgap18 2.85725675247757 0.744080527997667 -0.162287053575659
Fzd4 2.84760428567277 0.580284737938638 0.19058789629362
Plin3 2.79173602832648 0.55493916337265 -0.0634096095202787
Adora2b 2.76299087276837 0.55012702203675 0.135543419726153
Gdpd2 2.75185780996882 0.646928807678118 0.236435467450184
Tst 2.68366273740946 0.561211048945973 -0.153136340949732
Aldh1a7 2.67413012259185 0.531928461811089 -0.101277911924021
Clcn2 2.62408069922069 0.651743339729155 0.4925518362929
Rnft1 2.61500083908259 0.579324711883427 0.352889329416835
Pgghg 2.2364297679533 0.659476123851887 0.157079366504705
