Iltifb|Il22 6.16801182487708 0.437666045660541 0.661913577405701
Tfap2b 6.09061967246275 0.799790889160237 0.250437584702301
Xist 5.9017234003075 0.629192717102551 -0.410093323646306
Pvalb 5.88662788088996 0.194448078524508 0.0937855807045578
Sla 5.85417988991132 0.778851597160081 -0.264326880777117
Kit 5.61448257205429 0.713022718978826 0.137709206819479
Car8 5.38948879892177 0.167926652293995 0.0596156523517851
Zic1 5.2453243637343 0.395136185457503 -0.0447132389270459
Ptprk 5.0329678976943 0.564240099124576 0.261518053741544
Slc1a3 5.02235028778439 0.477173532815131 -0.15219595223783
Bhlhe22 5.01859216688735 0.495875732780569 -0.268476906309789
Sparc 4.85631767830799 0.139303961728976 -0.245502343070245
En2 4.78098089673021 0.568515062385481 -0.02719936432212
Socs2 4.77863207354065 0.649615202205697 0.517477699085591
Cxcl12 4.59339883472082 0.608259798338055 0.189774529790204
Gdf10 4.53673609956259 0.596124350156706 -0.0801410489321484
Tfap2a 4.36600790422703 0.629573636260948 -0.183178715521581
Neurod1 4.24435386080652 0.442263912942285 0.266441108511731
Gldc 4.21150050153108 0.651595763174428 0.136602446123293
Eml5 4.20442816073902 0.624265882381869 0.269101733992224
Nfix 4.13369707819018 0.136687016015579 -0.0864614300972681
Lamb1 4.07828165485783 0.493825105468806 0.16502095972041
Ntn1 4.05724370144851 0.607116749124674 0.279039105177052
Slc32a1 3.940935732233 -0.0609675948815197 -0.048386241768206
Ptprz1 3.89895730235486 0.401415338137304 -0.14994460640273
Nfib 3.87371335942844 0.390251319048419 -0.29972846264536
Sorcs3 3.75890340974957 0.639790757072896 0.181943032019927
Sp5 3.74093888239987 0.858407627481078 0.480991411848782
Timp4 3.73377169593873 0.29045523330668 -0.0310338671706854
Mpp7 3.70415625129752 0.695077173894826 0.491685538240374
Pcp2 3.66699194028528 0.327031911917683 0.394093169648745
Hcn1 3.64375046586213 0.337564904613987 0.263596513229003
Slc6a1 3.58633468080908 0.309633018633453 -0.0126296627085841
Itih3 3.55631438831906 0.195280631749675 0.0212105016405834
Cidea 3.49588250025721 0.702311364667805 -0.200564220131831
Rora 3.48896030648341 0.305183760969915 0.0111804320647473
Lrrn1 3.43470846478738 0.253433152568305 0.182508682951454
Syt2 3.42632583827065 0.252076220223399 -0.226677309675438
Mia 3.38508352582425 0.790795264030756 0.405453548301191
Smo 3.36910121547656 0.235590825940219 -0.271840489006344
Gpr37l1 3.33088892633496 0.163125728757459 -0.040653114174607
Adamts15 2.63750262289529 0.557139785509886 0.105213654626745
Tsks 2.45566527908557 0.471427748883568 -0.040334833405467
Pax3 2.40817570322752 0.504524979773678 -0.122603315248672
