Gabra6 8.56621060914554 0.690306379278194 0.487283738775849
Crtam 6.50078157855577 0.783853174242225 0.650794255729167
Cbln1 6.37499268143247 0.40803007108327 0.312757740063791
En2 6.09275958671191 0.580803615235731 0.424368935882253
Neurod1 5.98950076282349 0.508826247976953 0.490136165925745
Cbln3 5.93501718309109 0.750727863803379 0.594897099113772
Patj 5.18969660942083 0.630060946849779 0.504718050015625
Zic1 5.1286076212717 0.266436422113753 -0.0447132389270459
Mab21l1 5.05269590720742 0.486767068374531 0.600784538022216
Uncx 4.97103892825843 0.733243902474705 0.639417458887991
Chn2 4.9444079809943 0.443991010477236 0.496178734075122
Car4 4.87583850280663 0.622275101133796 0.432265508592608
Dleu2 4.3616338930826 0.647881128872177 0.593987211180043
Pax6 4.35142794794754 0.674963554844188 0.470432654165663
Irx3 4.32889976788208 0.676659666347632 0.417133618325528
Ak4 4.27120100387591 0.389881400314422 0.155918857176835
Eomes 4.25136812678855 0.844045749709826 0.721535197181731
Pkib 4.15555007142096 0.401899661791526 0.347578930652524
Car8 4.14542379331918 0.0103134952209967 -0.162295292797075
Calb2 4.13902535750387 0.404219699910124 0.364785567316783
Vamp8 4.07122179431826 0.526327025836133 0.427625462347299
Cadps2 3.93868371621044 0.118240272336972 -0.180041250051093
Tmem51 3.92343428844752 0.55882155005157 -0.0830699167410091
Il16 3.92038003545651 0.788038161350013 0.778663893024473
Atoh7 3.82706804596237 0.643357045297304 -0.106318723344961
Tmem163 3.82222406487208 0.372471661709524 -0.180681675848901
Meis1 3.81605330975636 0.400491499131817 0.115342431994667
Rps6ka1 3.79700792096051 0.678689816111532 0.594503186788116
Trim62 3.75035141842714 0.562058315284102 0.5348935827894
Zfp521 3.74213487461433 0.297018750572507 -0.0465257189993275
Nfix 3.73347120947315 -0.0356154728448101 -0.113440986160096
Mapk12 3.73322929331916 0.585986895960761 0.590886670578144
Zic2 3.6904569833052 0.53074149127521 0.308322629218804
Wnt7a 3.67402105412123 0.542761609708465 -0.111415742392012
Gabrd 3.66407167716453 0.154979801583805 -0.230298886805095
Sptssb 3.62203060647101 0.706441918923528 0.588493256113238
Etv1 3.50928062132986 0.337103370038157 -0.117603845664438
Shf 3.46680284791303 0.72983477456075 0.733910064050329
Grin2c 3.4617870897529 0.571699537868332 0.231185391818793
Neurod2 3.44249386122553 0.454722361397067 0.312441349805129
Slc9a3r1 3.36043305153801 0.27945224685283 -0.00558010180928876
Thrsp 3.34665594325375 0.286754382073782 0.259550889644068
Gas7 3.29569215776204 0.10507711957812 -0.0579043992640118
Tbata 3.21078497926031 0.845031206876207 0.759162909289895
Rgl3 2.81965373744039 0.663203320161767 0.131119539211081
Ccne2 2.78753240093567 0.331204165222536 -0.224492728562174
Boc 2.66478130529222 0.602655705212858 0.0489736210969821
Clec10a 2.37325188241235 0.745794872614491 0.593713462961349
