Xist 8.06326799557302 0.568011145086558 -0.410093323646306
Alas2 7.7492847393893 0.895040962133223 0.73441576141486
Hba-a1|Hba-a2 7.57598027575216 0.759363189461633 0.668323631938039
Dlx1 7.25175352309334 0.754989101866774 0.716496343730321
Sox11 7.21829468907746 0.84106009773423 0.610914404453814
Arx 7.1416436617113 0.499244656139812 0.474470179818718
Ttr 6.95897201815921 0.403027366045007 -0.0404931469919864
Ctss 6.93696194994773 0.631274004354743 0.483604516888308
Laptm5 6.93050395818517 0.578244767629896 0.193395421618572
Mki67 6.55308002650039 0.883251534680632 0.818339114344245
C1qa 6.47280903757416 0.848800637730718 0.373665895302874
Egr2 6.41251203746156 0.63962588813812 0.285794975364086
Tiam2 6.36192519635266 0.553807896897322 0.430462358005714
Socs3 6.27361540364456 0.725265943171046 0.439247070953598
Rrm2 6.25635512341536 0.761866473875116 0.384985327338975
Ccnd2 6.23149385815816 0.643127877447527 0.707235760325376
Csf1r 6.07875543958014 0.629556954224169 0.525613327120335
Dlx1as 6.06184017206388 0.633718235957321 0.0716699851672061
Atf3 5.93924011404333 0.837962911577186 0.51512680400068
Top2a 5.92901363216544 0.875475823352169 0.72046603326432
Rsad2 5.90969964982527 0.765311752127654 0.716638577468229
Gdpd3 5.89790571283499 0.764066272448379 0.535521049083524
Cdc20 5.81155245973576 0.596732992273554 0.39170244215956
Dcx 5.7567809606231 0.711676403373596 0.230066336791354
Hba-a1|Hba-a2 5.73416954167088 0.665543013910704 0.585481077399672
Sox4 5.62625131918851 0.764110043194811 0.645822699520722
Hbb-b1|Hbb-bs 5.61829201571331 0.899777027964267 0.385245186271301
Meis2 5.59650486890425 0.284142303233842 0.297347919557837
Pbk 5.57931145548684 0.829167588809163 0.247024049490756
Klf4 5.48559952409957 0.632228838082224 0.262944648374089
Cdca7 5.44025897368248 0.905197115687382 0.794478262652064
Nfib 5.43244300956029 0.440822420870971 -0.0871719042578181
Txnip 5.42687099342498 0.713699404904271 -0.128468404653434
Hbb-bs|Hbb-bt|Hbb-b1|Hbb-b2 5.37916129442508 0.705363069223716 0.197095939870769
Btg2 5.31776827863147 0.752994355760485 0.127081009872641
Dlx2 5.30625331944583 0.826848533773456 0.775080619037714
Cd1d1 5.30121789034102 0.802182501669789 0.845393013089699
Mobp 5.24036421481879 0.0847650979476704 0.121478775424876
Cd24a 5.19875870103881 0.502782005827856 0.203461539033706
Fermt3 5.1946838497885 0.689782543499455 0.472915032186186
Ube2c 5.18294862476158 0.832938310517245 0.656997107001874
Cx3cr1 5.1353558993246 0.792524870156617 0.696650605365724
Bcl11b 5.12105636034048 0.214637917224114 -0.0781415948467727
Isg20 5.11344974949049 0.877008125348843 0.426574804348707
Rbm5 5.1093650573592 0.327634590318914 0.0600725296404366
Ezh2 5.0958531262763 0.710347174105458 0.46899415124066
Prkd3 5.0891177044419 0.538792851937364 0.22437127064679
Ptprc 5.07078736302753 0.830650309239466 0.334850207913401
Ezr 5.0524868798676 0.680280232262128 0.585629476966715
Itgb5 5.04828093196477 0.501922415089062 -0.105494120410017
Nfkbiz 5.04634940911603 0.678659794882613 0.446184728225094
Selplg 5.02668117812568 0.706304076495207 0.568149042849358
Hba-a1|Hba-a2 4.97206679836433 0.631510069517944 0.4
Tmem119 4.95780289468839 0.799754935437326 0.689287948518782
Cdca5 4.95693402344286 0.797820791940213 0.294936243540833
Cenpf 4.94774009663547 0.847370087946882 0.814833981092444
Cdt1 4.94215940967886 0.728206481386029 0.595322345403125
Slc15a2 4.92535195941117 0.543089195689431 0.222986887040781
Jun 4.91787953574509 0.595340345512995 0.216260785148423
Nfix 4.90229021272596 0.153391889791513 0.0237201074069773
Nusap1 4.89093487667939 0.869224731946173 0.696438210953993
Vsir 4.8841130826024 0.749552158894013 0.16016867833043
Ier2 4.85171665332772 0.655516894375156 0.569429058637036
Lyz1 4.84530320316262 0.718473281721352 0.579871656014229
Tgfbr1 4.83200661877923 0.651535967815487 0.664396094579204
Mbp 4.77410812727353 -0.0519699797280381 -0.236477200376046
Chd4 4.76117218916013 0.6778532354949 0.425935165623835
Hspa1a 4.7154829274604 0.644990010747826 0.304644051879433
Cemip2 4.71185665849891 0.706030827636395 0.477308382368405
B3gnt5 4.69819912760418 0.314841637038816 0.174761122046156
Ccr6 4.66806082862891 0.764690668975018 0.614517386527557
P2ry12 4.63717880893434 0.828904937828862 0.767521051926182
Apoe 4.63555563395592 0.233351895702687 -0.244198303225065
Fcgr3 4.63120309572606 0.804688824615045 0.646284533406233
Carhsp1 4.60495154906641 0.210382634229997 -0.237341882844324
Hspa1b 4.59253624754574 0.585443588977932 0.236124806701071
Pclaf 4.58759867045079 0.712814125844565 0.23095682705663
Rnase4 4.5712858050625 0.74845853452613 0.581137359630536
Hist1h2ap|Hist1h2ao|Hist1h2an 4.55573538740031 0.630224728716971 0.504961714722419
Cenpe 4.5515602607126 0.929173134327153 0.868123690518116
Ctsc 4.50884689614947 0.593733784938002 0.0165863809385767
Rnasel 4.43584511576169 0.680809907127571 0.405943142365995
Reep3 4.4309271134324 0.171397860023723 -0.236707210149806
Notch1 4.42460371801188 0.649549934833227 0.180692303739484
Ccnb1 4.4227906745468 0.802808172685892 0.294767390047075
Enpp2 4.41921561265177 0.306387814072363 -0.109339091723366
Uhrf1 4.40559146704129 0.874300089212191 0.636309686240961
Dusp6 4.38149746646126 0.292792943925557 0.0804596813277703
Foxg1 4.37738559722182 0.0215110954351317 -0.136510223632995
Mcm7 4.35482973365327 0.715037325023698 0.626393499718238
Vgll4 4.35469739310246 0.720674168697335 0.769972747640784
Crym 4.34811174342195 0.121527115169254 -0.056867389016534
Mertk 4.33904200875923 0.600646410453924 0.307627249002351
Cd53 4.32311638471748 0.782241905523462 0.438887095277159
Adamts1 4.32149764907326 0.529938625909485 0.323623208251882
Cep55 4.28000402103017 0.857562980629853 0.567382288224736
Kif2c 4.27463340660513 0.902360538747253 0.734748679646007
Zcchc14 4.26052802925529 0.549820338312768 0.133723011549014
Pou3f4 4.24167343182376 0.668282271251012 0.328556546991213
Smc4 4.2387313009041 0.685496479082254 0.633106094461778
Igfbpl1 4.22575240382279 0.869794069970434 0.701033353619547
Rnd3 4.2156286340784 0.6865057835728 0.537820034550935
Dpysl3 4.20849495378971 0.5269123904911 0.543135388485654
Plxnb2 4.18386202096154 0.67063308613356 0.0351418136592732
Iqgap1 4.18031242975354 0.695119841496113 0.656791488852085
Sparc 4.13644983758504 -0.0555014976491608 -0.170168603210722
Igfbp5 4.13419343768885 0.358692536536023 -0.284759313116054
Klf2 4.13164450061336 0.785694347103281 0.150583891058871
Myo10 4.12679930528316 0.4374582049647 -0.226378518877029
Csrp2 4.1145690699926 0.620621612057469 0.28590202751363
Plpp3 4.10480055713886 0.268950945475854 -0.243446644839164
Lima1 4.10074764149668 0.64737005120288 0.426291277316273
Vcan 4.06726999394739 0.528905558526128 0.0229736080385492
Nasp 4.06539738806522 0.812071844957407 0.577303656138081
Tmem131l 4.05893081291294 0.671101500718689 0.617353979562287
Zfp704 4.05727621358991 0.651043453383138 0.731780236759497
Resf1 4.04812199643922 0.660631145048627 0.430392637448121
Aspm 4.00609893801475 0.818908077729579 0.741358325597384
Zeb2 4.00504761562344 0.231358933269666 0.199190364591628
Mkrn1 3.99961569844908 0.648819908741014 0.549755289889587
C1qc 3.99901929681397 0.73120521725891 0.550206766495059
Mcm6 3.99791001740486 0.527421711986835 0.177157129367806
Shcbp1 3.97823349575643 0.813626612577536 0.580187778133903
Ly86 3.95757067698149 0.676120553824728 0.523829180173238
Dbf4 3.9477324123965 0.739369511296413 0.57393712215629
Ptprz1 3.94304594265352 0.283303815744036 -0.14994460640273
Ncaph 3.94124972890521 0.701522058719584 0.479792998777481
Cd14 3.91526482148367 0.727465989483461 0.422898320468568
Hexb 3.91125257898096 0.612690824996591 0.521413716175412
Clic4 3.88893149180776 0.195916842467183 -0.316529324552884
Cd9 3.88085256474138 0.320154741567386 -0.0602694127257091
Skp2 3.85787169268258 0.540971112290728 0.00804506605742363
Bpgm 3.84621274942024 0.248658654568852 0.039985089517872
Dlx5 3.84181654780114 0.410698295924273 0.114328009585981
Fosb 3.82966588874997 0.583589624339035 0.138968708679133
Zbtb20 3.82752196562806 0.511315035111782 0.00769080481725505
Fech 3.81707469600073 0.573976707987326 0.542336744901214
Rad51ap1 3.78671503080642 0.71001288415965 0.284454975486987
Golm1 3.78590029115291 0.522014587651034 -0.256564641369
Acvr2b 3.78214601933113 0.775532157726703 0.756089133302205
Tmpo 3.76523646348325 0.608997257486646 0.567000962397525
Marcks 3.75406159325792 0.208011380560986 0.0731312833620547
Ier5 3.73939471426479 0.373342214677647 0.000878489620553594
Egr1 3.72097762186534 0.256709014458419 0.370783434588298
Kcnj10 3.71746725521157 0.130863513801705 -0.23193949876073
Rbmx 3.7024262330198 0.55063080396958 0.0800215526542981
Smc2 3.69685515497663 0.630440028069772 -0.0397714698181119
Sp1 3.69590693995444 0.526135712572769 0.445408382815049
Aurkb 3.69513363677499 0.784291756734939 0.618022013551551
Zfp36l2 3.6676649798109 0.395016378371715 0.0661104367806682
Trip13 3.65825915876489 0.704101236344965 0.310350366912753
Mis18bp1 3.65410599154478 0.76199738212855 0.68369872678813
Plp1 3.64564679066282 -0.0991650566933905 0.0574074654673039
Gad2 3.64295898563323 -0.0148214184090398 -0.341001036400397
Arid1a 3.62561508619588 0.669170966295903 0.474529936634585
Plek 3.60396173071724 0.647501755531411 0.428211634941112
Ccnl1 3.60361780295249 0.509553382778245 0.310503770742555
Ccnb2 3.58162417720371 0.793016867940078 0.483463784420548
Trim59 3.56774665939624 0.401235351226522 0.0631513413851672
Slc4a1 3.56730698891003 0.801613475216779 0.406944331557175
St8sia2 3.5651385376305 0.485822958603329 0.0887927499773331
Gdap10 3.53670003683074 0.381028803005627 -0.107579589919752
Pola1 3.53244010978842 0.794825490024568 0.727612656220305
Prc1 3.53205699852651 0.7856011585722 0.683300507806731
H2-Q9|H2-Q7|H2-K1 3.53142500805558 0.410137836261372 0.155991882588117
Ect2 3.5284346250249 0.786175125042671 0.398873047854204
Spc25 3.5202886207404 0.724060212143556 0.10193231890082
Nfe2l2 3.49660039538407 0.396370155375863 0.0909115402093911
Ftl1|Mir692-2|Mir692-3 3.48742858251101 0.60851237927444 0.367795183551707
Zwilch 3.47532586766176 0.807362038377726 0.770496570689984
Fos 3.4703329350473 0.306611415973823 0.114528215552505
Slco5a1 3.46609148427466 0.627865198603076 0.367167802582916
Cenpa 3.44169735666427 0.604960979008671 0.0726109635033769
Efs 3.44100555687406 0.430963917803431 -0.111746790078804
Syncrip 3.41902085676878 0.370638201010813 -0.200715841019041
Kdm5a 3.41548170965314 0.686662429515063 0.625458850223793
Marcksl1 3.40808548280247 0.241736183928044 -0.0834290402121547
Fbxo32 3.40406712000442 0.234228339116375 -0.0330204012058541
Gpm6b 3.39682363943159 -0.0224689093613439 -0.250821903067089
Ppp1r14b 3.39274365141205 0.397564928633953 0.254740718751645
Kat6b 3.38571832520393 0.610022005137461 0.519201844234315
Smc1a 3.38427770815408 0.568313417697442 0.335920151117383
St6gal1 3.37365142043305 0.426847237951334 0.56211544033876
Smo 3.37305091928908 0.114876216922653 -0.271840489006344
Trim25 3.37123210537978 0.187541661032945 -0.206556623564272
Klf6 3.37108263963198 0.464376179206428 0.302210561725769
Rcc2 3.36625710270217 0.673141492421099 0.449854276752595
Syne2 3.36072272438847 0.732146192814915 0.62761858361186
Tle1 3.35851127447826 0.585695771418015 0.508307238207827
Kdm3a 3.35638159015708 0.592372430840942 0.56369102384839
Mcl1 3.35128861317925 0.592671180468954 0.517115693641645
Rasd2 3.34364761820864 0.150421194860232 -0.0252216576114091
Insm1 3.16862130673756 0.593214231523337 0.238680396724215
Rad54l 3.16048134062481 0.857731961563216 0.624620542199914
Ncapd2 3.13779211837876 0.653783558784134 0.367876779595996
Dna2 3.13586727180229 0.778244593631739 0.665717155698725
Akap9 3.02641011394871 0.122958481416942 -0.114277063638173
Elf2 2.97084787931978 0.513608622456511 0.507132164056276
Cdk1 2.96253983855511 0.757198528399254 0.389329646299762
Zbtb12 2.95592832175417 0.784313018908316 0.387848354635342
Pole 2.91244430370962 0.649684428169565 0.306411838289534
Prpf40a 2.8394333717246 0.503105011513133 -0.0512399125996188
Fam208b 2.82347163501145 0.504631198054543 -0.0786319844392619
Racgap1 2.71360334752667 0.538503434614255 -0.107388052549261
Cd300lf 2.70654400214726 0.699925621619083 0.448887606730218
Tyms|Tyms-ps 2.66354922174963 0.798920960910337 0.731281843294455
Aurka 2.55165990925641 0.77444180467105 0.491756915025629
Mcm2 2.5469035413896 0.741281203454421 0.192062420356759
Vash2 2.49808520130219 0.615185998824305 0.121568571046038
Tnrc18 2.46625630908975 0.342434685265543 -0.125766439715575
Plk1 2.12604222424001 0.740016194852279 0.27315126659095
