Otx2 7.07245409663134 0.818192311823547 0.662605263171152
Cplx3 6.34199484193436 0.78293900214357 0.61369521086546
Gabrr2 5.82437394034378 0.911116464211691 0.840115209486078
Tal1 5.80936505486154 0.858710222525488 0.819208969538673
Igf1 5.74319939777748 0.470736935689718 0.41471257898597
Chrna6 5.63814701718991 0.65389600113482 -0.00383425076147248
Lmo1 5.58531804857882 0.727597744122886 0.656789640315104
Cdhr1 5.50836414784858 0.740804920056546 0.744248913862923
Reln 5.20316826469125 0.450923197113286 -0.206892710116035
AF357355 5.19518702049877 0.0691311527077925 -0.240735980978229
Tnnt1 5.06167062222634 0.733212411621032 0.443246644128932
Pcdh20 4.79049609296434 0.510858666666833 0.185850967430589
Meis2 4.62767090326413 0.183970844878275 0.2566117229674
C1ql3 4.60989665493076 0.340697090978845 -0.257417730810445
Amy1 4.16240126565627 0.300093722979762 -0.286908928003454
Ngef 4.12206216219574 0.159253443280375 -0.119132987184121
Rpp25 4.11512790872564 0.317785538698833 0.0394206410059528
Spon1 4.09395441513114 0.326316966117481 -0.0873454430866566
Meg3 4.08850471411964 -0.0168020419406396 -0.464719260733933
Snhg11 4.02947075433359 -0.203276768544012 -0.321581408781765
Ryr3 3.91243673701133 0.283513358233353 -0.43543155633822
Pdzrn3 3.89440912167182 0.335187510197214 -0.0641679014588439
Slc32a1 3.88898070196067 -0.185110117523761 -0.298031817842782
Parm1 3.86935567699685 0.167095307954016 -0.134765176880158
Cacna1d 3.84640395806436 0.549273866422113 -0.0808659512970781
Cacna2d2 3.83037053501604 -0.170474816289201 -0.292525759965254
Cd24a 3.81597208859289 0.37364136766113 -0.170711286124371
Nr2f2 3.7501736924616 0.462405670295858 0.383209244898961
Cda 3.71147027769639 0.608015053746003 -0.0525941422350522
Syt9 3.69209722299398 0.443762315233544 0.456864476530489
Frmd5 3.63911597769748 0.461332960492624 0.608916556183711
Ptprt 3.59073026435619 0.509950040546344 -0.0180237602771268
Cntnap2 3.42101900754428 0.120100766639553 0.0818834521886962
Adgrb1 3.3992018043139 0.609093865398547 0.604067510030266
Nrp1 3.36214428399791 0.242163199959361 -0.258873296058779
Gabrr1 2.76491943848822 0.84036813389227 0.804390270819586
