Sst 6.88233021848576 0.646839759452192 0.38560339582513
Npy 6.23396328074662 0.608300877186497 0.437201284269915
Col19a1 6.15135759195584 0.637821779507103 -0.09806314337289
Arx 5.94713351737056 0.40623734021303 -0.103729321779591
Moxd1 5.40393361859372 0.713004698325509 -0.119419422545275
Reln 5.19871772100665 0.450310573762858 -0.206892710116035
Lhx6 5.19838089402933 0.617502984682334 0.0418978500265688
Grpr 4.81154456876398 0.873906435791715 0.797300588093953
Igfbp4 4.76257905205599 0.360988980878192 0.308939247421075
Ctsc 4.73894847290858 0.617070741355854 -0.0424799009362405
Timp3 4.69995291161592 0.535551941198081 -0.0726833106123869
Pnoc 4.35700902911943 0.671028944789142 0.195737893413933
Lgals1 4.27928864566178 0.399932295034396 0.220222634739823
Ptprt 4.21780426830354 0.593907230311112 -0.0180237602771268
Kcnmb2 4.10507829421641 0.599706638834421 0.581532282252602
Dgkg 4.07941139708077 0.284537821435622 -0.171627464515661
Klf5 3.98970548007673 0.452628045872432 -0.121217915703669
Rpp25 3.79292019520825 0.26974919668034 -0.0480308103324702
Golm1 3.75504905071194 0.527949612818636 -0.229850078077074
Cort 3.73680072321308 0.623106503714622 0.211515098981586
Ramp3 3.71618283902169 0.598445229669712 0.390680420844922
Pvalb 3.71299377919402 -0.0393293920981266 -0.151351644080445
Slc32a1 3.7058689131124 -0.21563513786396 -0.329515512254
Rab3b 3.69380787919544 0.365161898267628 -0.138375016072866
Gria1 3.67431865455283 0.293650116305983 0.0613718930975835
Meg3 3.66120516444317 -0.0711444431783994 -0.281426698345282
Gad2 3.63053176079517 -0.00797517403613279 -0.341001036400397
Cdh13 3.57600187731357 0.39195950339341 -0.0235069567255351
Tenm4 3.54611374784021 0.252943198829805 0.0504563510797618
Gp5 3.53500652542217 0.749761419057941 0.565437660349198
Cacna2d2 3.5260060403125 -0.205428780088879 -0.17865770071646
Kcnc1 3.49859082630617 0.427009109203477 -0.0840318476674068
Satb1 3.44694487118391 0.357879782102754 0.209543201666081
Postn 3.37311961193942 0.743403650062495 0.448990931663764
Rgs8 3.33467854556297 -0.0242984777480121 0.191557994390503
Pappa 3.33416870415078 0.680799013414822 0.110737806158534
Alk 2.95991467088518 0.482324661168789 0.20777564447279
Col5a2 2.73796921061099 0.592574729631666 0.0228568743639912
Il34 2.61087178491577 0.526486289528745 0.147896864329969
