Grp 7.29138309617452 0.648809074361504 0.140137302484867
Lypd1 5.54663394827208 0.525053119492314 0.594752188274808
Crym 5.47475698966557 0.195034322768091 -0.0363487591371345
Rprm 5.4318881558651 0.548751385353493 0.455896427575248
Icam5 5.2783879872914 0.533709587945464 0.262078350291496
Bcl11b 5.08700355033867 0.216787309002366 -0.134259969257438
Itpka 4.9903019186241 -0.0419314308947692 -0.215557580988228
Ldb2 4.84101116298899 0.522280656165765 -0.214458285832291
Mef2c 4.5448090858941 0.169211303352481 -0.137948775849103
Tshz2 4.52365098102788 0.797638174088854 0.739295583797839
Ccn3 4.45183476305461 0.418911151162563 0.000616785764867967
Kctd4 4.43019945824762 0.498144804229884 0.319522244054671
C1ql3 4.28387673100712 0.30483851075928 -0.236804022110846
Meg3 4.27431735619011 0.0134976039921967 -0.449271921227176
Kalrn 4.22872657980515 -0.200508189676686 -0.175743823646727
Myo5b 4.17796495294607 0.15757637110759 -0.191805545900131
Krt12 4.15226030065995 0.371678159921473 -0.057522180558753
Pdzrn3 4.15123088296957 0.377862314278621 -0.0593443057094011
Nrgn 3.9809096745174 0.222395926443706 0.00466373850849522
Abi3bp 3.94796863160754 0.664207092918304 0.162211314531755
Arpp21 3.84862699496561 0.28191137804487 -0.156578334654225
Ptk2b 3.81417361732214 0.119974311853241 -0.14385360456371
Doc2a 3.7502131720827 0.393987817881684 0.214474873513858
Ddit4l 3.69211851128598 0.492769563336386 -0.019379270127838
Rasal1 3.67720391228374 0.624307457459594 0.0970798593015672
Ngef 3.64431430023827 0.09690467961918 -0.184320112911237
Cckbr 3.62641495785197 0.526421961763782 0.0708157421681958
Tenm2 3.58807359923893 0.242696744488392 -0.0214738318259153
Syn2 3.5710784273207 0.229776885301273 -0.137955741896065
Cpne6 3.56150763469565 0.340046205248873 -0.0581629020516157
Lpl 3.51883056370814 0.0259245178218001 -0.151227225423428
Syt13 3.4743792962402 0.550715771367237 0.0233679926558679
Cck 3.45319613424631 -0.0960788239023022 -0.260859512146601
Spon1 3.43092546640497 0.214048278972954 -0.173710176494598
Myh7 3.42281383493261 0.136092605433319 -0.118291501967537
Pclo 3.40955463659439 0.133948025531677 -0.146107797908201
Bhlhe22 3.39434902695428 0.181888055900339 -0.335405485273206
Lamp5 3.36805951080233 -0.0143226634207439 -0.125439813798188
Arhgef28 3.24378671364739 0.433446019703822 -0.165966500788166
Prkg2 3.18471556179765 0.414816660130239 0.00582815720496408
Mak 2.05455931920133 0.472668696241164 -0.0451381906939356
