Serpinb1b 6.5079414962686 0.776410048494166 0.793579458095781
Sgcg 5.95517602193576 0.947345670223762 0.90507279101722
Gabra6 5.69885950769501 0.549020894694249 0.177085585789038
Zic3 4.91613968661035 0.513618313126692 0.0417477480422948
Scrg1 4.88654545901106 0.502790915155109 -0.156112833680441
Tfap2a 4.86462655952516 0.557766685438398 -0.183178715521581
Penk 4.81314667797985 0.320196046569494 0.00977055495942452
En2 4.62442372136639 0.433256247264343 -0.0555063987771823
C1ql3 4.42813275831039 0.320879338339194 -0.242505448717295
Ceacam10 4.36002827129344 0.781761825450229 0.272279090546621
Zic1 4.2235595032277 0.183198022050367 0.104166789687749
Serpinf1 4.13215779334806 0.494770611345264 0.0423520505889869
Bhlhe22 4.12113297377428 0.277524076399312 -0.0468878829197823
Cbln1 4.00223829090254 0.136340054526774 0.0137370927213962
Lypd1 3.97800933167874 0.283233393638074 0.272376334558057
Hspb8 3.95892019937817 0.479602888810557 0.360817253472435
Pvalb 3.66113096908105 -0.042823234900197 -0.151351644080445
Rasgrp2 3.59355946040988 0.567173658660087 0.569388047561853
Pdlim2 3.39709771819899 0.363476980473957 0.469983909357744
Id3 3.3961632046052 0.448914760929248 0.22725593762694
Ccl19 3.36250579490985 0.582295118651657 0.123580952133595
Gsta4 3.36173927369677 0.370767264875393 0.403795608378463
Cacng3 3.26026762318445 0.397179498632031 -0.106231124407766
Ccnb1ip1 3.2594214284611 0.72052624685291 0.173177576063119
Flt4 2.92931366338439 0.698962610893209 0.582505308133048
Dapk2 2.60481091296256 0.613310520871883 0.351864617695308
Actn3 2.50937891571686 0.798458047140513 0.675984086058208
