Mal 6.8711429204233 0.525862706959893 0.683415850965917
Ppp1r14a 6.65395722360936 0.72052982075939 0.678552712891788
Mog 6.64124035622055 0.74584809211778 0.717590650677554
Mobp 6.53218497717367 0.395529170528243 0.00853531074548346
Ugt8a 6.10020948875934 0.529079276538322 0.657196310752077
Olig1 6.08898837662892 0.511991128211549 0.541015324279402
Pdlim2 5.70782858704377 0.763916047038405 0.469983909357744
Cldn11 5.69256097230188 0.4985327078888 0.422375186389464
Efhd1 5.59852817178264 0.625739043711843 -0.260651417036156
Evi2a 5.51136218421425 0.693909176852377 0.186854963861502
Gpr37 5.47456786759822 0.675676806678038 0.293498056594595
Tspan2 5.4455701809628 0.572069939093126 0.721342595512291
Mbp 5.31380891867074 0.215569295836299 0.284716199190435
Ptgds 5.31059471579086 0.439188894179715 0.258558986043943
Trf 5.28423666005508 0.541063482555728 -0.146752224285271
Olig2 5.25781061129887 0.767156329492013 0.643116517201354
Aspa 5.19092977545597 0.74160418466665 0.632540388643064
Plp1 5.13076202937379 0.258004643615196 0.48443930939035
Gsn 5.07403751669135 0.511062578769039 0.494438391572963
Cryab 5.03375210896883 0.404324438009927 0.599452878487439
Cd9 4.96936817663874 0.593700168869971 -0.151988326765799
Anln 4.93351871817655 0.723754186599528 0.38389575244637
Ndrg1 4.90673651323227 0.391004718296639 0.366460086149071
S1pr5 4.8325348868127 0.629935597171209 0.533750186059339
Tmbim1 4.79355044777465 0.507956989919827 -0.0888254704489623
Pla2g16 4.6424978178849 0.680650369836801 -0.113571427607257
Pou3f1 4.57099272492095 0.235374106034522 -0.321155396045414
Carhsp1 4.5440369264775 0.408053687339152 -0.237341882844324
Gatm 4.43711021716454 0.52933207701236 0.512109109934503
Ddc 4.42452447008274 0.3146069106633 -0.242575448100184
Plekhb1 4.41268176492389 0.369856527627943 0.392208711449426
Pllp 4.35814716137298 0.713987156261679 0.615249550417806
Slc44a1 4.34658890323525 0.686950575182075 0.70652913319698
Apod 4.3409837777842 0.524139721806181 0.339068254616066
Mag 4.32832863971187 0.738005376305982 0.539243249641448
Gpm6b 4.30061153832393 0.250961102070398 0.12580778809106
Trim59 4.29791657381041 0.697149849150553 0.0631513413851672
Fa2h 4.27476009485478 0.687928836151727 0.58126306234495
Nkx2-2 4.25193286084746 0.657571680100685 -0.0721098157519747
Lpar1 4.16767715957425 0.584649825316289 0.359247016821139
Sox10 4.15349504319662 0.69214480547604 0.49748905970029
Tmem98 4.1485394343709 0.675549949188608 0.563456628183075
Nkx6-2 4.13827988345873 0.694375160316632 0.524389632644661
Il33 4.11857237744881 0.430128434306578 -0.0904616164428415
S100b 4.11793513788046 0.280018629902165 -0.238478960733847
Kcnj10 4.10796528757456 0.349559738436042 0.00763416369643012
Elovl1 4.09154223774073 0.562177354479096 0.0120599972710578
Gab1 4.07945338732216 0.585550056943612 -0.0873107240116907
Clic4 4.06708977546377 0.394383241978388 -0.316529324552884
Gamt 4.06549044112372 0.719895173278383 0.58994072695689
Litaf 4.01149165996959 0.646618891533456 0.243063879675752
Gltp 4.00794370148758 0.637952780197029 0.254145262562022
Reep3 3.99946530798864 0.266818128426683 -0.300249276187571
Scrg1 3.96288047371504 0.521357603769227 -0.156112833680441
Cers2 3.95772509861311 0.610891454224427 0.0474077667256896
S100a16 3.94269253074161 0.5053784832468 -0.181764021697596
S100a1 3.92974902895392 0.592200417728875 -0.187804295998041
Psat1 3.89720071566392 0.453673785746153 -0.0392815459368086
Elovl7 3.89537511610963 0.696463299377443 0.264979508417041
S100a6 3.86387945127449 0.402129685068943 -0.11331003735248
Qk 3.84408816179961 0.251188799704502 -0.179163059155641
Josd2 3.83443021406172 0.611544117639925 0.1209855407605
Rffl 3.79635461601616 0.507616678203698 0.188013498121422
Enpp2 3.77112234199369 0.398217767835382 -0.109339091723366
Gng11 3.76996107701937 0.599337686839317 -0.225451488302276
Rhog 3.75453378729591 0.669238076687709 -0.192445175099335
Slain1 3.74786530564263 0.563714661079921 0.575499946293995
Sept4 3.71334732554758 0.405350339028517 -0.247024115056819
Vamp3 3.71067833108931 0.523180097349727 -0.202024799396318
Stxbp3 3.69722955178008 0.503284867698619 -0.109742686049143
Wipf1 3.69565301474295 0.682119693464573 -0.181171904587292
Adamts4 3.69536363972684 0.384691180243796 0.110475653035832
Car2 3.67935065637196 0.420535821993211 -0.119389543070539
Fabp7 3.67304641404884 0.269778394432049 -0.12221407851405
Rab31 3.64170893638046 0.436890782756321 -0.0714323984071123
Itih3 3.63302228262687 0.224840064956898 0.0179639641436076
Serpinb1a 3.60037744119246 0.6402064029152 0.0607056777764111
Csrp1 3.59541117047802 0.394457515866696 -0.346151191183722
Adssl1 3.58030590665343 0.564714167115249 0.135046994287153
Tgfa 3.57621271481343 0.376916841716075 0.0819248569070243
Selenop 3.56989171843163 0.242107415739135 -0.220476822282862
Plekhh1 3.55338432432109 0.72917578167295 0.32278702630725
Lims2 3.47756817445299 0.772727156343616 0.456365675668673
Gal3st1 3.45530359088842 0.701164944107722 0.134162422963921
Grb14 3.44879121045394 0.640548581856174 0.808666684701555
Tnfaip6 3.43997404520081 0.75375884341489 0.207316170365253
Hist1h2bc 3.43236927925559 0.216602012946846 0.161870107536712
Hapln2 3.42090223827031 0.637353297600298 0.250492871860162
Pmp22 3.3915743820248 0.354978660761578 0.136282835405324
Ninj2 3.37416949004639 0.73843931553348 0.485704586251875
Gstm7 3.36264863238553 0.567332559331339 0.0689181849993971
Tppp3 3.33832664809205 0.415481330508332 -0.189533691176437
D16Ertd472e 3.25698536627638 0.674414975984968 0.300582734243413
Klk6 3.08153970909364 0.684362776053237 0.0570213278254185
Gjb1 2.94189342321641 0.788779740385073 0.346477309531065
Kazn 2.85125108708519 0.402483134957412 0.0462860822066207
Gjc3 2.78910669571617 0.706845717059532 -0.0523078572700245
Il1rap 2.77742451929443 0.710069620177624 0.400029731916312
Pdgfra 2.77598812075941 0.530975946673311 -0.206543750383915
Pex5l 2.77531715254283 0.58358662112182 -0.14393654193279
Ick 2.70413348356996 0.737317941259241 0.21651095109405
Chdh 2.09491416244365 0.475644321887804 0.0263149880203798
