Ppp1r17 7.87625212310966 0.795356899856027 0.840532096728695
Iltifb|Il22 7.72643935163919 0.773015561357947 0.661913577405701
Car8 7.41531911296852 0.574793178537666 0.595108918098737
Pcp2 7.1163332987092 0.810511972305518 0.619795086577017
Nrk 6.86936908901194 0.794229891196732 0.507340136591583
Lhx1 6.05596372474289 0.686886809799916 0.253836337805592
Stk17b 6.04992695622779 0.684500079070427 0.14002043260151
Pvalb 5.97200464914073 0.456004260823397 0.0937855807045578
Slc1a6 5.94468732027342 0.782715475422921 0.577492302170852
Ebf1 5.91787332266992 0.610047311910319 0.605967293148449
Smpx 5.89857687204559 0.882788897561761 0.748873516062898
B3gnt5 5.48898445242283 0.724848659764963 0.174761122046156
Itpka 5.36267543074631 0.32963286422499 0.0885733430881509
Krt25 5.31917987886939 0.838316158164087 0.596882216515137
Atp2a3 5.10156677347602 0.687800161983378 0.610659218087766
Tpm2 5.03629353964445 0.428535187286457 0.122705458968766
Trpc3 4.86916427985047 0.682417505907991 0.117258906045582
Prkcg 4.77486798774417 0.336648308542327 0.212142172936989
Spag5 4.76088929952676 0.678527434241212 -0.274116228663131
Grik1 4.72814668022166 0.488803222778699 -0.192539090986514
Homer3 4.68031848811947 0.768199271493699 0.556455437608007
Plxdc1 4.65346972801555 0.611294978348515 0.0639963159154627
Sycp1 4.62882543226481 0.90384543861006 0.776847478334956
Col18a1 4.51358590053385 0.650890071430037 0.302949205464703
Asph 4.51295959339177 0.647209588103257 -0.182783496119935
Rgs8 4.4619984438496 0.507432726298999 0.436883856296627
Casq2 4.44044266390902 0.818659685742613 0.572674797367359
Ryr1 4.38935584325658 0.566793569786679 0.0238332527232172
Gng13 4.30155102503904 0.606387720221127 0.757917645142294
Ptprr 4.29279610179479 0.763489459277622 0.747644700757169
Tuba8 4.27484090188104 0.672736287217911 0.616594136742836
Nptx1 4.24950637905272 0.365012554597597 -0.249260272241963
Washc2 4.20292879309964 0.666078104680462 0.579293418282231
Lhx5 4.127288147694 0.811473518629705 0.705344176232867
Calb1 4.12511048171821 0.257865187256089 0.124253314654716
Fam117a 4.07177123037564 0.642617393488826 0.545911562044001
Inpp5a 4.0690702747807 0.64725577211002 0.758561632675862
Igfbp3 4.05482787428986 0.622871910305076 -0.201906936484685
Slc5a1 3.95779147338032 0.863747687747083 0.80444159621647
Eps8l2 3.94067794527747 0.661231902634309 0.520791768466193
Doc2b 3.92187682460041 0.435773469457193 0.16725643500276
Lmo7 3.91426696179302 0.252461551277094 0.179983553679761
Tm6sf1 3.91209385698923 0.444491253698603 -0.00096610159333927
Car7 3.89015785753577 0.773747241750378 0.329264487783798
Hdc 3.82069455396972 0.695725764887576 0.122078017459063
Cacna2d2 3.81125086078707 0.0889663805434245 -0.292525759965254
Ebf2 3.77975532220872 0.748953107144571 0.572785902778192
Stac 3.77296770640651 0.750898517285259 0.0896671110028703
Icmt 3.72979604209828 0.814738125681141 0.747794035264661
Kctd12 3.69556213669464 0.40636232777046 -0.255946616443114
Ptpn2 3.65764289990023 0.740685353317596 0.570348617294859
Scd3 3.6575868777982 0.636536633732562 0.378914331405507
Kalrn 3.65580349145216 0.0179109840783489 -0.175743823646727
Rora 3.65537029926536 0.490917856178194 0.0111804320647473
Fam107b 3.64993358575402 0.498546050468329 0.664518425904062
Cox6b2 3.62357134971083 0.737071452826381 0.367158087451781
Grid2 3.61939115541926 0.650074399916728 0.37500721625071
Kcnip1 3.52372875435209 0.428643250593369 -0.0464814018271796
Kitl 3.49850166880898 0.466774345836853 -0.152521895687301
Pcsk6 3.4957895607961 0.537757759239552 -0.267034429732449
Ppp1r1b 3.39203344153937 0.329561801738242 0.206550813179004
Rasl11b 3.38412679053362 0.323331080199206 0.0361027872581108
Dgkg 3.38308150064871 0.487417044255724 -0.183742707270856
Fgf11 3.37829555757866 0.440340947074125 0.0537524244985682
Itpr1 3.37050294337891 0.285873814286974 0.363343720508863
Prkg1 3.25988635674324 0.601733336580161 -0.0767393865628657
Slc41a3 3.19814875164838 0.617784094247814 -0.000930220426977057
Phactr2 2.96883137507915 0.573374474568821 -0.134484367377911
Igfbp6 2.85007599207602 0.419792497385309 -0.0296933312466221
Atl2 2.80721996063085 0.363721213701972 -0.298904069417592
Rhod 2.73385766510833 0.707541650537844 0.342116670118005
Dlx4 2.385101247451 0.606473700174308 0.231664275383137
Fgf7 2.34818540771455 0.651708113319593 -0.090955851599036
Alpk2 2.3001797097334 0.533121002236353 -0.315270727467915
