Crym 6.07510417166304 0.363921669115657 -0.0363487591371345
Neurod6 5.53291256843306 0.644191303830503 0.496113074255204
Ccn3 5.44481178530974 0.608260495021718 -0.0186098526272448
Fezf2 4.73491564555881 0.734490685470431 -0.00708284501605351
Itpka 4.67746647520529 0.0252958887359745 -0.215557580988228
Kalrn 4.53882251738273 -0.0476141294433164 -0.146344728685089
Grp 4.11209289190066 0.496576091748868 -0.0682215673452335
Ptk2b 4.09321439171292 0.247004760435416 -0.14385360456371
Rspo2 4.03212628253587 0.423151617963952 -0.155698842502615
Arpp21 4.01415768084582 0.409675699142174 -0.156578334654225
Pde1a 3.88940593650459 0.487493911588501 -0.133302499382897
Icam5 3.86492490444222 0.486574077457012 -0.133409551586421
Ldb2 3.73299504135108 0.470054172835954 -0.214458285832291
Bcl11b 3.72102550673791 0.162793459799722 -0.109333058258047
C1ql3 3.62742928139207 0.384315334556723 -0.257417730810445
Nrgn 3.48247563563082 0.244838474851573 -0.138869878894609
Ngef 3.44797641736502 0.167541642280717 -0.184320112911237
Rasl10a 3.38913583958522 0.36839661035243 -0.195715176528798
Mal2 3.36872522497921 0.20997015218396 -0.118099757058166
Nfix 3.36663845918043 0.00381587249789025 -0.168244959860475
Cnih3 3.26146254477611 0.545284862277874 -0.135870150216504
