Calcb 8.18183483414118 0.896253047157538 -0.182711420076555
Sncg 7.22387346753474 0.457227406929799 -0.196091729563374
Spp1 6.95070229834571 0.721714920061567 -0.00388622192699189
Calca 6.93241965231362 0.690142974274989 -0.0886140502437149
Slc18a3 6.66878746712618 0.811736658483836 -0.0193324256279326
Hoxc8 6.56419288501347 0.944782814205918 0.907947845436414
Kcnj14 6.22024741567493 0.874425301644605 -0.0257497905448083
Hoxa9 6.20144474299965 0.960731875755172 0.928580650579042
Prph 6.14496942880552 0.875164541444309 -0.244025319760392
Chodl 6.08472448881102 0.776575747339806 0.0355258543472145
Uts2 5.75858508818455 0.886362639135977 0.443944442724381
Sh3bgr 5.66980014359132 0.771533432462718 0.180927823747265
Irx3 5.56788870262533 0.738150131480894 0.371862345540947
Hspb1 5.4883260053788 0.607588268220907 -0.0784279707074481
Cd24a 5.47242040275213 0.535977477200002 0.26926667162768
Lcp1 5.46549054888471 0.598833379336619 0.624079073587419
Lgals1 5.23086643926105 0.49463214379726 -0.100833056299509
Hoxb5 5.21154647190228 0.815455154848589 0.17382671216096
Hspb8 5.1758292900129 0.603577997062022 -0.234991393666264
Pmp22 5.1144166943189 0.429162218826764 -0.0328265409148674
Fgf1 4.91296872412004 0.423148431160212 0.248979153281097
Isl1 4.87640433232488 0.479707420857766 -0.186641970814882
Anxa2 4.86037533830657 0.774246513940588 0.151556620547039
Hebp2 4.76586498406471 0.517567597020809 0.115442592390387
Susd2 4.67048834798841 0.525623192192144 -0.0786174384700312
Tppp3 4.66692873219508 0.386976562139558 -0.121243206846059
Itgb5 4.63313807467742 0.477924037470102 0.0872405477795104
Popdc3 4.55766024289998 0.71154423474828 -0.0281869685447769
Rspo2 4.48659088071482 0.390520005274335 -0.155698842502615
Anxa4 4.4825762480498 0.770647845899923 0.108019378320821
Fxyd7 4.35803347787398 0.536812989137023 -0.0702659688422195
Gna14 4.26780670513961 0.849059337179042 0.80504861271383
Elf5 4.24439077683036 0.813187484716549 0.224317325998349
Nefh 4.21470739318163 0.42369482091282 0.526872151003508
Patj 4.1722318696272 0.535332684596688 0.211972591670888
Npr3 4.14881671589004 0.635793524925684 -0.0375500129053413
S100b 4.08798029926323 0.128528552846859 -0.238478960733847
Prss12 4.0718220144588 0.490761796240867 0.0131332762577961
Nefm 4.05679512770402 0.464511020413944 0.496903810002173
S100a10 4.02972707428564 0.208621208771044 -0.153052096720325
Wnk4 4.01129335286129 0.745943858948281 0.450247144883783
Cartpt 4.00603731512398 0.416188159545422 -0.0701336278280758
Cd55 3.94836073459596 0.662860926617588 0.134906024962818
Lrrc49 3.92179590840748 0.621402428099423 0.446030671529281
Htra1 3.90570625499124 0.0711099908025502 -0.39063552442743
Lamp5 3.87542746029429 0.0313614432682677 -0.122522418579017
Fstl1 3.84694460807418 0.468682737433324 0.478543642475573
Rasl10a 3.84648887720804 0.357666270776493 -0.119582428380305
Kazald1 3.81214683431016 0.518245752040213 -0.00216818162276423
Aard 3.77506358124365 0.500004227720208 0.417911775549839
Medag 3.75410602450953 0.348938649022012 -0.211782137437686
Mbp 3.75133359837961 -0.162943446003355 -0.289758553106761
Cryab 3.74234877244177 0.0342486337108254 0.1849519766208
Mycbp 3.73206421663276 0.555221347766538 0.566536925706567
Syt2 3.72705577359425 0.186381768178294 -0.0214431998395353
Cela1 3.71272266268795 0.603521897492673 0.117111647506507
Cda 3.70385030678759 0.607227726969561 0.025532649475789
Polr3g 3.65874272449497 0.662279040570247 0.651970993588845
Tpd52l1 3.64789492103151 0.305234776569189 0.50418699389703
Mal 3.56359135539459 -0.106005020915419 -0.114912948824434
Itm2a 3.50732335927674 0.53783870769395 0.289699028868459
Vamp1 3.42298377678621 0.422087305979275 0.124495163152278
Mcam 3.40534187257428 0.548232949387428 0.0498178572715615
Isoc1 3.39516934070377 0.433962506498547 0.318200676709683
Mmp9 3.15671592960064 0.801678497510741 0.427130734083418
Ldlrad4 2.86087572929411 0.183064324625942 -0.156367468247712
L3hypdh 2.68083928635316 0.55759101866503 0.0197013432102477
Tnfsf13b 2.61309146137575 0.736974526822349 0.0443280032731206
