Aqp4 8.65799706501783 0.737652041635022 0.883748625533659
Gja1 8.55779920483576 0.377922311019547 0.553656114820993
Mlc1 8.17519506321 0.723951502183063 0.825378370026054
Bcan 8.1437035617462 0.478829740021378 0.745927732045758
Fabp7 7.81105740854833 0.181217686477233 0.177649719014433
Dio2 7.78366272758368 0.724872901165827 0.787471722733219
Plpp3 7.54507710914604 0.512983451800452 0.811978819760046
Id4 7.46554090932225 0.483491055747597 0.510556664812665
Timp4 7.44365015594619 0.311427300439142 0.324236408148064
Slc6a1 7.37026893806328 0.406206032931196 0.799476991875667
Olig1 7.32415450769285 0.0880973960083063 0.773403160142552
Htra1 7.2837366940759 0.454558756050305 0.622722836961478
Tril 7.23972819877718 0.672523348196871 0.806142741710318
Gjb6 7.21449919986442 0.686331274172378 0.734317573133935
F3 7.19348670916149 0.707854720855392 0.722474428275171
Slc1a3 7.12843185639932 0.750982178820831 0.807293456785459
Slco1c1 7.1161596983512 0.864341823485386 0.87299018999373
Sox2 7.06205979106034 0.189817706236373 0.2568584868296
Atp1a2 7.05346810858236 0.742429178108464 0.869750555250992
Scara3 6.93628223974233 0.773335672593145 0.788206465049001
Ntsr2 6.86492735825043 0.659041137141038 0.728002606316933
Pla2g7 6.83631500965639 0.746966718204839 0.76681796750778
Acsbg1 6.5943637480356 0.813419349818235 0.848146629069874
Vcam1 6.5604986861711 0.65571488437502 0.735221645514732
Fgfr3 6.55668708592511 0.768399527095029 0.802723370783223
Cyp2j9 6.52270528315477 0.570064611782693 0.716019828295686
AI464131 6.4991410776832 0.823184393310085 0.873227347698636
Tnfrsf19 6.46210152994868 0.853323038204103 0.883201807792334
Gpm6b 6.44712348660141 0.211980003094769 0.327706582400241
Aldoc 6.44002015836034 0.330202905948599 0.519191494215067
Aldh1l1 6.38646250300613 0.809089717864355 0.846807638617003
Adhfe1 6.27268189789452 0.656922797384376 0.712598130426396
Tlcd1 6.24697504021626 0.726416290294729 0.744216793632352
Elovl2 6.20857506736496 0.865428965943041 0.86953099495067
Gpr37l1 6.20579444666911 0.414208925039171 0.733083747780239
Mertk 6.18667769539824 0.603801963377954 0.0261893883636564
Lrig1 6.18509133796487 0.768846256131603 0.851216531879184
Cyp4f15 6.17958523437767 0.904519408173777 0.894416693177694
Itih3 6.14468080990129 0.156907214033897 0.183021296056439
Ezr 6.11040631324775 0.834081337396931 0.880660169033498
Slc7a10 6.08192057740844 0.866593153028702 0.852061872672263
Slc15a2 6.04852590050952 0.83448157144459 0.921009629470217
Cxcl14 5.98321437042468 0.531769312781082 0.475267304627807
Fzd2 5.9488851728443 0.781075183115486 0.802411547201338
Ndrg2 5.91167160632113 0.46323244041385 0.508374393640426
Dtna 5.90751681723344 0.63769945584422 0.804227769190381
Aldh1a1 5.87826721653857 0.560721101876266 0.639670000542177
Cth 5.86293871259588 0.805669336738724 0.815719197888649
Kcnj10 5.80301065041806 0.120916040685297 0.460499408511415
Il33 5.76086589564889 0.267608868890056 0.108817894612257
Grin2c 5.73061337972526 0.891215160327574 0.88486227918915
Itih5 5.70221816427181 0.70707810034739 0.76119937279555
Cldn10 5.66383342930877 0.76297635907982 0.725881227177818
Car8 5.65584767425089 0.293399049828808 0.147790851630843
Id3 5.64695246664011 0.461058978192926 0.455648052233081
Smpdl3a 5.60899907312388 0.713943372059748 0.856539361347333
Pdgfrb 5.603126842588 0.817890925042684 0.800023446873359
Ppp1r3c 5.57181448086578 0.651030628218155 0.735751623222543
Cnn3 5.56738142828832 0.140531603310896 0.406596768592915
Fjx1 5.56478874645347 0.780867800649529 0.891612630568722
Cyp2d22 5.56088683903685 0.867578785551142 0.859198077982984
Gprc5b 5.54316272079208 0.458864543609355 0.726868800397743
Abhd3 5.53679103003031 0.504245598449614 0.815388513410911
Apoe 5.53493906352193 0.370681862593733 0.666574378143419
Mfge8 5.53219226298077 0.666848535606261 0.776185206189974
Scrg1 5.52509378934002 0.099118079769687 0.112704087755725
Wwtr1 5.51627048611559 0.741206605003512 0.756990704355561
Ttpa 5.51179430532081 0.767098686754325 0.772672191450678
Tlr3 5.49018360250275 0.671601297567589 0.858261417080183
Igfbp2 5.46230556915848 0.784270149703789 0.777569344984925
Pbxip1 5.45478503461502 0.707014868209694 0.720814282442406
Scd1 5.43884219194207 0.231929473490014 0.364739874341661
Rlbp1 5.43620134689649 0.271879793041885 0.151462428712924
Gldc 5.42346320652753 0.733715221449998 0.734191753881614
Hes5 5.41583162023833 0.374099169426251 0.269336182674246
Slc1a2 5.41111920887695 0.878385963709648 0.882941646542401
Cyp4f14 5.402095649254 0.852087690265 0.858832994772507
Fgf1 5.33845100128791 0.550885553840177 0.712779021816052
Ccn1 5.33697365661466 0.88883234290408 0.857742276936229
Eva1a 5.33686153979513 0.59746765628386 0.738276592709824
S1pr1 5.27194142131981 0.779597030545245 0.758346552535745
Cyp7b1 5.25467162092035 0.776158599969666 0.815562645959806
Emp2 5.24147678656339 0.837441891241705 0.831637440077007
Myo6 5.22681883635387 0.579301533646091 0.540453592895223
Slc14a1 5.20644361368156 0.827993912835199 0.81487755164395
Fermt2 5.1805913727513 0.225645228793027 0.811857104378506
Xist 5.17523587790338 0.245670894467971 0.0438292083858103
Ccdc80 5.17178435201427 0.865999603835741 0.855930485978329
Pdk4 5.15549717475897 0.583317958845096 0.59812531115307
Acss1 5.15306905381402 0.537459101110139 0.68089049441288
Prodh 5.14810302308324 0.863393078637853 0.848159221691957
Klf15 5.1274464815394 0.501486340244294 0.617622827277866
Lcat 5.11697923642802 0.823225039868175 0.858793961130153
Asrgl1 5.07033662645176 0.129991502429863 0.290279942573485
Slc1a4 5.05587894858557 0.854949700118872 0.875382351314395
Itgb5 5.01939401632503 0.422094834233341 0.73439783258758
Elovl5 5.0033544170709 0.433619938678002 0.56619220792534
Ptch1 5.00116999673401 0.532006518196567 0.759646177621088
Igfbp5 5.00015406530093 0.804011897793227 0.822619911904456
Itga6 4.99714842434471 0.655471501440317 -0.124700103526212
Prkd1 4.97912096578428 0.625630172265782 0.67864565889689
Glul 4.96307350390485 0.313681769987777 0.483954526692674
Hapln1 4.95757530998091 0.786853697842472 0.758635480881868
Phkg1 4.93141523070443 0.841126350731146 0.813405923972753
Zfp521 4.92668212555949 0.215023638553329 0.265793070549569
Eps8 4.9191770615072 0.376140741281996 0.32788556517269
Egfr 4.9082605954653 0.925822498132042 0.890930809648043
Timp3 4.89586218996478 0.847758847774941 0.858542409884712
Mt2 4.8916638933776 0.35006979367162 0.308782290398383
Abat 4.89027758260548 0.644215091241741 0.801334487512226
Abca1 4.86915209901784 0.566877304956718 0.134537026901349
Axl 4.85267469701514 0.83850814487851 0.80705582270249
Cd38 4.83701946692335 0.841015454564488 0.780415940143321
Fam181b 4.8287286969701 0.478435121608419 0.51287461459383
Gstm1 4.80717121242084 0.538510842266292 0.54981590680719
Slc38a3 4.78210229342947 0.868978733637601 0.862967923624543
Trps1 4.77681404506988 0.634848354079849 0.731823877429972
Tmem47 4.74382898067384 0.710833477536456 0.734182590864795
Prom1 4.74000719152413 0.296426603663954 0.280166162214014
Ntrk2 4.72155351476102 0.591625296961432 0.728940262777291
Prdx6 4.72019076738634 0.555099949573216 0.656825804103533
Mgst1 4.71005376599852 0.533479658086478 0.57022102100166
Psat1 4.69863069667797 0.00749976315123841 0.0998992642256209
Antxr1 4.69856275881247 0.619000474612802 0.819460475563837
Selenbp1|Selenbp2 4.68823532645758 0.563413044383585 0.746311436738478
Sept8 4.68238426844096 0.294462945426496 0.255090336416462
Klf4 4.68124440131707 0.35536380797326 0.471210838394412
Cbs 4.67587301554824 0.871590287656785 0.872145789365819
Acaa2 4.67187614053554 0.784670667257304 0.882409346550495
Notch2 4.65534787297892 0.521468116846627 -0.0431145382667697
Gpr37 4.65422999962155 0.0345007164774129 0.339781304561819
Papss2 4.64763543294784 0.749721572070176 0.734667449623514
Acsl6 4.63686598949819 0.770485411314977 0.83016356117573
Btbd17 4.63555437473082 0.840161773803481 0.848551679387617
Nat8f4 4.62048558646621 0.725526130422335 0.774272554907464
Crot 4.60507720581326 0.523162494895638 0.598351629663525
Amot 4.58359865729863 0.836836351958348 0.89152895092688
Gabrg1 4.57989410653502 0.708259361414192 0.756990714669715
Hsd11b1 4.57639470420052 0.88345995862725 0.876369198052101
Lhx2 4.57569266920649 0.580422582403357 0.610148485900611
Oaf 4.55880961774482 0.703995595161863 0.798644918569623
Idi1 4.55152678935831 0.0226720917984742 0.0110287271495652
Cryab 4.55136548101567 0.158428019899453 0.831301571948592
Fmo1 4.54184357787656 0.848831023610594 0.874279331891038
Slc13a3 4.53383265580446 0.606499833784094 0.790391924104044
Slc9a3r1 4.53201334423219 0.503484404822958 0.646284895513653
Rapgef3 4.53068859603844 0.275763932648181 0.335395972496605
Vcl 4.52487867386738 0.66976791919196 0.850607910471557
Gpld1 4.49858418370032 0.753036662972817 0.808736437227135
Sox6 4.47659033723112 0.245968702259505 0.117995607184475
Col4a5 4.4764566206886 0.958542994356397 0.935629275412286
Lmcd1 4.47405071613694 0.577341533871372 0.54919992736903
Pnp2|Pnp 4.46404919960367 0.371776900186847 0.717571443896628
Sparcl1 4.46025795778816 0.679565046225624 0.805923548495651
Pon2 4.45770317163858 0.334359417412597 0.559229481171783
S100b 4.45434599290463 -0.0520825969799801 0.122987472536489
Gdf10 4.44232292228989 0.843053046302382 0.811854073102063
Ephx2 4.43167363811557 0.767180257081775 0.775884783448145
Tmem51 4.42832040452979 0.709159457456563 0.65718091844381
Msmo1 4.41007763094227 0.44222075521276 0.410188295635445
Aldh6a1 4.40811671895686 0.456038169889964 0.76723316164955
Stk17b 4.39652560751988 0.525915794799738 -0.0309181338982068
Notch1 4.39448927635002 0.705591876951611 0.764167174464022
Slc4a4 4.39236667542703 0.77173419674535 0.744706824035632
Asph 4.38877170991702 0.441446828586478 0.205598381384253
Rftn2 4.37145466937814 0.52205566466897 0.580022633254166
Kcnk1 4.36531141889583 0.614846558371096 0.645084723565735
Nrarp 4.34201544242675 0.551874953973388 0.482849134485129
Ptprz1 4.3405960056519 0.771465847686244 0.843849733955324
Fam213a 4.31345860674886 0.447720563075562 0.686646829485767
Clic4 4.31142014128913 0.0145108729461769 0.515080522834173
Entpd2 4.29619044436755 0.856889655147363 0.863041573628636
Efemp1 4.27945391908106 0.505146296478442 0.399241132194746
Chst2 4.26648427490452 0.503705330474871 0.605021366189016
Ttyh1 4.2638048065816 0.519599640809912 0.681241771901208
Fads2 4.25887373132236 0.827165126677747 0.84631677585485
Gpx8 4.25473552948849 0.44987758974799 0.40611633808638
Clu 4.24122838864026 0.77732801454351 0.7798997051574
Gas1 4.24056163613428 0.52211621310559 0.433860113387943
Zfp36l2 4.23827743059791 0.324135745934603 -0.0397896095159471
Zfp36l1 4.23805313297443 0.166811760941174 0.240107344389942
Kcnn2 4.23140139344368 0.66685362646273 0.769053491579395
Efhd1 4.21986086978932 0.0420970322084847 0.38748675074385
Cdc42ep4 4.21126818029855 0.507206196327855 0.606640087447891
Wnt7a 4.19842707990223 0.675764767191666 0.632391831925148
Ndp 4.19501515498836 0.596173070911737 0.631767424613954
Tnfaip8 4.19478778684194 0.306108206886531 -0.0687511326400445
Adgrg1 4.19281517302198 0.592246326178661 0.381297856642244
Add3 4.18184066432734 0.612159800184865 0.705829514370196
Vim 4.18061580543054 0.391449460603187 0.0738604009165216
Cyp2j6 4.17705006119472 0.128580219376916 0.220474368610902
Adk 4.16187655300714 0.52336070879642 0.795635969396536
Sat1 4.15418337398063 0.333582452902877 0.00672742670191776
Fgfr1 4.14184582369895 0.777746317528971 0.769468471576848
Ptpn13 4.11146385077971 0.476824755724703 0.426598513895313
Car2 4.09990062655305 -0.0131301386242488 0.00128426818812924
Heph 4.09882436170671 0.882540183538179 0.864086925561756
Sparc 4.09831032107232 0.37862494278256 0.5712743831825
Pygb 4.07250644200864 0.884941056108747 0.869773255614445
Selenop 4.05837059393199 0.00411698938140179 -0.0216241545472818
Gng12 4.03012450770501 0.0495559060685324 -0.00783775289348381
Lpp 4.02998126256053 0.777268316802511 0.688617377779324
Myo10 4.02180736567755 0.666914528852297 0.648873162901774
Pmp22 4.01905100815821 0.139024442018135 0.102555722127942
Gstk1 4.01840787756944 0.280208790111147 0.616503516821624
Tgfb2 4.01269039175165 0.574663917755507 0.267751539274289
Tjp2 4.01178674311635 0.157527575979124 0.298894276727576
Tspan7 4.01027627297899 0.625703236075044 0.472418844652553
Sdc4 4.00823819506751 0.733351262093036 0.757489124014108
Appl2 4.00026714631011 0.735396196750748 0.87217436084173
Arx 3.99667216963833 0.538239527606438 0.485772261528614
Qk 3.9868106575842 -0.155543957413118 -0.0744423450645135
Cyp4v3 3.97148675936746 0.62291937150301 0.610980030295918
Cpq 3.9682645614801 0.680839124780882 0.803021083384037
Kcnk2 3.9667020901687 0.452673792502644 0.442676196248026
Nhsl1 3.95952154653176 0.721125832337674 0.724558055450522
Soat1 3.95720790281006 0.525051668187115 0.305472115319303
Pdlim4 3.93286254539243 0.409380334660137 -0.10726267715303
Acadl 3.92516487800911 0.553598419683403 0.816233672808133
Galnt4 3.91085147603008 0.506870699946982 -0.0888496445825484
Ptger4 3.90946964693521 0.587159051218761 -0.100268729796802
Gli2 3.9090256082243 0.780319083276055 0.739372936323296
Bcar3 3.9068104215309 0.806554318843666 0.807606325498022
Kctd5 3.90640505540975 0.367408522584116 0.539425238475373
Pdzph1 3.90607005107555 0.69182722828631 0.682676867270913
Plp1 3.90472974083357 0.144581237116584 0.623551638859329
Dmd 3.89780894872793 0.601846381399336 0.627342908935563
Fxyd1 3.88023459169729 0.705109423729515 0.660596061160108
Lgi4 3.87810013329102 0.887734867647635 0.841493115620949
Sox9 3.86687043925239 0.849971557549862 0.840866351991707
Itprid2 3.86387377159077 0.496284867263706 0.159678465284474
Aox1 3.86041540617899 0.840842822087416 0.714336076074347
Glud1 3.85464696957783 0.807603105260037 0.8515726554096
Tenm3 3.84673648107055 0.795060228708529 0.830172578276333
Dclk1 3.84653837636559 0.57961638864667 0.697295984322277
Fkbp10 3.83915517575493 0.893924859828966 0.899516779543883
Ctsc 3.83533398123161 0.284526823938123 0.529832847727897
Itpr2 3.83502891454126 0.285223323848794 0.125444356554589
Phka1 3.83393707206271 0.834307249003803 0.875128869026012
Fstl1 3.83201506285388 0.590352867592904 0.22812253657068
Hmgcs1 3.82565721351304 0.107559543289697 0.0172317321348694
Ddr1 3.82450873165213 -0.0260103545547952 0.320805049108445
Vegfa 3.80240275751903 0.811276574639264 0.723657903287972
Capn2 3.79953242602675 0.730556970749539 0.826448109663732
Anxa5 3.79938707693973 0.358952883374872 0.458884498906378
Slc41a1 3.7879951541569 0.866915953426288 0.847941245716804
Cyp51 3.78430540565822 0.305679562584938 0.297086766087935
Gpam 3.78182330155588 0.810598522909436 0.909088868199756
Igdcc4 3.77858902087356 0.700629946358081 0.743135159352219
Nfe2l2 3.77070326342428 0.309059177612689 0.453204696832214
Ppic 3.76807496886821 0.801815309810074 0.640887901708897
Meis2 3.76352728389623 0.293068510559559 0.173353870324914
Fgfr2 3.7603170076054 0.257314914670828 0.224298672133077
Rida 3.75744803346488 0.372333539209488 0.587330824450911
Txnip 3.75371886019894 0.423939655488643 0.53409481607691
Oplah 3.75079660326459 0.860644232343343 0.872260674258687
Mical1 3.75068627516948 0.365433607914517 0.0144764755355462
Celsr1 3.75044661007009 0.852197547116105 0.805720357964291
Pdlim5 3.74041557379176 0.574378498873581 0.689095577245787
Ghr 3.73767551620457 0.7372281394646 0.710450565913291
Pygm 3.73367651901645 0.847888496667483 0.801013408871371
Hbegf 3.72149876869207 0.814316216955146 0.837264041519079
Pnp 3.71959594517139 0.422199892243773 0.711749559477843
Dbt 3.71095348870301 0.381886839075319 0.629860870940533
Cd44 3.70941483193127 0.779949950445339 0.686352541837447
S100a1 3.6868855979788 0.0258699369645119 0.0427421537797832
Prelp 3.68658869010672 0.805411023375315 0.62483887499915
Cds2 3.67757645329642 -0.0253271864007226 0.218301308883854
Selenbp1|Selenbp2 3.67141560074881 0.727143128351258 0.798058883221447
Chpt1 3.66846243940174 0.260579006179231 0.30746466695641
Slc12a4 3.66752120388306 0.699892092246637 0.703455991387444
Cebpd 3.66650358914686 0.171439746599857 0.297627329102355
Gna13 3.65861509810549 0.462804904657486 0.365976995374097
Hnrnpa2b1 3.65836311745112 0.531298383991667 0.024113012278018
Nacc2 3.65768325969073 0.550893345049762 0.782619716966508
Itga7 3.65610074290853 0.866491149882036 0.858988932907295
Ctsz 3.65446529059892 0.0674640386615682 0.442344863229132
Sept4 3.64147287606745 0.154633832154696 0.765623684175878
Rab34 3.64085810770933 0.328529154048346 0.452132628637667
Ptn 3.63980602978998 0.080752162410308 0.11003966012837
Pdpn 3.6359522052978 0.478614580067518 0.404552205690492
Mmp14 3.63439787213301 0.695335877420129 0.649927060941807
Scg3 3.61855467699198 0.781496473509611 0.936198199568769
Sorcs2 3.61534209489784 0.701225049012006 0.704354575846394
Srebf1 3.61448595042282 0.820690567486078 0.838046924289854
Pax6 3.60950769888743 0.751643469654322 0.744023487542505
Ncan 3.60157768569062 0.656191228739068 0.786116369050538
Reep3 3.60007588376978 -0.0355907406188351 0.158575198262574
Agt 3.59546126641351 0.769415838815511 0.717866670104875
Hopx 3.58611267714656 0.471655017385715 0.342254065254987
Pnpla7 3.56537455943497 0.563784956197289 0.453948081481576
Fgfrl1 3.5616760129406 0.588596318306223 0.592152786115701
Carmil1 3.56123960154674 0.484011707915336 0.508799072343809
Inhbb 3.55241417001482 0.435896304579413 0.321554331602304
Aass 3.54771910043653 0.85624651715918 0.804450685738106
Fcgrt 3.53488009844361 0.534863080275121 -0.0875959106266034
Mt1 3.53433608563135 0.165051386399803 0.318169899417968
Slc16a1 3.52810075791415 0.239534057637107 0.258266413583417
Gpt2 3.5267490235444 0.144552809222036 0.153942685027975
Atp1b2 3.52556720822637 0.644009623327922 0.765441939397806
Dkk3 3.51192845098624 0.499625033032317 0.249856861660292
S100a16 3.49485398277281 -0.000179487303686791 0.145495965397372
Btg1 3.48923947730129 0.221746347184167 0.641171295101228
Metrn 3.48520206324321 0.400365338832868 0.304947926651721
Sox21 3.48333798503665 0.528399737856026 0.428564846108335
Hadh 3.47387831943165 0.00281343381561608 0.0904872712437231
Gfap 3.46785080278159 0.550786379126272 0.442427731893854
2810459M11Rik 3.46784991221645 0.438277750869934 0.318754240791455
Ppara 3.45228228742113 0.815543234064212 0.799276126241346
Tmbim1 3.45053740548035 -0.0433238702121809 -0.0109066754384885
Dennd4c 3.44882500939682 0.46953045713657 0.506901935824868
Agl 3.43427963252737 0.605663639006887 0.56053745396565
F2r 3.43012954242438 0.245941251767494 0.175897711917537
Rora 3.42937790799312 0.81564963291214 0.831242095904144
Cspg5 3.42682145210937 0.561811542701328 0.594014793965842
Kif1c 3.42633948901804 0.51425418015871 0.589613741459378
Lamb2 3.42196622796432 0.769373930188784 0.770601719116414
Pdgfc 3.40528657550911 0.245084623648219 0.299818840465675
Trib2 3.40299427831171 0.263653981164082 0.143931600546313
Ednrb 3.39418106154373 0.605243355608381 0.520434038689209
Mdk 3.39234199687364 0.403308472077764 0.285362125560138
Mfn1 3.37780542024466 0.380355949247904 0.55944954423088
Lrrc58 3.37014224353072 0.421104329838946 0.58929903991278
Tulp3 3.36748692987995 0.678513447730615 0.74370616086011
Rgs5 3.36222893355864 0.585302499108005 0.269874478961335
Zfyve21 3.36165556751812 0.195755886726468 0.356912998920361
Pttg1ip 3.35518667078179 0.19530595662756 0.0536159734314513
Rhbdf1 3.35188014128096 0.746796286986662 0.744347241411024
Lrp4 3.34584511655105 0.730282218010641 0.804610416030568
Trim37 3.34235813560817 0.303705561277579 0.289299151452222
1190005I06Rik|Gm27021 3.33499645997474 0.239520442465984 0.193042079486854
Plekhb1 3.33261026858592 0.0174010141936687 0.544142483318154
Smo 3.32768561319065 0.567112693696429 0.411357834583786
Sox5 3.32335457657827 0.431368514439013 0.164544919617412
Ddhd1 3.26783702765417 0.595470480498287 0.622453236946438
Serhl 3.25051847603975 0.632458010863469 0.748079539117632
Prrx1 3.23727557745173 0.374814520607083 0.20026669389718
Suclg2 3.21621820317277 0.48574618619459 0.154705569909139
Hsdl2 3.15500801341578 0.152474607495668 0.183606468730613
Tfcp2l1 3.11231783647299 0.849401708770456 0.773581158788675
Fgd6 3.10360735108749 0.790822659433373 0.737808856618808
Rdh5 3.09652221424924 0.768196055011623 0.735891528466972
Swap70 3.07814919335624 0.614453062949848 0.193880719358242
Tnc 3.03504221022461 0.772284639419245 0.541832714808163
Itsn1 3.02695317821174 0.570374914616284 0.542094003570001
Hmgcr 3.00742530264062 0.345517068850486 0.202499512603673
Tor3a 2.8991883415704 0.544607511036616 -0.189967036375195
Cavin3 2.81477487151144 0.249158652272056 0.0879496305312675
Arhgap18 2.8018649075652 0.606348915406181 -0.162287053575659
Rnft1 2.77206164557513 0.525143149970357 0.586831569403115
Fzd4 2.74809137114226 0.705942245834782 0.543831054952889
Tst 2.74749279930538 0.578784542224324 0.531840598795718
Mvd 2.73607386108232 0.209133065023581 0.131469451248897
Rorb 2.70471897342773 0.761735031215137 0.701854754454382
Lss 2.68464058523913 0.257827453700873 0.211887201732893
Vasn 2.6065168616158 0.398767929645526 0.391781504500839
Aldh1a7 2.60303473488132 0.567464760925717 0.450454008154847
Hivep1 2.58394711200651 0.506283695279028 0.308191078490655
A2m 2.57399308505266 0.81789152646235 0.634011997453123
Gdpd2 2.54504785223118 0.84585187191923 0.780966771998506
Plod2 2.52938228584994 0.427836654599521 0.337875427397444
Spag1 2.50680364227931 0.758844091804896 0.780089970390903
Pou3f4 2.40580766311948 0.786385466517008 0.706061374630666
Vav3 2.37013327421035 0.658694903763908 0.602724543499449
Gca 2.34851227092571 0.056298853156325 -0.0158839504372164
Lppos 2.29343067099489 0.625555784101867 0.580625765798297
P4ha2 2.1006448598456 0.480236547164663 -0.116983077066594
