C1qb 9.49185448348818 0.862466017289995 0.826260272738749
Laptm5 8.91118694144048 0.760149023299163 0.791436260745034
Ccl3 8.55512899764655 0.909747281221171 0.875010278610411
Ctss 8.32847807228959 0.752892902380063 0.78372939665311
S100a8 8.30308898827337 0.974238589384977 0.964700960353774
Gpr34 8.06165344371602 0.955724896706128 0.949005732697826
Itgb5 7.98787946397744 0.439254461451584 0.832456606116307
Fermt3 7.98281983272902 0.877457019938987 0.897143260497269
Ptprc 7.97472276438865 0.70328232084433 0.750205504110795
C1qc 7.93116465575494 0.884490171093388 0.855364296399817
Atf3 7.90609178674076 0.77091503160924 0.830918790269464
Fcgr3 7.75345724192161 0.925651883610207 0.920306466436604
Xist 7.73834293188691 0.243585726481171 0.0438292083858103
Ttr 7.70314505456613 0.40172132611462 0.316776354853328
Lcp1 7.63252965143497 0.770964505792305 0.822900146558026
Fcgr1 7.61376301452617 0.912881348621722 0.879459405437473
Lyz1 7.60332476340967 0.886226545482003 0.879523082964344
Lcn2 7.54966255548471 0.944160110461581 0.907947148580474
Nfkbiz 7.43230879262902 0.640101810752716 0.869118393769463
Rnase4 7.41197434546897 0.908477984560439 0.893119925283091
Cfh 7.41023219282914 0.956794447458465 0.954176002950539
Vsir 7.40451696910551 0.712418232114177 0.817507082236361
Hba-a1|Hba-a2 7.39726154339081 0.800314953310986 0.800086411562127
Ccr5 7.39358971873937 0.959406401255181 0.963788597617164
C1qa 7.39243858591564 0.868808383424854 0.851490235657899
S100a9 7.37713345244512 0.94366553292864 0.919242206984553
Anxa3 7.377018019819 0.917814698338696 0.91864696667275
P2ry12 7.36755119018026 0.88695202907692 0.862550960007451
Cd53 7.36693085608856 0.939740143403342 0.927687961573739
Klf2 7.3407591541915 0.80893531940604 0.769883444767211
Ly86 7.27592028639127 0.904320503441765 0.907463383937587
Tmem119 7.25287874168367 0.908155174029859 0.914694448697459
Klf4 7.24943424371832 0.389743238158479 0.630011299392605
Itgb2 7.19965470389533 0.941137833887071 0.940219873686282
Fcrls 7.19964714807055 0.906916396183144 0.901292070530544
Ctsh 7.19294094704709 0.924800203526791 0.921969990290907
Ptgs1 7.18361641203729 0.589359523568358 0.535546514080042
Socs3 7.17803283941267 0.635168493190882 0.807573837512272
Olfml3 7.17337104505304 0.945729367686311 0.945039820977488
Ptpn6 7.15798360351692 0.969563964492932 0.970284061036322
P2ry6 7.12770776391835 0.956803792960841 0.958522990465114
Il6ra 7.12265691480258 0.967123404548046 0.964239727552983
Ms4a6d 7.07928337987362 0.96816071765303 0.965364043877448
Cx3cr1 7.04944619857664 0.891921565397203 0.875260216921099
Cd68 7.0492179224871 0.910221115061581 0.911576814556398
Chil3 7.04096128776639 0.951941879352392 0.902191239298164
Hexb 7.04052988559819 0.635090580107695 0.7904495650039
Naip5 7.0387393468887 0.954833820381833 0.946797783752674
Il10ra 6.98649309277531 0.961974250567816 0.971137149146432
Evi2a 6.98595207750564 0.101074372905159 0.123793673495937
Irf8 6.9777031353915 0.940015008825841 0.932074870145629
Mpeg1 6.97767526543392 0.892929920229779 0.883325020049595
Bcl2a1b|Bcl2a1d|Bcl2a1a 6.96475059253959 0.923311668539423 0.9298968864865
Adcy7 6.96235316729124 0.864385168768763 0.790852702765901
Srgn 6.95800088519398 0.879969147087279 0.878047278847563
Plek 6.95717187810823 0.902814555672614 0.914322195521385
Tm6sf1 6.95390252423673 0.860703798510069 0.883262267559447
Fcgr2b 6.92913856712322 0.929460037003159 0.919854728455445
Icam1 6.89892460520542 0.908873073504924 0.889251240730328
Hpgd 6.8703456348794 0.861419924022678 0.902381875546933
Adgre1 6.81830569671891 0.91359195703044 0.909365664581818
Tyrobp 6.79712476470723 0.89649981477714 0.892467346121742
Mertk 6.78156394418516 0.223118927164959 0.0261893883636564
Cd86 6.77741122365215 0.956167093243982 0.941879740803828
Ccl9 6.71891916077746 0.945328324902016 0.928511238037821
Tgfbr2 6.71506762043708 0.89568187883154 0.907284716852166
Rgs1 6.6877781519119 0.928069972409361 0.913783032329059
Pld4 6.6490492843369 0.951736010638298 0.946661154057517
Ctsz 6.64745039744383 0.511188578199846 0.828921071951649
Cd83 6.625386693937 0.810489868860038 0.897147056600767
Cxcl2 6.60339679287197 0.925936653151698 0.887347150467016
Ctsc 6.59649001046075 0.459214989576277 0.742271812483732
Fcer1g 6.53399132501357 0.923453280548219 0.93400792629559
Vav1 6.53216000803474 0.968701897088181 0.964811037180624
Cyba 6.48570528076565 0.811106554579789 0.836822420217362
Havcr2 6.48264534218777 0.959468574185189 0.958200993309105
Hck 6.47769576773054 0.93335326283796 0.936269201701485
Aif1 6.46776104377666 0.935388653755614 0.956695010629396
Camp 6.45123235023454 0.94578986684243 0.889457853735249
Txnip 6.4360075053023 0.548965706210994 0.53409481607691
Ngp 6.37000327540098 0.904588681153852 0.931452773209783
Fli1 6.34661738998798 0.963982698501177 0.966218678836106
Cd14 6.34573689821317 0.898635081791624 0.895224222052279
Tgm2 6.34446433871376 0.6757045754006 0.714558247291975
Ier2 6.33817918484457 0.697918217730103 0.761337970588246
Naip2 6.32148251302954 0.966513990120063 0.963573587498965
Il1a 6.30004657066877 0.940796751652347 0.922074681523627
Zfhx3 6.27999654345443 0.864451451458402 0.864637187550775
Slc15a3 6.27974303816305 0.948854154503352 0.934368395362971
Pycard 6.26180523461837 0.882828832545985 0.909626848879343
F11r 6.21825791521491 0.927106383876667 0.954229919836641
Tlr2 6.21728112718764 0.957404992155004 0.961998500122113
H2-T23|H2-T-ps 6.21166900798001 0.790099638359497 0.822872207107064
Ggta1 6.19994200800167 0.758424039574615 0.742119145974757
Hba-a1|Hba-a2 6.19776169885694 0.697786168875828 0.649753889295238
Tgfbr1 6.18271815559169 0.828755685940047 0.895941007327488
Sla 6.1653162154679 0.861128566650501 0.84874469564644
Selplg 6.15478563927225 0.882055982923175 0.916390716868
Pros1 6.14662201282766 0.76830290951878 0.914612661125001
Lyz1|Lyz2 6.14219916792045 0.923036761413852 0.934831158619893
Ankrd44 6.11562009184435 0.654391843414427 0.774227736142258
Tlr7 6.09591629531406 0.948702643726561 0.963348143720327
Ccl12 6.08187450130286 0.961442017366953 0.959481196842038
Spata13 6.04853307340473 0.651022747810787 0.842031245266465
Lpxn 6.04368709927291 0.945949055846588 0.957661559189553
Zfp36 6.03770327618106 0.764679298873101 0.793942399564921
Ms4a6b 6.03042050817528 0.933549898306715 0.941766921707386
Csf1r 6.01253608331403 0.740962705892944 0.660291347313418
Ccl6 5.98344556175397 0.937128715903929 0.942888400314737
H2-Aa 5.97250352325781 0.905743526810221 0.887894303071023
Ccl4 5.96951656752205 0.886840123910865 0.923659975191136
Blnk 5.96061865290787 0.875719550719003 0.909266046154179
Gpr84 5.95462232231366 0.917702936941793 0.946098744373182
Arap3 5.95375602488545 0.941219506370073 0.927801257675394
Alox5ap 5.91691181885759 0.899337851462014 0.942622352175004
Fosb 5.90790399795124 0.600263038518358 0.716245626208222
Lcp2 5.89711190885467 0.940941111228057 0.939410573684932
Pik3cg 5.85764817900559 0.966123437661306 0.958723609135377
Sparc 5.85663720629585 0.379240787579741 0.5712743831825
H2-D1|H2-L 5.82491579679745 0.779863114637846 0.707796442936603
Ncf4 5.80189503338819 0.964694576017397 0.965990762596429
Crybb1 5.80122983361315 0.918199026555036 0.926794374466269
Zfp36l1 5.76357798704546 0.102962923318921 0.321053198039929
Rgs10 5.76082702892051 0.764161450502452 0.916790339649664
Ctla2b 5.75927237654008 0.938547493528672 0.91949336645328
Slc40a1 5.75733627863795 0.898741313508193 0.899347347920266
Fyb 5.75686489472619 0.938971646204672 0.942190799937016
Stab1 5.74590657635749 0.956176645558792 0.949999720804822
Pnp2|Pnp 5.74280883314514 0.241850086258579 0.717571443896628
C3ar1 5.73227031111186 0.901532893714618 0.939961198405554
Lair1 5.69306170604513 0.88717551412202 0.893564252231407
Slc16a6 5.69067826777903 0.913656222459678 0.888549594366103
Capn3 5.68940084110546 0.935170274810287 0.89454568426686
Kctd12 5.68372722431286 0.781577517423298 0.785278356355154
Ier3 5.65306820194214 0.887533850397627 0.892575784455379
Fgd2 5.65151143448552 0.929370853223052 0.924591888366743
Rhoh 5.64698828513961 0.940241855186742 0.933430035676278
Golm1 5.63301802796288 0.792860760978137 0.912150173780495
Ncf2 5.6249955569437 0.854406579814334 0.821566928619307
Dapp1 5.62070969387541 0.629704775187908 0.7316654390012
Slc11a1 5.61972820069591 0.915813059118427 0.955696090077804
Ets1 5.61092724309048 0.825619587790112 0.798932163578278
Tgfbi 5.60926395298351 0.733637681389678 0.774506568660179
Hk2 5.60332084545685 0.860715648383174 0.867097005396443
Tlr1 5.56686929711532 0.953319244397065 0.942972009087337
1700017B05Rik 5.54922325917774 0.840423232293243 0.887736329966601
Trf 5.54555315280126 0.0253418584987843 -0.09037688828102
Tnfrsf1b 5.54458103275356 0.929638527358619 0.942017544524281
Inpp5d 5.54152995722402 0.901464402758714 0.937003060366815
Cd48 5.53703652021645 0.952988047459619 0.949325902929155
Akna 5.53501154227344 0.811777985073955 0.910062558306999
Adap2 5.5029227380563 0.949359544705245 0.953510245248495
Map3k8 5.49818790756 0.947719009512921 0.944718327523361
Alas2 5.49605609077864 0.923972171095907 0.924253691584636
Slc7a7 5.48310886135238 0.935539003825835 0.928345414686273
Il13ra1 5.47600070837904 0.821003026989696 0.851013587645032
Rab20 5.4475194390307 0.844735869505875 0.823035733235841
Rcsd1 5.44180634265335 0.913890323039195 0.95805419385887
Rassf5 5.43866271885862 0.890489623708847 0.881171146240715
Mafb 5.43016475079427 0.926566177405899 0.947739125244313
Frmd4b 5.4249609086899 0.195644015540883 0.529871924735643
Hba-a1|Hba-a2 5.42476873335813 0.688061012285095 0.64631733596174
Elk3 5.42131484834693 0.77680091961724 0.777628378042196
Egr2 5.41918514547506 0.823705669612902 0.855232724756674
Clec4a2 5.38976272323832 0.948468338927625 0.939788422621545
H2-Q9|H2-Q7|H2-K1 5.35338351601059 0.894450858139427 0.839085208581476
Klf6 5.32387441460911 0.820950526620201 0.853418388374044
Adamts1 5.32177810680374 0.490863645642033 0.775484383005765
Stat6 5.32076560721607 0.923303960251038 0.944485314401768
Gusb 5.29911387285738 0.604231331422857 0.783390853831904
Ccrl2 5.29904965758382 0.91145700550404 0.89476894373723
Asph 5.25751086404614 0.234654045547088 0.205598381384253
Hbb-bs|Hbb-bt|Hbb-b1|Hbb-b2 5.25589784454759 0.787155198333025 0.702822936030939
H2-D1|H2-L 5.24686906108853 0.808926275490705 0.713519505520334
Ugt1a2|Ugt1a9|Ugt1a10|Ugt1a6a|Ugt1a5|Ugt1a6b|Ugt1a1|Ugt1a7c 5.23545959132581 0.714332844669356 0.856600531425976
Chil4|Chil3 5.22515144682562 0.922409952959969 0.8477671028818
H2-D1|H2-L 5.22330603805118 0.847227316948599 0.75846323307839
Sgk1 5.22010935284119 0.17881795879536 0.245624872193521
Cttnbp2nl 5.21850396705394 0.869889709940545 0.923721152602066
Clic1 5.21153854317174 0.798243701714831 0.837498015711099
Arhgap45 5.20756426728751 0.934495549073838 0.942532303463858
Tpp2 5.19845373863546 0.777836117358233 0.733933028598939
Cysltr1 5.18790359311582 0.944118272336381 0.947349616941011
H2-L|H2-D1 5.17930777808407 0.860866221743634 0.767797222031011
Hfe 5.16558117387961 0.893996723678479 0.898690086936897
Syngr2 5.16273679529302 0.44544221636904 0.678839470206685
Themis2 5.15684147526147 0.945798852785949 0.934216602334326
Nckap1l 5.15154555375955 0.846267190139738 0.918810624846416
Il16 5.1467660937795 0.93514024647972 0.935745852651164
Itga6 5.12836428423274 0.204340784582617 -0.124700103526212
Abca1 5.12482126603131 0.163929450605955 0.134537026901349
Edem1 5.09915182924041 0.754017407997646 0.767918324079887
Nrros 5.0862979146108 0.74807813645305 0.792080354658163
Anxa1 5.08328409101891 0.890107631374357 0.845597729896611
Lmo2 5.08311806300877 0.756841837488539 0.845582996673139
Tlr4 5.0817208942322 0.892952912348712 0.888197520393592
Nfe2l2 5.07306877156127 0.272162239591744 0.453204696832214
Tnfaip2 5.06709100527769 0.837604250117147 0.878006962288565
Lrrfip1 5.05971737514602 0.700155362924754 0.768638722666259
Btg1 5.05016883185664 0.301107770895393 0.815583691862119
Xlr4b|Xlr4c|Xlr4a 5.04666395966816 0.858177539825407 0.808364070210946
Cebpd 5.03594475668304 0.26245745111937 0.45065287968563
Sash3 5.02689654377484 0.860757281173033 0.942717558366005
Btg2 5.01700554368734 0.551971762369059 0.302019874538366
Pag1 5.01216121937509 0.38910525233493 0.830757448823823
Tsc22d3 5.0118226702841 0.57758766588991 0.687236910718014
Ppp1r15a 5.00830091277957 0.762860489377518 0.769972582969436
Cd37 5.00488219087034 0.889514102280595 0.918944626477695
Abhd15 5.00365675921941 0.894232189866517 0.877001403572972
Lyl1 4.99205584146612 0.947405224368509 0.931165231758314
Ltf 4.98689031348188 0.789756633368787 0.752621472053893
Notch2 4.97836378483932 0.160034032895404 -0.0431145382667697
Clcf1 4.97406487035103 0.950376854121204 0.936458027389983
Ppfia4 4.95309908663165 0.936986725810929 0.942269399721086
Pon3 4.95024777230311 0.932498120693477 0.92133875979289
Il10rb 4.94475161688602 0.803033064761076 0.866829486587767
Ifi30 4.93616823010243 0.898033076836189 0.9293265496313
Casp4 4.93095599897871 0.925418030323657 0.950523297744447
Trem2 4.92684291927664 0.919633100872046 0.913847186606425
Entpd1 4.88842047766788 0.895023070103974 0.92871377916462
Casp8 4.88324251064866 0.952224949329292 0.949552900161856
Serpine1 4.87879339243071 0.931289104634117 0.94193253867051
Cd300a 4.87725226971811 0.911931684394587 0.920405327340653
Arhgap17 4.8636718929424 0.746368935087967 0.814797078135117
Snx5 4.85939663437259 0.769914689148843 0.893605375600489
Rps6ka1 4.85886057865379 0.838891955368551 0.84682949472598
Cd300c2 4.84781505941654 0.908915656060048 0.949159386518365
Hvcn1 4.83822097474233 0.946654858170895 0.950130935086771
Cd34 4.83520277551383 0.832430556427909 0.844376505059526
Frrs1 4.83392761816948 0.730403412379353 0.863091113981946
Trim47 4.79921968265533 0.856107752778925 0.932213513898955
Hhex 4.79013728158206 0.924234578082202 0.917050515875645
Csf3r 4.7861162065761 0.858956095803301 0.954263921064999
Cmtm7 4.78111544740207 0.897766679021897 0.91599783592074
Rbm39 4.76886447399432 0.586310876142588 0.628134182694359
Tob2 4.76397940626666 0.462567162934009 0.746918701070787
Zfp36l2 4.75810990072409 0.0639541702767856 -0.0397896095159471
Nfkbia 4.75498466883331 0.619253257507417 0.740443446254942
Spint1 4.75220800761776 0.907921622847316 0.955031898188331
Cebpb 4.73971247633152 0.843569428407603 0.861926917952206
Pla2g4a 4.7378568986029 0.395670985271236 0.265679578354155
Syk 4.73468984922537 0.904355122426403 0.916583332912951
Trim30a 4.72865109507777 0.936750809895531 0.91299778038857
Gas5 4.72468109594312 0.487568267867079 0.579511280860838
Arpc1b 4.72316278024092 0.367792365949014 0.11048556736705
Fes 4.71811347522434 0.928525017901422 0.931599858038054
Pmp22 4.71745470030345 0.00171339398601971 0.102555722127942
Cyp4v3 4.70259144193051 0.2761212283615 0.610980030295918
Vamp8 4.68514633859373 0.639669445254859 0.723195666338738
Sipa1 4.66917841227518 0.91905968693702 0.938017741397689
Tnfaip8 4.66872066213902 0.0259300020198792 -0.0687511326400445
Lyn 4.66531955323428 0.860744881336301 0.909644388166988
Cxcl10 4.65054987048775 0.838257044282976 0.69856176833123
Siglecf 4.64896398452869 0.964587571534311 0.963113640262738
Rrad 4.64761015802822 0.911727592133945 0.86885441043746
Igsf6 4.64753316241034 0.956020398057082 0.950248480907027
Arrb2 4.6408810017488 0.881085747222175 0.861718971087627
Serpinf1 4.62666148796996 0.450221943353207 0.109418107851125
Cmtm6 4.62096056113434 0.680297788590851 0.820671636930779
Csf2rb2 4.60346459521148 0.934192279289084 0.938080298890248
Klk8 4.59251301610358 0.880672003714417 0.941719303780103
Irf5 4.59220060772739 0.88817653925599 0.932323121136596
Parvg 4.59042032113269 0.890184880490043 0.866286442675537
Ang 4.58739160569547 0.962130902343638 0.939615738763507
Stk17b 4.58279677926275 0.147312229006385 -0.0309181338982068
Npl 4.57246149160085 0.542501925638363 0.700004523370205
Trim12a 4.56838760808396 0.943906505802663 0.914433306321833
Plk3 4.56433113820669 0.424857981188891 0.31595241466277
Unc93b1 4.56301575322179 0.88483539388233 0.88849577103665
Afp 4.55691532390517 0.932995141119397 0.895399259189102
Pnp 4.55392219609433 0.214448971330508 0.711749559477843
Birc3 4.55050687258877 0.930435991761421 0.934960841548849
Otulinl 4.54335407316094 0.719048147553392 0.889873431745393
B2m 4.53666058809846 0.709388800919845 0.715184919529906
Lrmp 4.52912695143459 0.9627048736906 0.946660016016377
Pmepa1 4.51416842007733 0.694937166154306 0.829860174444513
Ier5 4.50877063878527 0.810654743470343 0.835210837595264
Samsn1 4.49962120325661 0.947856967990421 0.9390547711497
Spi1 4.49103299777576 0.929287156361914 0.914316561861161
Pald1 4.49052463843512 0.901188777755406 0.928793324255148
Bach1 4.49037882843899 0.550298893485551 0.827510780589736
Sat1 4.48563062048582 0.048139998946509 0.00672742670191776
Srsf7 4.4632135966448 0.661395652836914 0.66856877761714
Ifngr1 4.46247426618282 0.826614443691287 0.859010231008067
Rffl 4.45006058652479 -0.0943438865518128 -0.0514476373775014
Pnpla7 4.43891153023137 0.282358397350424 0.453948081481576
Tcn2 4.43777907178479 0.578398686148397 0.817371209963856
H2-Q7|H2-Q9 4.43672345958104 0.804421482521587 0.68879456734831
Il6 4.42110316983186 0.918908203599737 0.870859115857809
Grn 4.41814728901698 0.786562891900926 0.873399989198547
Sh2b2 4.41728904070386 0.863338637336001 0.83455325094322
Rnf19b 4.4172776331229 0.883373037938243 0.874523947618719
Runx1 4.41705339879425 0.943346532170471 0.892671432733252
Rgs19 4.40989087501818 0.706343099374291 0.625774703356778
Abcc3 4.39470330211909 0.917427706156885 0.962548140004341
Ivns1abp 4.37449631179297 0.582497670123543 0.690443015349699
Tcirg1 4.36131093530798 0.684117860042002 0.753210413303783
H2-K1 4.35841327383327 0.637404441373174 0.571151271462752
Pla2g15 4.34128422047751 0.819571631032873 0.911871410358419
Ceacam1|Ceacam2 4.33576944020881 0.90539371969133 0.871167305317215
Slc39a8 4.33479443690101 0.749624985484299 0.764901025984507
Mcl1 4.33328234799314 0.754234423559382 0.844813275571466
Msn 4.33178119319978 0.691196002941972 0.803008847870909
Cd52 4.33034762593433 0.922494329923117 0.901795616698258
Ccl2 4.3153683639514 0.922302820072182 0.916482200341481
Fam91a1 4.31285141428669 0.627267011837812 0.811755672813766
Plekho1 4.30666636036879 0.800024535362403 0.788235215860598
Tifa 4.29876679719533 0.647634908821018 0.842208727064751
Gpsm3 4.28856331038303 0.934808733728738 0.926403188215968
Serinc3 4.28393204755743 0.845140620954584 0.822849086632032
Ly96 4.28312230945915 0.862220061946293 0.871134444589861
Itpr2 4.2815154328461 -0.0289188268131356 0.125444356554589
Prkcd 4.2747891195808 0.575301941188232 0.688708725514112
Lgals9 4.26631960225697 0.929223716500321 0.937749808673227
Slc29a3 4.25855607240569 0.477529778235523 0.544499143390683
Ptgr1 4.2433855445635 0.605077027707767 0.775925727977305
Myh9 4.23533798688678 0.792331275753065 0.821736634259929
Ostf1 4.22956288880319 0.191136801782629 0.0640992146630397
Cxcl16 4.2287041176582 0.938592027237903 0.931328872390462
Vwa5a 4.21675556321073 0.504680649670355 0.682523105789763
Mfng 4.21505859732011 0.905920903890123 0.918704315594184
Lag3 4.20696786925669 0.888682414173139 0.928132940349833
Junb 4.20030129752523 0.644562048202743 0.710325676330519
Dusp1 4.19810093137811 0.341731083311499 0.349844153941768
Casp1 4.1944026908412 0.915424694554157 0.89125228677052
Plxdc2 4.19143921725495 0.751576230080715 0.681432637933602
Tec 4.19122858534449 0.89696433954638 0.92594610889005
Tmed5 4.18958568779935 0.272292008007905 0.284702529007432
Zfp110 4.18862222635351 0.339778042102734 0.649779795192234
Tmcc3 4.17889525741056 0.598811020191238 0.533104613879965
Lrrk1 4.17851992479818 0.90379512789499 0.855217105115679
Lgmn 4.17451031509962 0.748870357992198 0.75538821184546
Lilr4b|Lilrb4a 4.16762586832666 0.921166811634501 0.869890159977523
Zfx|Zfa-ps 4.16698842999857 0.777954042494162 0.792130918558022
Selenop 4.15952281916225 -0.324231285653417 -0.0216241545472818
B4galt1 4.15378679774227 0.818303343700868 0.909670505680859
0610040J01Rik 4.15329074767619 0.416630216047837 0.418756621518981
Tubb6 4.15296557529474 0.862335070446285 0.918326801092498
Hcls1 4.14660247308537 0.935025703430579 0.917943312080686
Tapbp 4.14088945605419 0.655755602117138 0.607679622986832
Tmem173 4.13967196352621 0.835867471017169 0.919875338673178
H2-M3 4.10852502800204 0.8605907926304 0.876651262021088
Plxdc1 4.10372987183528 0.68731887293067 0.772281464002912
Zwint 4.1000555848952 0.569104664315912 0.821100455995357
Hpgds 4.09719188718054 0.925243832715625 0.936023337329389
Litaf 4.0927518084951 0.101249670983618 0.446164633416549
Mlph 4.08817624014894 0.920849119441055 0.949093694765141
Glul 4.0880545313476 -0.202085160652871 0.483954526692674
Cks2 4.08060872397366 0.396506170249338 0.126543943405615
Ptpn18 4.08053458771395 0.882698517650225 0.907792967208714
Nupr1 4.07888192914933 0.323697353409521 0.302237592466249
Uba7 4.07257738205584 0.924596668203014 0.916194496978144
Hspa1b 4.07144909319759 0.360072561133769 0.452262978230158
Tmem140 4.06945903346181 0.935019956713897 0.949977968747904
Gem 4.06700688116484 0.279996781786914 -0.0428587386634424
Sult1a1 4.06512925040237 0.404222559958133 0.148317382320863
Dhrs3 4.05696230092367 0.395390409572456 0.359202952261275
Mrc1 4.05610054625568 0.874623689776441 0.842601591506957
Mef2a 4.05398578788311 0.819400832123441 0.846506686794126
Myd88 4.05354300228271 0.913748158633036 0.904297267564151
Atp7a 4.05271277512705 0.688193046982085 0.791527745787337
Mlxipl 4.04852241660609 0.775248733752905 0.810263329246178
Tlr3 4.04814493615996 0.136332032257792 0.833342645686074
Jun 4.04180325905876 0.404805879103817 0.407492586906477
Vrk2 4.03610031286586 0.79588681245093 0.852797321661004
Adrb2 4.02896774480232 0.949741168780049 0.924168264775136
Slamf9 4.02782429236916 0.811318187188955 0.882722435715996
Rel 4.02036591389841 0.872407987316935 0.864259189795859
Pdgfb 4.01228919206333 0.781702354020437 0.922312897415275
Pmaip1 4.00185975737716 0.939008866335722 0.923093063169517
Sesn1 3.99749824929464 0.576451103145261 0.727376456909311
Pdlim4 3.98598386393411 0.0280439213687513 -0.10726267715303
St3gal6 3.97639680747558 0.653611704688351 0.5604615924321
Crlf3 3.97173911615166 0.270608615635582 0.578365291512316
Sh3glb1 3.96945606658577 0.593880576082704 0.800871318416691
Gmip 3.96883671453563 0.874309022794911 0.881433772075409
Naalad2 3.9680937070864 0.879133948988276 0.902194365788092
Plcg2 3.96331710740734 0.896409542327437 0.872023597011429
Arhgap4 3.9616800522289 0.923430134855383 0.891523024809203
Dusp6 3.95747741854059 0.524971364623079 0.595104011435609
Ctc1 3.9522857414469 0.901973724886178 0.92251677696911
Cep152 3.9473580361889 0.851876355406334 0.817513234654921
Rin2 3.94705534106991 0.535121418400191 0.6446135270599
Trim30a|Trim30e-ps1|Trim30d 3.94599625961307 0.847447678816466 0.865158599382529
Lgals3 3.9305862475207 0.658868187720232 0.48078304706377
H2-DMa 3.9200403100112 0.803152819251639 0.921676713629328
Rcbtb2 3.91936013624972 0.515791564526501 0.593817060985219
Tcim 3.91583403985034 0.489723674317638 0.245549962192037
Coro1a 3.91538456573737 0.459573918654954 0.678631306779883
Il7r 3.91503881806678 0.860008990318551 0.876793797716183
H2-K1|H2-D1 3.91378327061915 0.625513313634977 0.538827231906372
Sqor 3.9085177900593 0.677936529706832 0.782891644335599
Cklf 3.90557042807857 0.552039839434221 0.748925563337602
Ptbp3 3.89365297724231 0.773319281090934 0.777432801346045
Fcrl1 3.88256384995071 0.941525019801623 0.961999672993262
Ugt1a7c|Ugt1a6a|Ugt1a2|Ugt1a6b|Ugt1a9|Ugt1a5|Ugt1a10|Ugt1a1 3.87858182209567 0.862890017672468 0.921277580658776
Adrb1 3.87292830960038 0.682403370140875 0.828249379484997
Gcnt1 3.87047336173825 0.938944270997244 0.909884814295436
Parp14 3.86549367994817 0.867654881600386 0.814696809414452
Mitf 3.85517918650281 0.426854555968186 0.595166133932564
Cd9 3.85202422352391 -0.285412877130365 -0.198812014371934
Lrba 3.84118287392505 0.770520325103238 0.878348383596823
Gna15 3.83402849398141 0.92024260636415 0.926980485874004
Parp12 3.83119028059816 0.295910794589846 0.423930618896923
Elf1 3.83008699315694 0.538097030012976 0.648389017927976
Arhgdib 3.81538626518033 0.74208116272877 0.893180549920268
Cd177 3.80992982597512 0.902517945815892 0.87247968728139
D17H6S56E-5 3.80750027942697 0.93462662536072 0.920975010000027
Slc25a37 3.80377086240122 0.792301653244382 0.755797149762966
Clec7a 3.80059827274285 0.815780408288871 0.907722526479131
Sfpq 3.80049611446115 0.553077686879336 0.693155137451029
Sgpl1 3.7965768704456 0.367894066550069 0.675218489090254
Tmem176b 3.79386443658474 -0.0526691726947394 0.187462411178388
Dock8 3.79141328616128 0.914384587713896 0.878916907507489
Arsg 3.7906437814438 0.0693046190271955 -0.13454317901363
Galnt4 3.78408585785192 0.076724730292972 -0.0888496445825484
Ceacam2|Ceacam1 3.78088459626777 0.855475112778366 0.854413328593084
Psmb9 3.78076467992675 0.873540492765396 0.797192482441821
Cd302 3.7753612910656 0.0681628714080392 0.234022298859599
Npnt 3.7717379774611 0.698240528874804 0.579417985853949
Mylip 3.76663865800075 0.704133040264617 0.845228428749095
Ehd4 3.76294611364157 0.793545235582412 0.916802978834706
Pnrc1 3.76142467302321 0.697131700199773 0.793798250740515
Pfkfb3 3.75860745556849 0.405275702617679 0.70823309886308
Gimap6 3.75477201528282 0.889374141822899 0.928555523117799
Tmem123 3.74868436443469 -0.165712594312502 -0.14520813890067
Rrbp1 3.74475833594515 0.50921101600701 0.613184915400422
Tbxas1 3.74304039157785 0.90868081794324 0.879936905457404
Rnasel 3.74226003373051 0.871442534379214 0.838451764078372
Myo1g 3.74182422826437 0.869836641286207 0.890055790808348
Tgif1 3.74077472205533 0.917738158913291 0.921047299081203
Ncf1 3.73957145402523 0.934988546286555 0.921842538921958
Cd2ap 3.73819456637385 0.576434359903349 0.693218984781947
Cd33 3.73661292618927 0.880004607444266 0.909834983191787
Vasp 3.73178858653262 0.831540403327994 0.879980192537098
Cerk 3.73077363271843 0.572040034135062 0.689539311219279
Arhgap9 3.72626827961908 0.903358245938338 0.89329254580179
Btk 3.71320594799573 0.88569868754386 0.923365474915834
Erap1 3.7069136636601 0.553590083469251 0.633822422530596
Hspa1a 3.70154850616571 0.60134851617719 0.583085555598923
Ifi35 3.7001378921971 0.88749104902062 0.879755331165718
Epb41l2 3.69897014175933 0.298823929753518 0.63651975349556
Rgs2 3.69667638701054 0.749952761061425 0.801068677978145
Samhd1 3.69579662940186 0.752828473846768 0.725833438877533
Ebf3 3.68921399906038 0.928012897631516 0.938620133831952
Gbp3 3.68731951625784 0.390451555135526 0.197688377819953
Herpud1 3.68065651173322 0.815409242678773 0.908403378113825
Pld1 3.67968516694726 0.664126698408537 0.794539732732298
Tor4a 3.67834338199764 0.798833231659369 0.853479901834411
Il4ra 3.67714071083171 0.942517445256026 0.929125545609617
Sppl2a 3.67135776782186 0.407416309140698 0.657250592555432
Dock2 3.65538531301467 0.893672378358255 0.907431727422415
Clec4b1|Clec4a2 3.65172938570018 0.945203021368208 0.927183710969544
Trim25 3.65121729767538 0.182536629065522 0.118536900086809
Rcan1 3.65102212909151 0.794491017606212 0.783724936844556
Qk 3.65002538559462 -0.496311095848649 -0.0744423450645135
Slc2a5 3.64971934296428 0.837879400267902 0.900748349210147
Nrip1 3.64008613257856 0.654387944534297 0.758324410522
Tax1bp3 3.63717345627877 0.0575433515359087 0.200794934084161
Rab3il1 3.63700554761383 0.893786388533206 0.911075752591865
Adam17 3.63664653353317 0.177505994331645 0.503749337160444
Cmtm3 3.63435641350451 0.139349826980048 0.359412207355567
Cables1 3.63366536006596 0.340286811683253 0.570082140732402
Cited2 3.63187980283606 0.788456446995216 0.784187388766246
Creg1 3.62938390357065 0.512322360463018 0.7879940393521
Fam111a 3.62909885763529 0.762929086683119 0.699300212943908
Aff1 3.62843134005365 0.345873074740874 0.707188852446044
Rp2 3.62803482662223 0.834049159226692 0.820370686261358
Cd79b 3.62415382465957 0.913722310463838 0.902792662395606
Gcnt2 3.62287813287486 0.622283538012074 0.662655704667559
Tspo 3.61240670847836 0.65573308397634 0.6906399287873
Osbpl11 3.61194674976228 0.738011859897932 0.895849076514079
Pbxip1 3.60403468247555 0.160131401933091 0.720814282442406
Rnaset2a|Rnaset2b 3.593306175725 0.613135994780235 0.74798179999113
Erbin 3.59217372193631 -0.266367427023242 0.146394581087882
Jmjd1c 3.58305643040171 0.735915920727608 0.759223250556792
Dnajb1 3.58188794867828 0.871366928389238 0.849492330129476
Cebpa 3.58101551579775 0.816108898695626 0.87501448082935
Capza1 3.57839574428134 0.131462689048979 0.63039013944681
Hps3 3.5764492557494 0.873654781805355 0.861998195581169
Ftl1|Mir692-2|Mir692-3 3.57398699858879 0.464001587505579 0.386635058772273
Maff 3.56367046059105 0.733393972522815 0.743797013341992
Scamp2 3.55096126172232 0.641109392861472 0.715696763220685
Tnf 3.54538218249544 0.855527402892565 0.865126284423679
Ugt1a7c|Ugt1a10|Ugt1a2|Ugt1a6b|Ugt1a9|Ugt1a1|Ugt1a5|Ugt1a6a 3.53794216396369 0.675722348724217 0.670144410937881
Snx20 3.531420719978 0.928334470180753 0.913457928713893
Fmnl3 3.53106923589533 0.884264440918382 0.881955950156956
Plxnb2 3.52797191651778 0.467074500055281 0.702591554700873
Hps4 3.51835075638552 0.766527262280274 0.757692064328705
Skap2 3.50183501108346 0.786224945263682 0.770129321353477
Prkab1 3.49905194642855 0.872231112080722 0.888346052975654
Ucp2 3.49424748374957 0.884136571185703 0.925736080431683
Zfx|Zfa-ps 3.49355844824728 0.827271237133561 0.820493938231458
Fcgrt 3.49212362599571 0.221755000442689 -0.0875959106266034
Fkbp7 3.48769424633078 0.59012157062112 0.743450199582044
Slc46a1 3.48544632183108 0.321369771338414 0.560205739892461
Ythdc1 3.48407674352619 0.644061970067957 0.752990282445899
Man2b1 3.47931474094243 0.742463011514026 0.677482272613863
Zfp62 3.47213285355322 0.456898030437558 0.588397958699848
Ifitm6 3.47092768388264 0.916593451218383 0.833601896405472
Mknk1 3.47089760077096 0.789909241212835 0.878938783995062
Daglb 3.4669436316564 0.808816568790962 0.840681093989538
Ebi3 3.46625815636934 0.850504146428981 0.907467896042759
Tmem63a 3.45977677831378 0.147017880321914 -0.0975183256489013
Gbp7 3.45938498280889 0.351386540694085 0.318783171697342
Mcm3 3.45701596884876 0.708724065037167 0.72368498800329
Twf2 3.44488143724246 0.749127322548783 0.75936211141329
Slc12a2 3.44063935268736 -0.0440222562111228 -0.182555214631647
Tgif2 3.43710838776188 0.913054876457603 0.883424583703785
AW112010 3.43307172267883 0.933745966029461 0.942335391059301
Rbm26 3.43297988924261 0.679336151708778 0.670076666145012
Gmfg 3.43228017373472 0.869426159972196 0.871157297350848
Grk2 3.42410866331225 0.827251942037968 0.838393589700878
Morc3 3.42264065321846 0.657342568542482 0.698066018747549
Calcrl 3.42154815243526 0.262036598144005 0.090445464157904
Smagp 3.42003265967309 0.906127182542043 0.902573560776099
Hacd4 3.41810377347127 0.706112165427863 0.650509092278048
H2-Oa 3.41749254716382 0.918981109767107 0.923424618898179
Myo7a 3.41631141022383 0.827254592547472 0.858635581411642
St6galnac4 3.41202901123406 0.606280994749169 0.738526142753611
Igtp 3.40971719895508 0.718745468032867 0.601433483571723
Fos 3.40914085429078 0.010616961202112 0.397663788507443
Slc37a2 3.40900802211706 0.842060520307459 0.870871332826267
Zfp869 3.39983402604591 0.71018346950288 0.824297067473198
Rhog 3.39741174749073 0.00977481061465686 -0.0956691681287438
Snord22 3.39611246324621 0.640950032398827 0.747652135155631
Ifih1 3.39494798458759 0.768363603437914 0.706495043247053
Resf1 3.39274012229992 0.71861637871461 0.772822309974476
Scpep1 3.39009600197707 0.594944543587643 0.642945571865236
Cdkn1a 3.38895932626309 0.73428750301862 0.628363727710872
Myl12a 3.38292305407635 0.035173106221562 0.100512808140225
Zfp90 3.37423023042002 0.866361533461892 0.811388026191468
Parp9 3.37310681021056 0.775949102983849 0.828615184502807
Slc15a4 3.3698710418098 0.628720804673039 0.688582923841821
Bcl6 3.36010121896145 -0.142497208564089 -0.067080235506832
Cflar 3.3559632760119 0.446030053306865 0.619827847499305
Rela 3.35108845828568 0.660282362225695 0.691315995201326
Slc7a8 3.34723656188362 0.753549736335241 0.848706160979113
Phyhd1 3.34489992753939 0.693345243527059 0.722017233311674
Tpst2 3.34137284931056 0.71868289794555 0.814376567990135
Acss1 3.33732618921406 -0.116977990196315 0.19101637815828
Sertad1 3.333997093241 0.843203227610502 0.785463684782563
Dok1 3.33087432154201 0.823896895988833 0.879845399696476
Wsb1 3.32376520980286 0.406000533591476 0.428163634759953
Rbl1 3.32114715993626 0.508361575221234 0.441093516327229
Hp 3.3054030511299 0.861661309491222 0.699645781847177
Ceacam1|Ceacam2 3.30449935670421 0.910510601816436 0.854546007478846
Mrc2 3.28356370400872 0.885886455247588 0.847362071830426
Abcd2 3.27952540854208 0.339486361790923 0.130641434383903
Ptbp1 3.27727003825215 0.518601654590497 0.514292176793496
Ptger3 3.27190916922146 0.87438126529291 0.872274297806937
Nfatc3 3.26662119921764 0.420880042218159 0.759241123274897
Il1b 3.26457236843202 0.910069926820809 0.90533160526654
Cytip 3.25335865238195 0.758956859341523 0.722608789559203
Myo1b 3.22215295544288 0.662475941795111 0.481310968486635
Nfkbie 3.21761770242317 0.764884966098947 0.709695613664964
Cd24a 3.21071624662033 0.503952386697277 0.531409484232615
Irf9 3.19977705743012 0.786365775808165 0.792342799295709
Pik3cd 3.19556164150452 0.817352796777554 0.913892485987831
BC028528 3.1877983453289 0.553304161995895 0.296661843788185
H2-Ab1 3.18722969512279 0.723004940423398 0.639214100328447
Rasa4 3.18333817712167 0.911221323105081 0.92508928405057
Mmp2 3.16874944198459 0.38856649940829 0.690780587454023
Tgfb1 3.13122108914411 0.907620103983295 0.866542598063237
Irgm2 3.08122565997854 0.755652140880249 0.634221126947278
Arhgap39 3.06554771779914 0.790923991224615 0.817786220724071
Batf3 3.0445370919943 0.911691734492892 0.913613947641655
Hspb1 3.01065258050988 0.583284481221257 0.373863749567194
Tlr6 3.00662204318425 0.782030613979841 0.814454308742572
Clec5a 2.99646650929326 0.863074043151407 0.897481828700813
Ifitm3 2.98369475816691 0.237749584823934 -0.118774610174719
Trim34a 2.97174781673262 0.772844376817738 0.683217445325645
2510039O18Rik 2.96373495775586 0.379343823978212 0.509716543266307
Slc35c2 2.96309908859742 0.7469262564428 0.848394831086327
Nfam1 2.96229794617502 0.905578422914103 0.911650576914863
Mthfsl|Mthfs 2.95969576712337 0.354998713727795 0.599037647272875
Usp24 2.93839814105277 0.372781276318794 0.622261158994516
Stk26 2.91676314808051 0.783257000715753 0.754377151795413
Tmem168 2.9135491747717 0.339796084902441 0.287647594978816
Pygl 2.90976739208879 0.382248134741307 0.274371462721545
Isg20 2.9054364156267 0.895470380898676 0.937469016190984
Parp10 2.86709192852852 0.845931985107762 0.775427265527832
Ube2j1 2.86582409258299 0.460042705425162 0.757645159043284
Was 2.8404085153358 0.832473761760829 0.89251465951331
Pf4 2.82492602518476 0.851807250580503 0.836430045685434
Rbm5 2.81035525933235 0.22048792510856 0.170286101582299
Tnfsf13b 2.78454591421037 0.847112322924992 0.862214537366003
Tmc6 2.76790525978783 0.797137865601443 0.760202015860069
Hlx 2.75229436736884 0.852200311674569 0.858833995504714
Myc 2.74276908118484 0.77588399539742 0.836613395073022
Emp3 2.7029364152436 0.861900583856509 0.847471314064173
Snap23 2.65889712496329 -0.168592034620293 -0.191035716606133
Zfpm1 2.62872194903158 0.217258573823023 0.183563764094728
Gatad2a 2.61955858165762 0.138646506088134 0.0736842138027521
Srpk3 2.61846980218593 0.57334585645592 0.304828228240171
Mpo 2.60659763774237 0.733016912646371 0.347076050602881
Zfp472 2.57728642517319 0.353973643923582 0.191274397324117
Map3k1 2.52652828803106 0.600105445607916 0.533624925019659
Sh3tc1 2.51682754046486 0.856635303212422 0.904217563500804
Eif3j2|Eif3j1 2.42788760470898 0.378139696776169 0.534588287703526
Il21r 2.40663319505538 0.932669480447787 0.940204302795195
Kansl1l 2.39828710813871 0.189488323789046 0.233592739398647
Gdi2 2.3792005251277 0.305732632792054 0.387924833003927
Bst2 2.34972431739102 0.848615250043369 0.835425022437038
Ehbp1l1 2.3241214783422 0.715944167634892 0.681730462044465
Gpr137b-ps|Gpr137b 2.30471643517625 0.229477900030808 0.185357464488346
Smpdl3b 2.01597949814068 0.503975482570375 0.54742976359056
