Olig1 9.26494641366974 0.404484179228599 0.773403160142552
Ugt8a 7.92448888167809 0.821365462869534 0.813757059041996
Mbp 7.78879555225954 0.763159675139405 0.819220409500646
Plp1 7.72547859763187 0.626019484280743 0.80682601002219
Cryab 7.72213642955776 0.589682851626405 0.852050407802229
Mal 7.63983895000614 0.866304515392977 0.906334705367195
Mobp 7.56052100414499 0.848064336663425 0.827661737136866
Mog 7.28114350339533 0.872670835872072 0.841286882707691
Ppp1r14a 7.24747341432047 0.908162474013559 0.899534399497332
Tspan2 7.06451340095279 0.891532099993782 0.884129792069984
Cldn11 6.80065246667231 0.88619078306811 0.863116435501833
Gpr37 6.7239096194476 0.364525296411311 0.339781304561819
Sept4 6.61435041415306 0.616976111443722 0.765623684175878
Fabp7 6.594729218671 0.145596398654158 0.177649719014433
Ndrg1 6.50233648298214 0.852015195710604 0.863781421541
Olig2 6.24756380724397 0.616063374349746 0.698661462896173
Gsn 6.22035898552113 0.593297648336028 0.666851360972835
S1pr5 6.21376532072893 0.897388085919912 0.855572027528277
Aspa 6.02163717536971 0.650213124039228 0.684325720516442
Sox2 5.77489171664235 0.168021194748698 0.2568584868296
Grb14 5.68940214420485 0.876699853567387 0.913269881913953
Efhd1 5.6188522193806 0.327460371722734 0.38748675074385
Evi2a 5.61371431388825 0.548260404993723 0.123793673495937
Gja1 5.60295639816757 0.163842501290508 0.535154532033543
Clic4 5.60197009730316 0.312983876445735 0.515080522834173
Pdlim2 5.59871209441349 0.779034284333139 0.744082876887141
Trim59 5.51888694225685 0.846429931835726 0.842680143237264
Ddc 5.43151569610304 0.858423786302715 0.83611791236758
Timp4 5.40320574422559 0.141026780369273 0.324236408148064
Trf 5.35806750646965 0.57097416910229 -0.09037688828102
Adssl1 5.32461427258572 0.770775840739075 0.675888964619331
Ptgds 5.17425430502034 0.598996147065887 0.395532135052719
Anln 5.15897649390056 0.778155567443558 0.748035277844541
Slc44a1 5.12765521144815 0.711794541772504 0.821768590422807
Bcan 4.96821447120659 0.262820289011135 0.745927732045758
Pou3f1 4.94848645095476 0.892402561169147 0.879197953420252
Kcnj10 4.9136711569184 0.225522127350939 0.460499408511415
Itih3 4.91146787229312 0.192131455567967 0.183021296056439
Slc6a1 4.87013564086333 0.253228740187555 0.746709324574847
Rffl 4.86255741517329 0.563393348695089 -0.0514476373775014
Slain1 4.86057648449945 0.827083602351082 0.875085005081454
Cds2 4.80261111525491 0.258359799976553 0.218301308883854
Ddr1 4.76815942379306 0.288861866978572 0.320805049108445
Lrrn1 4.6938611346539 0.712597874701769 0.752337310380631
S100b 4.66809145718419 0.193051634453496 0.122987472536489
Scrg1 4.66079847258294 0.193517057619988 0.112704087755725
Cnn3 4.64022480681503 0.193456156272518 0.406596768592915
Gpm6b 4.6002742557903 0.191281240170502 0.327706582400241
Rcan2 4.59869993861334 0.436061217808146 0.656986331231665
Fa2h 4.57396766474508 0.754948299369111 0.680836380725988
Plpp3 4.55243757986457 0.277307725377014 0.811711230018079
Nkx6-2 4.52540347500911 0.790495083063405 0.738807573215971
Sox10 4.49073359204766 0.832965885020197 0.848614347355164
Mag 4.46016950331756 0.730642157205163 0.542380204506206
Carhsp1 4.45702571789205 0.496897141562702 0.58529766356601
Aldoc 4.40912228867232 0.153745624088541 0.519191494215067
S100a1 4.34075551133692 0.189152276591138 0.0427421537797832
Elovl7 4.31212465853083 0.69975590781982 0.62536864721629
Il33 4.30598763456713 0.00613772388942583 0.108817894612257
Idi1 4.29886347770347 0.191227479824443 0.0110287271495652
Gltp 4.29302551778104 0.677234096872608 0.834556957417851
Nkx2-2 4.26501506856335 0.646995919612651 0.628247461664321
Plekhb1 4.26422049377249 0.322856877719517 0.544142483318154
Pla2g16 4.23420806730097 0.500502893865464 0.554792221022789
Psat1 4.22343686170519 0.168755599574959 0.0998992642256209
Cnp 4.20924501300622 0.418761034829458 0.828146761152894
Htra1 4.17191978006713 0.139498968970658 0.335879477447558
Chn2 4.1597367822741 0.727128598732059 0.826720668780968
S100a16 4.15760214915898 0.226145333757185 0.145495965397372
Apod 4.1548658798284 0.659622991787178 0.606323998370772
S100a6 4.12550016497749 0.329762231321593 0.285058738959458
Gamt 4.12249303211036 0.768757126663547 0.725521674359548
Lims2 4.10342675696419 0.82885475087931 0.761596299748272
Tmem98 4.09425041749804 0.681922825835704 0.679720679822789
Asrgl1 4.08988798069821 0.193095653158865 0.290279942573485
Josd2 4.06562700470241 0.826042167264531 0.767112186108606
Rnd2 4.06493198245047 0.276473362885578 0.372614975684622
Tmem163 4.05240109335132 0.643784146394633 0.33798525863343
Gal3st1 4.01623890849689 0.79815025919557 0.701517504210171
Lpar1 4.00456331722231 0.803132077899313 0.759443352394411
Pllp 3.99276816723258 0.843739198822421 0.807371146024998
Dbi 3.99092249987693 0.304372937780452 0.10522868252618
Sgk1 3.97696009935669 0.507127340708386 0.245624872193521
Arl2bp 3.97270064651258 0.483762190957527 0.446933139166062
Scd1 3.95113571759956 0.177240080634776 0.364739874341661
Fermt2 3.90200399820135 0.250069693310308 0.811857104378506
Tmeff2 3.88303714375059 0.479168502026763 0.154979516850742
Rhpn2 3.87263733459539 0.363752627923812 0.36648838955686
Car2 3.8489794459308 0.135023756205322 0.00128426818812924
Qk 3.84758640966888 0.0813978222713916 -0.0125143765704588
Gpr37l1 3.79548392061534 0.217107049751735 0.701854891457028
Plekhh1 3.79057128487827 0.757941713619837 0.585520007190142
Id4 3.7670085544999 0.0855058251418328 0.204148474287526
Rell1 3.75362307829877 0.55792460586452 0.617669792151888
Gatm 3.72621641909122 0.574602041315239 0.627408804196056
Gpt2 3.70135338621307 0.106910853761433 0.153942685027975
Adamts4 3.70082218239511 0.682764432165694 0.489257176963229
Sh3gl3 3.70008612141441 0.545643204698512 0.795585806152469
Nkain1 3.68320605881639 0.735258538990138 0.680127296346256
Brca1 3.66416170384825 0.444729865587332 0.413117197003879
Slc12a2 3.65581072143874 0.476615022203194 -0.182555214631647
Dusp26 3.62682947499919 0.473621149652294 0.18026892471521
Tmeff1 3.62469279740912 0.601510507884146 0.603647994531268
Gab1 3.59912963122068 0.304996567296775 0.415327320881204
Phyhipl 3.59136062471701 0.221693636441898 0.0984950124163307
Frmd4b 3.58721132993768 0.141918202403703 0.294516497110925
Pdgfra 3.57404776525042 0.319019073803443 0.118634010777737
Cd9 3.55173832981556 0.117979567990892 -0.198812014371934
Elovl1 3.52241962219858 0.414590663658515 0.269296156409433
Tnfaip6 3.50499139444794 0.563191518038319 0.443553559514261
Tmbim1 3.49445386656714 0.110247524780994 -0.0109066754384885
Ell2 3.48220569248471 0.654591065236906 0.740429974653008
Sgk2 3.44697308164049 0.690308857286111 0.460917123200645
Phldb1 3.44132573974411 0.754475509161371 0.696850026002027
Gng12 3.43410984399897 0.1354358507896 -0.00783775289348381
Gng11 3.43289731871358 0.787897628889028 0.7520711007568
Efs 3.41232616762897 0.211001809264164 0.0145779168707599
Mindy1 3.40736590483441 0.532049609961401 0.708827619029609
Bcat1 3.39745887867005 0.588003432445706 0.296463247243831
Gstm7 3.3834857447153 0.74136662021285 0.657956448867692
Hapln2 3.35144640217216 0.658818052060844 0.364501374587217
Abhd4 3.34952940206941 0.301021015016264 0.364859760672932
Ndrg2 3.3479990293161 0.133463488554319 0.417840505253196
Rhog 3.33516151223417 0.538316445318843 -0.0956691681287438
Fam102a 3.2607835870515 0.475093112236581 0.391742649174373
Csrp1 3.12302480186943 0.19604690627029 -0.0255311066201
Gjb1 3.10412999157812 0.66516913529745 0.396612098792934
Gad1 3.02764193561022 0.131246316471831 -0.111810580575692
Syt11 3.0181700927172 0.115435695059269 -0.0100839521736256
Iah1 2.96714139693719 0.437336733999783 0.0553055842048611
Kazn 2.94065150810812 0.862488527529838 0.836325711609445
Ifit2 2.91945023466405 0.36135867733156 -0.0563972202473914
Myo1d 2.88707455481177 0.68063462849618 0.416811403646006
Cpox 2.68686873492744 0.775036469341569 0.684540768399231
Sh3rf1 2.66065487035972 0.491240695647776 0.456502782178266
Mtmr2 2.59275370821631 0.530465221010161 0.565048233006987
Card19 2.50299666344862 0.495211388229463 0.0556317142881806
Mcam 2.50138344381429 0.575075264292077 0.261143932255115
Pex5l 2.30200043822158 0.668319555191897 0.464709190120462
Bmp4 2.29183964857246 0.592696606269652 0.321958933453701
E2f5 2.28006330536349 0.116503091644611 -0.054091764418527
Ptp4a1 2.21100303791104 0.243822394008941 -0.0881388465740204
3110009E18Rik 2.18464716244559 0.514275637020864 0.227101611653438
Uap1 2.17810704525067 0.261448155275985 -0.185950281352983
