106861
94180
216739
68738
76187
329828
107747
11761
11829
26362
72014
12411
67896
12444
12494
58187
12759
12830
29873
107869
56448
74519
64385
106648
13123
16007
13527
13649
54326
13731
12496
13850
232146
22350
14066
13998
14184
14221
14230
14261
57265
14560
14623
104174
14633
14813
15483
16008
16404
209378
140492
66277
16816
16870
30937
210126
17035
75541
17986
18217
102644
23972
18508
229534
69239
18682
27226
67916
19013
53412
116847
18760
19125
19283
225998
219151
20255
108052
57738
20512
76257
98396
53896
58807
57319
81840
81879
68385
29820
66873
50500
22329
22330
22339
22421
97064
