70839
69922
72560
16792
246177
17305
67246
319880
15170
68964
56504
13709
76088
30955
64099
54445
50934
14991
17110
17215
230787
68750
56708
14960
16819
70031
21812
67213
16155
53945
12489
17952
12978
11629
66824
69178
14998
19141
19650
21898
13051
15985
23871
216445
102545
24044
74039
13713
16154
67865
227929
27060
99543
20148
17476
171207
80877
19253
11576
239217
11727
17159
52855
74096
54613
107373
54486
217333
98365
56644
223433
20202
15212
16970
16331
15242
12335
21810
18805
107321
20201
231633
12506
14247
218203
16170
12796
16658
13593
12229
20345
233328
192193
140570
217303
16952
16912
54153
14282
21815
72691
83433
11555
69068
18018
18054
213002
17060
56485
268903
11513
22320
104759
18753
56857
17002
22379
231931
15900
68487
106952
74153
70497
21938
19267
107375
67712
12986
23890
15446
381319
68891
259277
26888
12606
11910
17095
21682
20111
76408
170706
26382
14676
104681
211550
24099
