30956
94180
216739
76187
11606
329828
107747
11761
11829
98660
11932
26362
72014
12411
67896
16007
12494
58187
12759
12830
107869
56448
74519
64385
106648
13123
13371
50781
13649
54326
13731
12496
13850
14066
56473
14164
14182
14184
14221
14230
14261
57265
14400
14405
14560
14600
14619
14623
104174
14633
14756
195733
14813
12950
15483
56741
16008
16404
209378
16525
140492
16779
16816
16870
210126
16206
66725
170790
75541
18217
23972
18596
69239
18682
27226
19013
19038
116847
19125
110078
19309
19737
225998
13609
219151
20255
108052
57738
20511
20512
55963
76257
98396
54403
53896
58807
57319
81840
81879
21808
21859
68385
142980
192216
214359
29820
66873
50500
57257
22329
22330
22339
97064
