Aqp4 8.67900032567488 0.726223905331612 0.883748625533659
Gja1 8.17993613650919 0.407104919294607 0.553656114820993
Htra1 8.02532990839047 0.455267030858304 0.622722836961478
Dio2 8.01630904165518 0.725061080160189 0.787471722733219
Atp1a2 7.9505772751171 0.696204336991301 0.869750555250992
Fabp7 7.90478800660952 0.21626209353242 0.177649719014433
Mlc1 7.87532109481758 0.73586574654761 0.825378370026054
Gpm6b 7.67148152489546 0.222118833974687 0.327706582400241
Gjb6 7.58939733105627 0.680150941156273 0.734317573133935
Bcan 7.52112380750887 0.50728324880858 0.745927732045758
Tril 7.50686040288371 0.662932172862196 0.806142741710318
Ntsr2 7.4612254169883 0.653311376047852 0.728002606316933
Olig1 7.42517686591248 0.107179815120177 0.773403160142552
Timp4 7.28207354044055 0.344701693025844 0.324236408148064
Sox2 7.20641250096887 0.21816259876215 0.2568584868296
Gpr37l1 7.17064771701887 0.393866108119782 0.733083747780239
Scara3 7.0112158903539 0.774785384761496 0.788206465049001
Tnfrsf19 6.98621160057233 0.848168372081697 0.883201807792334
F3 6.82204441941146 0.711620555797333 0.722474428275171
Slco1c1 6.68879237815425 0.85872219727179 0.87299018999373
AI464131 6.65570480881087 0.820657804037959 0.873227347698636
Fgfr3 6.63725177642549 0.750513235948959 0.802723370783223
Slc7a10 6.55203253354684 0.849442479119449 0.852061872672263
Plpp3 6.51698812183089 0.556316274225829 0.811978819760046
Acsbg1 6.51080503135998 0.818526341144003 0.848146629069874
Ttyh1 6.50795937924216 0.443790552954316 0.681241771901208
Ptprz1 6.50066941834088 0.805954216313812 0.861591437147945
Cyp4f15 6.4582247239677 0.908300845837217 0.894580383797602
Lhx2 6.41740871699411 0.615892922727264 0.610148485900611
Aldh1l1 6.40558105813207 0.80818135241203 0.846807638617003
Foxg1 6.34590840119437 0.247775576318458 0.10027705199262
Atp1b2 6.34534911844744 0.71290321688002 0.765441939397806
Adhfe1 6.31065729795947 0.655367452636721 0.712598130426396
Itih3 6.24952517646923 0.196092203348852 0.183021296056439
Cyp2j9 6.23821372910886 0.585626757518962 0.716019828295686
Nr2f1 6.18295274927936 0.353138005431765 0.391243459300347
Grin2c 6.17087444589983 0.895863326963445 0.886171924245292
Cxcl14 6.12756602369916 0.548569256783397 0.475267304627807
Cldn10 6.06289431454486 0.756587695286161 0.725881227177818
Elovl2 6.06246464339093 0.872552175716182 0.86953099495067
Fzd2 5.97538429252353 0.787203571755016 0.802411547201338
Slc1a2 5.97111975917591 0.876276315773835 0.882941646542401
Il33 5.84020975813694 0.310848679095486 0.108817894612257
Cth 5.79953181734123 0.810378108656348 0.815719197888649
Slc1a3 5.78967758349696 0.747122472278653 0.807293456785459
Scrg1 5.77538247363729 0.137930742916134 0.112704087755725
Rapgef3 5.68787680966328 0.287065009770864 0.335395972496605
Mertk 5.680572700105 0.62137462045197 0.0261893883636564
Cyp2d22 5.62587758424232 0.857382286420929 0.859198077982984
Pla2g7 5.61462123589336 0.791674036293426 0.76681796750778
Nfib 5.6075918624623 0.500110791434684 0.707978953257414
Fjx1 5.59165867075861 0.85136972937535 0.898282267523035
Cyp4f14 5.58987406022966 0.850460420432904 0.858832994772507
S100b 5.57388088984907 0.0373519218316533 0.122987472536489
Slc15a2 5.55995103050622 0.819675984621121 0.921009629470217
Pdgfrb 5.53866873845814 0.828633428433341 0.800023446873359
Lrig1 5.53267132505079 0.793653250097819 0.851216531879184
Timp3 5.52400458147587 0.850770210720217 0.858542409884712
Car2 5.51690973422345 0.0526491325600993 0.00128426818812924
Hes5 5.51341802611503 0.399898013073257 0.269336182674246
Ttpa 5.51183049664117 0.775443850045045 0.772672191450678
Gprc5b 5.45958222731961 0.461403062637801 0.726868800397743
Gldc 5.38944082385683 0.748082001885811 0.734191753881614
Mt2 5.37447289897424 0.336732108914483 0.308782290398383
Slc38a3 5.35649660436924 0.866821621958455 0.862967923624543
Wwtr1 5.3354484026282 0.742818076263463 0.756990704355561
S1pr1 5.32187718881922 0.7768640501229 0.758346552535745
Ntrk2 5.28921016114105 0.574013670866334 0.728940262777291
Mmd2 5.20401044850699 0.225468450732935 0.520948834756598
Kcnj10 5.16874436690597 0.162765195907464 0.460499408511415
Ccn1 5.16202578406771 0.883422402363171 0.857742276936229
Cbs 5.13696914487133 0.873869706777497 0.872145789365819
Nrarp 5.11808226605029 0.549068986596742 0.482849134485129
Ccdc80 5.11306968639207 0.844181777015345 0.855930485978329
Entpd2 5.10285556260961 0.890785358910577 0.90004342010442
Ncan 5.0875437941486 0.787497033068706 0.819591384210325
Wnt7a 5.07931872011163 0.687055152173462 0.632391831925148
Slc14a1 5.07220705648216 0.83231625607261 0.81487755164395
Efhd1 5.03791248917982 0.0768638670940569 0.38748675074385
Pdk4 5.02554371902116 0.597379532051073 0.59812531115307
Klf15 5.01072277332972 0.523555939238194 0.617622827277866
Sparcl1 4.99048202536881 0.683347937060393 0.805923548495651
Fmo1 4.98386790322643 0.893280333167558 0.883333123416696
Prkd1 4.97245951663132 0.640635163491092 0.67864565889689
Gdf10 4.953502079505 0.866878753463788 0.862502561247135
Tlcd1 4.95136831928807 0.755970815601586 0.744216793632352
Papss2 4.94461162473743 0.741868003273016 0.734667449623514
Hsd11b1 4.92893166764734 0.882297281371658 0.876369198052101
Hapln1 4.92226859508562 0.800175468282923 0.758635480881868
Spry2 4.91983046294553 0.223413374438794 0.0728172908187664
Igfbp2 4.91374094261029 0.793282131341467 0.777569344984925
Gabrb1 4.91243257513552 0.310852321253011 0.805873556671922
Rlbp1 4.90237023633409 0.305306942829664 0.151462428712924
Kcnk2 4.90181191343877 0.494211199630624 0.442676196248026
Axl 4.8953385910971 0.837847093820029 0.80705582270249
Emp2 4.88829946714578 0.84095196476091 0.831637440077007
Fam181b 4.88065276930551 0.502308333172822 0.51287461459383
Cyp7b1 4.87837915791739 0.784408658521334 0.815562645959806
Vcam1 4.86671889365562 0.648274451460963 0.735221645514732
Asrgl1 4.86636525618693 0.170619882503897 0.290279942573485
Itih5 4.86552943799172 0.691463565662489 0.76119937279555
Mfge8 4.86264993598345 0.652713715237437 0.776185206189974
Phkg1 4.85203545136071 0.852547739639563 0.813405923972753
Plekhb1 4.83945793621385 0.0725749565276573 0.544142483318154
Itga6 4.82478109522997 0.664790774056086 -0.124700103526212
Lcat 4.81411615933604 0.845511593330827 0.858793961130153
Id3 4.81410256285294 0.489348489226491 0.455648052233081
Tlr3 4.8106761743751 0.678763262775172 0.858261417080183
Gpm6a 4.80197419410789 0.474747464238734 0.517704007365495
Ndp 4.78862892705934 0.591113857551039 0.631767424613954
Aldh1a1 4.77228654451571 0.548580556162176 0.639670000542177
Egfr 4.76844398517336 0.923677940549221 0.892989777886063
Ppp1r3c 4.72888607822291 0.679669189099354 0.735751623222543
Igfbp5 4.71821897623124 0.818208566736202 0.822619911904456
Fgfr2 4.70394201539317 0.271461727588067 0.224298672133077
Myo6 4.70229355449148 0.594040041424693 0.540453592895223
Slc1a4 4.69476746811986 0.595466301172665 0.832216599707455
Antxr1 4.69248497951637 0.59906059370366 0.819460475563837
Eva1a 4.66207101528687 0.616244863718379 0.738276592709824
Fxyd1 4.65691100991366 0.710117311288314 0.660596061160108
Prom1 4.64178004330765 0.290046780501748 0.280166162214014
Gli2 4.63189394885713 0.79492884141301 0.758859490315648
Prodh 4.62481829423792 0.863726884807307 0.848159221691957
Dclk1 4.61062996686313 0.687451770765577 0.697295984322277
Fermt2 4.59983925227286 0.260437137433961 0.811857104378506
Nat8f4 4.59353694759246 0.732360864003466 0.774272554907464
Car8 4.58674473205516 0.324962245744547 0.147790851630843
Ccnd2 4.55503924941794 0.595270489471131 0.592747707777418
Acsl6 4.54540586446534 0.751211637648101 0.83016356117573
Ezr 4.49754032447085 0.76997168668712 0.880660169033498
Cd38 4.48398472852107 0.852019605812347 0.780415940143321
Col4a5 4.48352165965709 0.959796050407572 0.938717393801813
Kcnk1 4.47623053164016 0.633429949115337 0.645084723565735
Ptch1 4.47143345856885 0.621698780910935 0.759646177621088
S100a16 4.44381743332194 0.0532191110504559 0.145495965397372
Lmcd1 4.43560676075574 0.577926272547789 0.54919992736903
Xist 4.43500427228739 0.301164150557541 0.0438292083858103
Gabrg1 4.43262855528642 0.573446122510054 0.756990714669715
Fkbp10 4.42789938419628 0.878549903033097 0.899516779543883
Cryab 4.41621189467645 0.137733357749097 0.852050407802229
Nkain4 4.40711658164887 0.596005329946685 0.578598975017792
Slc4a4 4.40137407173833 0.858045916136773 0.873644462166918
Sox6 4.37618753270728 0.281972619790219 0.117995607184475
Btbd17 4.35863010526868 0.848838108318433 0.848551679387617
Sorcs2 4.34924794832206 0.825468814105132 0.869346361812591
Trps1 4.3091043293579 0.683502544260202 0.731823877429972
Sash1 4.28144400405469 0.583664444371764 0.787702825121012
Rftn2 4.26889986763572 0.519380348948154 0.580022633254166
Amot 4.24899270549591 0.833773057468299 0.892030538981987
Ednrb 4.23876020296653 0.627402950394357 0.520434038689209
Gpld1 4.23480711079265 0.771907314169001 0.808736437227135
Abca1 4.2174298453227 0.613561125017226 0.134537026901349
Oaf 4.20572219353224 0.69432993553256 0.798644918569623
Aox1 4.18657716833684 0.843121451860084 0.741569368145899
Cyp2j6 4.18520823588751 0.168115491395932 0.220474368610902
Cnn3 4.16802086428416 0.229129797318151 0.406596768592915
Arx 4.1565983981643 0.559732984800037 0.485772261528614
S100a1 4.15073275818188 0.0573147216682478 0.0427421537797832
Fads2 4.14759253931213 0.837305225019205 0.84631677585485
Efemp1 4.13712230582697 0.541292340835105 0.399241132194746
Smpdl3a 4.1308972143569 0.860359609896057 0.856539361347333
Pdzph1 4.1125455678008 0.699054188054101 0.682676867270913
Heph 4.11032975317142 0.884800407626113 0.864086925561756
Pbxip1 4.0919017851971 0.723681122205189 0.720814282442406
Slc41a1 4.08859768958421 0.865414214995191 0.847941245716804
Pygb 4.07139657268434 0.611531910574634 0.810159911777533
Tmem47 4.05420661590424 0.686907877993465 0.734182590864795
Sox21 4.04407990890627 0.54182744434004 0.428564846108335
Pygm 4.03053966141796 0.851488652481315 0.81667224647317
Tspan7 4.02710631424564 0.648468327009702 0.53160939509901
Dkk3 4.01410014825731 0.341722087445994 0.732050040997122
Gpx8 3.98713827561424 0.464491604215408 0.40611633808638
Sdc4 3.98567643397014 0.725672733848053 0.757489124014108
Lpp 3.98430673454572 0.791469003124684 0.688617377779324
Phlpp1 3.97876666085365 0.269917554618874 0.326652600917714
Ephx2 3.97479494519162 0.783427188285401 0.775884783448145
Serpinh1 3.97095424954873 0.672424086907419 0.609044213058367
Kcnn2 3.97039468017301 0.760040775961677 0.798804047092218
Igdcc4 3.95153644264687 0.640026826416495 0.743135159352219
Metrn 3.94586794533746 0.408821982137738 0.304947926651721
Clu 3.92921274057779 0.654387857781822 0.7798997051574
Slc6a1 3.92045729254738 0.572991331236221 0.799476991875667
2810459M11Rik 3.91029705039163 0.479981791383194 0.318754240791455
Sox5 3.86843516267477 0.624507930200573 0.594323950801034
Pdpn 3.83670331422051 0.513659090966337 0.404552205690492
Prdx6 3.82648642195914 0.632839506837764 0.656825804103533
Tgfb2 3.81618783386807 0.750869864328973 0.759769377982896
Vegfa 3.80983074157904 0.809029796963143 0.771806994146434
Csgalnact1 3.80626226096417 0.610970566782179 0.58966471870632
Ghr 3.79166622471177 0.236762857285044 0.181252854032117
Scg3 3.7766348265424 0.693742366669255 0.936198199568769
Ndrg2 3.77564005033312 0.52341574982502 0.508374393640426
Psat1 3.76698973480292 0.0444155305478192 0.0998992642256209
Eps8 3.7660199544152 0.425529641378184 0.32788556517269
Lgi4 3.76296561787275 0.863534345990753 0.841493115620949
Fstl1 3.76134154678283 0.654043059588385 0.659751700051042
Acss1 3.75634288043294 0.533059677386312 0.68089049441288
Celsr1 3.74929854934291 0.858896864721783 0.816817171397829
Dag1 3.74622426803482 0.768639313018234 0.731620269442177
Ddit4l 3.73112595048014 0.487301989762584 0.335094267788676
Add3 3.73072585704035 0.653126168458774 0.705829514370196
Fam13c 3.72521847089829 0.277747656246227 0.401050204765811
Notch2 3.72193635205776 0.514744546306738 -0.0431145382667697
Gas1 3.72192802018535 0.544885596744327 0.433860113387943
Bhlhe40 3.71845474581904 0.652214371349199 0.705252841347228
Notch1 3.71772636699722 0.677009240204045 0.764167174464022
Arap2 3.7098538358161 0.188924535648023 0.282415503192476
Pdgfc 3.70474364133765 0.246413042438227 0.299818840465675
Cspg5 3.70288544132756 0.591732530406897 0.594014793965842
Pax6 3.70181514834889 0.763259799671384 0.744023487542505
Ppara 3.70145940995532 0.819790243293576 0.799276126241346
Id4 3.69853235482235 0.512821772995507 0.510556664812665
Abhd3 3.68580622036239 0.683021354249044 0.815388513410911
Yap1 3.68562465389737 0.721851231943029 0.744639399541784
Gpr37 3.68546038543937 0.0267439112683154 0.339781304561819
Mfrp|C1qtnf5 3.66964721450399 0.758688234752194 0.760653565725895
Sox9 3.66692716204634 0.859719539711195 0.840866351991707
Fmn2 3.65758941689168 0.542984811481352 0.666450651130706
Bcar3 3.6355142035167 0.823439365891952 0.807606325498022
Aldh6a1 3.62920259925926 0.574314833432219 0.76723316164955
Cyp4v3 3.62549660282746 0.632843339057991 0.610980030295918
Gstm1 3.62216509131378 0.562265593296624 0.54981590680719
Fgfr1 3.61642888895595 0.202044342380229 0.140247223278987
Klf4 3.61641585062048 0.285492227029544 0.471210838394412
Plp1 3.61514213032234 0.0885508554715952 0.594340587545298
Cd44 3.6130940881149 0.79196717705113 0.686352541837447
Gpam 3.60941600994512 0.716223752768569 0.909088868199756
Hip1 3.60473713270317 0.182206707516917 0.329892699173432
Sept8 3.59622338692536 0.361364880776997 0.255090336416462
Oplah 3.59230105731417 0.835658531784879 0.858733812414523
Ptn 3.58630873720317 0.113966736014433 0.11003966012837
Ppic 3.58578859186084 0.809350306040993 0.640887901708897
Agt 3.58361737726036 0.782442828530319 0.75749539904686
Scd1 3.57205014489848 0.318505389391876 0.364739874341661
Farp1 3.57138074200269 0.738241253828363 0.687779800403579
Zfpm2 3.56895433758356 0.324204902332945 0.224136032638906
Itgb5 3.5614786033095 0.452599288584994 0.73439783258758
Aass 3.55639390145813 0.863765047789852 0.804450685738106
Prelp 3.54430970856933 0.817951497727333 0.62483887499915
Stk17b 3.52765339202644 0.548537338958356 -0.0309181338982068
Adcy2 3.51543943572949 0.463697504535004 0.763262550531987
Mgst1 3.51139357389458 0.529016609833795 0.57022102100166
Hopx 3.50899032587565 0.508034269545274 0.342254065254987
Tmem51 3.50614433847215 0.649794545868754 0.65718091844381
Gng12 3.48279281789634 0.0959549461512331 -0.00783775289348381
Acot1 3.4758854459832 0.0653707854708209 -0.0615653343210839
Chst2 3.46665664845632 0.566045449250411 0.605021366189016
Phka1 3.46197043177295 0.792243214836895 0.850292884189662
Mmp14 3.4551728911626 0.682531127674428 0.649927060941807
Lxn 3.45502527036769 0.660361038862074 0.582155041406133
Dtna 3.45359081580802 0.71407091931258 0.804227769190381
Txnip 3.45188221378414 0.442251112552803 0.53409481607691
Acaa2 3.44401120470757 0.864220943705679 0.882409346550495
Kctd5 3.42843610253596 0.388656462121297 0.539425238475373
Tenm3 3.42611863200218 0.722410569727403 0.834699682241518
Vcl 3.42369121816485 0.829077759585925 0.850607910471557
Adgrg1 3.40852811224261 0.685911287410321 0.381297856642244
Gfap 3.3966369344815 0.582037211054864 0.442427731893854
Trib2 3.39277248308018 0.319897522548337 0.143931600546313
Asph 3.38262238170443 0.491056040309416 0.205598381384253
Plagl1 3.37985272586764 0.461091751657256 0.545455899449024
Hnrnpa2b1 3.37761685167435 0.559875002748594 0.024113012278018
Ngef 3.35782636767595 0.516634085121248 0.482825392099583
St6galnac5 3.34472116815783 0.79681440397592 0.775633285613345
Rorb 3.34156683004018 0.7914681533251 0.770554160231219
Astn1 3.330633674615 0.446363099669844 0.710311776570589
C4b|C4a 3.33028202739964 0.766708123035674 0.555585765469879
Prrx1 3.31380790083644 0.415508771274975 0.20026669389718
Tnc 3.27486471992054 0.824304347492184 0.726447757206509
Crym 3.27227177199181 0.320451870429667 0.11895293148542
Gpsm2 3.27207932755856 0.0548140364672328 -0.0254088234484038
Fgd6 3.2664734625035 0.822365871139158 0.7705441186567
Itga7 3.26575356258412 0.828415206398029 0.833245043819241
Tfcp2l1 3.23683592949618 0.878323702240395 0.857023570596235
Rgs5 3.18003359015935 0.582235453849091 0.465830371319015
Fbln1 3.09037975935197 0.890963156254812 0.896853328529515
Swap70 3.08042801151549 0.632185581865345 0.193880719358242
Lamb2 3.02411823829906 0.827066609150686 0.770601719116414
Vim 2.95635736291029 0.42021005670212 0.0738604009165216
Pcdh20 2.94739754335008 0.236684811955885 0.0732759845404236
Fzd4 2.83644141170983 0.719181305139359 0.543831054952889
Adora2b 2.78803379501361 0.758660602489837 0.695308296789542
Gjb2 2.7420386212336 0.827953019212646 0.810559169454128
Pitpnc1 2.72465137694461 0.625355533249397 0.496873880487232
Tst 2.71532544485088 0.602181044552098 0.531840598795718
Serhl 2.70056667865716 0.62144853644753 0.748079539117632
A2m 2.64192634559686 0.828631074327603 0.634011997453123
Kcnd2 2.58701672175245 0.186456424287834 0.0287489515409205
Gdpd2 2.5782888159479 0.485098340864754 0.252830336858737
Pou3f4 2.55491368939355 0.800356070706337 0.765461732123379
Suclg2 2.53165209325072 0.509992749982246 0.154705569909139
Gabra2 2.49715875622553 0.605021743360845 0.467800421416562
Arhgap18 2.48511037080553 0.618496617019672 -0.162287053575659
Aldh1a7 2.34931598529704 0.547091593205972 0.450454008154847
Fam84a 2.34554944057568 0.297736167386639 0.130479956334139
