C1qb 9.45098054815363 0.869939099985516 0.826260272738749
Ccl3 8.89790555369864 0.921415129102466 0.875010278610411
C1qc 8.44578254482749 0.894961424504737 0.855364296399817
S100a8 8.31624202337482 0.974355326069877 0.964700960353774
Gpr34 8.24611452467679 0.959858801582595 0.949005732697826
Ptprc 8.13193504748669 0.941356122398304 0.92770960708297
Ctss 8.12901799570921 0.75912042175688 0.78372939665311
Atf3 8.00451255660193 0.775350826556985 0.830918790269464
Fcgr1 7.90479952618872 0.91454723800352 0.879459405437473
Rnase4 7.78516886769009 0.911372969446129 0.893119925283091
Fcrls 7.77209254546152 0.932855307945381 0.901292070530544
Ly86 7.76929866885311 0.910830518435122 0.907463383937587
Fcgr3 7.72733342931138 0.927799947772805 0.920306466436604
C1qa 7.66377578340511 0.87821962087489 0.851490235657899
Fermt3 7.59604404653162 0.898158777747385 0.897143260497269
Lcn2 7.52311571655195 0.944435692817114 0.907947148580474
Lyz1 7.49537148591595 0.895178405476795 0.879523082964344
S100a9 7.49045180084868 0.956216857288872 0.94795300958219
Lcp1 7.48464682937534 0.782622068187104 0.822900146558026
Cd53 7.44002833028781 0.938607582671902 0.927687961573739
Tmem119 7.43220773775072 0.910884196536396 0.914694448697459
Ccr5 7.37282516673252 0.959606794578102 0.963788597617164
P2ry12 7.37135105042596 0.877290303170537 0.862550960007451
Cd68 7.3576739625652 0.937545805527192 0.911576814556398
P2ry6 7.33981528830819 0.957652113966673 0.958522990465114
Itgb2 7.3395317929789 0.954420724572683 0.940219873686282
Klf2 7.31623282498583 0.806211962574477 0.769883444767211
Icam1 7.28854039913127 0.912695512993319 0.889251240730328
Olfml3 7.28455565446369 0.955226404733146 0.955976788575879
Anxa3 7.28218542723921 0.917847336458915 0.91864696667275
Cfh 7.26874885699619 0.95717828450502 0.954176002950539
Tyrobp 7.19950219693811 0.920803419329553 0.892467346121742
Ptpn6 7.1994553601961 0.962307787440126 0.967234596990948
Mpeg1 7.1925227397816 0.896976432875382 0.883325020049595
Laptm5 7.17249104745425 0.797048035815329 0.791436260745034
Chil3 7.16757489465436 0.957162513104673 0.938990608482442
Il10ra 7.15973652466581 0.96815624598177 0.962893574048621
Irf8 7.14372190473851 0.940511471069057 0.932074870145629
Ctsh 7.14346384317297 0.918331052067786 0.921969990290907
Naip5 7.13174095537482 0.96521621260096 0.971513648926249
Il6ra 7.1029267460012 0.966201564268147 0.968834468045587
Fcgr2b 7.07683515142475 0.938507687837567 0.919854728455445
Hpgd 7.07178915974518 0.848363156585389 0.902381875546933
Cx3cr1 7.06793189826452 0.889548261758674 0.875260216921099
Vsir 7.03875782308316 0.70972224347431 0.817507082236361
Xist 6.99811132627091 0.286330717420511 0.0438292083858103
Adgre1 6.94858002250203 0.614688313157319 0.909365664581818
Cd14 6.94715588775517 0.912004008619734 0.895224222052279
Srgn 6.94378926068366 0.872552349792199 0.878047278847563
Ms4a6d 6.93767293691783 0.969150163757372 0.965364043877448
Cd86 6.90968495299187 0.964003100466158 0.955761659608987
Hba-a1|Hba-a2 6.87421573386227 0.802127718149508 0.800086411562127
Hck 6.84009317384764 0.949139864467602 0.936269201701485
Ccl9 6.83656846563764 0.946034792409447 0.928511238037821
Ngp 6.82177810786473 0.932410475571014 0.906877062964112
Cxcl2 6.82094295722142 0.930195495313452 0.887347150467016
Ptgs1 6.81519762187353 0.625749039655428 0.535546514080042
Rgs1 6.80141172755693 0.929335564588948 0.913783032329059
Nfkbiz 6.79922571219311 0.687224770235987 0.869118393769463
Bcl2a1b|Bcl2a1d|Bcl2a1a 6.77869329139913 0.933153708769921 0.9298968864865
Sla 6.77239249017623 0.93880533401103 0.939436942841655
Pld4 6.75655526304851 0.953700327689996 0.946661154057517
Fcer1g 6.75610708250336 0.950704180520846 0.93400792629559
Aif1 6.74131494932658 0.960724985425613 0.956695010629396
Adcy7 6.7057507804709 0.837410921519389 0.898861002725534
Camp 6.68225843504852 0.965665600309213 0.946793008687724
Selplg 6.64364508869339 0.909529301782768 0.916390716868
Csf1r 6.61655510482327 0.751632132394269 0.660291347313418
Blnk 6.57544709088925 0.91983902638364 0.909266046154179
Itgb5 6.52996405096191 0.456650671888119 0.832456606116307
Ccl4 6.50570134320356 0.941236337157681 0.923659975191136
F11r 6.49105565574465 0.947163096506544 0.950658998620354
Ms4a6b 6.47646835637837 0.956664388601729 0.951539201776222
Vav1 6.46553082114905 0.968524581006084 0.964811037180624
Havcr2 6.46281947013814 0.958504256918358 0.958200993309105
Plek 6.4445179832432 0.9058414531952 0.914322195521385
Tgfbr2 6.41660410484233 0.886786544289415 0.907284716852166
Naip2 6.39340536688234 0.966583533311194 0.963573587498965
Evi2a 6.3689741044097 0.140220748102553 0.123793673495937
Rgs10 6.36847825694428 0.914120986434691 0.930032924761725
Tlr2 6.36734639132334 0.964234139372628 0.961998500122113
Lyz1|Lyz2 6.361073423087 0.937337598072712 0.939028710520933
H2-Aa 6.34609827747142 0.920568995940738 0.887894303071023
Il1a 6.34010251670382 0.944107002491546 0.922074681523627
Tlr7 6.33783785789352 0.959803317443393 0.963348143720327
Mertk 6.27545894889192 0.267409001771702 0.0261893883636564
Cyba 6.27220748123196 0.821544736055501 0.836822420217362
Gpr84 6.26563662777509 0.952020728248982 0.946098744373182
C3ar1 6.24351676266317 0.939202039392717 0.939961198405554
Pycard 6.22276006663598 0.873175869697172 0.909626848879343
Fli1 6.22037994369628 0.965819074236574 0.966218678836106
Lpxn 6.21538202612365 0.955026476303691 0.957661559189553
Slc15a3 6.19906291184221 0.948543282016264 0.934368395362971
Klf4 6.18460569302173 0.437356731093029 0.630011299392605
Socs3 6.1724455030027 0.618507813388819 0.807573837512272
Ttr 6.15702423165793 0.426648785247366 0.316776354853328
Txnip 6.13417085888751 0.55257313869833 0.53409481607691
Ccl12 6.12861283987339 0.960041230641555 0.959481196842038
Alox5ap 6.11655914726629 0.921588781718695 0.942622352175004
Ccl6 6.09541568043002 0.949107855483156 0.945757301672525
Zfp36 6.09048773842556 0.736752721780948 0.793942399564921
Cd83 6.07626900167552 0.732497688371383 0.897147056600767
Fgd2 6.05756303016513 0.934829617569996 0.924591888366743
Slc11a1 6.03794844591401 0.943172833013937 0.955696090077804
Tm6sf1 6.00413721556583 0.884219127767269 0.883262267559447
Inpp5d 5.97870231788144 0.946925816396669 0.937003060366815
Arap3 5.9483094329952 0.942333787569348 0.927801257675394
Fosb 5.94320581582316 0.619398085970092 0.716245626208222
Lcp2 5.94280722528608 0.960647544302595 0.958537099789537
Egr2 5.94255402421623 0.780579021752228 0.855232724756674
Ier3 5.90365411800266 0.798373671465697 0.892575784455379
Ier2 5.88833313763355 0.695850950777112 0.761337970588246
Lair1 5.85889941592234 0.886967697851329 0.893564252231407
Lmo2 5.84930642944057 0.759341341101342 0.845582996673139
Slc40a1 5.8353711615749 0.868986207432276 0.899347347920266
Nrros 5.83284399060021 0.771463446565163 0.792080354658163
Rcsd1 5.83116477899981 0.946788470768957 0.944180853473778
Pik3cg 5.8286225480195 0.963282462453611 0.957116535151097
Trf 5.80528008937782 0.0783439702432535 -0.09037688828102
Rhoh 5.79526877296934 0.954963052602866 0.954061710127798
Capn3 5.78981813959022 0.948730497309732 0.941623931086492
Tnfrsf1b 5.78627604629042 0.949352843141521 0.942017544524281
Ctla2b 5.78040601369467 0.939215346075256 0.91949336645328
Ncf4 5.78027574035827 0.963281977480706 0.965990762596429
Nckap1l 5.77605632903935 0.91873738778501 0.918810624846416
Crybb1 5.74312792643949 0.926506010771514 0.926794374466269
Cd48 5.73172240169908 0.96484127093229 0.960335106170609
Fyb 5.71094362409961 0.947513301930581 0.942190799937016
Stab1 5.70775804869926 0.952649493482339 0.949999720804822
Hba-a1|Hba-a2 5.67665256221584 0.668307611732338 0.649753889295238
Ccrl2 5.6554110668512 0.916948408523477 0.89476894373723
Tgfbi 5.64498324338724 0.734275540373794 0.774506568660179
Entpd1 5.6438721094845 0.90290748201057 0.92871377916462
Sash3 5.63344793975247 0.925333458751655 0.942717558366005
1700017B05Rik 5.62972620749238 0.840309496825751 0.887736329966601
Adap2 5.62258507623354 0.950923397565974 0.953510245248495
Map3k8 5.61933032456486 0.955090623149159 0.944718327523361
Tlr1 5.61832549598821 0.954190029288767 0.942972009087337
Slc16a6 5.6139296672444 0.91110266875158 0.888549594366103
Pros1 5.61325562826024 0.811696014682892 0.914612661125001
Otulinl 5.60927672828283 0.924326625688191 0.950739715915111
Junb 5.57380946737562 0.662147057749828 0.710325676330519
Stat6 5.5684385436948 0.847374399371893 0.912588188794204
Spata13 5.56754205483211 0.702345978641896 0.842031245266465
Alas2 5.56743935443145 0.932011545093216 0.924253691584636
H2-T23|H2-T-ps 5.56395956187017 0.816143418024244 0.822872207107064
Ltf 5.541311829266 0.838534854056226 0.752621472053893
Dapp1 5.5311282175321 0.649619806335744 0.7316654390012
Slc7a7 5.52473403565724 0.826710144945981 0.912599977286717
Cd34 5.51418924888483 0.862083071447448 0.844376505059526
Kctd12 5.49168207585004 0.826471067657798 0.785278356355154
Ugt1a2|Ugt1a9|Ugt1a10|Ugt1a6a|Ugt1a5|Ugt1a6b|Ugt1a1|Ugt1a7c 5.44647837224999 0.701336681421146 0.824239847031585
Coro1a 5.4393216773188 0.49818875780412 0.678631306779883
Rassf5 5.43585279444282 0.668011841625154 0.796791295751529
Il16 5.42079602023918 0.945844799253735 0.935745852651164
Zfhx3 5.4008088564508 0.839007761554176 0.864637187550775
Cd37 5.38874396716372 0.911626280334387 0.918944626477695
Btg2 5.37638979281992 0.583843813127108 0.302019874538366
Cysltr1 5.34885471839429 0.961830851140261 0.961910559768528
Clec4a2 5.34851567672049 0.947988467473659 0.939788422621545
Rab20 5.33746427397764 0.849896044875572 0.823035733235841
Hbb-bs|Hbb-bt|Hbb-b1|Hbb-b2 5.31656702195071 0.771906394775283 0.702822936030939
Ncf2 5.31504072494124 0.870408838531871 0.821566928619307
Chil4|Chil3 5.31290475004832 0.936546001849126 0.915649202251151
Csf3r 5.30178430621029 0.953369746426895 0.954263921064999
Ets1 5.30173588883228 0.827430115179026 0.798932163578278
Akna 5.29703343081913 0.832008249120271 0.910062558306999
Mlxipl 5.28107310960404 0.807755225099893 0.810263329246178
Mafb 5.26614241001796 0.915356251623438 0.947739125244313
Golm1 5.24529567014035 0.807257564558746 0.912150173780495
Ankrd44 5.22841797510274 0.701730913742258 0.774227736142258
Cd300c2 5.21041218580508 0.93858157714195 0.949159386518365
Tlr4 5.20128068614181 0.892934368316874 0.888197520393592
Casp4 5.18891786615503 0.963129051671974 0.950523297744447
Il13ra1 5.18761295146813 0.841550843603504 0.851013587645032
Themis2 5.17432699358343 0.934733754837861 0.934216602334326
Tgfbr1 5.17012332503707 0.897481199025404 0.895941007327488
Lyl1 5.16935668370097 0.951792840046395 0.948133397098826
Arhgap45 5.15709434730212 0.925701427306184 0.942532303463858
Cd300a 5.1537465690717 0.931203861067225 0.920405327340653
Xlr4b|Xlr4c|Xlr4a 5.1446059302563 0.861326113735506 0.808364070210946
Anxa1 5.1190110462961 0.897212887230972 0.845597729896611
Ctsc 5.11341971668821 0.438520233892236 0.742271812483732
Serpine1 5.10161792202919 0.945982808189731 0.94860680235541
Hba-a1|Hba-a2 5.07588491789023 0.659669964818686 0.64631733596174
Spint1 5.07126142506357 0.940843678731218 0.934409855883141
H2-Q9|H2-Q7|H2-K1 5.06697427932505 0.886131515488646 0.839085208581476
Trem2 5.05817946775369 0.932237108209832 0.923048534677776
Clcf1 5.02109763166756 0.950525008380486 0.936458027389983
Adrb1 4.96849358112034 0.63153967369169 0.828249379484997
Cttnbp2nl 4.96268163979214 0.854672209295896 0.923721152602066
Cmtm7 4.9597915659356 0.908955427690263 0.91599783592074
Ier5 4.95748256446954 0.779178703375032 0.835210837595264
Itga6 4.95599695511799 0.248420568638145 -0.124700103526212
Syk 4.95498570879598 0.916929754362191 0.916583332912951
H2-D1|H2-L 4.95203937761208 0.778936376755124 0.707796442936603
Hhex 4.94624977413119 0.95122094051719 0.939507960812591
Pdgfb 4.9438043722599 0.843448785229778 0.909984746028462
Casp8 4.93879737831915 0.947501302335589 0.949552900161856
H2-L|H2-D1 4.93348438975572 0.829741765947132 0.767797222031011
Frrs1 4.92977309572834 0.730430257388544 0.863091113981946
Sipa1 4.92387288892029 0.9032834873468 0.900644121330714
Irf5 4.92199666395526 0.944413848292946 0.945358007804578
Clic1 4.91551053118613 0.789193258553238 0.837498015711099
H2-D1|H2-L 4.8669223541509 0.79847559426348 0.713519505520334
Unc93b1 4.84737726208043 0.911638334520086 0.88849577103665
Dusp6 4.84173751087537 0.498549790913267 0.595104011435609
Hk2 4.83084875212069 0.85450083466977 0.858501290504775
Fes 4.8241154998985 0.929501378703596 0.931599858038054
Tnfaip2 4.82397698126306 0.859762262315601 0.878006962288565
Klf6 4.81942855917116 0.841281350485396 0.853418388374044
Csf2rb2 4.817762129907 0.956590384374457 0.954663246517967
Slamf9 4.8174771988529 0.909140766084953 0.899293259312989
Pla2g15 4.80393878498182 0.860205133432099 0.911871410358419
Hfe 4.79574292928277 0.846463102028924 0.898690086936897
Pon3 4.79309577514486 0.931102022874823 0.92133875979289
Trim47 4.79239141507952 0.858465987638019 0.932213513898955
Hexb 4.77522171229362 0.837744202552122 0.7904495650039
H2-D1|H2-L 4.77324688508469 0.820803611459387 0.75846323307839
Abcc3 4.76385499808962 0.959812899274741 0.955986827156656
Cebpb 4.75155770492987 0.860325701666201 0.861926917952206
Rreb1 4.74915898921584 0.595594607259067 0.787064077130586
Pald1 4.74862864679724 0.907294643309814 0.928793324255148
Klk8 4.74076678014621 0.93178792974056 0.941719303780103
Tmem173 4.73993023761542 0.897834566218202 0.906394868523162
B4galt1 4.73838181759005 0.868782736974354 0.908009625131861
Parvg 4.72645201454582 0.920925960837888 0.923277072966874
Arhgdib 4.72546651275754 0.844813075023753 0.896158646505065
Adamts1 4.7253052243687 0.493311280630078 0.775484383005765
Pla2g4a 4.72469780748559 0.422213391063987 0.265679578354155
Hvcn1 4.70469057659449 0.949807044292486 0.950130935086771
Trim30a 4.68734638255443 0.942251730303051 0.91299778038857
Afp 4.68670567738167 0.948373924600242 0.930557363583417
Tec 4.68356461681732 0.939713815254543 0.944402990173938
Ppfia4 4.67262490482225 0.84766312271993 0.900461554244302
Siglecf 4.66719166771045 0.960419142041782 0.963113640262738
H2-Q7|H2-Q9 4.666165498803 0.797863543559058 0.68879456734831
Il10rb 4.64267971349838 0.82774471583461 0.866829486587767
Samsn1 4.62902870567225 0.95194345537465 0.9390547711497
Lrba 4.61884271372501 0.78360143640781 0.878348383596823
Trim30a|Trim30e-ps1|Trim30d 4.60894715361295 0.90635765474598 0.865158599382529
Prkcd 4.605527709278 0.598416507553789 0.688708725514112
Sparc 4.59462478948217 0.421924254711784 0.5712743831825
Elk3 4.59221097858196 0.781048599076761 0.777628378042196
Tor4a 4.59170466155823 0.809917634094883 0.853479901834411
Phyhd1 4.58720118017224 0.70508717908813 0.722017233311674
Ang 4.57784627033652 0.940495707857862 0.911354231605335
Il6 4.57457355696618 0.926127573239624 0.870859115857809
Igsf6 4.5742032443848 0.955173020977657 0.950248480907027
Lrmp 4.56421955609176 0.917568265604803 0.911187157286941
Cxcl10 4.55129024856358 0.857438258739698 0.69856176833123
Mylip 4.53938492279679 0.847144567499316 0.845228428749095
Ppp1r15a 4.53426830393035 0.781156666396169 0.769972582969436
Plxdc1 4.51758901814112 0.254685825083495 0.772281464002912
Grn 4.49982987900233 0.805597600607092 0.873399989198547
Arrb2 4.49728600162475 0.793313721941123 0.861718971087627
Trim12a 4.4923751681077 0.94308561405651 0.914433306321833
Rps6ka1 4.49058846700327 0.829193530459909 0.84682949472598
Rrad 4.48723187446042 0.866467936809992 0.856899685860046
Birc3 4.48654404333244 0.880063381240713 0.905370096181913
Ifngr1 4.48239170876942 0.836872716205642 0.859010231008067
Abca1 4.47309901233617 0.236262350545688 0.134537026901349
H2-DMa 4.47056010784366 0.876042644735409 0.874694619548639
Tpp2 4.46935122817648 0.772706909231132 0.733933028598939
Abhd15 4.45033100295117 0.840840833388383 0.877001403572972
Il7r 4.44558323758884 0.921396363475905 0.943524732011947
Mfng 4.44330479213119 0.933566558933802 0.918704315594184
Spi1 4.4400089121351 0.932545166035655 0.914316561861161
Lgals9 4.43116479664587 0.907035190634787 0.937749808673227
Lyn 4.43068449271393 0.845180611454831 0.909644388166988
Lrrfip1 4.4243593905307 0.734011365558805 0.768638722666259
Lag3 4.41570933996462 0.932053503645974 0.928132940349833
Ceacam1|Ceacam2 4.40710361631293 0.907727231114688 0.871167305317215
Mlph 4.3965062596708 0.952730942469092 0.952668263817574
Srsf7 4.3965032507156 0.675527449738414 0.66856877761714
H2-M3 4.39005476653171 0.655186040266879 0.838829211525532
Ggta1 4.3865433081568 0.724413872170219 0.742119145974757
Rel 4.37773921716397 0.903834463447953 0.864259189795859
Klf10 4.37518059468159 0.763317031045946 0.822010151299125
Runx1 4.36893089171601 0.949742589887944 0.933059180819842
Cebpa 4.3685849238893 0.854017503960484 0.87501448082935
Cyp4v3 4.35660128539051 0.312788205794096 0.610980030295918
Gas5 4.35249108674595 0.522991353418615 0.579511280860838
Casp1 4.33761912462211 0.93203802568384 0.911371146859842
H2-K1|H2-D1 4.31935957418608 0.638291584989164 0.538827231906372
Slc39a8 4.31844141904841 0.757290065981342 0.764901025984507
Edem1 4.31775130929929 0.788287747298282 0.767918324079887
Ifi30 4.30810923845169 0.814313844212164 0.831363718374554
Sh2b2 4.29493212913238 0.855767494747141 0.83455325094322
Cd52 4.29127447623749 0.927990005966078 0.901795616698258
Tifa 4.28843573945979 0.632696128581035 0.842208727064751
Gpsm3 4.28262463036094 0.878860933832689 0.926403188215968
Nrip1 4.27920957909113 0.761298052610819 0.849405322435473
Ptpn18 4.27761090810264 0.904239740670453 0.907792967208714
Gmip 4.27409677181705 0.841168269004628 0.910648622206159
Arpc1b 4.26222550259653 0.365311789762629 0.11048556736705
Ccl2 4.25798812486621 0.926853450148524 0.916482200341481
Asph 4.25136153583355 0.297079423435772 0.205598381384253
Rbm39 4.24964616574808 0.588790933019094 0.628134182694359
Tcn2 4.24814570914655 0.513562561306204 0.817371209963856
Clec7a 4.24144101083366 0.879518333996531 0.849142276680565
Lrrk1 4.22368956973052 0.906975571541776 0.855217105115679
B2m 4.22126289589278 0.708631756139584 0.715184919529906
Plcl2 4.21331807569798 0.847240622356589 0.789184720430486
Msn 4.21255662041038 0.717913539977462 0.803008847870909
Npl 4.19852285779996 0.536946382097071 0.700004523370205
Serinc3 4.19252616256266 0.839880501690788 0.822849086632032
Plxdc2 4.18984082009978 0.623730595615462 0.681432637933602
Hpgds 4.18235603857322 0.931803575002163 0.936023337329389
Tgm2 4.18135169477965 0.555050836640652 0.714558247291975
Parp14 4.17697127789664 0.888603855567458 0.814696809414452
Ctc1 4.17015805754592 0.899282568410999 0.92251677696911
Mrc1 4.16337539438708 0.888931129820784 0.847305771674863
Cxcl16 4.15919316680939 0.940244980514897 0.931328872390462
Rgs2 4.15258591785285 0.600499104498468 0.801068677978145
Myd88 4.15097285184066 0.905840436191695 0.906885226564224
Hcls1 4.14103330893361 0.940110252579888 0.929837033835418
Lilr4b|Lilrb4a 4.13126271441073 0.911262201182343 0.869890159977523
Nfkbia 4.12415773106904 0.6451540487729 0.740443446254942
Slc2a5 4.11711615223339 0.915469158597497 0.91566671021058
Plcg2 4.11402970102238 0.899489299391324 0.872023597011429
Pnpla7 4.10294376717666 0.346473808740025 0.453948081481576
Glipr1 4.10045037470487 0.933621883372713 0.940869106068272
Ripk1 4.09979803161469 0.722210014282769 0.838147934214828
Arhgap4 4.09961806734653 0.942345273655718 0.924372754827671
Rnf19b 4.09803655573883 0.890748914260313 0.874523947618719
Naalad2 4.09178052016473 0.906084207701103 0.916819285033962
Fcrl1 4.0815639650248 0.964873570912958 0.961999672993262
Uba7 4.06566423110373 0.923885225692451 0.916194496978144
Ly96 4.05689251647486 0.87414348281139 0.871134444589861
Pag1 4.05160604119311 0.531740917221911 0.830757448823823
Tubb6 4.04839741213691 0.864687033484212 0.918326801092498
Rgs19 4.04720217267113 0.435567613889833 0.625774703356778
Notch2 4.04495226391816 0.179072433570267 -0.0431145382667697
Pmaip1 4.03802021879834 0.936433573856982 0.923093063169517
Ptbp3 4.03734515620277 0.783922930857237 0.777432801346045
Btk 4.03431975581622 0.926122166116361 0.925557641373087
Cd33 4.02916229385822 0.914520466110074 0.913880082135475
Nrp1 4.02222321535911 0.267921403368842 0.480815127928979
Tgif1 4.02195467754408 0.921424281458548 0.921047299081203
Hacd4 4.01062586706849 0.732564456563592 0.650509092278048
Slc7a8 4.00482662677781 0.822731832532761 0.893839188398671
Adrb2 4.00173239851123 0.95637977725512 0.933688796363331
Cd177 4.00004284360566 0.923182516932428 0.890272581527441
Jun 3.99191010670764 0.395233846979175 0.407492586906477
Dusp1 3.99071904307699 0.386323746523581 0.349844153941768
Dock2 3.98973397671005 0.911825788885793 0.924661551086853
Gna15 3.98205952830426 0.931660349900526 0.938234863617351
Mef2a 3.97815958093069 0.849281601087483 0.846506686794126
Ugt1a7c|Ugt1a6a|Ugt1a2|Ugt1a6b|Ugt1a9|Ugt1a5|Ugt1a10|Ugt1a1 3.9620486222807 0.8695707421138 0.921277580658776
Slc25a37 3.95957447158728 0.831489244811806 0.755797149762966
Dhrs3 3.9591919603884 0.431816168155498 0.359202952261275
Ehd4 3.95417125331816 0.373381960206147 0.832359085605707
Sult1a1 3.9442309870612 0.427693413365478 0.148317382320863
Npnt 3.94125513448913 0.712284060768937 0.579417985853949
Myo1g 3.93365357526948 0.917409696651491 0.905839605533697
Cks2 3.92819324824568 0.43717722766231 0.126543943405615
Arhgap17 3.92631847367052 0.776102016430616 0.814797078135117
Prkab1 3.92336412379403 0.843844533034747 0.881679507119986
Gcnt1 3.918164455975 0.948484067679882 0.931772426948757
Plekha2 3.91175787150386 0.115104754248894 0.152598260663507
Plekho1 3.90939526138812 0.809496546232809 0.788235215860598
Parp9 3.90318774990221 0.758016004047084 0.828615184502807
H2-K1 3.90215006926037 0.659288978120942 0.571151271462752
Sirpa 3.89945202318923 0.41042360868845 0.675461524839095
Tmem140 3.89520490392188 0.512581109270539 0.860759147262652
Rab3il1 3.892244325028 0.93491159266268 0.939406400122775
Tmcc3 3.88985404908386 0.612510274830783 0.533104613879965
Tnf 3.88621835878509 0.87414402213243 0.865126284423679
Fam111a 3.88357358002271 0.786683225436816 0.699300212943908
Trpv2 3.87905385656435 0.484122573937983 0.708211376931225
Gimap6 3.87032119852321 0.930051233903871 0.928555523117799
Gusb 3.86127164454676 0.705738278598151 0.783390853831904
Ccnl1 3.84981398979609 0.656571715460201 0.79644374410402
Srgap2 3.84291948259793 0.892808467975801 0.884274059617656
Myo7a 3.84129279704032 0.694029765252448 0.857619310308964
Rnasel 3.8402637735655 0.900664216386841 0.900557452037408
Snx5 3.83523263510148 0.78809272717642 0.893605375600489
Sgk1 3.83273516797018 0.249104383974092 0.245624872193521
Slc25a45 3.83085690528328 0.804506811919324 0.802674843388815
Ebi3 3.82219544649084 0.873009988519064 0.901616719361839
Vamp8 3.81851991918068 0.614106325124304 0.723195666338738
Il17ra 3.80557873894471 0.769387274253405 0.806217033563063
Dock8 3.79955087126124 0.868915759042131 0.894097341917331
Cep152 3.79626932049985 0.847729084824487 0.817513234654921
Myh9 3.79545067520699 0.826555225635194 0.821736634259929
Hps4 3.79456819780857 0.787507861877081 0.757692064328705
Vrk2 3.79086982636948 0.825942070198012 0.852797321661004
Tmem63a 3.78914572918766 0.170848943933896 -0.0975183256489013
Psmb9 3.78674253616342 0.870086365161871 0.797192482441821
Tcirg1 3.78419880565276 0.754972580401946 0.753210413303783
Igtp 3.78017644978882 0.73053410189626 0.601433483571723
Rac2 3.77369919402507 0.856235810079803 0.830565838599522
D17H6S56E-5 3.77054504581302 0.930923135252463 0.920975010000027
Ctsz 3.76098291907179 0.769468931408579 0.828921071951649
Apobec1 3.75655028752989 0.832712911184983 0.840467309792975
Zfx|Zfa-ps 3.7563515304328 0.776387196513071 0.792130918558022
Tbxas1 3.75594273216753 0.910214919960207 0.879936905457404
Ncf1 3.75384452353768 0.941487401290862 0.921842538921958
Arhgap9 3.75339158244994 0.890741818902088 0.89329254580179
Gem 3.74758946677334 0.32449129555597 -0.0428587386634424
Ceacam2|Ceacam1 3.7424818553058 0.831021382725133 0.854413328593084
Skap2 3.73806946190876 0.745559435716498 0.770129321353477
Zfp36l1 3.72537352417526 0.122236964289567 0.321053198039929
Stk17b 3.71392456376932 0.195874214250522 -0.0309181338982068
Herpud1 3.71244843532973 0.85294651997128 0.896714101949917
Tsc22d3 3.69447484601914 0.686723109796691 0.687236910718014
Cytip 3.69020392482851 0.807924983035287 0.722608789559203
Ltc4s 3.68837067758961 0.888299649802931 0.875747417788326
Chst7 3.67627501054897 0.635421183202084 0.649251307858187
Il4ra 3.67459326346833 0.896347880077101 0.914323415805863
Tcim 3.67329708759072 0.508679490480049 0.245549962192037
H2-DMb2|H2-DMb1 3.67218823164812 0.896787653746159 0.90460715952911
Ucp2 3.67179150630435 0.87023932192883 0.913106652417739
Syngr2 3.66901836135209 0.504099949833659 0.678839470206685
Pik3cd 3.65053864080631 0.844322564440682 0.816235755437835
Lgals3 3.64982651035132 0.674195455213599 0.48078304706377
Cebpd 3.64905413023263 0.277422010518739 0.45065287968563
Sertad1 3.64796222753285 0.792924497966792 0.874703651928551
Clec4b1|Clec4a2 3.62672032630239 0.926793079756381 0.927183710969544
Jmjd1c 3.6231427598837 0.686283271111073 0.759223250556792
Per1 3.62312407684771 0.661877066413624 0.778482498491602
Cited2 3.62004980940832 0.80326072950199 0.784187388766246
Hp 3.61893103835051 0.883955204314388 0.838067397201876
Lgmn 3.61086004423578 0.789427982314536 0.75538821184546
Lst1 3.61006842240675 0.761149499753303 0.835779186254504
BC028528 3.60721762499272 0.595196592510797 0.296661843788185
Plxnb2 3.60540614822092 0.495668383508207 0.702591554700873
Slc16a7 3.60055367815536 0.493199524671622 0.710288877499086
Ifi35 3.59744280288464 0.874515142156543 0.879755331165718
Mlxip 3.59458875448273 0.856007539714992 0.829245551665253
Man2b1 3.59264761164182 0.751749931405074 0.677482272613863
Mcl1 3.58302112910154 0.711278662387753 0.844813275571466
H2-Oa 3.579309768269 0.935763460509236 0.933423118695359
Cd79b 3.57582589241382 0.911748539665651 0.902792662395606
Nfe2l2 3.574946731017 0.369295719817744 0.453204696832214
Tnfaip8 3.55632720681608 0.0695846860606969 -0.0687511326400445
AW112010 3.54108562265606 0.931598723380367 0.942335391059301
Hspa1a 3.53485864376987 0.632429979047627 0.583085555598923
Tspan4 3.52215066692869 0.813030952873026 0.859418353748927
Ifitm6 3.51486324107613 0.927261689659795 0.885954200811262
Cdkn1a 3.51107310898366 0.72925107044217 0.628363727710872
Ugt1a7c|Ugt1a10|Ugt1a2|Ugt1a6b|Ugt1a9|Ugt1a1|Ugt1a5|Ugt1a6a 3.50052149097139 0.680313281053018 0.670144410937881
Tuba1c 3.49905820386086 0.858721291821132 0.870281730200153
Rffl 3.48991495856688 -0.00446738421890815 -0.0514476373775014
Arsg 3.48713914079805 0.137600659031542 -0.13454317901363
Erap1 3.4838183342258 0.594469846563709 0.633822422530596
Maff 3.47942763213489 0.743830678046653 0.743797013341992
Dnajb1 3.47667904335849 0.79672721377104 0.842869478799837
Mef2c 3.47564047760885 0.567298096491311 0.438951025089988
Ets2 3.47164831268353 0.674606354772657 0.537652466298833
Litaf 3.46201330634006 0.0606104087845828 0.446164633416549
Gcnt2 3.4320333249964 0.240580732190601 -0.00439100355508348
Ints6l 3.42773400267622 0.597392210325292 0.506121765968368
Tmem37 3.41987187078181 0.930568819234579 0.916847182831245
Snord22 3.41805549397862 0.655410264683613 0.747652135155631
Zfp36l2 3.41292069522556 0.095778622004484 -0.0397896095159471
Snx20 3.40853173951673 0.903719685585037 0.855158173235312
Vasp 3.4031724986703 0.865319115189514 0.879980192537098
Slc29a3 3.40265411779398 0.5130301321189 0.544499143390683
Egr1 3.39991551435071 0.506065084409679 0.776572714337506
Tgif2 3.39741948600927 0.893880338964267 0.929363737426355
Trim34a 3.39253793305615 0.797917678265117 0.683217445325645
Psmb8 3.391010553777 0.833893525325284 0.833212751846696
Ivns1abp 3.39098710359662 0.557985812055249 0.690443015349699
Samhd1 3.38891724567681 0.806040144856361 0.725833438877533
Cmtm6 3.38866030791418 0.707583014740189 0.820671636930779
Clec5a 3.38668905116638 0.94157437519038 0.937160321921037
Creg1 3.38269898945756 0.566955245771847 0.7879940393521
Mknk1 3.36930242212403 0.695757723364552 0.88635320262741
Tlr3 3.36863750803231 0.174380132439416 0.833342645686074
Pnp2|Pnp 3.36250935172348 0.450623574273957 0.717571443896628
Ebf3 3.35752200359428 0.919587110109819 0.908137600907476
Cdt1 3.35659041546824 0.418416429460381 0.16707743629561
Fmnl3 3.33952939869494 0.894703294322248 0.881955950156956
Il1b 3.33886948722698 0.908582212223377 0.90533160526654
Tpst2 3.3333632960441 0.734062263420563 0.814376567990135
Fpr2 3.3332023090403 0.831522822313882 0.803828457398591
Tap1 3.32362630579765 0.811711505501122 0.724211993986736
Rp2 3.31341656111406 0.846267829247558 0.820370686261358
Gbp3 3.31321273731333 0.430531345888668 0.197688377819953
Ptger3 3.30731898322017 0.691456642351258 0.715183971973226
Zfx|Zfa-ps 3.29691238704054 0.807872183502334 0.820493938231458
Rasa4 3.28215374172741 0.911543171061618 0.899870202006573
Ceacam1|Ceacam2 3.27455864809172 0.907690410463527 0.854546007478846
Slc37a2 3.25362623898473 0.846489820417439 0.870871332826267
Gbp7 3.25151755954623 0.395218903869821 0.318783171697342
Kcnk13 3.25023254657745 0.393652238050775 0.413441695155519
Tgfb1 3.248937815693 0.911484051518962 0.884219605956896
Traf5 3.2437282736468 0.877319354752316 0.878777841850177
Naip6 3.24222899902596 0.848306231275196 0.80352857932743
Pf4 3.23535587647688 0.84873471979012 0.836430045685434
Ifih1 3.22133663078089 0.776118294476917 0.706495043247053
Abcd2 3.20556161262522 0.380470323205899 0.130641434383903
Ms4a6c 3.20389758699295 0.862333984695958 0.814566439272367
Smagp 3.18927874614355 0.89139167185468 0.89827743580556
Nfam1 3.18838117171998 0.925136226779781 0.916426175199563
Batf3 3.18218878457576 0.918314570949119 0.937792222366661
Was 3.17840811371073 0.895909967268873 0.87036164457012
Calhm2 3.16271475680297 0.899297264421905 0.86493137612578
Phxr4 3.13590641900468 0.461707655748914 0.123478879707711
Hlx 3.09791892895688 0.92108871655227 0.898945392711184
Myo1b 3.09782599093626 0.545673427467161 0.653970759150286
Nfkbie 3.08844162140684 0.773339550475449 0.709695613664964
Tlr6 3.08624121498712 0.778711142865612 0.814454308742572
H2-Ab1 3.0193187862393 0.726129463945811 0.639214100328447
Parp10 3.00187042475894 0.857729701944035 0.775427265527832
Irgm2 2.99380066214441 0.757542647734399 0.634221126947278
Ptprj 2.97946753076215 0.82114286171343 0.809363108262489
Mrc2 2.97318314707628 0.849903084356287 0.847362071830426
Gmfg 2.97132298728496 0.878029436577413 0.871157297350848
Mpo 2.97124555705827 0.813175436836838 0.668550508493562
Cmtm8 2.9289833738136 0.799976652957525 0.839267588031511
Isg20 2.91494504942248 0.898191376678479 0.895858138276622
Calcrl 2.866674176642 0.305166946257705 0.090445464157904
Tnfsf13b 2.79294166940086 0.784696573262796 0.86499310717847
Tmc6 2.78246506534146 0.788199854919269 0.760202015860069
Emp3 2.75105348306075 0.864761116741024 0.847471314064173
Sh3tc1 2.72703132705777 0.895246364855765 0.881305331161058
Plaur 2.71679182230168 0.862311998303369 0.873139858418824
Ifitm3 2.6983845775263 0.260919927995656 -0.118774610174719
Myc 2.66622757593306 0.791749977954221 0.836613395073022
Tfpi 2.64577305576529 0.858680026568461 0.847078786501462
Rgl1 2.64455210518071 0.656197631201071 0.766860405259234
Sftpc 2.5955112748999 0.496188927579596 0.275534800791808
Zfp472 2.55589674676682 0.362217927605109 0.191274397324117
Nrm 2.51486331678821 0.531242591819475 0.51053858083159
Esyt1 2.50981722886343 0.78399881871011 0.786482603175355
Lpl 2.4397749522954 0.333604083609976 0.0418221770332508
Arhgef2 2.43734055412839 0.326280429085576 0.150889989252393
Il21r 2.40089377897045 0.919876781470076 0.91548553260538
Ceacam2|Ceacam1 2.38090947968623 0.873343422468912 0.894462300971182
Ehbp1l1 2.36771286274049 0.205284524276151 -0.108286083974549
Smpdl3b 2.30751572414374 0.57246762349493 0.792081319671928
Dusp2 2.30690928157752 0.724367334131479 0.622488535027363
Tlcd2 2.04140047803568 0.779679396576542 0.772684704159748
