Astrocyte	Basket	Bergmann	BrainstemCholin	CerebGranule	DentateGranule	Dopaminergic	Ependymal	ForebrainCholin	GabaPV	GabaReln	GabaRelnCalb	GabaSSTReln	GabaVIPReln	Gluta	Golgi	Hypocretinergic	Microglia	Microglia_activation	Microglia_deactivation	Noradrenergic	Oligo	Purkinje	Pyramidal Thy1 Amyg	Pyramidal Thy1 Hipp	Pyramidal_Glt_25d2	Pyramidal_S100a10	PyramidalCorticoThalam	Serotonergic	SpinalCordCholinergic	Spiny	ThalamusCholin
225998	216233	214944	14172	65971	109620	13162	108000	12903	12862	21955	18159	14829	22353	228911	13143	12922	54673	18035	69922	12311	67102	13592	100040462		20671	50722	13848	74175	15405	18574	14369
75541		118452		66183	20356		57444	19217		21349		72413	15561		24053	15171	12655	547253	72560	17112	67801	28006	60367		66637	21924	75646	260298	17395	64378	22178
13527		22341		29857	239510		12316	63993		14409		14729	12818		11474	22045	16430	22323	246177	20538	14618	19051						20519	13711	23984	13808
20598		71660		13813	18168		29875	16875		14408		50706	22418		19395	12425	27056	14130	17305	17161	74559	20957						15567	67486	29863	21928
20682		21415		12351	13511		50927			109594			18142		14257	15372	192232	19766	319880	13166	14912	19255						22044	15426	73712	15564
27360		69786		18508	60440		20135			18424					239083	54140	14594	12524	15170	65255	70747	20537						15006	14675	108655	66042
23972		19301		668253	56720		108907									18548	210998	18787	140742	14867	17433	11854						12705	69847	218772	227929
29873		20130		54698	217517		21973									192199	94212	20308	68964	75352	14745	19279						19218		225870	212531
76187		11853		22255			327762									76770	170791	16172	56504	11859	20665	66106								56458	21414
13998		13142		56410			73804									18610	26377	19698	13709	12659	68743	53313								18143	53608
52538		59056		67525			75426										57259	17970	76088		11484	16873								15930	56846
102644		232345					13605										58805	171531	30955		105439	53857									57257
12759		12364					18140										20397	11977	64099		103743	98845									22774
30956		24117					12442										26401	14455	54445		338521	13591									110834
74013		14872					107995										21356	11796	68507		50915	12822									18761
11541		17702					170753										12514	18037	230787		17441	12373									54352
13110		21948					68014										66552	69774	56708		211945	70810									620078
210126		74055					20666										329154	20321	14960		100434	215512									56066
68801		319158					142682										228839	12774	16819		73940	333182									16372
12032		78558					66953										54396	67742	16155		17136	27206									104271
18679		22038					13392										18783	13685	53945		50913	212111									319625
70097		53620					20419										15163	16193	12489		14431	20840									230899
72014		19228					215387										63986	16391	105670		94226	64337									
16007		140765					70099										80281	22033	11629			20513									
104776		12654					74107										64209	12394	69178			57295									
107869		104445					93760										21452	21354	14998			26558									
67122		80837					68612										16197	15216	19141												
29820		75823					217653										233186	70110	19650												
19249		238257					11481										81910	26410	21898												
26362		19682					74194										16477	73656	15985												
216190							19366										80898	20310	100561												
54381							12479										20375	12795	23871												
76892							17220										12752	17133	216445												
16779							229473										94094	72512	102545												
13618							12534										14961	228790	13713												
223227							17345										100182	80285	16154												
30937							229841										230257	22324	27060												
14366							14056										14159	66102	20148												
13649							20683										140497	74734	171207												
74114							27214										18591	17969	80877												
27494							12458										14129	16822	19253												
14230							67177										14537	20963	11727												
76257							232334										16164	65972	17159												
81879							20878										16414	12013	12488												
218952																	22022	74213	52855												
20498																	23880	65221	74096												
22329																	70719	23921	231871												
83925																	58861	74760	54613												
20787																	60504	16190	107373												
19125																	27355	17874	54486												
12411																	21391	170625	217333												
20917																	17948	14127	98365												
12830																	12721	22019	56644												
16870																	67776	12257	223433												
14221																	20305	15945	16970												
56473																	17096	19205	16331												
11758																	13036	53599	15242												
57265																	216991	67547	12335												
12494																	16768	24088	21810												
18682																	21803	14605	18805												
67442																	64138	170743	107321												
22330																	234779	20293	12506												
14766																	17951	21899	20430												
68607																	50498	71586	14247												
18596																	338467	20732	218203												
16404																	14824	17972	12796												
14661																	19025	16145	12229												
116701																	23845	16175	233328												
81840																	229499	15937	192193												
110078																	106512	12608	217303												
98396																	110006	108829	16912												
14405																	171285	208104	54153												
76267																	12628	21817	21815												
329828																	98878	80910	72691												
27273																	67477	12363	83433												
216739																	227612	207818	11555												
67111																	76681	68774	213002												
70757																	16194	15162	56485												
69239																	56744	99100	104759												
12496																	20469	671535	56857												
54635																	226594	60322	13448												
19013																	12267	20128	17002												
329877																	17921	15284	22379												
13850																	12633	12984	231931												
19771																	269823	21926	170752												
75475																	74131	13025	68487												
11761																	224109	58801	106952												
14261																	227696	20296	74153												
16173																	20852	14595	70497												
106648																	100127111	19697	21938												
14756																	216869	67951	11554												
64385																	18173	18626	107375												
69538																	17533	233571	12986												
66234																	12493	19332	381319												
228357																	225027		68891												
																	19224		56045												
																	107350		259277												
																	74030		27419												
																	16859		26888												
																	192654		12606												
																	54353		17095												
																	12960		21682												
																	66775		76408												
																	80719		11857												
																	114584		26382												
																	12490		14676												
																	94176		211550												
																	12495														
																	78816														
																	17872														
																	217353														
																	20540														
																	13057														
																	19696														
																	74211														
																	54354														
																	14972														
																	17087														
																	21897														
																	67220														
																	23833														
																	12370														
																	243771														
																	12362														
																	19128														
																	17698														
																	192187														
																	15979														
																	15001														
																	14231														
																	16456														
