Astrocyte	Gluta	Microglia	Microglia_activation	Microglia_deactivation	Oligo	Pyramidal Thy1 Amyg
209378	93843	110956	18035	70839	67149	110197
75541	94332	54673	57444	69922	67801	12565
13527	228911	12655	17210	72560	71529	12564
17387	18012	27056	547253	16792	69993	20563
20682	21844	17912	20491	246177	14618	170571
214359	12810	14594	12259	17305	74559	14200
21859	140781	210998	17534	15170	14912	11835
27360	104010	74048	14538	68964	70747	100040462
23972	71733	170791	22323	76088	17433	18573
107747	53870	26377	14130	30955	17988	56742
76187		15439	12524	64099	14745	208618
67896		107769	18787	54445	20665	12313
13998		52696	19073	14991	66949	23985
104174		58805	20308	17110	17153	100303646
52538		26401	106326	17215	68743	14402
102644		21356	17970	230787	11484	60367
114874		105348	171531	56708	53897	72978
17304		12514	11977	14960	240913	239405
98660		18826	11796	16819	56356	57780
12759		23849	21928	21812	105439	23963
30956		67103	12260	228875	103743	20606
210126		12010	18037	67213	13195	
14600		329154	69774	65112	22239	
13175		54396	20321	16155	338521	
14184		223666	12774	53945	50915	
53896		15163	16978	12489	18417	
18679		67448	80859	12978	17441	
20511		63986	67742	11629	211945	
14182		80281	16176	66824	100434	
58807		64209	16193	69178	73940	
14813		21452	16391	14998	66124	
72014		70415	12394	19141	17136	
16007		16197	12702	21898	18991	
53412		233186	12522	13051	11815	
107869		15277	15216	15985	68458	
14633		17084	22228	23871	18088	
29820		16477	70110	216445	11565	
18508		20375	26410	102545	213019	
18760		94094	20310	24044	72160	
26362		22177	17133	74039	50913	
18994		14961	72512	13713	16979	
17909		100182	22324	16154	225341	
216190		230257	12508	19735	14431	
54381		14159	66102	71607	94226	
114644		26943	74734	67865		
16779		140497	15894	227929		
56448		18591	56193	27060		
97064		81489	17969	114249		
18212		11906	16822	99543		
54403		58809	20963	17476		
16011		14129	65972	171207		
20971		14537	65221	80877		
13649		16164	23921	19253		
56741		16414	74760	11576		
13371		17258	24014	239217		
55963		23880	16190	11727		
27494		70719	17874	52855		
56188		58861	54720	74096		
14230		60504	14127	231871		
20512		27355	22019	54613		
12950		15936	12257	107373		
108052		21391	13654	54486		
192216		12262	14131	217333		
76257		17948	15945	98365		
81879		20305	67547	56644		
11829		11690	24088	223433		
74519		17096	170743	20202		
12334		17886	20293	15212		
68385		13036	21899	16970		
58187		216991	71586	16331		
13123		16768	20732	15242		
22329		21803	22695	12335		
83925		234779	17972	21810		
20787		17951	16175	18805		
15483		11656	15937	107321		
13004		14824	12608	20201		
15200		23845	108829	17684		
23965		108101	21817	231633		
19125		229499	80910	12506		
12411		106512	20303	14247		
13731		110006	12363	218203		
22350		219140	207818	16170		
66873		171285	75234	12796		
57738		12628	68774	16658		
12830		98878	15162	13593		
16870		67477	99100	12229		
14221		227612	671535	20345		
56473		76681	56437	233328		
18128		16194	20128	192193		
19038		56744	15284	217303		
243914		16598	12984	16952		
57265		15939	21926	16912		
12494		20469	13025	16909		
268860		13040	58801	54153		
18682		226594	20296	14282		
54326		54199	17869	21815		
16816		12267	14595	83433		
14623		269823	12475	11555		
16206		74131	67951	18054		
22330		66869	233571	213002		
19283		224109	19332	17060		
50500		20852	59010	56485		
12505		13732		268903		
215819		100127111		11513		
57319		231386		22320		
68607		216869		104759		
18596		13733		56857		
13405		18173		17002		
16404		17533		108767		
14661		11745		22379		
20255		12493		231931		
81840		225027		15900		
110078		21813		68487		
98396		107350		106952		
232146		16859		74153		
14560		192654		70497		
14405		54353		21938		
116847		12960		11554		
329828		105855		67712		
16008		80719		12986		
22421		114584		23890		
29815		12490		15446		
27273		94176		381319		
27226		56470		68891		
216739		12495		72324		
140492		78816		56045		
69239		20302		259277		
12496		17872		26888		
19013		217353		12606		
13850		20540		11910		
219151		13057		193740		
16525		19696		17095		
170790		74211		21682		
75475		54354		20111		
11761		14972		76408		
14261		17087		11857		
106648		50778		12807		
13609		21897		26382		
26942		67220		14676		
14756		23833		104681		
64385		12370		211550		
94180		12362		24099		
69538		80891				
14066		19128				
17986		16854				
13602		17698				
19309		192187				
18217		15979				
228357		15001				
		16456				
