Astrocyte	ForebrainCholin	Microglia	Microglia_activation	Microglia_deactivation	Oligo
209378	67326	110956	18035	70839	21952
225998	50765	12655	57444	69922	67801
75541	216233	27056	17210	72560	17196
12406	20974	17912	547253	16792	71529
13527	69908	192232	20491	246177	11735
12444	27281	14594	12259	17305	56363
20682	78977	14270	17534	67246	18952
21859	68567	74048	14130	15170	14618
27360	22771	170791	19766	68964	74559
23972	20979	26377	12524	76088	14912
107747	12903	15439	18787	30955	70747
76187	20194	107769	19073	64099	17433
67896	15569	58805	20308	54445	17988
13998	57754	105348	16172	50934	14745
104174	76917	18686	17970	68507	20665
52538	21823	12514	171531	14991	66949
102644	73720	18826	11796	17110	17153
17304	14432	23849	21928	230787	68743
98660	103768	67103	12260	56708	227753
12759	114886	12010	18037	14960	67557
30956	72269	329154	69774	16819	11484
11541	12564	54396	20321	70031	13038
210126	50786	15163	12774	21812	53897
14600	20257	18707	16978	16155	240913
13175	16392	67448	80859	53945	105439
14184	14406	63986	67742	12489	102693
53896	80515	80281	73690	224860	103743
18679	19217	64209	16176	17952	72287
20511	212531	21452	16193	12978	13195
58807	56418	70415	16391	11629	16485
19883	18573	16197	12394	66824	22239
14813	78593	233186	56706	69178	338521
70097	12404	15277	21354	14998	50915
72014	80883	17084	12702	19141	84004
16007	229759	16477	12522	21898	227580
104776	14608	17001	15216	13051	29862
53412	21338	20375	22228	15985	18417
107869	20983	94094	70110	23871	17441
13138	19240	22177	26410	216445	211945
17035	14419	14961	73656	102545	100434
14633	20541	100182	20310	74039	18823
29820	57816	230257	19354	13713	13643
18508	213417	14159	72512	16154	73940
18760	14783	26943	228790	19735	66124
22601	14226	140497	80285	227929	12955
26362	13447	18591	22324	27060	17136
18994	228543	19079	12508	99543	19337
17909	75141	11906	66102	17476	18991
19206	66402	58809	74734	171207	11815
21808	16939	14129	15894	80877	68458
16779	22342	14537	56193	19253	18088
13618	57775	16164	17969	11576	213019
56448	17758	16414	16822	239217	72160
97064	12652	17258	20963	11727	50913
54403	20618	19271	65972	17159	16979
16011	11936	23880	65221	52855	27219
20971	63993	70719	23921	74096	225341
14366	72585	58861	74760	54613	14431
13649	13599	60504	24014	107373	94226
56741	72185	27355	16190	54486	
13371	27220	15936	17874	217333	
50781	13056	21391	14127	98365	
55963	140781	12262	22019	56644	
229534	11423	17948	13654	223433	
27494	80334	12721	14131	20202	
56188	14077	20305	15945	15212	
14230	14778	11690	67547	16970	
20512	102614	17096	24088	16331	
12950	19711	17886	21847	15242	
108052	83766	13036	14605	12335	
192216	20508	216991	170743	21810	
76257	20195	16768	20293	107321	
20678	17380	21803	21899	20201	
81879	18216	64138	20732	231633	
11829	26366	234779	22695	12506	
74519	14573	17951	17972	14247	
14619	16875	50498	16175	218203	
68385	16874	11656	15937	16170	
58187	20733	14824	23872	12796	
13123	12904	23845	12608	16658	
22329	29859	108101	108829	13593	
83925	66815	12835	208104	12229	
15483	71733	229499	21817	20345	
13004	433855	106512	80910	233328	
19125	19894	110006	20303	192193	
12411	218763	219140	12363	217303	
14400	282663	171285	207818	16952	
13731	14570	12628	75234	16912	
22350	103098	98878	68774	19731	
66873	22065	67477	15162	16909	
57738	13180	227612	99100	54153	
12830		76681	671535	21815	
16870		16194	56437	72691	
14221		56744	20128	83433	
56473		16598	15284	11555	
19038		15939	18793	18054	
243914		20469	12984	213002	
57265		13040	21926	17060	
12494		226594	13025	56485	
18682		54199	58801	268903	
54326		12267	20296	11513	
16816		17921	14595	22320	
14623		269823	12475	104759	
16206		22368	67951	56857	
108686		74131	18626	17002	
22330		19264	55942	22379	
19283		224109	233571	231931	
50500		227696	19332	15900	
215819		20852		68487	
57319		75612		106952	
68607		13732		74153	
18596		100127111		70497	
11668		216869		21938	
16404		13733		107375	
20255		18173		67712	
14735		17533		12986	
81840		11745		23890	
110078		12493		15446	
98396		225027		381319	
22339		21813		68891	
14560		107350		72324	
116847		16859		259277	
329828		192654		26888	
16008		54353		12606	
11932		12960		11910	
22421		11810		66857	
27226		66775		17095	
216739		105855		21682	
140492		80719		20111	
69239		114584		76408	
12496		12490		11857	
19013		94176		26382	
13850		12495		14676	
219151		78816		104681	
16525		20302		211550	
170790		17872		24099	
223254		217353			
20893		20540			
11761		13057			
14261		19696			
106648		74211			
13609		54354			
14756		14972			
64385		17087			
94180		50778			
69538		21897			
14066		67220			
13602		23833			
19309		12370			
18217		12362			
		80891			
		19128			
		17698			
		192187			
		15979			
		15001			
		16456			
