Astrocyte	BrainstemCholin	Dopaminergic	Microglia	Microglia_activation	Microglia_deactivation	Noradrenergic	Oligo	Serotonergic
30956	66952	320405	74211	228790	67246	75352	68743	26366
94180	12306	53872	67477	14595	76408	545192	11484	12705
216739	29867	18227	11504	12013	11513	140723	338521	74175
27360	116903	18208	216991	11796	11554	12311	53897	13024
76187	13136	18752	100182	12259	11555	13166	14431	260298
329828	109901	110876	11656	12260	11576	14867	14618	14462
107747	57780	13162	11690	12363	11629	17116	56356	15006
104776	56016	116811	329154	20293	11727	17161	227753	15564
27494	15507		11745	20296	106952	66815	225341	353236
69538	80888		11810	20303	70497	64242	17136	19218
11761	320802		70719	20308	171207	12659	17441	20519
216190	16373		216869	56706	216445	11859	29862	15567
26362	16392		107350	12774	11857	69908	50913	66402
29815	107250		12010	12475	11910	20538	213019	22044
72014	211480		12227	12508	381319	20606	102693	
12411	16852		12262	12522	17060	52331	211945	
67896	70717		12267	12524	12229	21419	68458	
12444	67405		12362	12608	72691		19337	
12494	12695		12370	99100	12796		27219	
12505	66425		20302	60322	12335		20665	
58187	227733		20305	12984	68891		21827	
12830	78977		54199	13025	217303		66949	
74114	19132		140497	15945	12489		70747	
29873	19142		12490	66102	12506		22239	
107869	239405		12493	20310	15985			
56448	50795		23833	13654	12606			
74519	20508		12514	14127	56708			
64385	20750		12628	14130	26888			
106648	57816		12655	14131	56644			
13123	24111		75458	20321	67213			
16007			23845	73690	102545			
13138			114584	80910	12986			
13175			12960	15162	68964			
73284			13036	15216	13051			
13527			13040	15284	227929			
13618			64138	15894	76088			
13649			80281	15937	192193			
54326			13057	65972	13709			
13731			58861	71586	13713			
12496			110956	16145	23871			
13850			26377	16172	223433			
232146			94176	16175	107373			
22350			50498	16176	26382			
14066			13732	16190	14247			
56473			12495	16193	14282			
58238			80898	16391	231931			
223254			16456	57444	14676			
13998			210998	108829	23890			
14184			14129	21847	14960			
14221			229499	16822	14998			
14230			80891	16978	15212			
14261			108101	26410	15242			
56188			14159	17210	15446			
57265			23880	171531	54486			
14366			14537	208104	193740			
14451			14594	69774	74096			
14560			63986	73656	213002			
14623			78816	68774	16154			
104174			105348	17874	16155			
14633			106512	17969	16170			
14813			14824	17970	16331			
12950			110006	17972	15900			
15483			14961	18035	239217			
16008			14972	18037	259277			
209378			15001	80859	52855			
16525			171285	74091	16819			
140492			15163	233571	19141			
66277			64209	671535	16909			
16816			15277	547253	107321			
243914			15439	80285	80877			
16870			192232	18626	16970			
30937			15936	18793	233328			
210126			15939	56193	16985			
228357			15979	58801	17002			
17387			80719	19332	17095			
67111			16164	74760	17110			
75541			60504	19354	16658			
17986			16194	74213	17159			
53972			16197	74734	17215			
58237			27056	19766	17305			
18128			16414	24014	17476			
18212			16477	56437	218203			
18217			16598	12394	246177			
102644			23849	67742	72560			
75475			16768	18787	17952			
23972			16854	55942	74039			
18508			16859	23921	18018			
229534			17001	20491	18054			
56376			17084	65221	114249			
69239			17087	207818	268903			
18679			17096	12702	99543			
18682			26401	20732	70839			
27226			17258	19073	64099			
67916			58805	20963	30955			
19013			17533	21354	224860			
19038			17698	24088	18805			
53412			17912	21899	104759			
11758			17921	170743	68507			
116847			17948	72512	18753			
18760			17951	21926	16912			
19125			105855	21928	19253			
19283			224109	22019	15170			
19309			94212	22033	66824			
74013			27355	20128	54153			
225998			18591	14605	19650			
70097			56744	67951	67865			
219151			18686	22324	20111			
20971			227696	22695	20201			
68607			18707		20202			
12406			192654		24044			
20498			234779		20345			
108052			67220		140742			
57738			67448		98365			
20512			269823		104681			
76257			17872		67712			
98396			19079		107375			
54403			19128		56485			
53896			230257		56857			
58807			19224		53945			
20598			19264		71706			
57319			19271		69178			
81840			54354		54613			
223227			226594		27060			
20678			19696		21682			
20682			50778		21810			
13602			74030		21812			
81879			58809		21815			
21859			74131		230787			
68385			233186		211550			
29820			20469		21898			
66873			54353		319880			
83925			18173		231633			
50500			20540		68487			
22329			100127111		21938			
22330			219140		24099			
22339			20375		83433			
22421			14270		217333			
97064			225027		74153			
			192187		54445			
			20852		22320			
			21391		69922			
			21452					
			21803					
			21813					
			228839					
			21897					
			217353					
			57259					
			227612					
			76681					
			94094					
			22177					
			74048					
