Astrocyte	DentateGranule	GabaSSTReln	Microglia	Microglia_activation	Microglia_deactivation	Oligo	Pyramidal Thy1 Hipp
30956	170677	11423	74211	14595	76408	240913	50766
106861	13511	11682	67477	11796	11513	11565	13179
52538	109620	56808	216991	12259	11555	68743	54713
94180	13660	12300	13733	12363	11576	11815	14402
216739	319670	215303	100182	108673	11629	11484	225642
14766	18012	12554	11656	20293	11727	69993	16590
76187	114249	232370	11690	20296	16952	18417	16826
77559	18168	12823	329154	20303	106952	13038	11922
329828	18295	12854	11745	20308	70497	13195	18133
107747	19212	114886	70719	12774	171207	74559	18162
27494	20733	13390	216869	12475	216445	338521	18227
69538	20908	111970	107350	12508	11857	53897	67405
11761	56720	15569	12010	12522	11910	14431	18573
11829	21844	67464	12262	12524	381319	14618	19055
98660	22068	224613	12267	12575	17060	56356	56742
11932		14417	12362	12608	12229	227753	239405
26362		14675	12370	99100	72691	73940	140919
29815		14729	20302	60322	12796	56542	66673
72014		14829	20305	12984	12335	66124	
12411		16010	54199	13025	68891	71529	
67896		76527	140497	15945	217303	225341	
12494		16502	12490	66102	12489	14745	
12505		72413	12493	20310	12506	17136	
12654		12224	23833	13654	15985	17153	
58187		16852	12514	14127	12606	17433	
12759		16874	12628	14130	56708	17441	
12830		23936	12655	14131	26888	18088	
54381		59012	23845	20321	56644	14912	
29873		380684	114584	73690	102545	50913	
107869		18113	12960	80910	70031	213019	
56448		109648	13036	15162	12986	102693	
74519		18231	64138	15216	68964	72287	
64385		229759	80281	15284	13051	211945	
106648		18491	13057	15894	227929	67801	
16007		73173	58861	15937	76088	68458	
114874		18548	110956	65972	13593	19215	
13371		18155	26377	70110	192193	94226	
13527		50706	81489	71586	13713	18952	
13649		19281	94176	16172	23871	27219	
54326		19293	50498	16175	223433	105439	
13731		69908	114601	16176	107373	100434	
12496		56089	98878	16190	26382	20665	
13850		19699	13732	16193	14247	72160	
232146		67792	12495	16391	22379	103743	
22350		19894	16456	57444	14282	67971	
14066		102614	210998	108829	231931	66949	
56473		20370	14129	21847	14676	70747	
13998		20513	229499	16822	23890	22239	
14164		26458	80891	16978	14960		
14184		22348	108101	17133	14998		
116701		105727	14159	26410	14991		
14221		20541	23880	17210	15212		
14230		56468	14537	171531	15242		
14261		20604	14594	208104	15446		
56188		20972	63986	17534	54486		
57265			78816	69774	74096		
14405			75612	73656	213002		
14560			105348	68774	16154		
14623			106512	17869	16155		
104174			110355	17874	16170		
14633			14824	17969	16331		
14661			110006	17970	15900		
14756			14961	17972	117198		
14813			14972	18035	239217		
12950			15001	18037	259277		
15483			171285	80859	52855		
56741			15163	74091	16819		
16008			64209	233571	19141		
16404			15277	671535	16909		
209378			15439	547253	107321		
140492			15939	18626	80877		
66277			15979	56193	16970		
16779			80719	58801	233328		
16816			16164	19332	17002		
243914			60504	74760	17095		
16870			16194	215449	17110		
30937			16197	54720	16658		
210126			27056	19697	17159		
16206			54396	74734	17215		
228357			16414	19766	17305		
17304			16477	24014	17476		
170790			16598	75234	218203		
17387			23849	56437	246177		
17909			16768	12394	72560		
17920			18826	67742	74039		
75541			16854	18787	18054		
17986			16859	55942	99543		
18128			17084	23921	70839		
18212			17087	20491	64099		
18217			17096	65221	30955		
102644			17258	67547	18805		
75475			58805	207818	104759		
23972			17533	12702	72324		
18508			17698	20732	65112		
18596			17886	59010	68507		
27273			17912	19073	18753		
56376			17948	20963	16912		
69239			17951	21354	19253		
18679			105855	21817	15170		
18682			224109	24088	66824		
27226			27355	21899	54153		
19013			18591	170743	19731		
53412			56744	72512	19735		
116847			227696	21928	20111		
19125			18707	22019	20201		
19283			192654	20128	20202		
19309			234779	12257	56045		
19682			67220	67951	24044		
13609			67448	22228	20345		
219151			269823	22323	98365		
20255			17872	22324	104681		
20971			19128	22695	67712		
20351			230257		56485		
68607			19224		228875		
20498			19264		56857		
108052			54354		53945		
57738			170791		69178		
20511			226594		54613		
20512			19696		27060		
55963			50778		21682		
76257			56470		21810		
98396			58809		21812		
53896			20195		21815		
58807			74131		230787		
20598			26943		211550		
57319			54673		21898		
81840			233186		319880		
81879			20469		231633		
68385			54353		68487		
192216			18173		21938		
214359			20540		24099		
29820			100127111		83433		
66873			20375		217333		
83925			14270		74153		
50500			225027		54445		
22329			192187		22320		
22339			20852		69922		
97064			21356				
			21391				
			21452				
			21788				
			21803				
			21813				
			21897				
			107769				
			217353				
			227612				
			76681				
			94094				
			22368				
			22177				
			74048				
			11906				
			22751				
