Astrocyte	BrainstemCholin	Dopaminergic	Microglia	Microglia_activation	Microglia_deactivation	Oligo	Serotonergic
209378	12484	116811	110956	18035	70839	14618	16619
225998	78977	75745	12655	57444	69922	70747	15564
75541	211480	21823	27056	17210	72560	20665	74175
13527	56016	18227	17912	547253	246177	66949	260298
17387	19142	11440	192232	20491	17305	227753	20519
56376	80888	18208	14594	12259	67246	53897	13024
20598	72269	56808	14270	14130	319880	102693	66402
12444	16392	13162	94212	19766	15170	22239	11936
214359	12310	18752	74048	12524	68964	17441	15567
21859	13136	110876	26377	18787	56504	211945	14462
27360	246048	60597	15439	19073	13709	66124	26366
23972	66952	319317	57259	20308	76088	19337	22044
29873	57816	320405	58805	16172	30955	68458	353236
107747	12695	23963	26401	17970	64099	213019	15006
76187	106564		105348	171531	54445	50913	66815
67896	16852		18686	11977	50934	21827	12705
13998	19132		12514	11796	17110	225341	68355
104174	20750		12227	21928	230787	14431	19218
102644	13599		23849	12260	56708		
17304	15507		67103	18037	14960		
30956	239405		12010	69774	16819		
210126	20508		329154	20321	21812		
13175	16373		228839	12774	67213		
14184	243328		15163	16978	16155		
53896	66425		18707	80859	53945		
18679	227733		67448	67742	12489		
58807	52331		63986	73690	224860		
14813	24111		80281	16176	17952		
70097	116903		64209	16193	11629		
72014	57780		21452	16391	66824		
16007	29867		70415	22033	69178		
104776	67405		16197	12394	14998		
53412	50795		233186	56706	19141		
107869	12306		15277	21354	19650		
13138			17084	12702	21898		
14633			16477	12522	13051		
29820			80898	15216	15985		
18508			17001	26410	23871		
18760			20375	73656	216445		
67916			94094	20310	102545		
26362			22177	19354	74039		
17909			14961	72512	13713		
13618			100182	228790	16154		
56448			230257	80285	67865		
97064			14159	22324	227929		
18212			140497	12508	27060		
20971			18591	66102	114249		
30937			81489	74734	71706		
14366			19079	15894	99543		
13649			58809	56193	17476		
68738			14129	17969	171207		
74114			14537	16822	80877		
229534			16164	20963	19253		
14230			16414	65972	11576		
20512			17258	12013	239217		
108052			23880	74213	11727		
76257			70719	65221	17159		
20678			58861	23921	52855		
81879			60504	74760	74096		
11829			27355	16190	54613		
74519			15936	17874	107373		
68385			21391	14127	54486		
58187			12262	22019	217333		
13123			17948	13654	98365		
20498			20305	14131	56644		
22329			11690	15945	223433		
83925			17096	24088	20202		
20787			13036	21847	15212		
15483			216991	14605	16970		
19125			16768	170743	16331		
12411			21803	20293	15242		
13731			64138	21899	12335		
22350			234779	20732	21810		
66873			17951	22695	18805		
57738			50498	17972	107321		
12830			11656	16145	20201		
16870			14824	16175	231633		
14221			23845	15937	12506		
56473			108101	12608	14247		
11758			229499	108829	218203		
18128			106512	208104	16170		
19038			110006	21817	12796		
57265			219140	80910	16658		
12494			171285	20303	12229		
18682			12628	12363	20345		
58237			67477	207818	233328		
54326			227612	53376	192193		
16816			76681	74091	217303		
14623			16194	68774	16912		
108686			56744	15162	16909		
22330			16598	99100	54153		
19283			15939	671535	21815		
50500			20469	60322	72691		
12505			13040	56437	83433		
57319			226594	20128	11555		
16404			67603	15284	16985		
81840			54199	18793	18018		
98396			12267	12984	18054		
22339			17921	21926	213002		
232146			269823	13025	17060		
14560			75458	58801	56485		
116847			74131	20296	268903		
329828			19264	14595	22320		
16008			224109	12475	104759		
22421			227696	67951	18753		
11816			20852	18626	56857		
27226			13732	55942	17002		
216739			100127111	233571	231931		
140492			216869	19332	15900		
67111			13733		68487		
69239			18173		106952		
12496			17533		74153		
19013			11745		70497		
26941			12493		21938		
13850			225027		11554		
219151			21813		67712		
223254			19224		12986		
75475			107350		23890		
11761			74030		15446		
14261			16859		381319		
106648			192654		68891		
64385			12960		72324		
94180			11810		259277		
69538			105855		27419		
14066			80719		26888		
17986			114584		12606		
19309			12490		11910		
18217			94176		193740		
			12495		17095		
			78816		21682		
			20302		20111		
			17872		76408		
			217353		11857		
			20540		26382		
			13057		14676		
			19696		104681		
			74211		211550		
			54354		24099		
			14972				
			17087				
			50778				
			21897				
			67220				
			23833				
			12370				
			12362				
			80891				
			19128				
			16854				
			17698				
			192187				
			15979				
			15001				
			16456				
