Astrocyte	ForebrainCholin	Microglia	Microglia_activation	Microglia_deactivation	Oligo	Spiny
209378	78977	110956	18035	70839	67149	268482
225998	22771	23943	57444	69922	67801	20183
75541	14706	12655	17210	72560	17196	217371
12406	73737	27056	547253	16792	56363	18574
13527	76917	192232	20491	246177	18952	14169
17387	66423	14594	12259	17305	14618	14025
20598	80888	14270	17534	67246	74559	59046
214359	64085	94212	14130	319880	14912	108100
21859	18053	74048	19766	15170	70747	74100
27360	72269	26377	12524	68964	17433	72309
23972	20257	15439	18787	56504	17988	52897
29873	19217	57259	19073	13709	14745	268859
11639	22248	107769	20308	76088	20665	17919
107747	78593	58805	16172	30955	66949	64378
76187	21338	21356	17970	64099	17153	13395
67896	14419	105348	171531	54445	68743	19259
13998	213417	18686	11977	50934	227753	11472
104174	14226	12514	14455	14991	11484	104027
52538	228543	12227	11796	17110	13038	12296
102644	66402	18826	21928	17215	53897	23984
18028	20618	23849	12260	230787	240913	16438
14164	14702	67103	18037	68750	56356	29863
20652	63993	12010	69774	56708	105439	67792
17304	18548	329154	20321	14960	102693	13829
98660	13599	228839	12774	16819	103743	19049
12759	72185	54396	22146	70031	72287	64011
16324	27220	18783	16978	21812	13195	56012
30956	15507	15163	80859	67213	22239	73712
74013	11423	18707	67742	16155	338521	208618
11541	14778	67448	73690	53945	50915	108655
210126	19711	63986	16176	12489	84004	57138
56615	20508	80281	16193	17952	18417	108699
14600	18768	64209	22033	12978	17441	14403
13175	20195	21452	12394	11629	211945	67252
14184	18216	16197	56706	66824	100434	11847
53896	14573	233186	21354	69178	18823	73420
18679	16875	15277	12702	14998	73940	58208
20511	16874	17084	12522	19141	66124	110876
14182	12904	16477	15216	19650	12955	218772
13860	66815	80898	22228	21898	17136	12810
58807	71733	17001	70110	13051	11815	20451
14813	13008	20375	26410	15985	68458	17536
70097	14570	433375	73656	23871	18088	225870
72014	22065	94094	20310	216445	213019	57775
16007	13180	22177	19354	102545	72160	545156
104776		14961	12795	24044	16763	15444
53412		100182	17133	74039	50913	18197
107869		230257	72512	13713	21827	19739
72792		14159	80285	16154	27219	72003
67122		140497	22324	67865	225341	18143
13138		18591	12508	227929	14431	67295
17035		81489	66102	27060	94226	226922
14633		19079	58185	99543		11941
29820		11906	74734	20148		20620
19249		58809	15894	17476		16497
18508		14129	56193	171207		77590
18760		14537	17969	80877		104886
26362		16164	16822	19253		16493
17909		21788	20963	11576		18040
216190		16414	65972	239217		140781
21808		171504	65221	11727		207728
16779		23880	23921	17159		12716
13618		70719	74760	52855		76161
56448		58861	24014	74096		235604
97064		60504	16190	54613		66425
17920		27355	17874	107373		22348
223227		15936	14127	54486		18039
18212		21391	22019	217333		244867
216616		12262	13654	98365		380928
319757		17948	14131	56644		228550
16011		12721	15945	223433		232441
20971		20305	67547	20202		15930
30937		11690	24088	15212		237761
14366		17096	21847	16970		12323
13649		17886	14605	16331		
56741		13036	170743	15242		
68738		216991	20293	12335		
13371		16768	21899	21810		
74114		21803	71586	18805		
50781		64138	20732	107321		
20351		234779	22695	20201		
55963		17951	17972	231633		
27494		50498	16145	12506		
56188		11656	16175	14247		
14230		14824	15937	218203		
20512		23845	12608	16170		
12950		108101	208104	12796		
14609		12835	21817	16658		
108052		229499	80910	13593		
14451		106512	20303	12229		
14114		110006	12363	20345		
192216		171285	207818	233328		
76257		12628	74091	192193		
20678		98878	68774	140570		
81879		67477	15162	217303		
11829		227612	99100	16952		
14862		76681	671535	16912		
74519		16194	60322	54153		
14619		56744	56437	14282		
68385		16598	20128	21815		
58187		15939	15284	72691		
13123		20469	18793	83433		
20498		13040	12984	11555		
22329		226594	21926	69068		
20787		67603	13025	18018		
15483		54199	58801	18054		
13004		12267	20296	213002		
64297		17921	14595	17060		
19125		269823	12475	56485		
12411		75458	19697	268903		
14400		22368	67951	11513		
13731		74131	21937	22320		
11426		19264	233571	104759		
20917		224109	19332	18753		
22350		227696		56857		
66873		20852		17002		
57738		75612		22379		
12830		78889		231931		
16870		13732		15900		
14221		100127111		68487		
56473		216869		106952		
18128		13733		74153		
19038		18173		70497		
243914		17533		21938		
57265		11745		19267		
12494		12493		107375		
18682		106582		67712		
58237		225027		12986		
114713		21813		23890		
54326		19224		15446		
16816		107350		381319		
14623		16859		68891		
16206		192654		259277		
22330		12960		26888		
19283		11810		12606		
50500		236790		11910		
215819		66775		17095		
14766		105855		21682		
57319		80719		20111		
68607		114584		76408		
18596		12490		170706		
106861		94176		26382		
11668		56470		14676		
16404		12495		104681		
16562		78816		211550		
20255		20302		24099		
81840		17872				
58238		217353				
110078		20540				
98396		13057				
22339		19696				
232146		74211				
14560		54354				
14405		14972				
76267		17087				
116847		50778				
329828		21897				
16008		67220				
11932		23833				
22421		12370				
27273		12362				
11816		80891				
27226		19128				
216739		16854				
140492		17698				
67111		192187				
69239		15979				
12496		15001				
19013		16456				
26941		229600				
13850						
219151						
170790						
223254						
232333						
75475						
11761						
14261						
106648						
13609						
26942						
14756						
64385						
94180						
15903						
69538						
14066						
17986						
13602						
19309						
18217						
13650						
