Astrocyte	Ependymal	Microglia	Microglia_activation	Microglia_deactivation	Oligo
30956	12316	74211	14595	76408	70025
94180	20878	67477	11796	11555	11735
216739	58208	433256	12363	11576	68743
76187	140723	216991	20293	11629	11815
11606	12458	13733	20296	11727	11484
329828	12479	100182	20308	16952	18557
107747	12484	329154	12774	106952	18417
11761	107995	11745	12524	70497	13195
11829	66953	70719	12608	171207	252864
98660	107934	216869	12984	216445	66959
11932	229841	107350	13025	11857	192657
26362	108000	12267	15945	381319	74559
72014	107932	12362	66102	12229	338521
12411	12890	12370	20310	72691	53897
67896	13008	20305	14127	12796	14431
12494	229473	140497	14130	12335	14618
58187	66686	12490	73690	68891	50915
12759	13193	12493	80910	217303	66124
12830	13390	23833	15162	12489	71529
107869	111970	12514	15216	12506	16485
56448	13392	12628	15284	15985	67557
74519	13395	12655	15937	56708	225341
64385	15569	23845	65972	26888	14745
106648	14417	114584	70110	56644	17136
13123	68616	12721	16175	102545	17758
16007	75426	12960	16190	70031	17433
13371	57444	13036	16193	12986	17441
50781	73804	80281	16391	68964	17988
13649	17755	13057	21847	227929	29862
54326	217653	58861	16822	76088	67149
12496	17345	26377	26410	13593	14912
13850	17932	94176	171531	192193	50913
14066	215387	50498	17534	13713	213019
56473	27528	98878	69774	23871	211945
14164	108907	13732	73656	223433	67801
14184	93686	12495	68774	107373	18991
14221	75745	16456	17874	26382	68458
14230	74194	14129	17969	14247	18762
14261	20419	229499	17970	231931	19337
57265	240726	14159	17972	14676	94226
14400	20666	23880	18037	14960	18952
14405	20450	14537	80859	14998	27219
14560	24001	14594	233571	14991	105439
14600	19240	63986	671535	15242	20665
14619	21973	78816	547253	15446	83671
14623	68612	105348	58801	54486	56363
104174	142682	106512	19332	74096	72160
14633	170753	15001	74760	213002	21952
14756	68014	171285	19354	16154	74257
195733		15163	74734	16155	70747
14813		15277	75234	16170	22153
12950		192232	56437	16331	14038
15483		15939	12394	239217	
56741		80719	67742	259277	
16008		16164	18787	52855	
16404		60504	23921	16819	
209378		16194	20491	16909	
16525		16197	65221	107321	
140492		27056	67547	16970	
16779		16414	207818	233328	
16816		16477	12702	17002	
16870		23849	20732	17095	
210126		16768	20963	16658	
16206		18826	21817	17159	
66725		16859	24088	17305	
170790		17001	170743	218203	
75541		17087	72512	246177	
18217		17096	21926	72560	
23972		17258	21928	17952	
18596		58805	22019	74039	
69239		17533	20128	114249	
18682		17886	67951	64099	
27226		17921	22324	30955	
19013		17948	22695	224860	
19038		17951		104759	
116847		224109		72324	
19125		27355		68507	
110078		18591		16912	
19309		56744		19253	
19737		18707		15170	
225998		192654		54153	
13609		234779		20111	
219151		67220		98365	
20255		67448		56485	
20351		269823		53945	
108052		19128		50934	
57738		19271		69780	
20511		54354		69178	
20512		226594		54613	
55963		19696		27060	
76257		56470		21682	
98396		74131		21810	
54403		26943		21815	
53896		233186		230787	
58807		20469		21898	
57319		18173		68487	
81840		20540		21938	
81879		219140		24099	
21808		20375		83433	
21859		14270		217333	
68385		192187		74153	
142980		20852		54445	
192216		70415		22320	
214359		21356			
29820		21391			
66873		21803			
50500		21897			
57257		107769			
22329		217353			
22330		76681			
22339		94094			
97064		22368			
		74048			
