Astrocyte	Dopaminergic	Microglia	Microglia_activation	Microglia_deactivation	Oligo
209378	116811	110956	18035	70839	21952
225998	17957	12655	57444	69922	14618
75541	59093	27056	17210	72560	70747
13527	75745	17912	547253	246177	66949
12444	15569	192232	20491	17305	68743
23972	17470	14594	12259	319880	192657
29873	21823	14270	14130	15170	53897
107747	12653	74048	12524	68964	50915
76187	18227	26377	18787	76088	17441
67896	11440	15439	19073	30955	211945
13998	64085	107769	20308	64099	78303
104174	108013	58805	17970	54445	66124
102644	229706	105348	171531	50934	19337
12759	20603	12514	11796	68507	68458
210126	14406	18826	21928	14991	11565
14184	12889	23849	12260	17110	213019
53896	20265	67103	18037	230787	50913
58807	56808	329154	69774	56708	225341
14813	66797	15163	20321	14960	14431
72014	67792	18707	12774	16819	
16007	78593	67448	16978	21812	
53412	80883	63986	80859	16155	
107869	21338	80281	67742	53945	
17035	20983	64209	73690	12489	
14633	67260	21452	16176	224860	
29820	13483	70415	16193	11629	
18508	217340	16197	16391	66824	
18760	57138	233186	12394	69178	
67916	14783	15277	56706	14998	
26362	13821	17084	12702	19141	
56448	20745	16477	12522	21898	
97064	13162	80898	15216	13051	
30937	18752	17001	22228	15985	
13649	11516	20375	70110	23871	
68738	110876	94094	26410	216445	
229534	12570	22177	73656	102545	
14230	22342	14961	20310	74039	
20512	60597	100182	72512	13713	
108052	57775	14159	22324	16154	
76257	18197	140497	12508	67865	
81879	93688	18591	66102	227929	
11829	12652	81489	74734	99543	
74519	16498	19079	15894	17476	
68385	20618	58809	56193	171207	
58187	11941	14129	17969	80877	
13123	319317	14537	16822	19253	
22329	19713	16164	20963	11576	
15483	18548	16414	65972	239217	
19125	20254	17258	65221	11727	
12411	53623	23880	23921	17159	
13731	13807	70719	74760	52855	
22350	13056	58861	16190	74096	
66873	320405	60504	17874	54613	
57738	13386	27355	14127	107373	
12830	19711	15936	22019	54486	
16870	20733	21391	13654	217333	
14221	12308	12262	14131	98365	
56473	23963	17948	15945	56644	
18128	94229	20305	24088	223433	
57265		11690	21847	20202	
12494		17096	14605	15212	
18682		13036	170743	16970	
66277		216991	20293	16331	
54326		16768	20732	15242	
16816		21803	22695	12335	
14623		64138	17972	23894	
22330		234779	16175	21810	
19283		17951	15937	107321	
50500		50498	12608	20201	
57319		11656	208104	231633	
106861		14824	80910	12506	
16404		23845	20303	14247	
20255		108101	12363	218203	
81840		229499	207818	16170	
98396		106512	74091	12796	
22339		110006	68774	16658	
232146		219140	15162	12229	
14560		171285	99100	20345	
116847		12628	671535	233328	
329828		67477	56437	192193	
16008		227612	20128	217303	
22421		76681	15284	16912	
27226		16194	18793	16909	
216739		56744	21926	54153	
140492		16598	13025	14282	
69239		15939	58801	21815	
12496		20469	20296	72691	
19013		13040	14595	83433	
13850		226594	12475	11555	
219151		54199	67951	16985	
11761		12267	55942	18054	
14261		17921	233571	213002	
106648		269823	19332	17060	
64385		74131		56485	
94180		19264		268903	
14066		224109		22320	
17986		227696		104759	
18217		20852		18753	
		13732		56857	
		100127111		17002	
		216869		231931	
		13733		15900	
		18173		68487	
		17533		106952	
		11745		74153	
		12493		70497	
		225027		21938	
		21813		11554	
		19224		12986	
		107350		23890	
		16859		15446	
		192654		381319	
		12960		68891	
		105855		72324	
		80719		259277	
		114584		26888	
		12490		12606	
		94176		11910	
		56470		17095	
		12495		21682	
		78816		20111	
		20302		76408	
		17872		11857	
		217353		26382	
		20540		14676	
		13057		104681	
		19696		211550	
		74211		24099	
		54354			
		14972			
		17087			
		50778			
		21897			
		67220			
		23833			
		12370			
		12362			
		80891			
		19128			
		16854			
		17698			
		192187			
		15979			
		15001			
		16456			
