Astrocyte	GabaReln	Hypocretinergic	Microglia	Microglia_activation	Microglia_deactivation	Oligo	ThalamusCholin
209378	72413	69908	110956	18035	70839	21952	216233
75541	59093	12565	12655	57444	69922	67801	22178
12406	231440	14528	27056	17210	72560	66066	20686
13527	23964	68567	17912	547253	16792	71529	21928
56376	234797	12922	192232	20491	246177	18952	18227
12444	17263	64242	14594	12259	17305	14618	17311
20682	26875	20194	14270	17534	67246	74559	15564
214359	94332	15171	74048	14538	319880	14912	66042
21859	21955	22045	170791	14130	15170	17433	227929
77559	19281	56534	26377	19766	68964	14745	212531
27360	14417	15114	15439	12524	13709	20665	16531
23972	66970	12425	57259	18787	76088	66949	18012
29873	20527	13162	107769	19073	30955	68743	13591
11639	11440	16009	58805	20308	64099	227753	21414
107747	20192	13447	105348	16172	54445	11484	53608
76187	18195	15372	18686	17970	50934	53897	66952
67896	229706	228543	12514	171531	14991	240913	56846
13998	72269	103988	18826	11977	17110	105439	20349
104174	16438	54376	23849	11796	17215	103743	22774
52538	56808	16939	67103	12260	230787	338521	74053
102644	12289	54140	12010	18037	56708	18417	110834
18028	16000	105853	329154	69774	14960	17441	54352
19737	93892	12683	54396	20321	16819	211945	620078
20652	21338	18548	15163	12774	21812	100434	20618
17304	14799	16493	18707	16978	67213	73940	56066
98660	219257	80334	67448	80859	16155	66124	17116
12759	11819	14778	63986	67742	53945	17136	140781
30956	16869	13386	80281	73690	12489	11815	207728
11541	16502	18216	21452	16176	224860	68458	12297
210126	21349	192199	70415	16193	17952	213019	16372
13175	11847	76770	16197	16391	12978	72160	104271
14184	100303646	20733	233186	12394	11629	50913	70357
53896	22255	18610	15277	56706	66824	27219	320405
18679	170826	67405	17084	12702	69178	225341	20508
20511	12300	14570	16477	12522	14998	14431	17380
14182	319317		80898	15216	19141	94226	16373
58807	170677		17001	22228	21898		230899
14813	12291		20375	70110	13051		20606
70097	19699		94094	26410	15985		218763
72014	14409		22177	73656	23871		21334
16007	20370		14961	20310	216445		
53412	214189		100182	19354	102545		
107869	102614		230257	72512	24044		
67122	14462		14159	228790	13713		
13138	14408		26943	80285	16154		
14633	15165		140497	22324	27060		
29820	109594		18591	12508	114249		
18508	244867		81489	66102	99543		
18760	14160		19079	74734	17476		
16443	107831		11906	15894	171207		
26362	18424		58809	56193	80877		
17909	18155		14129	17969	19253		
16779	235415		14537	16822	11576		
13618	94229		16164	20963	239217		
56448			16414	65972	11727		
97064			17258	65221	17159		
17920			19271	23921	52855		
18212			23880	74760	74096		
54403			70719	24014	231871		
16011			58861	16190	54613		
20971			60504	17874	107373		
30937			27355	170625	54486		
14366			15936	14127	217333		
13649			21391	22019	98365		
56741			12262	12257	56644		
13371			17948	13654	223433		
50781			12721	14131	20202		
55963			20305	15945	15212		
229534			11690	67547	16970		
27494			17096	24088	16331		
56188			17886	21847	15242		
14230			13036	14605	12335		
20512			216991	170743	21810		
12950			16768	20293	18805		
108052			21803	21899	107321		
192216			64138	71586	20201		
76257			234779	20732	17260		
81879			17951	22695	231633		
11829			50498	17972	12506		
74519			11656	16175	14247		
14619			14824	15937	218203		
68385			23845	12608	16170		
58187			108101	108829	12796		
13123			229499	208104	16658		
20498			106512	21817	12229		
22329			110006	80910	20345		
83925			219140	20303	233328		
15483			171285	12363	192193		
13004			12628	207818	217303		
19125			67477	53376	16952		
12411			227612	75234	16912		
13731			76681	74091	54153		
22350			16194	68774	21815		
66873			56744	15162	72691		
57738			16598	99100	83433		
12830			15939	671535	11555		
14221			20469	60322	18054		
56473			13040	20128	213002		
18128			226594	15284	17060		
19038			54199	18793	56485		
234356			12267	12984	268903		
243914			17921	21926	11513		
57265			269823	13025	22320		
12494			75458	58801	104759		
18682			74131	20296	56857		
66277			19264	17869	17002		
58237			224109	14595	231931		
54326			227696	12475	15900		
16816			20852	19697	68487		
14623			13732	67951	106952		
16206			100127111	18626	74153		
108686			216869	233571	70497		
22330			13733	19332	21938		
19283			18173		11554		
50500			17533		107375		
215819			11745		67712		
57319			12493		12986		
68607			225027		23890		
18596			21813		15446		
16404			19224		381319		
20255			107350		68891		
116701			74030		72324		
81840			16859		259277		
110078			192654		26888		
98396			54353		12606		
22339			12960		11910		
232146			11810		193740		
14560			66775		17095		
14405			105855		21682		
116847			80719		20111		
329828			114584		76408		
16008			12490		11857		
11932			94176		26382		
22421			12495		14676		
27273			78816		104681		
27226			20302		211550		
216739			17872		24099		
69239			217353				
12496			20540				
19013			13057				
13850			19696				
219151			74211				
170790			54354				
223254			14972				
75475			17087				
11761			50778				
14261			21897				
106648			67220				
13609			23833				
14756			12370				
64385			12362				
94180			80891				
69538			19128				
14066			17698				
17986			192187				
13602			15979				
18217			15001				
228357			16456				
