30956
52538
216739
27360
14766
76187
11541
329828
104776
27494
69538
11761
216190
26362
12032
72014
12411
12494
12759
12830
54381
74114
29873
107869
13110
64385
106648
16007
329877
13527
13618
13649
68801
12496
13850
76267
56473
218952
13998
116701
14221
14230
14261
57265
14366
14405
14661
14756
70757
16173
16404
16779
16870
30937
210126
228357
66234
67111
75541
67122
102644
75475
23972
54635
18596
27273
69239
18679
18682
19013
11758
19125
19249
110078
67442
74013
19771
76892
225998
70097
68607
20498
76257
98396
20598
81840
223227
20682
20787
20917
81879
29820
83925
22329
22330
