Slco1c1 6.68879237815425 0.776409740269385 0.760714045908182
Dio2 6.51861139745252 0.587007932177513 0.54511720716431
Mlc1 6.48376562772213 0.61110198137953 0.570335030777718
Cyp4f15 6.36769063852263 0.866424520769659 0.840546828136223
Slc7a10 6.36649848843113 0.802534919326321 0.811743575376596
Acsbg1 6.34152754485252 0.832580480048172 0.848146629069874
Tnfrsf19 6.23375835434502 0.823420822836745 0.841263179133067
AI464131 6.14363404122612 0.850981339741945 0.873227347698636
Slc1a2 6.10760492206524 0.542943948671566 0.435495041385004
Ezr 6.08145272893804 0.812040778228156 0.841725166426463
Fgfr3 6.03073122516934 0.710976905482376 0.775423851367906
Tril 5.99080202417516 0.745031216348481 0.806142741710318
Lhx2 5.9033380285626 0.690885146757487 0.610148485900611
Bcan 5.85067477141242 0.639285634104334 0.745927732045758
F3 5.84533314415058 0.742850017783484 0.722474428275171
Gpr37l1 5.83899400849078 0.561176900067114 0.733083747780239
Slc1a3 5.78967758349696 0.699733958170872 0.698324342859486
Cth 5.73601858340698 0.823821267089491 0.815719197888649
Foxg1 5.72681426188684 0.338735782154314 0.10027705199262
Xist 5.70617597096154 0.474523600694274 0.0438292083858103
Cldn10 5.69953349435044 0.806423724107071 0.725881227177818
Grin2c 5.68581731524578 0.715729883225693 0.716263942804762
Mertk 5.680572700105 0.695073276467379 0.0261893883636564
Ncan 5.66685689068565 0.5556390476679 0.683765659718539
Adhfe1 5.66354721529524 0.699693323692581 0.712598130426396
Aldh1l1 5.61963329180645 0.839385113454288 0.846807638617003
Oaf 5.6123850101346 0.746683374912111 0.798644918569623
Fzd2 5.59754936197627 0.760016779235378 0.771323280086366
Slc38a3 5.57040685840357 0.749637617602728 0.726120913308512
Elovl2 5.56426644626177 0.854023771381493 0.858165758214335
Slc15a2 5.55995103050622 0.805682919900832 0.840974963530928
Ccn1 5.55492064663525 0.883405663878708 0.857742276936229
Atp1a2 5.4919783755858 0.486584091310612 0.533067219743394
Gldc 5.46749854277857 0.735153732805089 0.734191753881614
Plpp3 5.46723064976263 0.648485559462941 0.778846345778169
Cyp2d22 5.46450147440569 0.81374788837898 0.834156706712046
Pdgfrb 5.46010261075528 0.558351700974855 0.437362412310218
Gpm6b 5.43277748479429 0.368570657810835 0.327706582400241
Ntsr2 5.42823366253427 0.708674765000395 0.728002606316933
Fmo1 5.38880380113786 0.731623711279235 0.733062924793304
Scara3 5.34985095000457 0.764421253923838 0.788206465049001
Wwtr1 5.3354484026282 0.794459356906556 0.756990704355561
S1pr1 5.32187718881922 0.646582239433129 0.639516520860364
Eva1a 5.26887980657044 0.706704837861981 0.738276592709824
Pla2g7 5.25860177537113 0.704711709490127 0.748024887333355
Vcam1 5.21861024338467 0.682744686913006 0.729639780221502
Aqp4 5.19076139849721 0.650880930994015 0.609733350182184
Cyp4f14 5.13874368241081 0.853890940600334 0.858832994772507
Ccdc80 5.11306968639207 0.821944309887071 0.813732133061766
Cbs 5.0866750472565 0.745735161749948 0.7259188510466
Gjb6 5.03959728573996 0.720958311424763 0.734317573133935
Tlcd1 5.02455500509198 0.668795186444905 0.674201218864763
Gdf10 5.01292816654809 0.851045367252917 0.855463173008637
Cyp2j9 5.00895007543086 0.605559340456321 0.716019828295686
Ptprz1 4.98359018242732 0.505210299202624 0.704948405919192
Pbxip1 4.98125014880021 0.74064890627738 0.720814282442406
Prodh 4.97963872581555 0.789649258413121 0.767646958716964
Slc14a1 4.94597156453429 0.830864367032312 0.81487755164395
Htra1 4.94002017946143 0.541648924419134 0.622722836961478
Igfbp2 4.91374094261029 0.749125057121992 0.728248012641842
Nrarp 4.89719808068133 0.60429860703705 0.482849134485129
Axl 4.8953385910971 0.694666888480293 0.655573428784399
Emp2 4.88829946714578 0.793539609030495 0.7689709209876
Itih5 4.86552943799172 0.73662773560448 0.73918884957296
Mfge8 4.86264993598345 0.567423293352509 0.626842501308087
Phkg1 4.85203545136071 0.840301437170492 0.813405923972753
Dclk1 4.83672638755544 0.510993508434859 0.53694639935144
Ttyh1 4.83584132936946 0.358647777495906 0.468711103638896
Egfr 4.81676251648041 0.830882299349067 0.775362133211993
Tlr3 4.8106761743751 0.601516393541922 0.613500097012706
Sox2 4.80516611404856 0.414432236131275 0.2568584868296
Fjx1 4.77614330459648 0.788501105210021 0.863273194673217
Ttpa 4.74309391770783 0.825688063241887 0.772672191450678
Slc4a4 4.73125894126487 0.404111139956385 0.346056712828552
Id3 4.72404464181016 0.612516919333779 0.455648052233081
Prkd1 4.70776150046487 0.696674187644936 0.67864565889689
Hapln1 4.70588513370295 0.671404182586056 0.616397379449466
Myo6 4.70229355449148 0.479913524708427 0.540453592895223
Hes5 4.68855185306367 0.286013225573328 0.269336182674246
Papss2 4.67626777077615 0.794917547199818 0.734667449623514
Rlbp1 4.64538763823675 0.507359011681181 0.151462428712924
Entpd2 4.61430214982876 0.735609421840467 0.754316260563407
Hsd11b1 4.59984743226029 0.806513261176026 0.815615930306323
Scrg1 4.58937673650992 0.38821319830052 0.112704087755725
Gli2 4.58523057233335 0.803551586187874 0.758859490315648
Apoe 4.5681410750616 0.623796341735725 0.666574378143419
Itih3 4.55501656208412 0.233871624092576 0.183021296056439
Ntrk2 4.54945992861115 0.652464019034816 0.728940262777291
Ccnd2 4.53438052716734 0.677746765240752 0.592747707777418
Amot 4.52878090025203 0.513855321089026 0.653154020000125
Lcat 4.48602802759854 0.82808633093618 0.81789719119493
Acss1 4.47894950483206 0.676696918211113 0.68089049441288
Timp3 4.45136587693748 0.653099968196586 0.619897536680506
Glul 4.44114879777737 0.359013304397333 0.483954526692674
Cyp7b1 4.43709745151014 0.779131447713329 0.815562645959806
Rapgef3 4.43671818613432 0.00647835412363967 0.0493475853390586
Fkbp10 4.42520808459824 0.819031921053367 0.814961011595599
Itprid2 4.42095463813419 0.637162966782031 0.159678465284474
Klf4 4.41436487755725 0.54530875031461 0.471210838394412
Igfbp5 4.39375272318078 0.203447933275925 0.434177623272234
Ptpn13 4.36690653361077 0.626199538483464 0.426598513895313
Col4a5 4.35867858428795 0.790403653282276 0.779928493373434
Sorcs2 4.34924794832206 0.780899982341705 0.774122465958979
Ndp 4.32909497600898 0.71745066526993 0.631767424613954
Atp1b2 4.27119488664988 0.271364918290241 0.402763001051361
Slc12a4 4.26178196213646 0.720033599980506 0.703455991387444
Selenbp1|Selenbp2 4.25435012977495 0.59413190808384 0.707398188952318
Slc6a1 4.24285982396705 0.465157099851889 0.50982720140127
Lrig1 4.23537609134856 0.603978403132541 0.557901101023254
Abca1 4.2174298453227 0.648604762745084 0.134537026901349
Gas1 4.21645560069343 0.567554250831985 0.433860113387943
Fabp7 4.21630000254977 0.356704608621302 0.177649719014433
Ednrb 4.20505442702464 0.654177835757739 0.520434038689209
Lmcd1 4.1960421137984 0.674929833220599 0.54919992736903
Cd38 4.19019927601721 0.82124543553592 0.780415940143321
Sash1 4.1839728587467 0.625371731328583 0.78326788985884
Arx 4.15790955324121 0.55887897530288 0.485772261528614
Sept8 4.15684690283621 0.477941010933572 0.255090336416462
Nat8f4 4.13468675163148 0.781862492622711 0.774272554907464
Pon2 4.13334293648615 0.427093458410369 0.559229481171783
Dtna 4.13293799236589 0.710382823578137 0.754114916884257
Prom1 4.12474442398113 0.335251922427752 0.280166162214014
Oplah 4.10802785802301 0.768601971050034 0.872260674258687
Slc41a1 4.08859768958421 0.84572975994554 0.840469942210889
Galnt4 4.08538727681551 0.65772365197246 -0.0888496445825484
Pdk4 4.07550688687136 0.599298294999652 0.59812531115307
Dag1 4.06350299921064 0.671889334697171 0.731620269442177
Farp1 4.06098589922723 0.498941121572332 0.500878641025168
Rhbdf1 4.05861557890857 0.491812755960542 0.430426390503547
Ctsc 4.05781150537519 0.512061002646195 0.529832847727897
Sox6 4.04679212922449 0.191334915034866 0.117995607184475
Car8 4.04105204535899 0.448739180962631 0.147790851630843
Smpd2 4.0351572594368 0.686941422327038 0.756456717943218
Btbd17 4.02954569718463 0.81766643364347 0.835303885629113
Smpdl3a 4.02655387824174 0.750696392972681 0.784727613414484
Lpp 4.02219032488256 0.82364171044157 0.688617377779324
Notch1 4.01225868454829 0.733343336568663 0.764167174464022
Fgfr2 4.01123995528438 0.246846962370085 0.224298672133077
Crot 4.0035649702787 0.562599310294972 0.598351629663525
Cspg5 3.99740506713384 0.6980306713008 0.594014793965842
Pdlim4 3.99627958807917 0.618382508590781 -0.10726267715303
Slc1a4 3.99590239649747 0.246960070415194 0.276355060422032
Rftn2 3.99023449538953 0.627700034118132 0.580022633254166
Sdc4 3.98567643397014 0.671832658003588 0.756074181812557
Cxcl14 3.97735359605549 0.561892653673875 0.475267304627807
Asrgl1 3.97733970394714 0.290265511404916 0.290279942573485
Tjp2 3.97149625167533 0.383381644532192 0.298894276727576
Macf1 3.96821520041858 -0.132928291810062 0.102752764591146
Sox21 3.96335336254149 0.60005166890477 0.428564846108335
Kcnn2 3.95472235328982 0.711371475837045 0.74782530461131
Pdzph1 3.94722969703897 0.786841983875965 0.682676867270913
Fads2 3.92480914804276 0.699516785379045 0.711694394047273
Fermt2 3.91966698857129 0.437970523544466 0.811857104378506
Ppp1r3c 3.9074899005075 0.72673301372796 0.735751623222543
Acsl6 3.90162434935907 0.622318311949904 0.683765021416649
Heph 3.89881264259022 0.694151701551114 0.620572670650959
Slc9a3r1 3.88481823783933 0.616501273043576 0.646284895513653
Wnt7a 3.88387395271265 0.722217423043961 0.632391831925148
Ccdc88a 3.87202740611646 0.665154484328208 0.688833236207511
Lpcat3 3.865154995561 0.499542939523282 0.370986664449744
Timp4 3.86351931498454 0.41608771424556 0.324236408148064
Aox1 3.85954514543219 0.699068149309524 0.605231303132747
Serpinh1 3.84498665122377 0.475660846572699 0.465032061371412
Tmem100 3.83523517381832 0.407291131667605 0.0974590490891886
Vegfa 3.83404019401426 0.808417666209304 0.757535922565363
Pygm 3.83216126810629 0.704539871404621 0.610993555483567
Ngef 3.82007098479119 0.551260282310135 0.482825392099583
Add3 3.8192110329559 0.603460773147828 0.705829514370196
Itga6 3.81629773527297 0.678495457102553 -0.124700103526212
Tgfb2 3.81618783386807 0.603267028147913 0.531263469616275
Gabrb1 3.81383644568228 0.112922321762518 0.385885541410641
Il18 3.81338637633995 0.38004732738378 0.648888538704206
Zfp36l2 3.78220964864347 0.527917374923419 -0.0397896095159471
Ephx2 3.77502873500442 0.787960463697593 0.775884783448145
Tnfaip8 3.76828724256376 0.481587289138917 -0.0687511326400445
Srebf1 3.76781884937311 0.710729142402873 0.656480012680269
Trps1 3.76353442110304 0.678801502476836 0.731823877429972
Mmp14 3.76071750317042 0.706284699240969 0.649927060941807
Txnip 3.75760390423639 0.505420730605142 0.53409481607691
Antxr1 3.75448736431073 0.64701166452354 0.703483600206241
Naaa 3.74185365259837 0.722903471542788 0.692756615237975
Pygb 3.73800283518303 0.578242948837204 0.64688090598598
Klhl5 3.73796061160931 0.33201758070369 0.0690668132570423
Pdlim5 3.73128341833877 0.638454796650977 0.689095577245787
Notch2 3.72193635205776 0.396807622294065 -0.0431145382667697
Gpld1 3.72141205362328 0.402522178088562 0.688640290010261
Phka1 3.72128425409316 0.555266374624399 0.596868706547675
Nkain4 3.71233695392838 0.663975284846619 0.578598975017792
Arap2 3.7098538358161 0.388923352684857 0.282415503192476
C4b|C4a 3.70444500702066 0.351284676784488 0.281298176260665
Id4 3.69853235482235 0.47593465385033 0.510556664812665
Ndrg2 3.68934059585428 0.176432336526427 0.297889333751306
Ptch1 3.68777598328931 0.537200528192601 0.490891873442001
Myo10 3.68638767599279 0.684694394055687 0.648873162901774
Tmem51 3.6848036258866 0.625908944635251 0.65718091844381
Gpx8 3.6756120324622 0.581810850955433 0.40611633808638
Mfrp|C1qtnf5 3.66964721450399 0.625341235688004 0.604154461349633
Sox9 3.66692716204634 0.796097110689651 0.741124656924877
Fmn2 3.65758941689168 -0.00417675321192859 0.160880611075362
Yap1 3.65446131806765 0.270785418986406 0.269288656186637
Sox5 3.64723753629203 0.628873952577689 0.594323950801034
Mgst1 3.62738337334998 0.657973091902872 0.57022102100166
Aldh6a1 3.62604315797916 0.61868591678099 0.766196560593685
Nfe2l2 3.62321703249572 0.492472502116913 0.453204696832214
Vcl 3.61889702204482 0.773451811648989 0.790040055059899
Smox 3.61580468158095 0.32709745511571 0.498146154257842
Cd44 3.6130940881149 0.610328505696107 0.549356365055534
Gpam 3.60941600994512 0.628709811366151 0.704868812122971
Hip1 3.60473713270317 0.246083952222397 0.329892699173432
Prdx6 3.59943839158667 0.604260003084381 0.656825804103533
Psat1 3.59889632493453 0.150784047605065 0.0998992642256209
Cyp2j6 3.57369772993178 0.365459986303881 0.220474368610902
Pttg1ip 3.57308000277811 0.387952962419157 0.0536159734314513
Itgb5 3.5614786033095 0.487510581277505 0.546831225308854
Aass 3.55639390145813 0.719209978830575 0.633515533679174
Celsr1 3.55375403348678 0.834968685222848 0.783146026901813
Hnrnpa2b1 3.55217018020451 0.40471018592091 0.024113012278018
Limch1 3.54888270062166 0.183527433263739 0.359459036199652
Gramd3 3.54476725564622 0.351650308771167 0.0802855762880574
Prelp 3.54430970856933 0.724519658711861 0.62483887499915
Bcar3 3.54231794933979 0.763158824974697 0.758572051290971
Epb41l2 3.53888099623131 0.318402824835932 0.345373091375369
Selenbp1|Selenbp2 3.53082913976627 0.720123946627064 0.788279036457111
Nfib 3.53015115818795 0.507763275455494 0.561687463411276
Eps8 3.52831881142205 0.502887119119583 0.32788556517269
Stk17b 3.52765339202644 0.525177721623236 -0.0309181338982068
Nde1 3.52339009642321 0.325317037918558 0.0728356395863586
Acaa2 3.52327722564603 0.78226095561038 0.759858170714653
Nr4a1 3.51927231822079 0.247209734090218 0.320125451639203
Gja1 3.51443365049671 0.373602686134195 0.511837404516982
Fxyd1 3.51205910017208 0.653698148202234 0.64810798074376
Car2 3.51071570158905 0.233699229849625 0.00128426818812924
Zfyve21 3.50813189145707 0.358963277668193 0.356912998920361
Metrn 3.50548182643523 0.500525030469017 0.304947926651721
Lgi4 3.49899840882578 0.800494894292994 0.769270741345011
Tulp3 3.49055192533483 0.690554724730837 0.685993580821231
Aldh1a1 3.48150642080825 -0.114798756630059 0.167415409964574
Acot1 3.4758854459832 0.327272752017727 -0.0615653343210839
Fos 3.47045336994819 0.424650778967207 0.415423328180705
Mmd2 3.4626253034028 0.365167857082273 0.520948834756598
Fam181b 3.46212345778016 0.618892142466126 0.51287461459383
Ppic 3.45915317944655 0.702272945000483 0.606260326207146
Phlpp1 3.44922822421624 0.446154883708135 0.326652600917714
Pax6 3.43793022133187 0.775856629746224 0.744023487542505
Kctd5 3.42843610253596 0.528517161199013 0.539425238475373
Tenm3 3.42611863200218 0.703101111046666 0.735320737688613
Ddit4l 3.40991184026653 0.607029836446925 0.335094267788676
Adgrg1 3.40852811224261 0.69664723490826 0.381297856642244
Sema4a 3.40782903464702 0.629990947592956 0.595987617290628
Ppara 3.40642356894194 0.849495140060572 0.799276126241346
Sparcl1 3.40295748518538 0.654689525565148 0.713392396678731
Lrp1 3.4003487906451 0.542103007656557 -0.155148499741134
Klf15 3.39009932820745 0.637472263919991 0.617622827277866
Asph 3.38262238170443 0.481951939730631 0.205598381384253
Zfp36l1 3.37634446239633 0.325959545384977 0.240107344389942
Mboat2 3.37338289906159 0.417085622819175 0.336516423860701
Smo 3.37222706254257 0.453733538078616 0.411357834583786
Abat 3.35100785079921 0.559086207952616 0.548810222652775
Cyp4v3 3.34167911150216 0.293341592536863 0.264748385407171
Rb1 3.33582965947519 0.56282781239525 0.550024345091782
Snord47 3.29712457670191 -0.0408637930573474 -0.176266399212185
Itga7 3.29613532605004 0.783552138950554 0.764714696150004
Suclg2 3.29064058495078 0.63497044488925 0.154705569909139
Tnc 3.27486471992054 0.694177629137288 0.60059602685343
Fgd6 3.2664734625035 0.812291020215241 0.7705441186567
Mdfic 3.24610526072564 0.442278801187651 0.313406092796586
Tfcp2l1 3.21418579012152 0.739396736075267 0.678656089490935
Rorb 3.10189009266084 0.669988736106892 0.664968540142059
Swap70 3.08042801151549 0.512409744371874 0.193880719358242
Efemp1 2.96125372232059 0.271710458133292 0.205958553115609
Vim 2.95635736291029 0.341164769068476 0.0738604009165216
Fbln1 2.95354990255915 0.58980326524201 0.461943407033664
Fzd4 2.94154885985641 0.760853110924029 0.543831054952889
Adora2b 2.879393838406 0.279526975211606 0.135543419726153
Gfap 2.85014700325351 0.380509989802898 0.217556304447147
St6galnac5 2.84923601612897 0.548364711659051 0.456716086527563
Prrx1 2.83227399215977 0.547116611828038 0.20026669389718
Pou3f4 2.82103145946631 0.273025463687994 0.164529358808138
Serhl 2.68985621577069 0.698517829175303 0.748079539117632
Tor3a 2.64406292044525 0.621933977699942 -0.189967036375195
Arhgap18 2.61511625766033 0.624804832494142 -0.162287053575659
Clcn2 2.58870298432764 0.614809440763755 0.462441553143367
Gdpd2 2.5782888159479 0.347324843763506 0.236435467450184
Rnft1 2.4702463535268 0.585755126653198 0.586831569403115
Itsn1 2.40459191277708 0.598473233417319 0.542094003570001
A2m 2.30771982865801 0.690597441240564 0.462306540408427
Aldh1a7 2.14253622694264 0.0421455599779724 -0.101277911924021
