Calcb 8.22622136261846 0.938853078538413 0.940201006125461
Sncg 8.05513459059809 0.202650117506523 0.183220225068359
Calca 7.54620812729702 0.756642796677652 0.716710925598298
Slc18a3 7.2637670645547 0.953957770984454 0.947731727719089
Prph 6.42809656047818 0.864004743692758 0.884558237775102
Sh3bgr 6.00223205680486 0.790340237580791 0.779399651872549
Spp1 5.98485499802444 0.660344116329755 0.652468273812853
Pcp4l1 5.73195356588693 0.732078107322133 0.75004318195167
Kcnj14 5.54928372415658 0.853850651404611 0.872281632297876
Isl1 5.54534658685564 0.843928285681521 0.828957543204347
Chodl 5.53552154093914 0.828255745709372 0.898045711068519
Nefh 5.51186624108989 0.49189541444682 0.707803384995871
Stmn2 5.51123912715367 0.379872059890623 0.55349196675209
Nefm 5.43315795266518 0.393178390944988 0.498241795049232
Susd2 5.2495744205632 0.253183749692852 0.320461688614653
Vamp1 5.1956866741024 0.54905459917585 0.728192931894238
Fxyd7 5.19205839229491 0.664412366246448 0.674416369052532
Hspb1 5.15869801953567 0.818133185902249 0.787800133851039
Nefl 5.12232835736489 0.227811410330933 0.426108037014951
Irx3 5.11754198951811 0.776038551679435 0.71366877723459
Lgals1 5.04226044211378 0.635301008174992 0.638314833362545
Hebp2 4.93454377117637 0.601882227788461 0.616789616632263
Tppp3 4.92945233529618 0.410106739670852 0.0925087694972444
Resp18 4.92214079628645 -0.149632211684081 -0.226501512559937
Rspo2 4.8455988712237 0.60602317083107 0.558321110898771
S100a10 4.78508028141715 0.42437719718075 0.55702366946574
Uts2 4.74325889347761 0.900091079892376 0.863540812603061
Nts 4.61516456512206 0.670626561961393 0.595388083845488
1110008P14Rik 4.53581663898675 0.662023988096859 0.718414183264562
Cda 4.50623954994171 0.739338187583087 0.77911131592805
Cbln1 4.47784338774988 0.100161059574837 -0.0290924074124078
Cd24a 4.45039704797229 0.631481364600279 0.600971897114142
Cela1 4.38284512549291 0.584127852715589 0.75321368110366
Cyb561 4.3610146427046 -0.182622630982108 -0.249527366543523
Patj 4.35051440052078 0.63993378426073 0.783290436319864
Tesc 4.33330954999857 0.610239580620579 0.658381811812047
Fkbp1b 4.33330257166071 0.290587650563107 0.417798118325652
Lcp1 4.29717336859273 0.547144450969273 0.615312200763985
Ache 4.29164331141609 0.29382350567882 0.354967167164857
Syt2 4.2142796817117 0.630173129475315 0.597455344585278
Popdc3 4.17138620342839 0.751711042650061 0.674878805205623
Ykt6 4.14798348603788 0.71327816849304 0.819586352338522
Slc29a4 4.06657421198728 0.77548878229276 0.644382166507341
Cartpt 4.06373253156744 0.200987094216777 -0.119026199690252
Trhr 4.03544386121853 0.196164163163741 -0.124914712750761
Scn1a 4.02560142645482 -0.170030291804712 -0.0138263099177445
Caln1 3.9811294045893 0.372423938100712 0.424720034348097
Anxa2 3.94881661505135 0.80055282393745 0.772356387855809
Hoxb5 3.90836813481382 0.700387203616854 0.350236105723001
Nrip3 3.90450101018472 -0.121607172660679 -0.227178859061717
Hspb8 3.89671556476154 0.681680396198148 0.763671460163835
Lin7b 3.84237408757284 -0.139933857777501 -0.0158403228426661
Gal 3.83087391978746 0.520557738691296 0.331600695181068
Lrrc49 3.73431596879843 0.677605682588204 0.627569253026086
Medag 3.72181251180311 0.658432717852317 0.581428369688513
Prss12 3.71967124246267 0.495074906747852 0.695368721404231
Mcam 3.67502593803787 0.507219847831692 0.186166237904029
Ecel1 3.6644074262549 0.846255122558027 0.80661997461126
Fabp3 3.65740707582087 0.227752645440272 -0.0304171980993563
Arhgdig 3.65660983224465 0.127770378949367 0.101621140219272
Elavl2 3.6215517856982 -0.288887456439702 0.0436291251024392
Ccdc28a 3.62095351530744 0.318417383341117 0.388219452979726
Emb 3.59497497102692 0.223330384174632 0.460894143937831
Lxn 3.56893615732605 0.379891226959322 -0.00371265774157843
Ifitm10 3.56159031828292 0.578635434757022 0.687570229853977
Cd55 3.55882788062644 0.718524663151296 0.671337028804111
Atp1a3 3.54297002799656 0.240480879878316 0.116233224818414
Tmsb10 3.53335325363068 -0.0279230561330486 0.0350053242153959
Sult4a1 3.49545036336687 0.597135312863209 0.515452649633795
Uchl1 3.47903196678955 0.0825254901978906 0.125246260156165
Anxa4 3.45062435016047 0.722824693769501 0.680759299110274
Clvs1 3.43962650723788 0.298727844636724 0.345923334301786
Tdrp 3.42107318984343 0.269807492531202 0.580518248106477
Cend1 3.41949054985557 0.441610344553533 0.419885876314363
Slc17a6 3.40855617765672 0.00982416519276528 -0.126391271399945
Ckmt1 3.3927919124892 0.0223473751539029 -0.163271591264497
Htra1 3.3852139386503 0.111111591095193 -0.0422192820995088
Pfdn1 3.38165373368206 0.309286542604629 0.0492505532924896
Dcn 3.37389931570068 0.455723037712661 0.390524291566906
Kazald1 3.35786941922405 0.628569168142856 0.59871371589702
Rhov 3.18818842602282 0.491084095933215 0.205820807310045
Fgf18 3.17303825123715 0.537150679831051 0.471761082805736
Elf5 3.16600541267792 0.584933137506083 0.0769207973225204
Pip5kl1 3.16194295153288 0.762055563335501 0.696673722203627
Cabp1 3.09529027898021 0.773046969015227 0.762049141884627
Rgs11 3.08443689097156 0.00376850058458816 -0.276762282112295
Kcnip4 3.06050639681763 0.238467355409565 0.0945483891816492
Stbd1 3.01039904023973 0.61931125229211 0.5840104857143
Hist3h2ba 2.92588388896972 0.196822343078339 -0.0982798403796464
2310030G06Rik 2.87201281361226 0.614340351817952 0.655090976161732
Pctp 2.78052108475845 0.700110028134743 0.716902452300221
Hoxc4 2.73795731682984 0.521313941111633 0.442548009564066
Tuba8 2.62907636367594 0.619198379814411 0.597092034583056
Cidea 2.59121858002242 0.729242407427693 0.51798795090319
Magi1 2.56518921824803 0.24604736140621 0.0615271587677418
Polr3g 2.48424735247545 0.755602358406719 0.758506909956824
L3hypdh 2.39868022710884 0.518655506983097 0.49356533575236
Cyp39a1 2.36750924202288 0.657629871594875 0.600609344003931
Ppcs 2.34659219956548 0.645696726942804 0.626090193990504
Sh3bgrl2 2.32873870394678 0.683714253372489 0.589158346569162
Bean1 2.18855094190102 0.430322464601033 0.415228426333794
