Gjb6 6.31196425651702 0.691068944117336 0.734317573133935
Slco1c1 5.98009270248288 0.825451859086577 0.806133610958463
Cyp4f15 5.93544125639568 0.887770500635951 0.861982225109162
Pla2g7 5.93398819757227 0.772284759304307 0.76681796750778
Grin2c 5.93353319430917 0.885386401337549 0.874531338667838
Cldn10 5.84258997547885 0.741672438098788 0.725881227177818
Slc1a3 5.78967758349696 0.813023328939782 0.807293456785459
Slc7a10 5.65067969353769 0.854192767708245 0.852061872672263
F3 5.59969013499557 0.720296336877392 0.722474428275171
Cyp7b1 5.48829874950719 0.763979005822463 0.815562645959806
Aqp4 5.43330709090941 0.800759902352614 0.883748625533659
Cspg5 5.40991821435948 0.565260948671282 0.594014793965842
Tnfrsf19 5.401729769432 0.837444248979497 0.883201807792334
Dio2 5.34651562344878 0.740860700837406 0.787471722733219
Cth 5.26255561006344 0.800784176048563 0.815719197888649
S1pr1 5.22837141791785 0.762485739980289 0.758346552535745
Cxcl14 5.18858063688683 0.496813184256221 0.475267304627807
Slc1a2 5.18171796596757 0.866728781300898 0.882941646542401
Pdgfrb 5.15903924261483 0.784998646513698 0.739730508535418
Elovl2 5.15464897813577 0.764113861088419 0.811761894600908
Ttpa 5.12088346928162 0.765586093412978 0.772672191450678
Gdf10 5.06976402610604 0.854199977163118 0.862502561247135
Ccdc80 5.06453151327317 0.83062540438464 0.855930485978329
Ppargc1a 5.05648715575622 0.304288850017543 0.293386914481067
Ccn1 5.04506626937458 0.883672108362863 0.838195778153134
Acsbg1 4.99268573280561 0.827843733815903 0.848146629069874
Scara3 4.98614494015725 0.743999503673892 0.788206465049001
AI464131 4.9791287455151 0.83503262055011 0.873227347698636
Fgf1 4.97006682838006 0.603853981345932 0.712779021816052
Fmo1 4.96726556307523 0.868379915800004 0.824424838570172
Mlc1 4.94718010842873 0.757223541728091 0.825378370026054
Arxes2 4.94164383297131 0.353192597539552 0.636717514338529
Hsd11b1 4.92893166764734 0.879514259112504 0.876369198052101
Gabrb1 4.91243257513552 0.756769646366921 0.821049152718094
Slc14a1 4.90358868147644 0.824434129032166 0.81487755164395
Ttyh1 4.89582050568582 0.491538097018406 0.681241771901208
Aldh1l1 4.87667319538602 0.807408150227289 0.846807638617003
Tril 4.86627995809338 0.720926757526018 0.806142741710318
Cyp4f14 4.83964756886898 0.844362120223966 0.858832994772507
Cyp2d22 4.83677188415242 0.855331373100999 0.859198077982984
Lcat 4.81411615933604 0.852210920130852 0.858793961130153
Fjx1 4.77614330459648 0.854206427290242 0.905608413797664
Egfr 4.76844398517336 0.838588017622187 0.686245821036737
Slc38a3 4.75045275254621 0.855661421424019 0.859927118420871
Tlcd1 4.74627662210233 0.724176964832757 0.744216793632352
Id3 4.70111886153587 0.498230135383903 0.455648052233081
Ghr 4.70043521865432 0.716557041506102 0.710450565913291
Igfbp2 4.69638228910206 0.789134990646752 0.777569344984925
Slc1a4 4.69476746811986 0.876707994262749 0.875382351314395
Ptprz1 4.68842273143173 0.676936824739699 0.741557783007034
Emp2 4.68726491015332 0.719415530835226 0.466369388411365
Eva1a 4.66207101528687 0.578184406439538 0.738276592709824
Fgfr3 4.64860612109634 0.773347261462978 0.802723370783223
Axl 4.64794870047755 0.826336406082226 0.80705582270249
Prodh 4.62481829423792 0.846691351496381 0.848159221691957
Entpd2 4.6116327583024 0.839156688633092 0.740876471673466
Dclk1 4.61062996686313 0.571298125726864 0.439598487800911
Gabrg1 4.59181563473723 0.728946844087116 0.756990714669715
Klf15 4.58460167076917 0.521609481891917 0.617622827277866
Phkg1 4.57451837862014 0.833658172954905 0.813405923972753
Acsl6 4.54540586446534 0.743701615064783 0.83016356117573
Sorcs2 4.53669187962012 0.896628995697203 0.89183895008344
Scrg1 4.52390837666703 0.0501565107517079 0.112704087755725
Tspan7 4.52059195736673 0.557657625757701 0.53160939509901
Atp1a2 4.51466174716883 0.753356821494959 0.83826750229741
Ezr 4.49754032447085 0.682617844216504 0.585629476966715
Vcam1 4.49570313309182 0.743671011010421 0.735221645514732
Msmo1 4.48751939791817 0.434145216662841 0.410188295635445
Cd38 4.48398472852107 0.846150639859851 0.780415940143321
Col4a5 4.48352165965709 0.942750531914444 0.907339005711846
Bcan 4.47938642168796 0.583191973328813 0.745927732045758
Kcnk1 4.47711959439225 0.593152733887462 0.645084723565735
Timp4 4.4702909842072 0.309040668611807 0.324236408148064
Adhfe1 4.45989730939479 0.671498849599373 0.712598130426396
Timp3 4.45136587693748 0.78882962435865 0.693141105357435
Slc20a2 4.45061501574891 0.37247169527534 0.435340840002527
Lrig1 4.43999841878039 0.797798784483166 0.851216531879184
Hapln1 4.43362656317018 0.772289547042887 0.758635480881868
Igfbp5 4.39375272318078 0.615670322730302 -0.202413456288912
Omg 4.38513098591361 0.123913881565442 0.255768615496309
Slc4a4 4.37980579298791 0.744119969855214 0.651787793530173
Ncan 4.36530167325027 0.635931936122947 0.561204813454833
Cbs 4.35532288114248 0.860460635927609 0.872145789365819
Tlr3 4.33690420488643 0.68197656471132 0.858261417080183
Efemp1 4.32363998969298 0.456777193728014 0.399241132194746
Fzd2 4.32355778226359 0.737163381449166 0.724398062904723
Fkbp10 4.3134676310537 0.8827307287678 0.899516779543883
Itih5 4.25894995212201 0.74802303866255 0.732664001249169
Gpr37l1 4.25809944571184 0.466332815231169 0.733083747780239
Ntsr2 4.25004610814109 0.62893373527038 0.728002606316933
Amot 4.24899270549591 0.703229923002063 0.747941420417044
Tmem56 4.23747525045226 0.528713796393888 0.742281674087
Chst2 4.23131922054018 0.503402685275857 0.605021366189016
Atp1b2 4.20811704420295 0.718238122054053 0.765441939397806
Lhx2 4.15641075548693 0.586727631945487 0.610148485900611
Efhd1 4.12445732301567 0.0424905747614851 0.38748675074385
Adk 4.11555003316313 0.559318758765333 0.795635969396536
Heph 4.11032975317142 0.871886971692143 0.864086925561756
Ndp 4.10029254494145 0.580268528797185 0.631767424613954
Rgs7 4.08716406079167 0.199718490782085 0.140324052586957
Pygb 4.07139657268434 0.812933926880737 0.819507787532921
Cdh10 4.06648276381217 0.413035299789042 0.725756972323788
Tmem47 4.05420661590424 0.662998418667646 0.734182590864795
Cyp2j6 4.03115443464907 0.0907618258309833 0.220474368610902
Pygm 4.03053966141796 0.829338597069238 0.816074232104636
Pdgfc 4.03032981387049 0.206016554358845 0.299818840465675
Wwtr1 4.02293140773647 0.731838098309942 0.756990704355561
Oaf 4.0196666747413 0.702430131989414 0.798644918569623
Tmem51 4.01587270826268 0.686745002539593 0.65718091844381
Dkk3 4.01410014825731 0.674352603123111 0.74418483988371
Vegfa 3.98010163151071 0.803833722244457 0.751768313144907
Slc15a2 3.97696404085423 0.743368907268255 0.912475221958424
Kcnn2 3.97039468017301 0.758853965946244 0.794583394583519
Gldc 3.96854700498049 0.709348151876493 0.734191753881614
Igdcc4 3.95153644264687 0.664400935204179 0.743135159352219
Abhd3 3.95087936236815 0.681387167397457 0.764074838101098
Lmcd1 3.9449087331304 0.562061724379051 0.54919992736903
Clu 3.92921274057779 0.720728915211935 0.7798997051574
Cdh11 3.92714653927136 0.22023951924604 0.337064199337467
Car8 3.90302869054719 0.216437447912517 0.147790851630843
Serpinh1 3.88506113755494 0.626350669628581 0.609044213058367
Grhl1 3.87237401334074 0.765377873673602 0.805666335945257
Sema4a 3.86600482856816 0.626038468862826 0.595987617290628
Aox1 3.85954514543219 0.812492099712931 0.638816689296015
Btbd17 3.84937061223972 0.853600210504763 0.848551679387617
Myo6 3.83141416821099 0.580620480750558 0.540453592895223
Tgfb2 3.81618783386807 0.714626245996061 0.652112850785439
Agt 3.80770759623913 0.747665598808162 0.698330482603599
Slc41a1 3.79425446448192 0.859162087150462 0.847941245716804
Cyp2j9 3.77834995549291 0.629940993830174 0.716019828295686
Scg3 3.7766348265424 0.689370775709276 0.899928028023241
Smpdl3a 3.77385660405296 0.851931041240136 0.856539361347333
Eps8 3.7660199544152 0.406089660896218 0.32788556517269
Fstl1 3.76134154678283 0.632953267524829 0.335125909580998
Dag1 3.74622426803482 0.75061100888207 0.685363753626015
Glrb 3.73090206920419 -0.0967115290886487 -0.0170708283798624
Dmd 3.72997443994122 0.578350509866571 0.627342908935563
Gpld1 3.72141205362328 0.698978882890668 0.741361962552786
Fgfr1 3.70034881805971 0.783656127019802 0.779974246026641
Id4 3.69853235482235 0.358909756606783 0.510556664812665
Pacrg 3.69254947541267 0.427847173428552 0.451300897977021
Gstm5 3.68016717297294 0.275020535883765 0.652668452128422
Gli2 3.67794778802667 0.713867724940833 0.523836631434152
Gramd3 3.65799390366824 0.11628369947338 0.0802855762880574
Fmn2 3.65758941689168 0.605503636629854 0.107575920671188
Fads2 3.63640180307462 0.813717685348149 0.84631677585485
Itga7 3.62162270754188 0.859016283592284 0.858988932907295
Ephx2 3.62013202759908 0.757521297316286 0.775884783448145
Nrarp 3.60139658788582 0.505732511925805 0.482849134485129
Arxes1 3.59249061033273 0.331300792118208 0.513298289623274
Papss2 3.58747090067017 0.697088133311382 0.706479988259661
Nat8f1 3.58578471031752 0.598487142866932 0.668349711669731
Nrcam 3.57120625867232 0.649749514104351 0.803480410820489
Add3 3.56373126573085 0.683965861058617 0.705829514370196
Hey1 3.56221575888947 0.287088969487264 0.270786791624019
Aass 3.55639390145813 0.851638654700279 0.804450685738106
Fabp7 3.55214264447746 0.168462691564617 0.177649719014433
Rgs5 3.54442427695793 0.627646508826748 0.567975642289271
Sparcl1 3.52506052020522 0.667623462622534 0.805923548495651
Itih3 3.51596892563998 0.137135424120976 0.183021296056439
Adcy2 3.51543943572949 0.700969219752355 0.763262550531987
Vcl 3.51446475246917 0.826124537710505 0.850607910471557
Lgi4 3.49899840882578 0.838481856766435 0.737034663998792
Hrh1 3.49414146248278 0.69177433132128 0.705820665493218
Gk 3.4842623051319 0.788392812329709 0.768163298279481
Itga6 3.48181763217184 0.590910523466241 -0.124700103526212
Aldh1a1 3.48150642080825 0.607693926562185 0.334983313134382
Ppp1r3c 3.47947007634549 0.605971579008821 0.732990134167178
Lpp 3.475434149173 0.749225417799179 0.688617377779324
Sox9 3.47253725607106 0.769668656009072 0.60595629132933
4933431E20Rik 3.46937599959741 0.521292315693575 0.61424727984072
Phka1 3.46197043177295 0.879147885587958 0.875128869026012
Ppic 3.45915317944655 0.757549053880777 0.483485457750092
Dtna 3.45359081580802 0.618795878661417 0.590807754301967
Wnt7a 3.44959780186892 0.564087369138658 0.427404832873065
Acss2 3.44370566778377 0.0628006830768496 0.105181844213093
Prelp 3.44125024822675 0.781697131300768 0.583693186312299
Tenm3 3.42611863200218 0.748332041497356 0.795044080526197
Pcdh10 3.41176388263451 0.638263574296998 0.752212067502388
Adgrg1 3.40852811224261 0.609655127959902 0.381297856642244
Paqr4 3.40599439293241 0.166463571952807 0.178704936779038
Celsr1 3.40294203080575 0.779586065353999 0.608685260787444
Slc6a1 3.40274909856505 0.553073806215376 0.799476991875667
Plat 3.402660435988 -0.0264987459580016 -0.0281454455354547
Pbxip1 3.36750091634063 0.684939097405002 0.720814282442406
Bcar3 3.36573266745379 0.797165612111245 0.807606325498022
Ddit4l 3.36050178410796 0.398090911694875 0.335094267788676
Fxyd1 3.34662251161555 0.663779789020884 0.660596061160108
Pmm1 3.33965747953245 0.413742596523452 0.573050695515955
Oplah 3.33278646873989 0.885835281591805 0.842666880176358
Astn1 3.330633674615 0.559962649823861 0.509476880627488
Gpx8 3.32622870459778 0.445490730261845 0.40611633808638
Mfge8 3.32474050505524 0.736597042199625 0.776185206189974
Tfcp2l1 3.280928568895 0.855410395721757 0.844282545310658
Tnc 3.27486471992054 0.79493239610868 0.535858675055333
Gfap 3.27110019222521 0.503514259514679 0.371224301842981
Fgd6 3.23927891831789 0.79492739287989 0.7705441186567
Cd44 3.23157203563881 0.754963157531472 0.686352541837447
Gjb2 3.15570965647331 0.800451342069781 0.810559169454128
Ppara 3.0357262460878 0.800313838764646 0.799276126241346
Nat8f4 3.01602162939779 0.750406513491177 0.768197436440292
Ccdc85a 2.98923248853883 0.578142884152084 0.58939214997109
Pdzph1 2.97750559925203 0.66443179022478 0.682676867270913
Fbln1 2.95354990255915 0.727347687426465 0.494353233477264
Swap70 2.93615729224975 0.576227604231295 0.193880719358242
St6galnac5 2.84923601612897 0.780547346764245 0.775633285613345
Lamb2 2.81819296633551 0.804303931413663 0.770601719116414
Rorb 2.78893469334572 0.749043304725063 0.699790161734188
Fzd4 2.77630799572154 0.641562324287303 0.543831054952889
Gabra2 2.7546017759042 0.647609624125871 0.510919332785321
Arhgap18 2.75088493642484 0.568976846709555 -0.162287053575659
Aldh1a7 2.73593043277614 0.522626257037504 0.450454008154847
Epha5 2.73319492915862 0.307173572837552 0.249399987954735
Pax6 2.70818346713479 0.629139739420914 0.42687318259627
P4ha2 2.69301759983216 0.743058549568357 0.642994140614741
Lrrk2 2.63791073690244 0.772947606207282 0.747306998133373
Inhbb 2.57837874370782 0.350863694547589 0.321554331602304
Gdpd2 2.5782888159479 0.844956630216663 0.787149786670766
Clybl 2.51526858229397 0.284460524355037 0.228603973101174
A2m 2.48929976178279 0.787590640183664 0.634011997453123
Suclg2 2.46108701354564 0.486267229512206 0.154705569909139
Vav3 2.44406501191684 0.632626336243358 0.602724543499449
Pcdh20 2.38773621469606 0.14169035899403 0.0732759845404236
Sypl2 2.30490280478956 0.843719146128857 0.776798925989605
