Alas2 7.86356403717206 0.706551302212329 0.73441576141486
Hba-a1|Hba-a2 7.61954691689979 0.590033148568253 0.823384658083844
Dcx 7.2889370826994 0.70412639550007 0.809388400162867
Dlx1 6.99961691596578 0.863918952670452 0.835896906001739
Sox11 6.7952032737442 0.819370174208546 0.795821284010937
Map1b 6.6235518476129 0.687906478445264 0.730082377797745
Elavl2 6.32149860254948 0.634314705285998 0.640955971301984
Cd24a 6.1490938951156 0.745279784586425 0.817325186831481
Dlx1as 6.06184017206388 0.798803497379333 0.786861188950463
Bcl11b 6.06161241603438 0.721957262030119 0.697543412763728
C1qa 5.88672254041416 0.515136149021108 0.373665895302874
Ccnd2 5.8185000309815 0.481887454497228 0.707235760325376
Stmn4 5.77893073574355 -0.077273343030793 -0.0782062384199698
Arx 5.77740550132299 0.545502296469399 0.708969626098777
Ttr 5.73660024637761 0.171137093860756 0.106401406684796
Gdpd3 5.63850646779186 0.733697389920323 0.645288704808066
Hba-a1|Hba-a2 5.63490353949724 0.43326964012921 0.630521241354063
Hbb-b1|Hbb-bs 5.57962830976659 0.682155895850595 0.385245186271301
Ctss 5.5289059811712 0.446859733262029 0.483604516888308
Mobp 5.48723439572526 -0.174515521816613 0.174420229720344
Csf1r 5.47586058243682 0.428852660663583 0.525613327120335
Tiam2 5.42998669016895 0.747106165834583 0.699371966999958
Rasd2 5.41405460794851 0.548668915174877 0.46743300607971
Laptm5 5.38368730432418 0.434790158665689 0.60966282620547
Ccr6 5.36936690837845 0.820815390191534 0.809674505630981
Mki67 5.36354028920014 0.812296597138131 0.785084518450983
Selplg 5.35488329168374 0.583328334974431 0.593710301902537
Slc32a1 5.23140586842969 0.540427229925992 0.453899116127812
Stmn2 5.20823917241412 0.563391589612599 0.533855784280202
Dlx2 5.19204046360391 0.919768615156637 0.908843975847767
Hbb-bs|Hbb-bt|Hbb-b1|Hbb-b2 5.12834421067952 0.48867830195055 0.197095939870769
Tubb3 5.06426572066554 0.396194996214228 0.531368297327313
Cdc20 5.04847010717002 0.660843722601271 0.691366922964892
Isg20 5.00524938553961 0.71076656566623 0.426574804348707
Mbp 4.98286055095705 -0.248894434306909 0.463265085359427
Cdca7 4.96865992092669 0.821176318620842 0.794572311963467
Tmem119 4.93727313219409 0.539965793193181 0.722556695858316
Hba-a1|Hba-a2 4.9161237211125 0.393442419215083 0.4
Kif5c 4.90498088910059 0.643570726996689 0.726670313548523
Zfp704 4.89398082936918 0.753641434325688 0.851656718918891
Dpysl3 4.88236236962462 0.602695046335552 0.568833192804965
Kcnq2 4.87012707697205 0.21484066734183 -0.0587246758516217
Fermt3 4.83912292539397 0.509009116513136 0.655153771627657
Rnd3 4.79161509750374 0.73571468346826 0.774372856784579
Ube2c 4.78270195396019 0.713054493135609 0.657853570260977
St8sia2 4.77484574264822 0.863074242415514 0.854640557977775
Cx3cr1 4.76691932568726 0.514325652346708 0.772365477019668
Cenpf 4.74028159621406 0.852387605054186 0.835148908451128
Ptprc 4.73986572002434 0.537279540833131 0.664487490716124
Bcl11a 4.72762214563974 0.489813682387025 0.342556895023883
Cemip2 4.71185665849891 0.515888333331293 0.308428470284253
Rnasel 4.69788627370778 0.652877188451709 0.56611792114925
Rsad2 4.59487575927566 0.634508057637117 0.71702793005786
Egr2 4.58574674928226 0.527072904420939 0.285794975364086
Pbk 4.58490250813247 0.470792988536076 0.263184482117716
Tmsb10 4.58324924283759 0.614703118228857 0.76973060286891
Chd4 4.56969796850012 0.710946532272468 0.792077185452843
Gad2 4.55576859006152 0.913268905303017 0.885809558397137
D430019H16Rik 4.538627970631 0.482922659902647 0.54751089357503
Nsg2 4.53422046850613 0.443730853456168 0.407667072471462
Hpca 4.50910974180421 0.302010997851697 0.00926021691005879
Cenpe 4.50392941391194 0.939802381687758 0.924560158398841
Ina 4.4921509034734 0.237953708588618 0.166545468047447
B3gnt5 4.49152746743484 0.540030004469606 0.429335777057601
Stmn3 4.48650061772191 0.227286025592506 0.372966452601302
Meis2 4.47525549542084 0.515639002982947 0.640179717449176
Crmp1 4.4299141663066 0.526265028869377 0.532611270720435
Celf4 4.42279483066546 0.412410371892265 0.240490117262455
Nusap1 4.41505797698723 0.753467247695269 0.660635834311412
Gad1 4.38649167926071 0.195080849179793 0.0606237942167561
Lyz1 4.37658797957888 0.468539905982885 0.682384867540676
Top2a 4.34469387324329 0.737415784538831 0.691987700506382
Bex1 4.31776006056844 -0.00666201425365933 -0.271105730445605
Igfbp5 4.29870805188024 0.0435787318702874 -0.202413456288912
Igfbpl1 4.2945558410897 0.927349821673692 0.846769289578723
Nsg1 4.27967608690299 0.630964458599513 0.617244566043449
Rnase4 4.27183256270943 0.48403414516568 0.632489430408647
Klc1 4.26849698247011 0.205758582944716 0.541376688827024
Ccnb1 4.25045539038178 0.507185459951408 0.261164267795321
Cplx2 4.22968218958421 0.793213369650665 0.793143319738598
Sez6l2 4.22264250217307 -0.160598775732046 -0.112401534679845
Pou3f4 4.21283347536862 0.423916999770763 0.328556546991213
Caln1 4.21151837767818 0.450728043781648 0.329379865648585
Tmem131l 4.20557297046251 0.709226927729358 0.786449500922987
Cd53 4.17863978656238 0.524124068479296 0.694792152049283
Nfib 4.16722086100724 0.34814926541764 0.496893500755704
Fcgr3 4.16578965540979 0.500735830502729 0.646284533406233
Cacng5 4.16151044765122 0.719400147873305 0.658447758754869
Ly86 4.11722791837362 0.466902058259653 0.67216030726034
Tesc 4.10743848665193 0.287458397333687 0.0898006759372066
Trim59 4.10560681916361 -0.186844790566389 0.00197645689048213
Scn3b 4.1016487099048 0.226173297683399 0.290378555547741
Uchl1 4.09494010285843 0.0676764579394731 0.172399547038776
Dlx5 4.06949608740565 0.922934956093023 0.894066773435866
St8sia4 4.059626174071 0.576030386123801 0.659801932804751
Celsr3 4.04540341182873 0.915962588815377 0.891690590692416
Zcchc14 4.04539810898481 0.902710302930317 0.874056726306624
Arhgef7 4.00523331723165 0.292467460714493 0.45590821407528
Csrp2 3.99249837943564 0.76661359192574 0.723831837744156
Uhrf1 3.9900841178741 0.641148217250954 0.51816493794201
Meg3 3.97478033406664 0.616484267758738 0.629066824480777
Aspm 3.97465218293669 0.839183843386126 0.833344430475543
Cd1d1 3.97310901816461 0.688037357175063 0.845393013089699
Rbfox1 3.9648009920679 0.140830592042746 -0.190406630484485
Rrm2 3.96146948568161 0.456235578015959 0.308256828808257
Mfsd6 3.93336597664741 -0.102377058494068 -0.191377676204514
Hexb 3.92838238430734 0.469117181032252 0.578516963508929
Cep55 3.89894766613685 0.642081982770576 0.554566482175528
Cdt1 3.86796740734811 0.532858253805181 0.609849528381736
Ncam1 3.85751380084474 0.393426239007982 0.543761395078792
Sox4 3.8553935453267 0.654368216654102 0.624796559614757
Sptbn1 3.8527155958827 0.0905488530676643 0.345204295827369
Shcbp1 3.8268545723417 0.695451987823214 0.612753187016657
Nrep 3.8142991985465 0.711919370036079 0.724061110006177
P2ry12 3.77645233864326 0.438006016188072 0.689563846470353
Itpr1 3.77597590536309 0.440553401814254 0.168130509296322
Nasp 3.72806834749214 0.865458126688163 0.800482153588851
AF357355 3.72761880798852 0.85318304138292 0.737437464605548
Slc16a6 3.71659561653415 0.546528575531196 0.774910745005568
Pclaf 3.71428169862198 0.454955485569637 0.222261707538354
Bcat1 3.71216458541454 -0.17797328646724 0.270474008004381
Pbx1 3.70532386982964 0.430364243572709 0.50924364113018
Ncaph 3.70444763787339 0.736605879079381 0.8856401364634
Slco5a1 3.70168001950737 0.905527336386785 0.876707897079698
Mllt11 3.69914215057865 0.13984368326976 0.310287674105583
Rbfox2 3.69184453638899 0.849759798596137 0.838076194678795
Pak3 3.68195604598246 0.434975910715998 0.542401493821874
Mis18bp1 3.65410599154478 0.818103145351074 0.80083580201386
Gdap1 3.64649769400588 0.0734877169603008 0.0467945354851797
Tmtc4 3.63829288425029 0.684689527318013 0.672321953825216
Rab15 3.61683414134401 0.472978549036716 0.348103149955555
Acvr2b 3.60110931972304 0.724805051550804 0.803392302398166
Smc1a 3.57135912748943 0.808033118759517 0.775892991170939
Insm1 3.56518216235283 0.736548830068037 0.709738327009318
Cdk5r1 3.56370780677692 0.633739728540927 0.62246024201258
Sptan1 3.54702217639491 0.408536000336844 0.672503529517885
Cdca5 3.54614224378769 0.48147974900173 0.287701356891652
Kdm5b 3.5411075915964 0.645530459999528 0.665437408367672
Elavl4 3.53761695767625 0.503610099839742 0.337914286060931
Kif2c 3.53510912363808 0.756442927744488 0.696028882527602
H2-Q9|H2-Q7|H2-K1 3.53127139548823 0.482635712893364 0.48850680149059
Pola1 3.52971742191583 0.899483604263746 0.891913409369253
Slc4a1 3.5273918310024 0.684002471675229 0.406944331557175
Plek 3.52548399313392 0.453998310964449 0.565026060922705
Elavl3 3.50704507691265 0.197586502458132 0.2014593637463
Fam20b 3.49611160233445 0.854093719716695 0.897753310277273
Cd83 3.49323942438052 0.403216637623019 0.594339804805642
Tacc2 3.48725001261714 0.377632373442273 0.12315462235958
C1qc 3.48286567156403 0.337090594767871 0.518716440579983
Myt1l 3.47867361576174 0.22449048200878 -0.0457840420957668
Syne2 3.45889388495455 0.716093927370034 0.62761858361186
Resf1 3.4534783059283 0.513843480669913 0.803016586682568
Mkrn1 3.43520820729843 0.641677325986122 0.549755289889587
Cd14 3.4326571425301 0.44515199635122 0.621939443609833
Aurkb 3.42941071078631 0.715791435509468 0.639951751813412
Racgap1 3.42610942428513 0.499038863250778 0.299909385660688
Chga 3.41927968892559 0.413616571155988 0.391116948011361
Ly6h 3.40135666554152 0.264611783751086 0.0283077689594043
Ptprz1 3.39974134787053 0.029850222422857 0.741557783007034
Hist1h2ap|Hist1h2ao|Hist1h2an 3.39827319946337 0.541168042802892 0.548527581591699
Rgs8 3.38711215640035 0.605626485782906 0.566199040074462
Rad51ap1 3.35020645356509 0.609688444760896 0.494296134750027
Kat6b 3.34751539425974 0.671348123161832 0.519201844234315
Tro 3.34727692384039 0.721524304322731 0.774890590942999
Cks1brt|Cks1b 3.3366130748321 0.490433352173367 0.42183191103662
Mpeg1 3.3329300079072 0.400308698587418 0.634556644438828
Pcdha7|Pcdha1|Pcdha4|Pcdha9|Pcdha12|Pcdhac1|Pcdha6|Pcdha8|Pcdha5|Pcdha3|Pcdhac2|Pcdha10|Pcdha2|Pcdha11 3.32943374122008 0.115804273195694 0.0351999480063573
Rhebl1 3.32791033378869 0.764591088490302 0.803349984122558
Cacnb3 3.32379487334784 0.159304456307072 0.524506010204376
Spint2 3.30983042664213 0.637202357459688 0.721295082663913
Synpr 3.28521979122608 0.0139867315692837 0.0630793223694768
Add2 3.2729614175387 0.8128761101536 0.790510672373069
Rian 3.27182473681049 0.678711751786531 0.670586143631111
Myt1 3.26474430841266 0.717332808480078 0.711809047771249
Zbtb12 3.25421785060674 0.808211348271664 0.506024958949322
Arhgap20 3.2469403583707 0.171385222214276 0.135924058298864
Cd300lf 3.21572450488993 0.712051578542443 0.448887606730218
Ect2 3.19571497589509 0.561220536817477 0.381178565831784
Sgo1 3.15420081491682 0.854558948913756 0.822702271288474
Pycr1 3.14074235007447 0.22579332733024 0.134144390956638
Dcbld1 3.05193373787538 0.786509355455281 0.778369016949836
Vash2 2.97560495781275 0.719243183747757 0.654435302570496
Cenpa 2.90176114890825 0.358892213421111 0.221224176155422
Spag5 2.88428701261402 0.177747164411082 0.268926906670219
Dna2 2.85513062671493 0.834199472708362 0.792111741663359
Ung 2.83674459726602 0.2768234580776 -0.00606249790851466
Kcnab2 2.77780914448376 0.292772740498393 0.222439602995463
Ccnb2 2.75696917624012 0.638839735420972 0.582420214002898
Grip1 2.73616747900194 0.606628547379383 0.654822615809803
Aurka 2.67744420015527 0.784345437162465 0.818127131860754
Car12 2.66676816497297 0.744103659149311 0.776877805386769
Zwilch 2.6637906014951 0.759994148481928 0.769640159037313
Zik1 2.653724288213 0.353205415413713 0.20688688359637
Doc2b 2.64613584922631 0.602871226695441 0.508729581554825
Pole 2.59110234227557 0.78600761520044 0.747183466739324
Dpysl5 2.58363055730859 0.799975486040896 0.765290392835773
Parm1 2.51893869207471 0.11047551305238 -0.0113673351267239
Myh7 2.49821589662755 0.519401064214736 0.345699437939859
Fam241b 2.43145716833942 0.0394109265563535 -0.256391029366935
Tnrc18 2.41297995989214 0.565998205764815 0.351044529825656
Calml4 2.38839172673483 0.579548543851212 0.321361416666695
Tyms|Tyms-ps 2.29354446456511 0.692813232404742 0.733842024545321
Plk1 2.13020219227976 0.80126351669857 0.756026670796035
