Ccl3 8.5888572174368 0.829966885840727 0.750043961684629
S100a8 8.23667019918861 0.898999965376324 0.637214182089995
C1qb 8.1043153850337 0.780202360340837 0.720122812774407
Gpr34 8.02168669083625 0.847952598228108 0.743430676764686
Ptprc 7.81751048129062 0.807707195270738 0.664487490716124
C1qc 7.63153909419332 0.788880679711134 0.771124575416465
Ly86 7.49324880183737 0.799637847990932 0.67216030726034
S100a9 7.49045180084868 0.865187816169039 0.54893573899917
Lcn2 7.44379158556698 0.895943958203784 0.763766124863502
Fcrls 7.43524266729842 0.858439232962278 0.830619870954692
Tmem119 7.43220773775072 0.772316460520306 0.722556695858316
Itgb2 7.3395317929789 0.862163488725924 0.926041790087348
Mpeg1 7.1925227397816 0.813362265750646 0.820047629304534
Fcgr1 7.18855946811262 0.843575019406399 0.839911710612821
Cd53 7.17978494196532 0.812817984259329 0.694792152049283
Anxa3 7.17611941951005 0.884737025743515 0.896868880735964
Chil3 7.16757489465436 0.880518969002255 0.637158865242856
Il10ra 7.15973652466581 0.91197593126096 0.812653699813282
Cfh 7.14870886222199 0.936829867939713 0.918748761834426
Fcgr3 7.14185472216223 0.801300484963567 0.646284533406233
Naip5 7.13174095537482 0.924058745766156 0.950326040639942
Il6ra 7.1029267460012 0.900537702225065 0.968834468045587
Hpgd 7.07178915974518 0.853627968643144 0.902381875546933
Ccr5 7.06969287452557 0.857621622183546 0.781216786284265
Cd68 7.06093136706491 0.888896868134284 0.867155484801422
Fermt3 7.04574953852871 0.744814944199448 0.655153771627657
Olfml3 7.0345864332935 0.889721071038735 0.877101907620803
P2ry6 7.0278972846671 0.913371175974611 0.958522990465114
Lyz1 7.02665626233221 0.754216700269444 0.682384867540676
Tyrobp 7.0262872329052 0.828814577975318 0.654895478799608
Ptpn6 7.01807877238417 0.932403562656508 0.847465709781177
Rnase4 7.01704996304567 0.775345808756583 0.632489430408647
Fcgr2b 6.95620732571799 0.91838903686592 0.891238072235294
Adgre1 6.94858002250203 0.902840699464092 0.901267635209972
Ms4a6d 6.92470143211 0.929967960729991 0.900402119535408
Irf8 6.836394458997 0.840927955662668 0.673514535503579
Ngp 6.82177810786473 0.863224093846732 0.690441664987738
P2ry12 6.809488270136 0.764844505929567 0.817353885637295
Cx3cr1 6.80351191916756 0.733577895801484 0.772365477019668
C1qa 6.78998939749785 0.679168107622568 0.373665895302874
Ccl9 6.7822754557438 0.905319562697377 0.818823569980998
Ctsh 6.76623113889093 0.879331646662396 0.921969990290907
Pld4 6.75655526304851 0.895865887349245 0.876773116574274
Fcer1g 6.75610708250336 0.915163929864414 0.846766492878058
Cd86 6.73187776392455 0.919117906030201 0.915382431026478
Adcy7 6.7057507804709 0.807168868739516 0.670590379329761
Hck 6.67950467265552 0.882665921230237 0.843650055172374
Camp 6.66190694258574 0.93305969199835 0.74997438683657
Selplg 6.64364508869339 0.746183855117676 0.593710301902537
Aif1 6.58399123547547 0.932722258656759 0.888610347606666
Bcl2a1b|Bcl2a1d|Bcl2a1a 6.57386143642997 0.864593360110646 0.715744988242651
Ccl4 6.50570134320356 0.857028856550217 0.832557229742788
F11r 6.49105565574465 0.893424929932942 0.932795811960281
Rgs1 6.47425763982887 0.794607247325304 0.41199196894448
Vav1 6.45509847003835 0.883112160494158 0.825485811579521
Cd14 6.45100968503655 0.79591847336488 0.621939443609833
Plek 6.4445179832432 0.80900876684596 0.565026060922705
Laptm5 6.42819579316888 0.608329540103857 0.60966282620547
Havcr2 6.4103283989161 0.867314883973582 0.671469544344395
Srgn 6.40339511222649 0.815816414393637 0.744174427775675
Icam1 6.38665069489798 0.788458551590306 0.702887827669928
Lyz1|Lyz2 6.361073423087 0.872885550134209 0.807177063826915
Tlr7 6.33783785789352 0.939215079493109 0.944887629550424
Tlr2 6.33436432545199 0.929337119252436 0.923633497478881
Sla 6.3128195922989 0.878491748355379 0.767277211688615
Ms4a6b 6.30239427637823 0.92479406501844 0.951539201776222
Il1a 6.30131561258472 0.870910695674345 0.819834409666348
Naip2 6.29696747601014 0.950178762351576 0.911599471733535
Gpr84 6.26563662777509 0.920717355287101 0.923852883935746
H2-T23|H2-T-ps 6.26502779911915 0.797504379768984 0.822872207107064
C3ar1 6.24351676266317 0.919505916113071 0.858491846570526
Cxcl2 6.2393441970757 0.802250644992039 0.718724907521646
Lpxn 6.21538202612365 0.880852916957173 0.890913768291039
Hba-a1|Hba-a2 6.20680886559336 0.610482729722844 0.800086411562127
Slc15a3 6.19906291184221 0.886272609001557 0.734395629368891
Fli1 6.17245729384692 0.927384529136537 0.912434125993741
H2-Aa 6.11126857895628 0.905255073160247 0.887894303071023
Cd83 6.07626900167552 0.732032507576159 0.594339804805642
Ccl6 6.05717927585877 0.820330691050956 0.617156389091561
Ctss 6.05147246217074 0.584429690172526 0.483604516888308
Slc11a1 6.03794844591401 0.919491697817642 0.897543277198594
Ccl12 6.03513616273233 0.945234018243802 0.874934195218236
Tgfbr2 6.01502361065878 0.83032244520924 0.771534892903238
Inpp5d 5.97686982522786 0.870666094845373 0.837087854506949
Rgs10 5.97621429509836 0.817975619338625 0.64915833212377
Blnk 5.9515392379829 0.811589349764971 0.642062067218298
Lcp2 5.94280722528608 0.918687560614569 0.929592234168907
Ier3 5.90365411800266 0.864810752462976 0.881666218885733
Alox5ap 5.87319047300934 0.820896579251637 0.594057019542649
Rcsd1 5.83116477899981 0.887107545067066 0.905925884702011
Rhoh 5.78060849290324 0.922539651163093 0.927456289716463
Ncf4 5.78027574035827 0.911957694233388 0.941462489713064
Nckap1l 5.77605632903935 0.78028360002076 0.709769131297402
Pik3cg 5.75275776403868 0.910195610490049 0.927543607480371
Ctla2b 5.73813873938549 0.895184383559496 0.858876937685611
Cd48 5.73172240169908 0.937777866543065 0.940279463578106
Tnfrsf1b 5.72496956798337 0.893572672078328 0.79320749605186
Csf1r 5.72491696977072 0.546560992212164 0.525613327120335
Capn3 5.72013777330474 0.869042807164265 0.767809940840197
Fyb 5.71094362409961 0.924712542885532 0.880868838094612
Stab1 5.70775804869926 0.931513789761771 0.847496805295376
Tm6sf1 5.69620663586712 0.828177122157541 0.837556902682341
Arap3 5.66336928455755 0.892127478518677 0.887129310971322
Ggta1 5.63667158492022 0.733162633615965 0.742119145974757
Sash3 5.63344793975247 0.914896415590776 0.942717558366005
Slc16a6 5.6139296672444 0.775393250111505 0.799220398676584
Otulinl 5.60927672828283 0.855011991759887 0.851687709709507
Ttr 5.57850321298979 0.239285820855314 0.106401406684796
Fgd2 5.56865238019529 0.869213258614502 0.726555487608733
Stat6 5.5684385436948 0.887850234249536 0.866995580094913
Map3k8 5.55667514506604 0.942239548798785 0.91532401543107
Alas2 5.53056733053244 0.712245514699584 0.73441576141486
Slc7a7 5.52473403565724 0.902758581808998 0.928345414686273
Hba-a1|Hba-a2 5.48372336645255 0.51315012385735 0.649753889295238
Lcp1 5.44523816834256 0.746956544225714 0.822900146558026
Adap2 5.44441877189107 0.853696886268774 0.724839241634666
Coro1a 5.4393216773188 0.6666836274581 0.678631306779883
Rassf5 5.43585279444282 0.887969270310745 0.857887981901589
Ccrl2 5.40219475837877 0.827416494421502 0.692329005008653
Zfhx3 5.4008088564508 0.742959350726399 0.596530693035649
Cd37 5.38874396716372 0.901818093922638 0.918944626477695
Tlr1 5.36588206583271 0.923619165015644 0.913831348973094
Cysltr1 5.34885471839429 0.857824208389294 0.958747964426954
Clec4a2 5.34851567672049 0.892291412410483 0.637428827357683
Pycard 5.33570261808932 0.815540363338441 0.612435856921289
Chil4|Chil3 5.31290475004832 0.932547606164758 0.870308857182042
Atf3 5.30951416570733 0.627530060730521 0.51512680400068
Csf3r 5.30178430621029 0.88556502789987 0.845699541786328
Klf2 5.27187291053773 0.705682411144311 0.627302955383202
Il16 5.2653333524785 0.909971283840727 0.935745852651164
Crybb1 5.26015753736259 0.908502776892546 0.877012007449701
Ltf 5.22879721850478 0.784443359941082 0.752621472053893
Cd300c2 5.21041218580508 0.864763758713964 0.733110818704905
Casp4 5.18891786615503 0.879948420642566 0.750343035579514
Themis2 5.17432699358343 0.878076399268841 0.778304498200949
Spint1 5.17032423176791 0.954693610307154 0.955031898188331
Tgfbr1 5.17012332503707 0.764353975459491 0.835137351876697
Arhgap45 5.15709434730212 0.848429528448105 0.708832744285577
Cd300a 5.1537465690717 0.889491110259813 0.850891959297527
Slc40a1 5.14063099243368 0.836641087691377 0.694912051573387
Serpine1 5.10161792202919 0.910736182297621 0.851397272613277
Cd34 5.06991366632792 0.842321851691852 0.844376505059526
H2-Q9|H2-Q7|H2-K1 5.06697427932505 0.739948062724361 0.48850680149059
Trem2 5.05817946775369 0.900728704261295 0.782089108151903
Lyl1 5.05776444296936 0.914863894987769 0.878137281356822
Hbb-bs|Hbb-bt|Hbb-b1|Hbb-b2 5.02138375678279 0.576049434695128 0.197095939870769
Hba-a1|Hba-a2 5.0199418406384 0.499875639790836 0.4
1700017B05Rik 4.970052070245 0.829658645789689 0.887736329966601
Mafb 4.9625436204314 0.862556116578397 0.899390044702086
Syk 4.95498570879598 0.884810429103876 0.790425940459022
H2-D1|H2-L 4.95203937761208 0.686011095978473 0.707796442936603
Hhex 4.94624977413119 0.829610165519395 0.512009595571701
Pdgfb 4.9438043722599 0.90926775705826 0.809755786579301
H2-L|H2-D1 4.93348438975572 0.710986715226627 0.707262807364791
Irf5 4.92199666395526 0.914723937350058 0.8762149008359
Lair1 4.87214024689554 0.860520499573869 0.865939573502238
H2-D1|H2-L 4.8669223541509 0.68525744267159 0.543966707193708
Casp8 4.85720661276238 0.849323081126358 0.578621992896172
Unc93b1 4.84737726208043 0.883796285057618 0.88849577103665
Egr2 4.84271667293523 0.645101685641138 0.285794975364086
Fes 4.8241154998985 0.908260070311512 0.929916415632254
Slamf9 4.8174771988529 0.93183462498611 0.9398275355924
Ncf2 4.80722647570328 0.835707590615894 0.821566928619307
Cmtm7 4.80252972973774 0.869653068356894 0.825682277949403
Csf2rb2 4.7961343289464 0.958733394495356 0.961347009595675
Hfe 4.79574292928277 0.862647383513273 0.829086513054226
Hexb 4.77522171229362 0.653961837821379 0.578516963508929
H2-D1|H2-L 4.77324688508469 0.713120985836706 0.651760805177447
Rgs19 4.77257957736523 0.687410488097156 0.625774703356778
Clcf1 4.76515813744877 0.931917169864076 0.895337401073961
Abcc3 4.76385499808962 0.924599554070624 0.828214639238923
Parvg 4.72645201454582 0.862718658924084 0.742509889473597
Arhgdib 4.72546651275754 0.907073198151875 0.913877764698909
Hk2 4.71811859077028 0.810462303006389 0.786950280224175
Entpd1 4.70944366079001 0.881153802398004 0.92871377916462
Cyba 4.70681561150666 0.770541823002515 0.736988575659019
Hvcn1 4.68336339039072 0.826585451189758 0.929656064750343
Ppfia4 4.67262490482225 0.900064680668659 0.792825484606087
Anxa1 4.65085874853223 0.820329724777283 0.57844122860249
Ets1 4.64662877305946 0.678583241798461 0.72831813399373
Tmem173 4.6247307291367 0.900379481375761 0.92091485381524
Il6 4.6246464117542 0.914332009414599 0.870859115857809
Trim30a 4.59807253804931 0.926506156543176 0.91299778038857
Elk3 4.59221097858196 0.736525684955999 0.777628378042196
Pla2g15 4.58287339239761 0.8006640962229 0.885129762609737
Xlr4b|Xlr4c|Xlr4a 4.57810910621413 0.775726068674855 0.515825661192769
Ang 4.57784627033652 0.952897350408327 0.914782578771124
Igsf6 4.5742032443848 0.955057062024301 0.939605368335845
Kctd12 4.56891291298273 0.733093067188316 0.763426658458079
Arrb2 4.56462835632822 0.88654257989172 0.861718971087627
Lrmp 4.56421955609176 0.882978103928671 0.708766214191726
Pon3 4.54270585356734 0.893295855483121 0.92133875979289
Siglecf 4.52831003016305 0.958709911399955 0.963113640262738
H2-DMa 4.52826232659847 0.903188183653171 0.866070311954615
Rab20 4.52124146906404 0.833821140503074 0.823035733235841
Plxdc1 4.51758901814112 0.77453467366644 0.772281464002912
Samsn1 4.51620117571806 0.883381010289081 0.690906793921437
Afp 4.51519642191652 0.927670563402923 0.892965914405966
Trim12a 4.4923751681077 0.943557094325474 0.914433306321833
Rps6ka1 4.49058846700327 0.802401252123191 0.821603035752986
Rrad 4.48723187446042 0.835438416261084 0.86885441043746
Birc3 4.48654404333244 0.871817213304189 0.730812551178572
Lag3 4.47070183972072 0.929614133651852 0.928132940349833
Abhd15 4.45033100295117 0.853576397778419 0.877001403572972
Il7r 4.44558323758884 0.861866498980348 0.49348256234201
Klk8 4.44425925206095 0.916120580216211 0.832574548496106
Mfng 4.44330479213119 0.795267499735256 0.584232139901887
Lgals9 4.43116479664587 0.923416985685414 0.878710389087353
Tec 4.4309403398946 0.845973055689291 0.6324039120902
Mylip 4.41880819235429 0.765471264734143 0.638771666151684
Mlph 4.3965062596708 0.964087304757469 0.952668263817574
Trim30a|Trim30e-ps1|Trim30d 4.39168459653375 0.844317515042674 0.712457841632427
H2-M3 4.39005476653171 0.860103834122589 0.876651262021088
Vsir 4.38377815928894 0.6517937427389 0.702181552378063
Cxcl10 4.36792259754469 0.830856665322785 0.69856176833123
Tlr4 4.35497344327099 0.839524688862509 0.840056759488263
Cttnbp2nl 4.35495248755278 0.867782960732059 0.923721152602066
Runx1 4.34097443032529 0.906621906274455 0.903738766805368
Il13ra1 4.33980527361313 0.812339783354577 0.851013587645032
Smap2 4.33112065577693 0.660621787138528 0.792830587362424
Sipa1 4.31567936887024 0.907519201555016 0.908407452299638
Klf6 4.31155718122756 0.754087817558204 0.715802710205322
Ifi30 4.30810923845169 0.818853052720044 0.736391031193223
Zfp36 4.28961405805765 0.695377845641131 0.644456279499632
Gpsm3 4.28262463036094 0.884459183698171 0.752601461589706
Ptpn18 4.27761090810264 0.878381222211971 0.834393272014896
Spi1 4.27700704822188 0.908787003860668 0.834845738524583
Gmip 4.27409677181705 0.852899197669578 0.919272893795823
Cd52 4.2740569089467 0.864787802115485 0.781437303360056
Ceacam1|Ceacam2 4.26044381245627 0.831416619511743 0.807684255990777
Ccl2 4.25798812486621 0.917032607035507 0.916482200341481
Spata13 4.24956713374243 0.690039005896944 0.842031245266465
Rel 4.24216171844359 0.837593996239854 0.676216315846781
Clec7a 4.24144101083366 0.833713813485568 0.759320834585311
Casp1 4.23473965025198 0.910276827844762 0.906489673324549
Pald1 4.22943425915629 0.827786597121051 0.872097958361493
B4galt1 4.2127480924135 0.822878257557968 0.909670505680859
Ptgs1 4.20895196673665 0.546283044130314 0.535546514080042
Mrc1 4.19854612219845 0.867579805209608 0.842892265161222
Dapp1 4.19764998760852 0.601116594023341 0.7316654390012
Plxdc2 4.18405482696931 0.687978331846599 0.629211327045164
Hpgds 4.18235603857322 0.894741090623159 0.889876453989172
Tgm2 4.18135169477965 0.728885419175625 0.714558247291975
Ctc1 4.17015805754592 0.858664044304903 0.92251677696911
Rgs2 4.15258591785285 0.66047897765706 0.569944238098998
Myd88 4.15097285184066 0.92019177294814 0.915999493360353
Evi2a 4.1358102163444 0.0686239851648604 0.123793673495937
Nrros 4.13293263001283 0.720406085180255 0.792080354658163
Lilr4b|Lilrb4a 4.13126271441073 0.864036245927984 0.712326335814162
Cxcl16 4.12244976139384 0.944251398092421 0.931328872390462
Slc2a5 4.11711615223339 0.862361314712778 0.809611758002774
Socs3 4.11508126573496 0.622529345011692 0.652620783865921
Sh2b2 4.10115890426344 0.816372279719792 0.808833502205748
Arhgap4 4.09961806734653 0.888125322016751 0.924372754827671
Lmo2 4.09286701676134 0.728685871648356 0.845582996673139
Serinc3 4.08485778815124 0.774944522273628 0.592005455184343
Golm1 4.08102070427963 0.661288977779377 0.850767595905807
Pros1 4.07675242588131 0.79741202629299 0.914612661125001
Ier5 4.060058713101 0.708839592526579 0.724738333467432
Bin1 4.0586936510742 -0.0683831888905648 -0.186107339984327
Ly96 4.05689251647486 0.854302269503508 0.871134444589861
B2m 4.05295617432106 0.746592407718608 0.693097419034751
Tubb6 4.04839741213691 0.873494450941981 0.918326801092498
Fcrl1 4.03999157338485 0.962039979803861 0.949225813669452
Uba7 4.03813946714439 0.904967465559325 0.916194496978144
Cd33 4.02916229385822 0.890615396757514 0.920393915418191
Mlxipl 4.02395465703976 0.704180375744624 0.577571494587469
Il10rb 4.01493316197548 0.814808470344345 0.866829486587767
Hcls1 4.00805831519964 0.864441932383139 0.787744510704552
Akna 4.00561072547732 0.701506879659139 0.910062558306999
Slc7a8 4.00482662677781 0.879084695960125 0.85462018981248
Adrb2 4.00173239851123 0.833501953821993 0.625701918968165
Cd177 4.00004284360566 0.920827500373531 0.829381684818658
Plcg2 3.99414763237649 0.853957912385936 0.842873607901501
Btk 3.99009892035525 0.87584396103924 0.768952083111267
Dock2 3.98973397671005 0.882611838682941 0.940662657631472
Edem1 3.98589727364047 0.821645677747937 0.767918324079887
Gna15 3.98205952830426 0.909671012370244 0.938234863617351
Tgfbi 3.98084965168713 0.718853434735755 0.774506568660179
Rnf19b 3.97884115733824 0.884606517948429 0.874523947618719
Mef2a 3.97815958093069 0.802588774919408 0.846506686794126
Pmaip1 3.96569929595597 0.900742488923603 0.804705632289611
Dhrs3 3.95584496763108 0.355263271555565 0.359202952261275
Ehd4 3.95417125331816 0.817145683510912 0.885198264201654
Glipr1 3.95382583186393 0.899368972059904 0.819734196918621
Myo1g 3.93365357526948 0.911987390337789 0.861744051944345
Trim47 3.93328747703195 0.844794816903495 0.873311290852605
Trpv2 3.93284527665289 0.837427236196134 0.897104040111316
Gcnt1 3.918164455975 0.885360345147918 0.643604371006409
Lrrk1 3.91449275994331 0.804492803984906 0.512171747828431
Naalad2 3.9122849835197 0.840991694056415 0.787527930528403
Junb 3.91083756951408 0.62496967737792 0.710325676330519
Cebpb 3.89561747217981 0.775857578560013 0.53987772936436
Tmem140 3.89520490392188 0.92945966637376 0.851381207672857
Rab3il1 3.892244325028 0.930582682500642 0.899254330794934
Tnf 3.88621835878509 0.873010095150222 0.865126284423679
Plekho1 3.87353377107547 0.759676393744208 0.766226012221456
Tpp2 3.87209909273195 0.658524123198772 0.72814834395889
Gimap6 3.87032119852321 0.911624731827895 0.829107707109801
Gusb 3.86127164454676 0.75754179875594 0.783390853831904
Prkcd 3.85946933943365 0.538511944812325 0.688708725514112
Myo7a 3.84129279704032 0.845858601291372 0.768029722520065
Lyn 3.83897523270876 0.837770993230369 0.791725631860923
Ptger3 3.83822725940848 0.883258738838975 0.886861251800857
Tnfaip2 3.83120616759386 0.769056017598994 0.550968082682403
Slc39a8 3.82476978315186 0.730233018583352 0.764901025984507
Tmcc3 3.82307686535621 0.59076600162216 0.533104613879965
Ebi3 3.82219544649084 0.905967566807173 0.907467896042759
Vamp8 3.81851991918068 0.683479626626456 0.723195666338738
H2-Q7|H2-Q9 3.80343331339988 0.734012586930687 0.603156128107614
Dock8 3.79955087126124 0.799626501787504 0.510395817430566
Hps4 3.79456819780857 0.815732381357478 0.757692064328705
Clic1 3.79404097848015 0.752529190963549 0.837498015711099
Rac2 3.77369919402507 0.865322407181813 0.83089778714017
H2-Oa 3.77005774284102 0.933372816948521 0.908439351762194
Tapbp 3.76640477334808 0.691926504625975 0.607679622986832
Tbxas1 3.75594273216753 0.825885478168259 0.749775104887182
Ncf1 3.75384452353768 0.919482698648252 0.827094117035053
Arhgap9 3.75339158244994 0.897060894646483 0.89329254580179
Ankrd44 3.7472712330276 0.648763560758824 0.774227736142258
Plcl2 3.74711442175025 0.797123608161616 0.789184720430486
Sult1a1 3.74638574770805 0.347209061228344 0.148317382320863
Parp14 3.74415908251723 0.844183892823309 0.814696809414452
Nfkbiz 3.73912780381363 0.589618298121423 0.492834891113997
Myh9 3.73581914026948 0.818751293947179 0.821736634259929
D17H6S56E-5 3.73428955818085 0.823212570364434 0.302601328630432
Snx5 3.72745551863832 0.88734310463077 0.893605375600489
Tcirg1 3.72308837046365 0.733172077675053 0.753210413303783
Lgals3bp 3.71914682502947 0.440728618009969 0.457115155698096
Rreb1 3.71074857220341 0.56644408100927 0.787064077130586
Serpinf1 3.68974504474634 0.400987582128956 0.109418107851125
Ltc4s 3.68837067758961 0.836193535379167 0.644616520066588
Il4ra 3.67459326346833 0.926122833290275 0.872824517980406
H2-DMb2|H2-DMb1 3.67218823164812 0.885644849649883 0.790741053965235
Ucp2 3.67179150630435 0.753426391847139 0.29217823275037
Psmb9 3.67117524058363 0.846574333490899 0.758743647214288
Syngr2 3.66901836135209 0.629035704351296 0.678839470206685
Pik3cd 3.65053864080631 0.918865795247332 0.925453588208683
Tsc22d3 3.64297045692697 0.69516344543708 0.680120817594843
Tifa 3.6387133029805 0.625308416355396 0.776654920668371
BC028528 3.63349599790394 0.503795887322729 0.296661843788185
Arhgap17 3.6320379050157 0.84778806467096 0.814797078135117
Tgif1 3.63074373259557 0.887944457890256 0.903937717826132
Clec4b1|Clec4a2 3.62672032630239 0.893249652625738 0.846445856230881
Tcn2 3.62613015823838 0.600850792205483 0.817371209963856
Itga6 3.61303349205987 0.0986159492932594 -0.124700103526212
Lst1 3.61006842240675 0.848819980999524 0.568274332198447
Npnt 3.60367843763657 0.681181325327367 0.579417985853949
Ifi35 3.59744280288464 0.822146908281148 0.700554716178787
Man2b1 3.59264761164182 0.690950064143589 0.643047566647631
Acsl5 3.59123713342316 0.555549122787158 0.507306483981896
Klf10 3.5826849802517 0.778182262720266 0.768075637930689
Cd79b 3.57582589241382 0.910410199958022 0.902792662395606
Erap1 3.57275200803244 0.523016547222054 0.633822422530596
Pla2g4a 3.56261767979196 0.350893692908654 0.265679578354155
Tnfaip8 3.55632720681608 -0.0129326850553554 -0.0687511326400445
Clec5a 3.55298439858003 0.937538328806787 0.937160321921037
Ier2 3.54633322343782 0.571389204505099 0.701887023691079
AW112010 3.54108562265606 0.928977408369574 0.942335391059301
Ugt1a2|Ugt1a9|Ugt1a10|Ugt1a6a|Ugt1a5|Ugt1a6b|Ugt1a1|Ugt1a7c 3.53780043835613 0.605109280560131 0.856600531425976
Cep152 3.53578196322108 0.82843966348624 0.817513234654921
Zfp36l1 3.53347496542046 0.206174833038685 0.321053198039929
Ifitm6 3.51752789709644 0.916561415931246 0.856901174247815
Plk3 3.50799439020369 0.380196876662068 0.31595241466277
Trim34a 3.50779009686686 0.766173345290741 0.683217445325645
Lgmn 3.50224095640471 0.733558616362099 0.75538821184546
Adrb1 3.49889330545276 0.655072270267909 0.828249379484997
Ceacam2|Ceacam1 3.49438250868507 0.849682704098455 0.854413328593084
Srgap2 3.49127242577313 0.810208963613433 0.876235969374417
Ifngr1 3.47950763084287 0.780030049463244 0.816574221115503
Dnajb1 3.47667904335849 0.767773274110875 0.318476693685081
Frrs1 3.47395162925173 0.702859037684996 0.674832214755367
Ets2 3.47164831268353 0.614203838672625 0.537652466298833
Gbp7 3.4670296612968 0.284370845446515 0.318783171697342
Slc46a1 3.46028234521069 0.270288763123305 0.560205739892461
Lrrfip1 3.45894097039323 0.690780041700042 0.616260948807512
Cited2 3.45660895360778 0.698102794821695 0.670730867159061
Gcnt2 3.4320333249964 0.696494051659037 0.662655704667559
Hp 3.40984604067557 0.824092101549984 0.459727606295279
Plekha2 3.40739470727416 -0.0264475112008368 0.152598260663507
Cebpa 3.39559318999969 0.804037557716787 0.87501448082935
Snx20 3.37781445564497 0.931336348888832 0.881948704685378
Cytip 3.37009006250248 0.749749648680839 0.722608789559203
Ctsb 3.3685594054919 0.69389932753266 0.866555555289634
Grn 3.36642127552664 0.759825576021797 0.869079187933202
Ugt1a7c|Ugt1a10|Ugt1a2|Ugt1a6b|Ugt1a9|Ugt1a1|Ugt1a5|Ugt1a6a 3.36318986516617 0.647959020778008 0.670144410937881
Ebf3 3.35752200359428 0.873940430182059 0.800800128977574
Camk1 3.35425569880969 0.460934250060175 0.476490955075266
Sirpa 3.35073656496426 0.292777215173714 0.675461524839095
Slc16a7 3.34794402672531 0.442077564044821 0.710288877499086
Tor4a 3.34481017471605 0.748323251059816 0.793602667558985
Il1b 3.33886948722698 0.743430596851127 0.280856250433647
Rnf128 3.33845820202957 0.329548555483923 0.791008504304493
Tpst2 3.3333632960441 0.71925216913917 0.814376567990135
Fpr2 3.3332023090403 0.8109953880414 0.150259362969885
Mrc2 3.3306851575339 0.877410939355621 0.847362071830426
Pdk1 3.32876998140582 0.78303185229594 0.854402108388916
Ntpcr 3.32780694070719 0.787959279508743 0.778393176169259
Cmtm6 3.32671195779122 0.789087955645035 0.70558314279656
Ptbp3 3.32578880606896 0.691122041160156 0.777432801346045
Rp2 3.31341656111406 0.850944859330825 0.820370686261358
Rasa4 3.28215374172741 0.921333038015526 0.900424198728351
Zfx|Zfa-ps 3.25574313366255 0.802299239726503 0.792130918558022
Tgfb1 3.248937815693 0.873253995736278 0.690668117914622
Naip6 3.24222899902596 0.878227525193416 0.886606758105859
Pf4 3.23535587647688 0.831937975687681 0.813187194918831
Ceacam1|Ceacam2 3.21159808169441 0.822255871056115 0.549948824563276
Ms4a6c 3.20389758699295 0.912026455130365 0.905381840432019
Smagp 3.18927874614355 0.880428897058088 0.818381120165536
Fam111a 3.1851029736641 0.662703766383781 0.699300212943908
Batf3 3.18218878457576 0.913964495632392 0.923628833882633
Was 3.17840811371073 0.823487998473245 0.555128721619395
Igha 3.16526007836681 0.755446755365616 0.605879610737612
Ifih1 3.15695452892309 0.765062391063685 0.706495043247053
Ugt1a7c|Ugt1a6a|Ugt1a2|Ugt1a6b|Ugt1a9|Ugt1a5|Ugt1a10|Ugt1a1 3.15612324086052 0.832879639119495 0.820696813282571
Nfam1 3.13757653429935 0.919092119574798 0.916426175199563
Zfx|Zfa-ps 3.13169562777096 0.845954008360367 0.820493938231458
Myo1b 3.09782599093626 0.65976230987906 0.233297189857675
Hlx 3.09514494355093 0.897405632661478 0.826052657250022
Vrk2 3.04916267911478 0.725734810460931 0.366796903047069
Irf9 3.04435516420796 0.793134875297367 0.792342799295709
Calhm2 3.01284163722236 0.890702643827341 0.86493137612578
Abcd2 2.98425364107866 0.288256370988763 0.130641434383903
Gmfg 2.97132298728496 0.883406426363694 0.871157297350848
Mpo 2.97124555705827 0.833112324048368 0.434180197478333
Cmtm8 2.9289833738136 0.867609839799708 0.723873193139716
Arsg 2.91180061915537 0.00109473104208309 -0.13454317901363
Nfkbie 2.87465169439942 0.761107804714947 0.709695613664964
Parp10 2.87193472063645 0.815695979574968 0.702637431383628
Ptprj 2.86821145549322 0.81072193956892 0.809363108262489
Calcrl 2.866674176642 0.199547646457846 0.090445464157904
Tnfsf13b 2.79294166940086 0.841244264676983 0.817114937889596
Tmc6 2.78246506534146 0.791948231905491 0.760202015860069
Sh3tc1 2.72703132705777 0.90795177346079 0.916207751119009
Stk26 2.71954813433544 0.730116912406467 0.754377151795413
Plaur 2.71679182230168 0.848473161047173 0.755213474440947
H2-Ab1 2.69822000084231 0.719719186605344 0.639214100328447
Irgm2 2.67829521543494 0.726505909493251 0.634221126947278
Emp3 2.65481934742644 0.832011054788985 0.736571956358773
Tfpi 2.64577305576529 0.835049029843666 0.699014104449202
Zfpm1 2.63670996535809 0.155505432464335 0.183563764094728
Rps4l 2.62521319332965 0.453800972550833 0.652277962757378
Esyt1 2.50981722886343 0.717338502079448 0.786482603175355
Ifitm3 2.45074511662254 0.157243793762185 -0.118774610174719
Il21r 2.40089377897045 0.934792272863048 0.923385355570768
Ceacam2|Ceacam1 2.38090947968623 0.773210176065336 0.334261773479832
Ehbp1l1 2.36771286274049 0.644341548612552 0.747317846200765
Snord22 2.33944998417855 0.608653517643247 0.747652135155631
Dusp2 2.30690928157752 0.803223993335586 0.659438525616882
Tlcd2 2.0421834984303 0.863405942507788 0.856527151530477
