Tspan2 7.13490841040473 0.867576542202289 0.846504040761948
Ppp1r14a 6.86040597542598 0.904983205104868 0.892168790966279
Mog 6.83686234829 0.821687425404977 0.71942592074426
Mobp 6.80822416277456 0.66361625382021 0.174420229720344
Ugt8a 6.49737490145929 0.742752174575052 0.696845971168021
Cldn11 6.31692760692068 0.82705494789579 0.760242135646032
S1pr5 6.30621421513121 0.830102771979925 0.731005072743914
Mal 6.25905149560266 0.833238306534021 0.816223299809889
Tmeff2 6.11916369503861 0.849620413149396 0.823105899310261
Grb14 5.98765871206937 0.924977536112626 0.929298986232181
Sh3gl3 5.70339364918952 0.793153017266949 0.89102607392711
Efhd1 5.52344867260694 0.281073384093276 0.38748675074385
Mbp 5.49424326985307 0.625847897181224 0.463265085359427
Ndrg1 5.35610547191174 0.789780912152738 0.731145722710499
Gpr37 5.33949408033365 0.328988526345565 0.339781304561819
Fa2h 5.3083776391256 0.827686664538341 0.755513108915491
Sept4 5.27769873188667 0.656785187224361 0.765623684175878
Dusp26 5.21794883597771 0.751313578511614 0.688323250242511
Sox10 5.11148004599349 0.880256477476376 0.833792567960345
Ptgds 5.10559068747417 0.584639845426717 0.373703999988291
Sez6l2 4.99241808368165 0.624522709490264 -0.112401534679845
Pdlim2 4.98317422849408 0.797714971240011 0.744082876887141
Stmn4 4.93127982899106 0.617013764501617 -0.0782062384199698
Pou3f1 4.92969540577937 0.817846839803388 0.771011110685738
Aspa 4.83606418810078 0.658057884947518 0.684325720516442
Ddc 4.74926393487985 0.831967721097885 0.766183670378508
Olig2 4.7488311617114 0.636864571312795 0.698661462896173
Tmem163 4.73080872640279 0.808192678835833 0.654412676980848
Trim59 4.72980939559964 0.668740251546295 0.00197645689048213
Pllp 4.50695412099602 0.876191530610976 0.846477191056485
Edil3 4.45701948532982 0.614458128456842 0.388127757810838
Rnf112 4.43753475513297 0.716877897900112 0.403396393229064
Gal3st1 4.36666952705867 0.819443023390236 0.702246694613129
Apod 4.3659164208885 0.656719851034748 0.606323998370772
Pcp4 4.27431701303972 0.390451432111546 -0.0413963781207489
Rab33a 4.27043304042889 0.774425525094354 0.789190218799351
Bcat1 4.24006566193213 0.69558047585729 0.270474008004381
Anln 4.22800838884146 0.680771300827889 0.359116992889681
Cryab 4.2214999383513 0.695366745105344 0.832764703609907
Ank3 4.22069634655162 0.67817881808807 0.442053870677611
Lims2 4.20886890971235 0.791225633854245 0.667865307139622
Slain1 4.20675170289978 0.679465532580265 0.532534252456954
Prkcz 4.19487181733265 0.701717000259703 0.366353255027262
Ell2 4.18826616536876 0.708696113793158 0.740429974653008
Tppp3 4.17207500899019 0.602602294446202 0.570973633195391
Kcna1 4.17037474441615 0.766888537985963 0.59618394545901
Sytl2 4.09577637674837 0.741838531778303 0.586023410004405
Gamt 4.08952032730734 0.747556781976778 0.725521674359548
Sgk2 4.08129728615728 0.790393079936033 0.677553594035981
Josd2 4.06933015418628 0.816139823095986 0.795975481068529
Adssl1 4.05131996357871 0.743686059439751 0.675888964619331
Nkx6-2 4.03929513037323 0.767210250094319 0.731566080022257
Larp6 4.01685990869997 0.849718720507289 0.792144637076201
Efnb3 3.96209374780109 0.645699325527711 0.217611219054565
Lpar1 3.92610691826675 0.74637990252323 0.622051261797723
Cacnb4 3.89188692301243 0.65978747093621 0.324776860076279
Adamts4 3.87149787205763 0.602762031525079 0.165559168642195
Tubb4a 3.83793829698418 0.762981454869429 0.645470433371781
Slc1a1 3.83315770911969 0.79864087310978 0.764360731688284
Acot7 3.82246491520196 0.680955710268281 0.443699525562071
Plp1 3.8207488567983 0.623182397416205 0.662499250354654
Lrrn1 3.79826931585574 0.595623992764457 0.374527728184096
Asns 3.79760180209482 0.532004026845104 0.118989031582066
Atp9a 3.78813322184719 0.56334748006116 -0.184942592457285
Glrb 3.7725552149117 0.146538177968285 -0.0170708283798624
Nkain1 3.7692853561344 0.677864798469492 0.426992401287794
Plat 3.76002574041371 0.0606512257752572 -0.0281454455354547
Cadps2 3.71926469541087 0.283314538383926 0.128626998872218
Mag 3.70055888225736 0.680374186223059 0.471015174515865
Slco3a1 3.69483002286793 0.591329600058735 0.550099354175802
Bin1 3.68777874881004 0.507383066204247 -0.186107339984327
Olig1 3.68626998665966 0.44003839382941 0.773403160142552
Prickle1 3.67993831512801 0.835526288534017 0.833801072096084
Tnni1 3.67812378936307 0.814852108571691 0.735179413464349
Scrg1 3.65961305990995 0.114633669370052 0.112704087755725
Dbi 3.63615391986934 0.246291247426884 0.10522868252618
Gsn 3.6283983484929 0.642902998248397 0.472339052921673
Vsnl1 3.62525268315344 0.382772061182027 0.2404738943599
Nkx2-2 3.61093978793574 0.631201926141449 0.628247461664321
Plekhh1 3.60532402641005 0.694822893388806 0.441661983996449
Ninj2 3.60401138709848 0.829739149019713 0.766060604909357
Cdc42ep1 3.59539420659269 0.499047464555154 0.489913431552343
S100a1 3.58095648679251 0.0958835116751233 0.0427421537797832
Plekhf1 3.57301977170363 0.636844905888495 0.597535600674883
Omg 3.56680780148273 0.106365435139988 0.255768615496309
Mfsd6 3.54542137925348 0.547291182447287 -0.191377676204514
Phldb1 3.49743237018606 0.650708293922863 0.362797763309631
Ggct 3.49657066278447 0.853654442270436 0.833244672035129
Slc44a1 3.48913841490151 0.734023386480342 0.821768590422807
Rtkn 3.45832540174765 0.607522370930877 0.58666718766885
C1ql3 3.45539992346473 0.611443048190763 0.644652926093873
Cdk18 3.40876445368961 0.749167401022273 0.614341487173108
Dnm1 3.38189977133435 0.722417471356207 0.60475187916837
S100b 3.3713996548296 0.157176222322674 0.122987472536489
Gjb1 3.35546157457455 0.69928029177682 0.475335564269644
Frmd5 3.34109192201994 0.688496505980539 0.23701483191036
Car14 3.33509755159478 0.630207195756101 0.218541269166789
Kazn 3.31060074379176 0.889779411498402 0.871673430867062
Nefl 3.26738504913146 0.418339914056219 -0.260215384727934
Hapln2 3.22742973656037 0.630506234661789 0.355426750901343
Elovl7 3.21502769624006 0.664597562828159 0.521350900866268
Gpr85 3.16872721736987 0.64858682043987 -0.259311454565913
Susd4 3.13678816085599 0.680337252218445 0.385257050055123
Pcolce2 3.11059141198983 0.673389582443323 0.276846499404656
Hist3h2ba 3.02383566059892 0.648964290959332 0.0544100652714991
Map4 2.97699610239821 0.723176334416694 0.59401762894374
Nap1l2 2.97388709873993 0.445353483516708 0.0688462896472173
Tspan17 2.97173264851378 0.702116637936282 0.532060075895123
Rit2 2.96998084362627 0.434634147413862 0.16954445043527
Bhlhe22 2.93050706356287 0.706331339174343 0.726753729402616
Lrrtm1 2.85867542947626 0.522451972027464 0.16764319394234
Brinp1 2.85788443602189 0.412153920649522 0.0955876718844609
Wfdc18 2.7904778914875 0.746658260709622 0.646287177206656
Ptprk 2.78906954003894 0.514227574568048 0.430918826890353
Dync1i1 2.74719942269504 0.424272926051613 -0.125086991450628
Rhpn2 2.7337181812686 0.346361150270907 0.36648838955686
Dusp15 2.6941071401765 0.778449808253714 0.773253623541727
Pex5l 2.67219915405032 0.724350713017244 0.623355714272057
Bmp4 2.60229397106299 0.620503128581188 0.425861689330479
Cpox 2.57915974639341 0.777282800743244 0.684540768399231
Crtac1 2.57298800566003 0.537430084905539 0.0251083742850785
Lamp5 2.57079984193826 0.452047584854957 0.0768323377643354
Cd200 2.57042187461026 0.728177824043677 0.695581927999414
Lad1 2.5433420091073 0.434797084325477 -0.0120919916984375
Mcam 2.53996949058524 0.547227897648244 0.3716932113773
Oprl1 2.52542241461099 0.449893810298105 0.0834589534615481
Brdt 2.48495318757784 0.790399845506247 0.796033485705268
Car10 2.46125857161354 0.378825439291054 0.20155074852161
Dock5 2.39290639431811 0.554651882686699 0.334121483680298
Rab40b 2.36912653037123 0.469628052102589 0.192650123507135
Rgs4 2.11968579147856 0.283009263781134 -0.0338720504414115
Rprm 2.05479931378587 0.363662260418843 0.0412741030979834
