Xist 8.78266240191963 0.675767458605268 0.0677478822814241
Dsp 8.38466623986583 0.955886277315982 0.953477349279728
C1ql3 6.16020836030244 0.426396049482263 0.310807841109627
Mbp 6.07948349125506 0.0339780223549266 0.419690436666508
Gja1 5.94980192657892 0.137128860550383 -0.255135369694353
Lct 5.89613439563041 0.922497533829635 0.852078781981304
Neurod1 5.72772914540757 0.744837429921519 0.813149760802996
Bhlhe22 5.70534793909129 0.518636479074788 0.739779912113124
Npnt 5.45045266186395 0.551070957159011 -0.0376653242693636
C1qb 5.42481344374034 0.674975417613411 0.567797977309056
Ogn 5.40234869142285 0.839120629941422 0.199011224791515
Pkp2 5.39624249701094 0.661429379057225 0.57340453003728
Laptm5 5.26447130678414 0.489980657918511 0.35280150784138
Pcdh20 5.25763371788698 0.578763002480926 0.541540405262698
Rreb1 5.2556615647123 0.684485226855435 0.812235278476704
Notch2 4.97586691320747 0.399901786936012 -0.00249168581301142
Cebpd 4.91087097642714 0.428737377289082 -0.169468632266885
Mcm6 4.84944802569462 0.686721255288532 0.439010402318175
Sema5a 4.80727347337859 0.632691813406676 0.161547424292515
Kctd4 4.78449327416052 0.46540820995794 0.32080102502198
Foxn2 4.73515320101186 0.324334138525138 0.374789855276178
Plp1 4.70252224032337 -0.227090274375818 -0.132901290674533
Igfbp5 4.68003836315001 0.481509197422404 -0.109309852495751
Cald1 4.63752703500871 0.501648630057412 0.435439676414914
Trpc6 4.49622015074588 0.684429862598623 0.333379106535215
Nptx1 4.46966556370365 0.397439567239462 -0.267349326112005
Rbm5 4.46174549041343 0.378160384123498 0.14247669821197
Ctss 4.46014419051559 0.438464915392451 0.234243047693798
Tdo2 4.44832886107989 0.837364823259859 0.787858413255048
Tgfb2 4.42776634879047 0.510466382478201 -0.179238114242052
Pter 4.38905445675715 0.821397989872931 0.721305172505919
Spata13 4.35237584441689 0.12727324068462 0.325581369018804
Lmo7 4.29779341241112 0.313636352401047 0.321200585018681
Npy2r 4.20563743306196 0.787463335169763 0.39888160392441
Npy5r 4.10193589981539 0.589367702759504 0.497449585300579
Cxcl12 4.07955268073223 0.581601845693573 0.0829908198061604
Ccdc85a 4.04668287255501 0.581572014557111 0.638559119844814
Cyp7b1 4.04221758407684 0.498716568940339 0.643794740487513
Frmd4b 4.02483642173043 0.322254190598409 0.205254430576643
Ptgr1 3.95258444540372 0.644726418471839 0.0811863735181136
Nrp1 3.93952299247678 0.419897798229641 0.261965852418915
Zbtb20 3.91375229754721 0.566615020470726 0.329005205433035
Tanc1 3.9031115717964 0.670649300616027 0.732036395344958
Lhx9 3.89545764267399 0.914761143359885 0.829975535890034
Nfia 3.88573406713142 0.541694721775743 0.428188333970465
Epha7 3.87334129192174 0.564347119070223 0.665530007875746
Slc15a2 3.87080924888803 0.432457384012858 0.0921619896914243
B3galnt2 3.84835629111513 0.682348915818055 0.55628406697001
Myh9 3.84190081589947 0.359721818214777 0.112950671751974
Acp1 3.82419707286752 0.0287041985334174 -0.133557060336376
Slc4a4 3.81513837758256 0.199819668454263 0.105251710085741
Ddr1 3.78296853020929 0.154524854594333 0.0446649918355418
Reep3 3.76267976025351 0.152798473352171 0.321975438011057
Lin7c 3.70526112895122 -0.202081161477028 -0.199951173960924
Qk 3.6922824045174 -0.214944407178491 -0.078440310859434
Ehd1 3.6486785117223 0.32925161910403 -0.0811755161332563
Rpl41 3.63324125631855 0.683157933537504 0.658446232802938
Rasl10a 3.62543878071489 0.383899105122439 0.131168758017157
Pnrc2 3.61962501430483 0.326277186242831 0.458434890743972
Dsg2 3.58458799524534 0.725074110516436 0.635262685184801
Sfswap 3.58157963279364 0.288753800259973 -0.0505817282209131
Cdhr1 3.5686526587921 0.766917358519419 0.814562391875865
Csf1r 3.56083082136968 0.592357794827045 0.273460518248
Qtrtd1 3.53034044501225 0.555567539552171 0.69019471690176
Ryr3 3.52970371955587 0.247418591391362 -0.155437372519669
Itpka 3.48002231041871 -0.229108121272554 -0.145097367172548
Pkig 3.45790587815515 0.185319917714891 0.0178047451228563
Synpr 3.42074584312735 0.0271338655678455 0.0408952497530986
Mmd2 3.37655865146304 0.195515337802877 -0.0619813940666742
Nfib 3.35767533017482 0.352454335037267 0.22805513391498
Lrrn1 3.34767469582423 0.343375172490767 -0.186899927618851
Cdh9 3.34716806594029 0.431095012224321 0.141331151369576
Pcdh8 3.33135739276717 0.474711403197918 0.682070382728078
Phf20l1 3.27492830776779 0.702525368375979 0.691019935883297
Rwdd3 3.14852988555092 0.479475261639935 0.558907631242243
Pkdcc 3.14219722153904 0.44917778681091 -0.141136387760987
Stxbp6 3.11716066366412 0.491126580513379 0.0993352182674719
Ackr3 3.10844130988691 0.523125365264626 0.107345935872791
Ryr1 3.10679284763149 0.291028133799412 -0.0993562850045423
Skp2 2.96733896527995 0.443743211615471 0.422427396465471
Slc29a4 2.88033368372619 0.666574493441901 -0.106252846704095
Bcas2 2.87463532229179 -0.0342728695819045 -0.107360379176695
Itsn1 2.85926856648543 0.435058050684674 -0.0701147513802407
Anxa11 2.75779653385649 0.816300837204019 0.752427001979773
Sp4 2.73277264294781 0.339704437092005 0.37062851502328
Iigp1 2.72302368362813 0.765070107986196 0.587396230185884
Prpf40a 2.69838748136936 0.495336660662131 0.428667702870463
B3galt6 2.67597947969457 0.102395248557782 -0.188393702256471
Cpox 2.65058242254063 0.440694439041436 -0.152291704352676
2810002D19Rik 2.55953422135007 0.335969108655627 0.244667231324416
Spag1 2.47181340497006 0.568004707112804 -0.159638904369319
Zik1 2.46473752568375 -0.0228298256603115 -0.23634024378798
C77370 2.44923627479575 0.637320938865056 0.548466297124346
Xiap 2.25237220393477 0.385022787740346 0.309713033584664
