Lhx8 7.98072991960722 0.822308267661692 0.815268067314626
Zic1 6.76778253043946 0.637463612987984 0.203829929172455
Slc18a3 6.55796259903826 0.923267093348114 0.893440234031343
Sncg 6.22565687656745 0.799893522803578 0.41329429233184
Isl1 6.13244828188223 0.423274034165683 0.193374105974916
Ttr 5.98777994097945 0.356913315521632 -0.0580073023680453
Cxcl14 5.93463437338031 0.412836156611588 0.0103941846813673
Ecel1 5.13614274072212 0.874150935010934 0.876971638374469
Zfp521 5.04588465875268 0.24933656388272 0.374864952537334
Snurf|Snrpn 4.78160128575304 0.133020520149519 0.0345320311740176
Serpinb1b 4.76560332333697 0.67698908362631 0.643153146531656
Mme 4.70179990883815 0.138866641020706 0.148491652698017
S100a10 4.66038363394424 0.332166003606605 0.412518051011297
Crabp2 4.55798155374378 0.772049087404026 0.0752941561852217
Crabp1 4.52104582865143 0.406939211338769 0.145904556959886
Hspb1 4.4760042770319 0.720212531087759 0.395915683072734
Zic3 4.4553979210327 0.688344458193959 0.355040659659633
Popdc3 4.33648492804648 0.790807857982318 0.63911489280725
Hspb8 4.29264360951835 0.635331209814431 0.53411391115233
Ache 4.26516405383592 0.679666380957213 0.314837400674874
Tacr3 4.18921022992245 0.863881197214673 0.861057392035017
Trpc3 4.14843983372962 0.679653829992945 0.639040036811457
Gdnf 4.10094785542649 0.764884332909227 0.672708806131288
Cnot7 4.07555173944373 0.175138558126959 -0.162041490843219
Plp1 3.98663352987441 -0.238033052777766 -0.0752231744219691
Cd44 3.83986269765268 0.655863814776443 -0.0348962972964855
Rcn1 3.80357514141683 0.0383818868919635 0.027781986739195
Rgs10 3.71442764577684 0.253230027808947 -0.122879540280261
Hopx 3.69045539550439 0.553229547526951 0.22307367471753
Socs2 3.68617219374023 0.293896896039823 0.251619080230658
Cartpt 3.65519192377947 0.596475554116221 0.18521793033529
Mtfr1 3.53177531592834 0.365067373046575 0.217758732922124
Ptger2 3.52880806772254 0.784239298762802 0.754696148289391
Gpx3 3.51847404522465 0.738606239169147 0.775548812703282
S100a11 3.50923577802766 0.71488838850723 0.66453353463448
Lhx6 3.46027451869721 0.285634022027603 0.673453365874714
Tppp3 3.43568461199221 0.464401606608689 0.151795118176939
Mea1 3.43565695824822 0.355506197426154 0.128925060357868
Cbln1 3.43534125295954 0.365354563999041 -0.042991218627445
Mbp 3.42165483542968 -0.285063335479775 -0.0149683861869757
Zbtb8os 3.40745093025228 0.46119613740885 0.480911242344209
Flywch2 3.40565983783821 0.497035520850058 0.258835329955728
Mcub 3.40232873572393 0.637547072202196 0.523192959564514
Slc5a7 3.35197987781344 0.831736299056848 0.758014717659622
Acadl 3.32365661569749 0.159390825265754 0.473443373430621
Uxt 3.15666553250203 -0.0903468949970398 -0.0703138770637617
Eloc 3.06424386921177 0.22803790724672 0.433247166483196
Coa5 3.02459513094722 0.295611386493022 -0.074857368780374
Gal 3.02221705089354 0.811754301020931 0.762072077253551
Commd6 2.94302238154521 0.0556862903223536 -0.0537401377949046
Racgap1 2.8728810516317 0.507152559964117 0.310296727963965
Qpct 2.8611599665954 0.193870082342907 0.000924965804624574
Ciapin1 2.77616936015466 0.424167874659958 0.304388134338823
Zfp423 2.70247574532812 0.537600658818689 0.30171833533566
Fxyd2 2.66865285962689 0.13106556674657 -0.0713039220573791
Mrps23 2.59182150378585 0.155722945786436 0.263129861601235
Gnpnat1 2.52705905719826 0.414525267358233 0.300637881014728
Rpe 2.2364340652967 -0.0533218517855847 -0.0673991962088082
Xrcc5 2.23006825917833 0.157612945991919 0.217712792311065
Mis18a 2.11047435474748 0.0668256731351354 -0.0335938320440887
