Sst 6.61859306635921 0.569674945807234 0.488482129529501
Col19a1 6.41514387621156 0.484851115702465 0.0227569105451434
Npy 6.1299612055411 0.463577488540598 0.0739326762818236
Reln 5.79910661997813 0.395757686733809 0.329032742961776
Moxd1 5.4896557623886 0.581847456970182 -0.118699512605783
Lgals1 5.22020757240784 0.453171380514379 0.542805917613285
Lhx6 5.10228027004764 0.385940918100553 0.0403673609145215
Calb2 4.84726261029727 0.699017087731986 0.559271878357922
Arx 4.83819347447353 0.182426653083625 0.278232983821933
Slc32a1 4.76480203542064 -0.23643246341553 0.0887534231536145
Sox6 4.71147324325749 0.28657148672448 0.0491693500507052
Grik1 4.56110187070131 0.315316882828774 -0.138382231477089
Igf1 4.3221867493679 0.560843807920213 0.402768976548089
Dlx1 4.23779421740081 0.447522998840877 -0.0514268037646551
Man1a 4.19044719692396 0.414129516058997 -0.0777879088477185
Timp3 4.08431571327775 0.498250999515872 0.333223004183796
Rpp25 3.9017621043539 0.086117952762585 0.0465395384577984
Rbp4 3.87163484368244 0.275635762950581 0.418817165910828
Mafb 3.84401045976113 0.607713381316157 0.614060178847301
Pitpnc1 3.8377948982512 0.398484180389245 0.53787137221418
Gad2 3.79055879076126 -0.0657403780594837 -0.160190961285242
Utrn 3.71551177155794 0.128758422265638 0.144947110512916
Rab3b 3.69963689554657 0.257603943426169 -0.136310943895474
Kcnip1 3.57152673010882 0.272978544648962 -0.143104468973202
Nppc 3.41574371096345 0.842647213857549 0.877758487185799
Slc8a1 3.34378742879935 0.270234944290407 -0.0539200570345294
Cacng5 3.32512458430225 0.465618379227608 0.587148643850115
Pcdh18 2.93988832125143 0.614500890533834 -0.00542909155238563
Pcsk5 2.7937073206777 0.721883533439756 0.219314950805187
