Vip 7.58067952591572 0.812436399001191 0.588847914839235
Cxcl14 6.34523714611488 0.44619866771313 0.0291240982510786
Npy 5.9075867111071 0.507165893715816 0.0739326762818236
Reln 5.50576157827837 0.412650774943514 0.00230284557686303
Tac2 5.41977157255786 0.855471318971446 0.708719148652247
Col19a1 5.38384398554448 0.484580304208948 -0.0976066977919323
Kit 5.20323256176975 0.768115174613007 0.682888281089686
Dlx1as 5.08769597642415 0.511968436070408 0.186628113993452
Pnoc 5.0394123987929 0.710915532150189 0.195706168775503
Igf1 4.97999709842103 0.676502499421863 0.402768976548089
Lamp5 4.8649600682501 0.031458224647094 0.218061515056105
Slc32a1 4.69918069589965 -0.194900144954442 0.0963505884303372
Htr3a 4.52259095478071 0.809232905483735 0.785520078173075
Gad2 4.46577261220816 0.0711449706675746 -0.11900144872996
Grik1 4.44442536711441 0.362339612564559 -0.0804454356263293
Nov 4.40905737549491 0.330452206247918 -0.124840908964785
Wnt5a 4.36414027758403 0.784253891831006 0.769298482690248
Cck 4.35181249462964 0.330782897974726 0.374336955698522
Parm1 4.32376404492796 0.42771176889002 0.0907674133459631
Kcnip1 4.22845400495197 0.418075928149841 0.0229318971153501
Nectin3 4.20499867760934 0.587505792468176 0.619838229569743
Sst 4.17145333623818 0.409095782363865 -0.0519100498807884
Sln 4.08785003044493 0.749145891895222 0.149838516190948
Dlx1 4.00411246201297 0.476167138242466 -0.0514268037646551
Cplx3 3.91319855258612 0.630318710312203 0.397211395966426
Arx 3.80980547753538 0.0770430545235247 0.273230387570437
Cntnap2 3.73846891963016 0.198763462709387 0.235125881480293
Cds2 3.73506923078304 0.110517279261137 0.0987322807468463
Rgs10 3.72774435731021 0.253048675000527 0.00305274506273856
Cadps2 3.64703899307277 0.338754867383353 0.37735186424565
Socs5 3.58324623626563 0.42999858946605 0.0189223601838467
Arl4c 3.56138986693291 0.47016326187368 0.764935672918409
Slc6a1 3.54729204119168 -0.00825396268893323 0.296044871602133
Magi1 3.54100513443433 0.429045054089496 -0.0578068569932637
Sorcs3 3.53546600372254 0.724181340298998 0.160579787476408
Col14a1 3.51796786715205 0.787975653673837 0.69700700682967
Elavl2 3.46548416289622 0.149575885777293 0.305359493499859
Egln3 3.38580522682058 0.552319833132966 0.406376198615817
Kcnn2 3.35196510112849 0.525331710786004 0.0867772902477134
Pcdh20 3.34688756646292 0.430846269730128 0.262829877396478
Npas1 3.27054987546623 0.761489327855539 0.47880248436001
Plod2 3.126857852288 0.441575839290569 0.204475636600295
Gng4 3.05380481239989 0.467460319687237 0.065274363080222
Tnnt1 2.74445358254273 0.403964070876196 0.335303017669878
Dlx2 2.65508098680764 0.586368765921746 0.452599460393567
Lima1 2.44111529793622 0.46921306672539 -0.0124674980920274
Abca8a 2.29436329413285 0.497160167631531 0.122228752608885
