Sst 6.28263472415528 0.544638969653637 0.384901528615102
Col19a1 5.97232754070193 0.454927021332114 -0.0976066977919323
Npy 5.35330870944843 0.39937169414575 0.437218969196976
Reln 5.31273529615293 0.324860372173343 0.00230284557686303
Moxd1 5.24238439071133 0.561188821340739 -0.118699512605783
Timp3 5.17380081587662 0.569154941606236 -0.0727266972251775
Slc32a1 4.91662072355254 -0.210330632942582 0.193380331232851
Ctsc 4.89894393863646 0.461885410750336 -0.0406570279861941
Lhx6 4.89540833047687 0.366416749151704 0.0403673609145215
Grpr 4.71928915686718 0.872393966603335 0.797323154004172
Pnoc 4.49522927224644 0.599512245732023 0.195706168775503
Lgals1 4.35638484004314 0.364990279334782 0.0950926673326743
Arx 4.28138373042643 0.0896125535271956 -0.103820208069192
Cacna2d2 4.20086420893588 0.0588165712250342 0.0306432685547881
Pvalb 4.1612744681719 0.476705827799341 0.619936824930992
Kcnmb2 4.11503242774887 0.522707545629779 0.746319575179343
Rpp25 3.99967332583048 0.0540844830437723 -0.0486701261464952
Rab3b 3.68255520655094 0.253222053293792 -0.136310943895474
Rgs10 3.63818874957752 0.180466148243034 -0.122879540280261
Slc8a1 3.63584680313536 0.312662367878889 -0.0539200570345294
Olfm3 3.6069072735173 0.433553899645122 0.243348101925419
Gad2 3.59655274939705 -0.0907799147565395 -0.13221552969729
Ptprt 3.59598451015252 0.612258344257796 0.585980648561074
Cort 3.58163815589527 0.557560660187014 0.211213845788306
Cdh13 3.57656544269297 0.392358298618013 0.187083061268038
Kcnc1 3.49553132586964 0.364933425258486 -0.0838717813139521
Socs5 3.48755436270913 0.355386208694656 0.0189223601838467
Golm1 3.48692626399223 0.438426228737964 -0.00747702397560807
Ramp3 3.41424221230618 0.524825441288845 0.406065942784125
Rgs8 3.37739953464682 0.209490434464401 0.751927602809061
Postn 3.36981650047673 0.770659287540256 0.659155309636472
Gna14 3.30741268581122 0.889359158805908 0.884475036345126
Alk 3.0799147936606 0.392941166797924 0.207965812567986
Cidea 2.87761872037173 0.729781612137171 0.317588812844842
