C1qb 9.52632885558144 0.842051464633497 0.826100809455668
Ttr 9.23678177691611 0.552881969622039 0.316585366486108
Laptm5 9.10604065024447 0.767012337072615 0.791381444913591
Itgb5 8.61212326636734 0.713456588588458 0.83172489091188
Ccl3 8.58893486538011 0.940658900947596 0.874965583428724
Xist 8.5502066076845 0.668886144059915 0.043416087245151
Socs3 8.48188228497877 0.771401482618889 0.807427989730807
Ctss 8.44520086399877 0.769630568449466 0.783790355135232
S100a8 8.3361576690015 0.969494746920017 0.944101939783756
Gpr34 8.19867179715538 0.965721082244201 0.94898039756534
Ptprc 8.09645245637103 0.8837007642109 0.750345321607988
C1qc 8.01710654875044 0.919943777253307 0.855340219989704
Vsir 7.94755472085477 0.837194241073498 0.817506829988976
Ctsc 7.9370565003626 0.66310616338157 0.741998073095641
Atf3 7.90719392217994 0.87324225700605 0.830764007673631
Hba-a1|Hba-a2 7.81667562479532 0.834408138304136 0.79997090141383
Fcgr3 7.72300092217204 0.933993254834541 0.920256426963961
Lyz1 7.7055808073275 0.86000016012884 0.879329096242757
Fcgr1 7.6989586286483 0.944405737526582 0.879315103712133
Fermt3 7.64780179585442 0.845532949782116 0.822789092706011
Zfp36l1 7.61001715766008 0.545072052549753 0.319838572169749
Nfkbiz 7.59861203523905 0.772936634888077 0.84343986747029
Lcn2 7.54916156371345 0.963765456765334 0.907870360042973
Evi2a 7.54082883949078 0.624467416987364 0.122083941499024
Lcp1 7.53183422192042 0.862887480674395 0.822778027882635
P2ry12 7.51006870408165 0.925863573042059 0.86236366443333
Anxa3 7.46896904485483 0.863354461798163 0.918522151461646
Cfh 7.46471040854037 0.941705826622583 0.926505529870119
Rnase4 7.46380485516682 0.880253344376379 0.893021472431678
Klf4 7.42242079332808 0.674005162660852 0.629645760718684
Cd53 7.399158813077 0.938204935384975 0.913952673786226
Ccr5 7.34242347408014 0.961087563442072 0.951500020966923
C1qa 7.3290609394734 0.927317169577566 0.851564118343956
Tmem119 7.32878858252004 0.917647652548725 0.914693160934049
Klf2 7.31294397514875 0.877205335947601 0.769704468031332
Fcrls 7.28241215628222 0.922537706846739 0.901294879187313
Ly86 7.27813966945163 0.892023357047358 0.907458534390297
Ctsh 7.25010660777738 0.92254431405725 0.921913629698908
Hpgd 7.24147575863261 0.867766505686951 0.866643676967866
S100a9 7.23114139612438 0.945539965582751 0.919272428225159
Mertk 7.19812189652266 0.722574976290001 0.023616097947432
Ptpn6 7.1842548771557 0.956967927274817 0.96291273197749
Cx3cr1 7.16833560086661 0.932508881457102 0.87514207145877
P2ry6 7.1461982869876 0.961062819666967 0.958511022840041
Tgfbr1 7.10919872755477 0.800790071774538 0.896047347290099
Bcl2a1a|Bcl2a1b|Bcl2a1d 7.07518461828887 0.935831750010773 0.929832928960105
Itgb2 7.05721730563677 0.94459750441408 0.940209250733343
Icam1 7.0391192915748 0.920640054851459 0.889225151475047
Olfml3 7.03381678988869 0.924626510651067 0.945017346491035
Cd68 7.03353070950496 0.739992434846961 0.845825120262281
Il10ra 7.00223253765487 0.946023088581275 0.955985433957601
Il6ra 6.99914576287643 0.949501231656502 0.959012491436267
Pnp|Pnp2 6.99783827192003 0.556865502968721 0.716726873651538
Srgn 6.97031618396733 0.851609631146416 0.877964467546199
Irf8 6.96781108229529 0.915001771081652 0.915184711509976
Ms4a6d 6.96092444081685 0.96578327406599 0.965321514023132
Fcgr2b 6.95257923173719 0.926403420776686 0.919765492348864
Chil3 6.91144764165762 0.950199647759253 0.89078592235236
Naip5 6.90788285571534 0.949892756863597 0.941268793873195
Mpeg1 6.79367002949612 0.883534446517652 0.883361856541138
Rgs1 6.79180849286241 0.954603429054453 0.913704339101885
Ptgs1 6.76679721429597 0.715078678182059 0.5355030866188
Tyrobp 6.74275789511523 0.919391657778564 0.892391677983416
Txnip 6.74106812903174 0.76959730619419 0.534275457018026
Cxcl2 6.73651040124785 0.949294802435717 0.887336454289424
Cd86 6.72942245484524 0.951551899591286 0.941891027448453
Plek 6.70418251114861 0.852217346308774 0.868416359296987
Adgre1 6.68676472950119 0.882471332935442 0.897032007529877
Ccl9 6.6769496346092 0.952228181079782 0.928426291895579
Syngr2 6.65341549494139 0.668374182116492 0.678299428842201
Pros1 6.58635357127783 0.863484420394995 0.914430728907859
Cyba 6.55641782558943 0.885564723748016 0.836618912110019
Hba-a2|Hba-a1 6.54701868864059 0.778658845110509 0.649868222038167
Pld4 6.53891497394096 0.938645067354726 0.931290358088142
Camp 6.53565586485069 0.952010125395782 0.871341876419258
Vav1 6.51020155894565 0.949546369994706 0.941732593958322
Havcr2 6.49102593944742 0.951587994973845 0.937326855266864
Cd14 6.45944236505588 0.882838973869462 0.895169706719293
Gusb 6.45254472724724 0.710121055512957 0.783418768187215
Pmp22 6.443613632147 0.498483095922143 0.0997175273333405
Tgfbr2 6.41138440435307 0.788685896217912 0.809680709353442
Hck 6.39978607298612 0.916897886986726 0.928849732695995
Fli1 6.36612035856878 0.940732348687559 0.942384344031023
St3gal6 6.34907484274051 0.836408209491755 0.792268323049702
Aif1 6.34864511406813 0.859757241125047 0.848757904561035
Zfhx3 6.34687358411594 0.597836551880184 0.709064203663457
Cd9 6.31292483527306 0.452332140375007 -0.20040857485584
Fcer1g 6.30964131392278 0.923662800155942 0.927655870130034
Ms4a6b 6.30296825322006 0.938742858323388 0.940866532486188
Sparc 6.30232220503395 0.621081745883149 0.570662457871484
Il1a 6.29705222851111 0.948877092648422 0.922041603079999
Csf1r 6.26702697039474 0.770866674124331 0.660138098370364
Naip2 6.26692597140188 0.959775397077919 0.957720666882799
Slc15a3 6.26448331707653 0.955843143776481 0.934309287413246
Pycard 6.2434779190493 0.901381730755592 0.909516575575799
Nrros 6.22364458040236 0.862038833711069 0.791824786290472
Ngp 6.21424062128719 0.88801895993554 0.914009142670927
Ggta1 6.20516364791506 0.892564656235355 0.741996856720129
H2-T23|H2-T-ps 6.17808031973625 0.758571574200639 0.70894427079705
Fosb 6.17491327632225 0.747086026630695 0.716156298176386
Tm6sf1 6.17334025147427 0.58982182440365 0.572256665634676
Qk 6.17099902198529 0.135094108984075 -0.0705133172709727
Cebpd 6.16821038766412 0.552554475589909 0.450852912095384
Tlr2 6.1662121975954 0.945754047707218 0.948771547638998
Cd83 6.1631754318833 0.801751390189148 0.897076184323532
Zfp36l2 6.0994127554096 0.569656567495135 -0.0438182143146671
Zfp36 6.09028973279817 0.81952356889154 0.794312073401642
Ccl12 6.082348987606 0.963581463548234 0.954860193847884
Selplg 6.06196038014186 0.875649135625786 0.916297976204716
Edem1 6.01529027627726 0.804896685097605 0.767825289755816
Tlr7 6.01096670091478 0.923022110532285 0.941847736466202
Spata13 5.99045499582482 0.465363093285325 0.75574252981411
Ier2 5.96039878994827 0.771405158005346 0.761547761270482
Ankrd44 5.9580626809433 0.765349197301799 0.77415610152197
Blnk 5.94863713862093 0.858661459418139 0.836017669369627
Arap3 5.93939441293698 0.848384489765467 0.828441305648261
Adamts1 5.9160215992413 0.717600381536361 0.775585128551753
Alox5ap 5.91343941234911 0.877713998990336 0.862186686201496
Elk3 5.87984892388801 0.838639515616846 0.777284563967688
Pik3cg 5.8736084446734 0.955386293293255 0.945401084685105
Lpxn 5.87206894513873 0.917732712318245 0.945658672384558
F11r 5.85537930212361 0.913126479659508 0.937174288117388
Cmtm6 5.8502039771408 0.644427482426995 0.81639878389496
Ccl6 5.8431892895952 0.942891550886461 0.926396359650308
Gpr84 5.83530973824322 0.905654674117605 0.923361649225357
H2-Aa 5.83241518271504 0.871800516698888 0.830774758402311
Slc40a1 5.83188965195438 0.881807046398764 0.897655743564143
Hk2 5.82582869926152 0.862704192591603 0.867128635757137
Tob2 5.82196490737947 0.561394739994852 0.74728206977533
Arhgap17 5.7992417044655 0.775958756832662 0.814221950493466
Ctla2b 5.79035844327411 0.916301744156549 0.81051591118081
Hexb 5.78899361645831 0.712800310036794 0.790727990428026
Stab1 5.76842077801036 0.949855392013512 0.935222017143072
Lyz2|Lyz1 5.76313228931898 0.902389560463766 0.934628957317102
Egr2 5.74606967625039 0.581296887528749 0.705692975733419
Crybb1 5.7372286960624 0.926163635381907 0.923089249484864
Akna 5.73404856884904 0.885707027966353 0.909971376627676
Fgd2 5.73135969103392 0.937654253231883 0.924676847540034
Fyb 5.72433256365353 0.946409180571064 0.942116486335274
Lair1 5.71250518373472 0.927283115391044 0.893433065299134
Ncf4 5.70921794213755 0.9555431814734 0.93930288426388
Hba-a2|Hba-a1 5.68993476990046 0.785347533805551 0.646530526782013
Adcy7 5.68326052977703 0.747410976112498 0.752469589398824
Trf 5.68140606528428 0.567207015223533 -0.0912677242073283
Rhoh 5.67768667748373 0.935088280401431 0.920672984869673
Cttnbp2nl 5.67020187991325 0.672299600632151 0.507848067192213
Tnfaip8 5.66938622636332 0.542564062804395 -0.0685184420173606
Rab20 5.66809643322288 0.903051250652053 0.822872062649342
Ccl4 5.66307385868877 0.827405988404849 0.878505390289777
Sla 5.66281289969209 0.763053743834674 0.716142394255148
Capn3 5.66132451332533 0.875713188944782 0.894669793778676
Nfe2l2 5.65156542984031 0.580167335407275 0.452443442925438
Tgfbi 5.65052183410642 0.773135144614415 0.774589280932775
Hspa1b 5.64671905549632 0.543878194373972 0.451331534203058
Lcp2 5.64642407108559 0.932757971978698 0.932391470843631
Slc7a7 5.64336227534105 0.923124753060543 0.915324103948767
Dapp1 5.62995862614482 0.845063688104661 0.731428075918814
Notch2 5.6254741415227 0.46567525042057 -0.0435635125582493
Ets1 5.62318904864858 0.826775244758982 0.794704289586312
Vamp8 5.60447448853645 0.701908384125382 0.723031421900338
Tsc22d3 5.58662863123754 0.715977732511629 0.687128799337793
Tlr1 5.57444502410535 0.957421377804602 0.902834302976227
1700017B05Rik 5.57422639309736 0.875063705304399 0.887403466603492
Il13ra1 5.56722010189197 0.856350102525022 0.850783450401933
Tnfrsf1b 5.55068679392855 0.906219213615252 0.938192587512474
Tgm2 5.55047804864233 0.761268058724944 0.714403151956205
Plxdc2 5.54457731811699 0.74298428531988 0.681115839391099
C3ar1 5.54006930055294 0.888200463742387 0.923956249308517
Klf6 5.53594398788963 0.81974495926809 0.801129317235415
Ctsz 5.49702056901933 0.669007869365694 0.802218469443772
Ugt1a2|Ugt1a7c|Ugt1a6b|Ugt1a6a|Ugt1a9|Ugt1a1|Ugt1a10|Ugt1a5 5.48469295823146 0.812736623041733 0.856133470982493
Alas2 5.47994681148538 0.926907468796332 0.924192310723296
Pnp 5.47925690359507 0.567516174259275 0.710310418535471
Selenop 5.46891650645363 0.32106067531808 -0.0299910695984123
Pon2 5.46069934334972 0.391412887175778 0.411683276584525
Clic1 5.4586671727298 0.827360670669727 0.837285239945289
Tmem123 5.45812657841989 0.334138506528305 -0.145493932986386
Ncf2 5.45522953547508 0.924390239618667 0.821452301139409
0610040J01Rik 5.43068430005531 0.717543668626751 0.417867811944527
Map3k8 5.4209246366318 0.948092410181186 0.944719361425179
Reep3 5.41711682833305 0.289715515802035 -0.119268836499372
Hfe 5.41202422531981 0.819646858295229 0.898614420527642
Cd48 5.40558978194344 0.945672217715968 0.938728960748062
Lrrfip1 5.40544685974973 0.772921212625805 0.768529682154086
Inpp5d 5.40055891711944 0.870010528112924 0.837993825109755
Nfkbia 5.38222252359211 0.686588126608238 0.740459639088568
Slc29a3 5.36397868690646 0.651716169047973 0.543906506479103
Ier3 5.35973260472162 0.824304251295977 0.892263843568038
Nckap1l 5.35069393080332 0.863613927221422 0.894013902866792
B2m 5.34760006824401 0.698656845185763 0.715383388366999
Clec4a2 5.34721890605412 0.941685004646448 0.93815505342298
Golm1 5.3449990141506 0.629569586260448 0.736316261468048
Apoe 5.34134327368237 0.230541633363546 -0.215944789946658
H2-K1|H2-Q9|H2-Q7 5.33471414675389 0.902596124990388 0.838745867564463
Fam91a1 5.33198676433378 0.626301105406306 0.811482767053297
Gas5 5.32445243114595 0.664965870738615 0.579234766118862
Adap2 5.32411324584605 0.910796916903372 0.880723576546701
Stk17b 5.32263514606541 0.597142755816374 -0.0324488707098534
Entpd1 5.31637157835839 0.914394874153446 0.928738940969013
Hbb-b1|Hbb-b2|Hbb-bs|Hbb-bt 5.31538631453207 0.863255183877628 0.702867895205896
Ccrl2 5.30411608194805 0.879845490446864 0.894693179100734
H2-D1|H2-L 5.30291209770818 0.759163880720914 0.713311983683372
Rgs10 5.29959827568059 0.475067941002625 0.810051107602171
Frrs1 5.26733139019523 0.830545015951791 0.862983752650528
Mafb 5.26294011424459 0.739559294419126 0.618060274829922
Slc11a1 5.25276635969811 0.893417907827166 0.940775166320823
Chil3|Chil4 5.24652388895867 0.936997884619222 0.847922894009149
Slc16a6 5.22878761583343 0.827568481476445 0.856063938902067
H2-L|H2-D1 5.20517934834069 0.74256652971469 0.707632400494705
Arpc1b 5.19023130013679 0.679826377805949 0.110343180367653
Tlr4 5.1873684587743 0.920931419982292 0.88805775171893
Itpr2 5.18426222413551 0.603126999107064 0.125989773983375
Il10rb 5.18177534716143 0.817492070063804 0.866573122588682
Tpp2 5.17866105678472 0.836262930193881 0.733521750385064
Mcl1 5.16619720423302 0.758350356114634 0.844839258880907
Cklf 5.16297789987327 0.666995276668195 0.748346411462709
H2-D1|H2-L 5.14669762291114 0.857218500396067 0.758288455248064
Rcsd1 5.14017030465501 0.85462687299574 0.868224474724142
Itga6 5.13852213553069 0.659034192969449 -0.12839271730186
Cysltr1 5.10962632585609 0.9392177624023 0.932722142981239
H2-D1|H2-L 5.10629827872088 0.791446431535666 0.767627423690294
Abhd15 5.10285560027729 0.914966622036426 0.876915506190415
Rassf5 5.10110753032525 0.692089560154811 0.821901684552485
Anxa1 5.08297106571586 0.816503113691509 -0.0950676257444688
Ifi30 5.07549062525342 0.84926698784044 0.866504050995556
Grn 5.07265677003048 0.798309034413201 0.865031869871598
Tnfaip2 5.06910945199803 0.876128855176879 0.877782533188518
Rps6ka1 5.06856840192302 0.801975982098428 0.846764575512035
Arhgap45 5.06556636370024 0.935294550824466 0.928656200935983
Dusp6 5.05182531790453 0.550118036043419 0.594778117435366
Cyp4v3 5.04749197368876 0.640893519120965 0.610527089597412
Trim25 5.04542685289222 0.414156303609674 0.11780542760358
Btg2 5.04335364846046 0.757155502867675 0.301508566656002
Mavs 5.04068040835126 0.457820225753824 0.325576224499531
Themis2 5.03703093723608 0.930177855209268 0.921919291221176
Abca1 5.03624293274263 0.59672239342069 0.131832799862662
Rbm39 5.0341872837109 0.385330608871392 -0.0377113060072699
Il16 5.02794710185055 0.904184032811916 0.915388842824048
Glul 5.00741589938428 0.355044201777712 0.48517509232173
Junb 4.99548410265236 0.72077773904512 0.710290375201287
Ostf1 4.9936893941972 0.51083163033343 0.0640512542726374
Lyn 4.9774604772091 0.88022026245997 0.909386164596415
Clcf1 4.97453638705413 0.954934753367031 0.936404110331846
Vwa5a 4.95238060920807 0.643550654859839 0.68249470895965
Pmepa1 4.93936721543898 0.0166162820451436 -0.0998013380625923
Msn 4.93708529016685 0.792876223109256 0.802729585447551
Elf1 4.93500329062384 0.688276271844127 0.647953626575814
Stat6 4.93269015625462 0.80452044073779 0.86925539543571
Pag1 4.92868989538696 0.614283859652715 0.824616306918442
Sqrdl 4.91800673183487 0.70221734955438 0.782947583720519
Trem2 4.91007423597615 0.903186324937866 0.913713094568005
Xlr4b|Xlr4a|Xlr4c 4.89946573911527 0.818653998338891 0.518942536464094
Pon3 4.89474512559912 0.944600265765536 0.921251022146291
Pnpla7 4.89189639532029 0.696904900979006 0.454028729854378
Pald1 4.88746479557959 0.890454714625646 0.901800185481649
Snx5 4.88712232381416 0.751795306928368 0.798755162461936
Casp4 4.87758064321107 0.92260933156662 0.950446009074348
Lyl1 4.87252314002769 0.912549532072628 0.922325131699178
Cmtm7 4.8671719271849 0.907168457604002 0.915946067026645
Casp8 4.85619987354436 0.918872694162531 0.929652996994632
Ppp1r15a 4.84993718540888 0.838687452520499 0.770078535783624
Litaf 4.84810865051139 0.567224697859221 0.443693772192225
Cd300a 4.84414330991174 0.913465665752529 0.917150805269369
Rrad 4.83778429226806 0.923314762345115 0.86876722337327
Adam17 4.83511352173403 0.573165277502014 0.503480885923154
Stxbp3 4.83241646789557 0.184355759361395 0.0854202600487288
Sat1 4.81915619093277 0.505897230284614 0.00482646491164861
Pdlim4 4.80880266133222 0.599019399983254 -0.107626616301089
Hvcn1 4.80646886487025 0.857398094423342 0.866386727906276
Tcn2 4.78251613781966 0.681770927773904 0.817475256532993
Fes 4.78119692642179 0.942679257327291 0.931546616002212
Trim47 4.775411081199 0.884042420354001 0.921549391383434
Trim30a 4.75554867785463 0.945527418117187 0.912873254922817
Sppl2a 4.75143510143444 0.521450121469294 0.656780400774987
Ltf 4.75109192583637 0.821312501731666 0.752584011727949
Cebpb 4.72706479039103 0.798361582853775 0.847409028679661
H2-K1 4.72622346092271 0.826481329634669 0.570739190218655
Cd37 4.72178774982115 0.87952451895454 0.901115599819564
Pla2g4a 4.72000614505062 0.747544858450746 0.265785279023491
Btg1 4.71554602738471 0.496157219216666 0.814902406461332
Asph 4.70098722947119 0.64406658010157 0.204044268100301
Lamp2 4.69939126211542 0.411727793536215 0.127384404431192
Igsf6 4.69360413215554 0.932846539599045 0.918531199282314
Klk8 4.69132055653907 0.894827965597006 0.930149678034688
Cd300c2 4.68699530213149 0.85183935540526 0.877338806599094
Sash3 4.68443528064729 0.80877668043846 0.908818422765984
Ifngr1 4.6828182562837 0.852321712325187 0.85916680571495
Myh9 4.67575605711944 0.495680035063354 0.382333100080186
Tmed5 4.67280251174284 0.60350326173918 0.28474799051526
Afp 4.66811668663115 0.824261104539121 0.708103179232604
Ppfia4 4.66625966001948 0.731879902240981 0.84498110669346
Chst7 4.66555633423831 0.705265371526772 0.649147471830705
Npl 4.66548509221685 0.692772137260526 0.699653960707303
Cxcl10 4.6430150790594 0.923621106717059 0.698499428715145
Srsf7 4.63960404341599 0.774618201342458 0.668273534190973
Hhex 4.63374585526463 0.907151083049279 0.91008288393405
Csf2rb2 4.63254604915991 0.92622396180511 0.93230882973467
Epb41l2 4.62763505185991 0.580429303891039 0.635034312601949
Tcirg1 4.62371396437481 0.756851149449266 0.753380931164687
Sgpl1 4.62182332099256 0.663535824686789 0.674196841431123
Pttg1ip 4.62000251509218 0.342856228219928 0.0558812596933961
Rin2 4.61857092463482 0.726321486085565 0.644402352634606
Trim12a 4.61585390433541 0.917629740039108 0.842757920302563
Prkcd 4.60941053289258 0.742838287676924 0.688797133000079
Cd34 4.60077250902801 0.685062409935238 0.767905834492467
Cmtm3 4.60023001265177 0.652829732823312 0.360412130372395
Sh2b2 4.58436723665836 0.889375607723971 0.834331520421962
Siglecf 4.58278286030017 0.957136173438881 0.902184291484573
Syk 4.56655213063445 0.82427957897701 0.878373160703663
Tlr3 4.56503299609647 0.642929635815072 0.833020662009717
Ang 4.55943832394701 0.93972528485444 0.912613987900507
Sipa1 4.55568614854692 0.902129289172829 0.874634702404079
Bach1 4.55239169212921 0.608973824310525 0.705837220411304
H2-Q7|H2-Q9 4.55208535195737 0.859341710108081 0.685830445443083
Rnf19b 4.5458184081183 0.36449942588421 -0.012756124400642
Unc93b1 4.53759907339126 0.834672191787737 0.86379158698403
Serpine1 4.51436273209655 0.886374569484139 0.888058251316933
Pla2g15 4.50850123000113 0.831916969005973 0.893787517958057
Ly96 4.5077582670894 0.82508634930865 0.836403385556453
Spi1 4.50656474843751 0.935782228125579 0.914256447245679
Arrb2 4.49517952185002 0.80901449707135 0.775877810426998
Zfx|Zfa-ps 4.48592589271389 0.647756813822575 0.54103121589816
Il6 4.48469144708922 0.952578986806735 0.870682946136026
Birc3 4.48448151829574 0.912345597317491 0.90760519498948
Stt3a 4.48447597515471 0.546366957417677 0.569649281125176
Samsn1 4.48011194944711 0.936656206964659 0.926033407213289
Parp12 4.47510023242349 0.622272044133449 0.422840760864534
Irf5 4.46971645615848 0.878843756746239 0.90361139675665
Serpinf1 4.46556564009266 0.568976891046527 0.0229501582953723
Rrbp1 4.46070809089163 0.625330398650563 0.612094773615203
Tmcc3 4.45465130118062 0.791412446133654 0.532731528637081
Galnt4 4.44486139745015 0.641152308881351 -0.0862625467877269
Spint1 4.43321195320603 0.760545214537237 0.839383177549914
Sh3glb1 4.43160922062366 0.686297619743606 0.800838556049869
Jun 4.42942110876414 0.602951413367519 0.404707302879475
Rreb1 4.41947245400657 0.616701263413965 0.786365423721425
Atp7a 4.41681966860537 0.765433327971422 0.790839135989123
Vamp3 4.41661645546769 0.270084289021539 -0.0087334808459183
Mylip 4.41183599694056 0.701262892988293 0.796611223274635
Scarb2 4.40041557395816 0.501152032353982 0.159634584189822
Nupr1 4.39878789258317 0.545060714372147 0.301691396351225
Plk3 4.39734041344304 0.703591707569812 0.315143668563012
Tax1bp3 4.39483479288282 0.388976410562637 0.196448166647244
Tapbp 4.39368736760118 0.750788057280933 0.607540332355504
Rffl 4.38884339674889 0.201094286354899 -0.0512880321046809
Mfng 4.383494382183 0.870278178048211 0.852414275989835
Gem 4.3834438089742 0.721533439879851 -0.0434942884069334
Dusp1 4.37652768060206 0.64443982886256 0.348690815171587
Tifa 4.37510722768938 0.778924729937079 0.842102642979991
Prkd3 4.37104260122029 0.376347033790844 -0.155987928564746
Runx1 4.36641549540132 0.903348558191145 0.856859776970112
Skap2 4.36136897210034 0.648894434034954 0.745421780915352
Pld1 4.36015569219688 0.673458991505407 0.794462402615765
Ceacam2|Ceacam1 4.35929181768098 0.91970172700344 0.870997407049921
Serinc3 4.35839919884598 0.467547595665212 -0.11794707332253
Lrmp 4.35114558202884 0.939090642354269 0.913417666681247
Slc39a8 4.34811328645858 0.786905563350115 0.635762993241703
Map4k4 4.34362059078085 0.182402687158629 0.006948957327948
Lpcat3 4.34126587595372 0.589372463549393 0.368487033446007
Lrrk1 4.32029921145911 0.873662210599207 0.765251908944433
Snap23 4.30586878991196 0.294702363532622 -0.19177575788238
Ssfa2 4.28808741462444 0.533589276247851 0.159445505663991
Scamp2 4.28443648155082 0.714361847848398 0.7155737725286
Csf3r 4.28360947059655 0.799501883652792 0.884955534005338
Tspo 4.28355062608204 0.704342690329616 0.307695143632471
Fam105a 4.27379325022474 0.71869663207372 0.861941724578489
Lmo2 4.27105600493322 0.0914772321370302 0.360740827068808
Tmem173 4.26864824655132 0.763235782841381 0.834308980276062
Zwint 4.26715537380385 0.426500555869527 0.590249904162959
Ccl2 4.26557888938114 0.936684528319119 0.916353476454943
Tubb6 4.25783418321469 0.891850824830239 0.91840370374215
Abcc3 4.25378815899045 0.891789676900854 0.90390485026532
Wipf1 4.25203585440691 0.480198124165291 -0.189270711817176
Zfp110 4.25127690121638 0.472424558317901 0.64912885178446
Dhrs3 4.24714960019981 0.654043148667644 0.359647258867642
Parvg 4.23617977498952 0.862270392338012 0.866141958919061
Lgmn 4.23394361937637 0.649319223719671 0.754817110237683
Cd52 4.2328948024522 0.920823233631131 0.901664062342892
Gab1 4.22498117520478 0.281426521331612 -0.130451116307365
Tspan14 4.22261354682628 0.529044333446295 0.410186478896844
Cxcl16 4.21772934182159 0.908764466940481 0.903791449425803
H2-K1|H2-D1 4.21262593810476 0.634017673585271 0.538659872599817
Sesn1 4.20135581768712 0.553458050123639 0.727068716853079
Il17ra 4.1952127817344 0.760804418512977 0.806286871386214
Gpsm3 4.19009562850912 0.929592741024019 0.917810741410372
Ptgr1 4.18393291777246 0.665240525614584 0.0811863735181136
Lgals9 4.18028431173118 0.910684757139698 0.911484651913775
Rel 4.16844452548101 0.860036327634202 0.864094828906548
Ctc1 4.16598665136136 0.84593319886374 0.82245406090947
Myd88 4.16119033895112 0.828897153757734 0.871891643736052
Aff1 4.1567765323868 0.485292808286434 0.70689962218495
Sult1a1 4.15625239263507 0.634758208710581 0.148153281074568
Casp1 4.15154480760284 0.833782120134678 0.835203294790045
Pnrc1 4.15023758627529 0.397020888567938 0.678183270883962
Mir692-3|Mir692-2|Ftl1 4.134261987939 0.699839727653855 0.385322128414015
Arhgap4 4.12996558449377 0.925674948587433 0.891614161962324
Rgs19 4.121683783004 0.575873917038971 0.625340563496616
Slc9a3r1 4.12017646112553 0.384885795126971 -0.0163311532858406
Phyhd1 4.1176855100564 0.798273278879968 0.722037066712868
Pfkfb3 4.11495483111395 0.39530424883019 0.708186487593379
Cd302 4.11101611355276 0.262841666550019 0.233377339734932
Hcls1 4.11090523710148 0.946346576386758 0.918125425228013
1810011O10Rik 4.09908844282203 0.681737799291281 -0.102743148153221
Vrk2 4.09212434283841 0.635502916961554 0.516590005205737
Rnf130 4.09169629250061 0.573501601753687 0.0361386970446715
Tmem176b 4.09162756838439 0.328045543034122 0.185766591897382
Lilr4b|Lilrb4a 4.09012175697035 0.939330271950053 0.869716312668939
Rbl1 4.08782407831333 0.734744211328534 0.440152162650621
Calcrl 4.08731684790798 0.684563742295623 0.0898651710199407
Uba7 4.07957561118823 0.894029593622297 0.867936453336243
Lgals3 4.07665675817272 0.831411508839103 0.480134285385581
Mlxipl 4.07391089428496 0.772674991553037 0.80998248586174
Nfatc3 4.07017903912683 0.450153837719566 0.659173139362142
Gbp3 4.05870136140417 0.682398507849402 0.196402495190063
Ier5 4.05572221186442 0.599613363505883 0.818268703010679
Mrc1 4.05554891496241 0.902553310723552 0.839246715464288
Gng5 4.0382053834451 0.0968221217665997 -0.127514268092357
Pmaip1 4.03609428944039 0.862397827823441 0.705688213780936
Mcm3 4.0318585483718 0.765695844411323 0.722837886467348
Kctd12 4.02721630804123 0.524461420015292 0.34676248740448
B4galt1 4.02487899244544 0.78924682680946 0.891830201066889
Osbpl11 4.01856270209165 0.690314263972569 0.827769571209236
Adrb2 4.01530295137045 0.900169326050893 0.814365591543242
Tmem168 4.01482609945042 0.445736852485023 0.285365309257416
Gmip 4.00073733288379 0.875428632839841 0.85103103555279
Tmem140 4.00036311469495 0.881984824645494 0.892729268320099
Lag3 3.99900225807148 0.888270590605996 0.898131014927263
Tmem176a 3.99879113534301 0.448449344556896 0.146756297097563
Npc2 3.99570920013217 0.417690547352736 0.186009574376278
Nmi 3.99175603494213 0.57480493028028 0.663747684754924
Derl2 3.98939132592496 0.357065293284533 0.358280620660532
Herpud1 3.98022264728284 0.777217205768482 0.851686098012725
Fam107b 3.97140930106293 0.267744886502622 -0.101387023034235
Ugt1a2|Ugt1a9|Ugt1a10|Ugt1a1|Ugt1a6b|Ugt1a5|Ugt1a7c|Ugt1a6a 3.96838491190608 0.90521691376356 0.91184327752714
Vasp 3.96784196145398 0.858305733573817 0.879965779855842
Lrba 3.95582032644382 0.728809212671401 0.631253255463654
Tec 3.95283169929457 0.825017891954379 0.900547721310761
Arsg 3.94740513048357 0.589814750866657 -0.13508894310526
Elovl1 3.94253543985874 0.346314068256509 0.268788881262009
Slc25a37 3.9387556770166 0.714711935364359 0.650849986049664
Cd2ap 3.93847950440444 0.722879419978874 0.69316737086587
Pbxip1 3.93775507323126 0.655518710324367 0.721219446308713
Cep152 3.93561444030106 0.895857560943208 0.817184412170687
Hspa1a 3.93302178741259 0.591857439355634 0.582822142158588
Plcg2 3.93217611630228 0.804285023630165 0.834479373384013
Mlph 3.93053545745791 0.909280278063005 0.890978191087726
Pdgfb 3.92993333267111 0.803940217711547 0.87461597236766
Ceacam2|Ceacam1 3.9272069166038 0.886627093628483 0.85413626420427
Cd177 3.92232496390983 0.915183015611386 0.849919629680675
Parp14 3.92205704050121 0.885557878890019 0.814433333465474
Hpgds 3.91513994422938 0.911211613496169 0.9141107242518
Naalad2 3.91084733258484 0.875274792029227 0.795348347335113
Plxnb2 3.90766002314716 0.676890403431374 0.702560125132365
Plekho1 3.90756209576674 0.689349777026067 0.711472411704794
Cflar 3.90286991354287 0.64645240245291 0.618290599042918
Acss1 3.89972402832782 0.461939591854635 0.190585996001574
H2-DMa 3.89807338989095 0.739257111334568 0.846445969630432
Gna13 3.89739636028629 0.39196727044641 0.366104904727677
Snx18 3.89728943794365 0.692320294137502 0.772205200851753
Trim30d|Trim30e-ps1|Trim30a 3.89068688823176 0.817846834561743 0.865073944632369
Frmd4b 3.89034929909839 0.29558295997499 0.205254430576643
Ptpn18 3.88869694617266 0.881400252049306 0.903847042078537
Tor4a 3.87908230407683 0.791157101117498 0.853062419242747
Rela 3.8727916006759 0.670563776140251 0.690808598805135
Rdx 3.86992403389538 0.305124768117389 -0.00655802119605196
Rp2 3.86294337711044 0.789624609586946 0.745967607500363
Morc3 3.85935578119636 0.634761140383564 0.667911666675593
Lims1 3.84296885879288 0.621376378969911 0.648677951225633
D17H6S56E-5 3.84211365326823 0.935368520750148 0.883768340039772
Tgif1 3.83720518840905 0.913680009348426 0.897447577637401
Ehd4 3.83663790687975 0.779717992704616 0.857000781239879
Mthfsl|Mthfs 3.82756420906074 0.48630587069263 0.598019758246297
Sgk1 3.82310163361606 0.411815786115688 0.244141776976519
Gcnt1 3.81918003531228 0.925496879649533 0.882299221630101
Slc15a4 3.81842466316377 0.721533276344969 0.687743684855815
Crot 3.8145285693396 0.315437531893245 0.40164358393664
Rbm26 3.80125929936603 0.708569934110242 0.668977558032921
Erap1 3.80116183487674 0.764502130489285 0.632822405285259
Parp9 3.79705680527618 0.773094858748222 0.828160570151572
Daglb 3.79679578808664 0.677301535861213 0.645498360499879
Ptbp3 3.79620235178542 0.733196450875929 0.777033795321898
Gna15 3.79063076021677 0.921468567558922 0.921192964947664
Psmb9 3.78529943543289 0.873262686461962 0.796788960040831
Rnaset2a|Rnaset2b 3.78476008227149 0.6260364339298 0.746664164221762
Rhog 3.78443722686204 0.542222799516818 -0.0900373870533999
Zfa-ps|Zfx 3.782311027966 0.641440007803693 0.468400123249846
Slamf9 3.78046534280653 0.76993845451725 0.882868966029878
Ptbp1 3.77308903567647 0.645134975008536 0.512764159168053
Cr1l 3.765451410004 0.689653487370036 0.701813418222689
Fcrl1 3.76500685516961 0.918024964939933 0.935535594857094
Ccdc86 3.76381932152594 0.612572302734667 0.722469381020315
Fkbp7 3.75743235794287 0.709181865785396 0.743059823065835
Il7r 3.75368007570817 0.845623602734824 0.876762166236885
Slc46a1 3.75163878417463 0.680091807885879 0.558228677076438
Dock8 3.75033563302399 0.911585989120694 0.879081331351724
Arhgap9 3.74098908552854 0.891346667084802 0.839409351656696
Tbxas1 3.73135788416409 0.912863129590594 0.879857818653569
H2-M3 3.7163869616935 0.649011972507682 0.840591241346814
Fam111a 3.70731845179246 0.842534897405573 0.698672050537225
Cebpa 3.70340571251996 0.848897169300234 0.865818178888648
Cables1 3.70322286010871 0.65601032873671 0.569692128875427
Sfpq 3.69206209672779 0.352662169329444 -0.111539902511215
Eed 3.67577513910117 0.477751085246108 0.636920938339756
Jmjd1c 3.67536265512446 0.458999713918215 0.264011940947149
Clec4a2|Clec4b1 3.67408072154333 0.94224538987732 0.927081374938363
Ncf1 3.67124314686018 0.921258280497088 0.900574467733183
Leprot 3.66995697487298 0.37490055770884 0.233568418458127
Ugt1a1|Ugt1a10|Ugt1a5|Ugt1a6b|Ugt1a2|Ugt1a9|Ugt1a7c|Ugt1a6a 3.6692739954689 0.772429278840016 0.669671935068351
Ifi35 3.66782755487731 0.815528966003879 0.787093879438395
Ebf3 3.66396097408556 0.869611203033979 0.841342749654198
Fmnl3 3.66266659707571 0.876364235977251 0.881788877720446
Grk2 3.65802770271398 0.757822651522782 0.727942631664715
Samhd1 3.64940615828716 0.777977320307336 0.724998842807218
Crlf3 3.6474310837029 0.611852320908894 0.578448712178758
Pygl 3.64731035462907 0.658412146601858 0.271644178044282
Ube2d3 3.64431859977725 -0.00378265272455075 -0.0106371753680684
Tmed10 3.64311083262879 0.219527935620956 -0.137893524925102
Maff 3.63808302225678 0.820550308546295 0.743379318387826
Dnajb1 3.63564869720816 0.809864296486447 0.849277510573886
Nrp1 3.63534304358848 0.386090017851587 0.204344637744825
Tmbim1 3.63253708526105 0.27607604222709 0.556840103194323
Bcl10 3.62992694693205 0.575039276151462 0.517647888142791
Ctsa 3.62829269771442 0.660014551570634 0.532722645647611
Tial1 3.61270493314777 0.347975158465656 0.35006675961694
Tmem179b 3.60516238508777 0.594048843278262 0.664793369378449
Ripk1 3.60194063573541 0.733402914280252 0.837982319377725
Ifih1 3.60127645662237 0.741244790860913 0.705954631979613
Plxdc1 3.60010138489802 0.605703460006759 0.530372989621395
Tor1aip1 3.59879817212434 0.77594020081886 0.785626072556489
Adrb1 3.59835055243546 0.704119683371239 0.790641203579787
Gimap6 3.59711405554633 0.878315467744508 0.866040426711418
Tmem63a 3.59696418967889 0.603592614070159 -0.0979142640358685
Rcan1 3.59425839021426 0.66781288322531 0.782738548706467
Il4ra 3.5923823200804 0.930078803291517 0.910798816009961
Mlxip 3.59176298222072 0.832800602033423 0.808108716750729
Man2b1 3.59008224427929 0.716202605959379 0.676780720554934
Dok1 3.58797652397715 0.859511953274632 0.879527644725437
Tpst2 3.58383057683676 0.76934313240622 0.81442471149183
Clec7a 3.58345434798645 0.785467325836658 0.860982340450188
Tpp1 3.58051458940302 0.545225558235298 -0.0828923534634569
Sertad1 3.57819147173384 0.738362895855526 0.785603898426304
Gbp7 3.57812746765506 0.722388347841482 0.316936611536916
Btk 3.57656473664186 0.81999906510328 0.834883382942384
Rnaset2b|Rnaset2a 3.56631714411094 0.600610589633452 0.584873227038914
Pxn 3.56437593602933 0.47861214117258 0.775101741792908
Myo1g 3.56331562074146 0.842759747808766 0.745882186271372
Ebi3 3.56234339690646 0.852950021336247 0.833744588958747
Cd79b 3.55485169173809 0.921576643732178 0.902622699616597
Naglu 3.5542056388137 0.798897445232121 0.813876600954315
Rcbtb2 3.53983429467064 0.595015900877461 0.593457514522923
Creg1 3.53553724368461 0.625042573311238 0.787802378852739
Stard8 3.53534540961135 0.57282978051894 0.0582449608474173
Trpv2 3.5349649913555 0.75752399408383 0.834268329884063
4930594C11Rik|Gspt1 3.53220962653691 -0.0291565202165199 -0.0478798442564594
Trip6 3.52853772450402 0.524265347535331 -0.159740346064665
Per1 3.52416051292781 0.6597754238414 0.767922719773078
Cln5 3.51973937436807 0.614966836005494 0.781251451826106
Marcks 3.51402758016453 -0.1290473068093 -0.314075287500726
Cd164 3.5087324096802 0.48818165276277 0.657410392374433
Snx20 3.49159713039073 0.919295458611468 0.887683727545276
Tnf 3.489823842734 0.835375741917169 0.858905085803148
Abcg2 3.4844823848809 0.5556906129833 0.718754896912557
2810474O19Rik 3.46687970418419 0.716393553445157 0.771570899835878
Fcgrt 3.46031836303883 0.651649429822375 -0.0875450334054097
Slc37a2 3.45339883611258 0.894192659337938 0.870766065930106
Myl12a 3.45037673432674 0.337300866719988 0.0959590590939039
2510039O18Rik 3.44916677810123 0.532069483901344 0.508159538401455
Hps3 3.44860415961458 0.853098233012369 0.784221735866383
Cd33 3.44258506677831 0.820205554128826 0.86766098998981
Snord22 3.4394755933792 0.76716937557123 0.747003918737636
H2-Ab1 3.43429270953925 0.797645402838313 0.638511414524865
Plod1 3.42149212134198 0.459531959630265 -0.179184726275109
Casp7 3.42097993594053 0.625483781384445 0.0386080424752211
Gns 3.41887147429218 0.684994123852631 0.758977054080926
Cln3 3.41674242559711 0.583262220554918 0.55022281083111
Igtp 3.41669400888609 0.726274796819243 0.600901838140061
Psmb8 3.41588476891797 0.848740005760277 0.83278258013681
Ivns1abp 3.41440603664803 0.0415036485291037 -0.0773836715783883
Zfp869 3.40926633577036 0.710231359909489 0.800113448530487
Coro1a 3.40889263737747 0.570004304228907 0.678169107375858
Armc5 3.40038566328491 0.714452546146184 0.715452666472638
Srgap2 3.39871517796649 0.843873683016898 0.845809086072037
Ucp2 3.39708952914706 0.805643440966531 0.831414961861922
Tgif2 3.39533795999272 0.884520140502921 0.88331260196097
Man1a 3.39225673603016 0.319189789593891 0.0109283597404344
Cks2 3.38815345457899 0.584066951313956 0.12605776689951
Smox 3.38736076003938 0.31530327591591 -0.255104900623877
Sall3 3.38364018139802 0.755322977290817 0.445855704747745
Ifitm6 3.37932640487778 0.894382073981145 0.808223626648112
Srsf3 3.37784710565522 0.44495366617473 0.405857820776439
Fos 3.37199704626813 0.272371011745999 0.396804145337738
Gspt1|4930594C11Rik 3.36490624565185 0.0304021780709551 0.0403375705081888
Mmp2 3.36281784404432 0.676492244211768 0.690395449167904
Orai1 3.35409874731654 0.629911491629183 0.508076299720994
Dock2 3.35334343322623 0.842007303359446 0.874463097324043
H2-Oa 3.35008907132475 0.916686002748386 0.908587704348064
Pnrc2 3.34573480496446 0.256016388332473 0.307741167474835
Nfkbie 3.34446094398143 0.799790523977145 0.708983678523823
Hacd4 3.34235237399615 0.766716853694725 0.650044042198857
Twf2 3.34159103644145 0.660430120731926 0.733936116924166
Wsb1 3.34025840218403 0.604902642344357 0.427123716633604
Slc2a5 3.33224940486394 0.783731871747603 0.88618054470216
Rab3il1 3.33179731037481 0.771595846612415 0.882822603363119
Smagp 3.32969462576538 0.896802680284881 0.902402762555941
Rnf135 3.32754337932067 0.628633805238522 0.539872999686406
Rnasel 3.30485192997729 0.744942420059616 0.798368974236776
Ptger3 3.30459464321281 0.64654383495535 0.215845017382239
Gmfg 3.27484341481101 0.873363684895119 0.870911641026766
Usp24 3.26484259841125 0.577090961486868 0.62141033900809
Zfp62 3.24971240537276 0.487002289355341 0.587624883037669
Eif4ebp1 3.24828054251892 0.631354336077817 0.614292899778684
As3mt 3.23876885641554 0.300839475793132 -0.141551122941949
Hp 3.23466730564371 0.886937551802661 0.674425654518572
Tap1 3.20248396869939 0.853869818986662 0.723750925295931
BC028528 3.1964099818375 0.735247268977985 0.296370649208761
Clec5a 3.19425452974309 0.87653003286018 0.824193211173525
Rasa4 3.19142880418214 0.880508500392257 0.884585388277116
Socs6 3.18840603886763 0.58703928529279 0.551800072214428
Clcc1 3.18051237388787 0.371285720984285 0.372595744028313
AW112010 3.16188975859813 0.889103037845949 0.908798313489907
Gdi2 3.13618182790065 0.0484437769321697 -0.0364626886275236
Cytip 3.13489565677589 0.76365877136211 0.722212051939729
Mrc2 3.13080317326324 0.877380288871232 0.8182203435782
Ncl 3.12964592285043 0.0365054127267547 -0.112658463818463
Irgm2 3.12361452090453 0.782935279294897 0.606177152915692
Abcd2 3.102338356699 -0.0067934712286958 -0.218690528323333
Pias1 3.10195918948517 0.41594229618331 0.337597723559654
Tmc6 3.09882289546081 0.854804391862036 0.7598115818415
Myo1b 3.08055109990512 0.124215278868671 -0.040761617287589
Irf9 3.06685248886789 0.82525926412216 0.791887882303619
Relb 3.06201765618521 0.766268656179203 0.804263867405219
Il1b 3.04800256535712 0.879868520729083 0.882257194339362
Tlr6 3.03608883362964 0.875409749163133 0.814089924382545
Ube2j1 3.01917282000201 0.193950719531253 -0.121535235287422
Wls 3.01179253545613 0.293886093088538 -0.148166746587574
Tgfb1 3.01159025536541 0.878081791646201 0.793189966738138
Pf4 3.0037897790803 0.883972394623542 0.83128933010017
Calhm2 2.96840075542398 0.853357222437875 0.788318508100881
Trim34a 2.93671053709707 0.799505300279861 0.682503995305586
Sowahc 2.9070022651247 0.523889942244105 0.189271515524108
Isg20 2.90586843350892 0.871223021655069 0.848342150020785
Batf3 2.90565131083786 0.891684938609983 0.892226867205372
Tfpi 2.89374526849763 0.635194346788929 0.192629890292533
Parp10 2.86873988565616 0.787759917443909 0.774875550771875
Tnpo3 2.86810361138065 0.0861941285781791 -0.105758338868138
Nfam1 2.86244875461286 0.885133631386685 0.875174890451998
Eml3 2.8415096153402 0.361997486170002 -0.00933661669287136
Slc35c2 2.8411365458624 0.444271148631329 0.530901029018709
Krcc1 2.82678461108507 0.273947736078316 -0.169500480639801
Map3k1 2.82113400969532 0.684131029167272 0.531909400950175
Ddx21 2.77627665401574 0.278257813316965 -0.1211089103889
Hlx 2.73980722746436 0.859884875698936 0.851843407809477
Was 2.71146826539533 0.81126432979599 0.856415358710455
Gpr137b|Gpr137b-ps 2.71136351295902 0.555930228294743 0.183768522428427
Zbtb44 2.67115457749386 0.146692929674443 -0.139555104555277
Smpdl3b 2.66356887746652 0.559975791747774 0.547057710087703
Parp8 2.63324469289838 0.445736927700295 0.412350506411741
Srpk3 2.6092080446406 0.738859707110049 0.304890720417605
Bicd2 2.59916944982441 0.457958566834946 -0.0839043277592548
Tnfsf13b 2.56791546301681 0.718342785307112 0.759749839651696
Zfp472 2.55231818236595 0.512936317675982 0.18965423247681
Zfpm1 2.54186069527156 0.462406897292966 0.182178148726666
Sft2d2 2.52297067572872 0.522719680750208 0.174447070399004
Sh3tc1 2.49217848815069 0.827753479019522 0.823409931255262
Rgl1 2.49071874863307 0.246654514254213 -0.178411740623036
Il21r 2.3929080737 0.920220425877213 0.918213494096458
Bst2 2.35586069388009 0.810857345444266 0.834981756934496
Mpo 2.24188384807462 0.722931775042357 0.194191291708152
Mtap 2.22670487252554 0.286073954134205 -0.0314157356562617
Chd7 2.18027934877827 0.207856050827456 -0.210247807249054
Ceacam1|Ceacam2 2.15359989339328 0.792691253206601 0.618969988352532
Smad1 2.15054126086812 0.588240048918233 0.284050294018084
