Olig1 9.14990469161855 0.581793472836702 0.776461144764042
Mal 8.19719869390148 0.669774707298472 0.851276947779319
Plp1 8.01844160004248 0.497981679093164 0.780823517014264
Mbp 7.6128360551127 0.463193697697784 0.754441607630659
Mog 7.3241540841217 0.84708029667711 0.759831362793229
Ppp1r14a 7.28155210072512 0.798552710120755 0.856135259751667
Ugt8a 7.08355572063074 0.758101399549532 0.781385305374642
Cldn11 6.8366969114802 0.609555951446773 0.637500702546575
Gpr37 6.5984677528916 0.658280138944709 0.340074477451517
Fabp7 6.31506401366161 0.491978152903489 0.176965330793772
Qk 6.30944368392943 0.345535510056474 -0.00590610433129682
Pdlim2 6.24538690783742 0.829238945925785 0.688917719287795
Mobp 6.19538026106846 0.776320425718691 0.680933241605697
Evi2a 6.1740207802718 0.760608507658117 0.122083941499024
Olig2 6.10462281356292 0.760864626899192 0.698161855023154
Cd9 6.0179036983007 0.637691288583509 -0.20040857485584
S1pr5 6.01525075838137 0.7149742426933 0.737337899019528
Tspan2 5.95016199280071 0.80132038260547 0.835080034188264
Aspa 5.83127466804175 0.75787151549518 0.625427996932641
Efhd1 5.70478689570498 0.675565622457058 0.388459360248184
Gsn 5.62736875194589 0.63603777548381 0.610760581841827
Trf 5.50297915054132 0.742062091551294 -0.0912677242073283
Reep3 5.47411100418835 0.481644503724199 -0.119268836499372
S100b 5.4466775460329 0.509425279316409 0.124959396958816
Stxbp3 5.41491774069271 0.445176149988182 -0.063703697063534
Ddc 5.39465330894805 0.741579592209974 0.630375728203607
Gab1 5.39367766366118 0.600952485315357 0.417306326483263
Timp4 5.39249449262214 0.431745861731206 0.0118485374401205
Tmbim1 5.38338975773032 0.592479375533807 -0.0108646029168858
Elovl1 5.36261181874962 0.664980154201877 0.268788881262009
Ndrg1 5.36075802751094 0.538745366068866 0.364570178248475
Trim59 5.34482888040324 0.690692139430224 0.806786917125511
Kcnj10 5.30999923148022 0.61234227487326 0.458807731675594
Ptgds 5.24423834432678 0.591495355640792 0.10918495074736
Gja1 5.22819238961134 0.146813856362254 -0.255135369694353
Cryab 5.19431308845627 0.53037695298064 0.801494604078016
Pla2g16 5.1673791111008 0.682558431891076 0.554604684661062
Psat1 5.15915731678532 0.367739628812708 0.0988967160612217
S100a6 5.15627836366008 0.419315164355328 0.0615315018315341
Anln 5.0388175802525 0.778570488663722 0.595132813993921
Apoe 4.91189544243683 0.318280482873677 -0.231207778287533
Slc44a1 4.90671462846979 0.809867933100544 0.821301697050406
Gatm 4.8955761149425 0.608041967179034 0.627711817094832
Itih3 4.84502594943245 0.655532090286357 0.183031662938551
Pou3f1 4.83461328688007 -0.0132907823695341 0.0533909026807903
Rffl 4.80319092835253 0.45746359160932 -0.0512880321046809
Gltp 4.74688211676812 0.75389090902012 0.813327248384313
Plekhb1 4.72568362012749 0.593479358751552 0.542035858310577
Slain1 4.72550246705785 0.624554802856666 0.763336957979378
Carhsp1 4.71446402839705 0.0919606559781246 0.296423099101445
Scrg1 4.64709150893318 0.628166790079037 0.111733237102384
Clic4 4.60871871926766 0.497928816289567 0.317296504843751
Mag 4.49064233099436 0.839218136783965 0.542118156611122
Gamt 4.46634082063258 0.711530711346706 0.70698568781297
Car2 4.44532952037909 0.498101684719642 0.0011712971800959
Bcan 4.43839129412443 0.554442132839653 0.660545555213547
Adssl1 4.40540831712968 0.532940409236276 0.364832900019435
Selenop 4.37526930070212 0.417111485487973 0.401216841052849
Nkx2-2 4.35869759908548 0.747307395842449 0.628127796461976
Nkx6-2 4.35409323871334 0.762764387933232 0.730148604090041
Rab31 4.29129076191942 0.540989333721677 0.236261379575026
Grb14 4.28855460493133 0.685278066998286 0.841820505789988
Ddr1 4.26509630228394 0.431461221539329 0.0446649918355418
Lpar1 4.24843372173927 0.802454102105018 0.722743347017133
Plpp3 4.24027514478967 0.380701106532519 0.392883727697688
Il33 4.22791597118448 0.336204826422761 -0.056966662511638
S100a1 4.21892532495336 0.632237477466577 0.0430599170682172
Cers2 4.20644701885029 0.668751924748547 0.358577793200104
Tmem163 4.19869989246115 0.690266167398135 0.336069265893407
Prkd3 4.17304900536569 0.548100585397599 -0.155987928564746
S100a16 4.13713305528323 0.676411569696927 0.146090766335559
Wipf1 4.09917513833293 0.665176823819909 -0.189270711817176
Cnp 4.09917235772154 0.484559055071744 0.737470235571151
Sspn 4.09732635623059 0.628317793395543 -0.0361990366424846
Tmem98 4.08799429291605 0.786322320959869 0.679330416811213
Pmp22 4.07914725415626 0.442100321039722 -0.000450210529714296
Elovl7 4.07750268576775 0.72944496114816 0.625450245640949
Vamp3 4.06840658934125 0.388141318300236 -0.0087334808459183
Josd2 4.06620917153073 0.769111598055021 0.530900513949117
Fa2h 4.06277229160369 0.793399357313405 0.634401384321003
Apod 4.05146478182107 0.704159646360705 -0.00413664997126571
Rhpn2 4.02745823792304 0.610234100050402 -0.103601524759607
Sox10 4.01879970620726 0.797687888587461 0.820157082202176
Gpm6b 4.00853158621975 0.158886869955749 0.0507584542824515
Litaf 4.00371061020995 0.708594837022543 0.443693772192225
Pllp 3.99517420071472 0.807096010054876 0.709743110236951
Abhd4 3.99193422657509 0.47452035531929 0.367684264434088
Gal3st1 3.98412755553109 0.800306162007128 0.694119896985991
Sept4 3.93923335740352 0.567561298983707 0.578605537499925
Tgfa 3.91237012860327 0.216574290467026 0.158990030289759
Gng5 3.89717061424259 0.228341851548187 -0.127514268092357
Hadh 3.88296634221935 0.478795485163062 0.0906209328632393
Brca1 3.86067493145106 0.522177229112383 0.413008014900029
Tppp3 3.84559384399482 0.609952962313438 0.151795118176939
Lims2 3.83317208397886 0.87739737881018 0.709824860824632
Gng12 3.8320801766604 0.516658704178387 -0.00906727997896324
Plekhh1 3.82779158468256 0.712519134783015 0.490665863604333
Chmp1b 3.80169558885073 0.368657548114592 0.567665024846695
Gpr37l1 3.80121363509248 0.579959516250176 0.648297183318494
Lrrn1 3.79852254723662 0.598749986472107 -0.186899927618851
Tjp2 3.79696978552851 0.541260269562309 0.297222025537208
Asrgl1 3.79543920653348 0.544613319588701 0.287757514664353
Piga 3.79150416622798 0.605728770416716 0.572101635341164
Fam107b 3.78788770003393 0.421291936071012 -0.0967368433970114
Dbi 3.77825786517649 0.241340288422795 0.105053643489445
Adamts4 3.74279375292423 0.748130817007657 0.384123353222919
Rhog 3.72802787698024 0.7304654014242 -0.0900373870533999
Tesk2 3.71421217889738 0.657123843680069 0.349279003752869
Scd1 3.65867321434527 0.554762897763018 0.363425028609129
Trim25 3.65137845085666 0.294201787744957 -0.136423187330243
Tax1bp3 3.64443815708104 0.440435289624477 -0.132189522581772
Sept8 3.6323614235026 0.527652722462936 0.198868197485268
Bpgm 3.6195018042021 -0.00370362301305878 0.0267708677285525
Gstk1 3.61149560485034 0.545532360148506 0.594290664359028
Fermt2 3.59045488192314 0.51892024059374 0.764573227895203
Efs 3.57739052338804 0.617362933926707 0.0147712996578795
Gpt2 3.55358070512251 0.291712662225509 0.0752747482735356
Spsb1 3.54929462097678 0.522164456260832 -0.00170298695845358
Prom1 3.54716154230012 0.513281610712614 -0.156361476477072
Phldb1 3.54305596184335 0.779191419494553 0.697695471697657
Jam3 3.53250749912255 0.746653456145187 0.514267178640969
Tmed10 3.53103672816687 0.37582968873656 -0.137893524925102
Gng11 3.52801844201477 0.759599745177204 0.190181612307074
Thbs3 3.52448767751003 0.718184529027967 0.286876946175575
Enpp2 3.52301874968482 0.562755497788556 0.0616333473232955
Slc12a2 3.50922701527361 0.624907246963247 -0.182803322205979
Tnfaip6 3.49734421904093 0.794784612932416 0.443528880457223
Sptssa 3.49316971235434 0.328347709066707 0.281840944861609
Lamp2 3.48110131490812 0.482983793709909 0.211742411505813
Abhd5 3.44565572511833 0.352345535683053 0.127161183995321
Smox 3.43482654066013 0.514771401186279 -0.255104900623877
Glul 3.4175187990091 0.283038120080321 -0.17425495023325
Cd82 3.41135978733866 0.702025841707493 -0.0884127026818026
Acot1 3.39524630432369 0.557593898520653 -0.061021936594642
Pdgfra 3.39256085806101 0.617568459411314 0.0748407448299669
Arl2bp 3.38991518964568 0.377583835115424 0.0202211587883111
Dnajc24 3.35793552543556 0.613588342382674 0.613521891789783
Idi1 3.35672307413257 0.283505217587767 0.00987942994435621
Npc2 3.33495527432602 0.518560220288173 -0.0125596068395426
Hapln2 3.33365247156071 0.790982410078609 0.364898886584235
Sgk2 3.33309056955843 0.758120934026674 0.461197634401309
Pttg1ip 3.32813262209426 0.298361074827463 0.702098904533325
Fam102a 3.20426985777082 0.169295836738478 0.390990442002581
E2f5 3.11912837485043 0.381999964829997 -0.054067795928491
Ptp4a1 3.10168831449586 0.504114705551187 -0.087375657675317
Csrp1 3.03285159656774 0.318276767732367 -0.0257095964613683
Myo1d 2.91996378584273 0.736636283999862 0.398925312767974
Kazn 2.88619998997601 0.248117013417525 0.0539610571365893
Gjb1 2.86309494716384 0.799740418029596 0.39743580549334
Card19 2.82831252079071 0.660123047680711 0.0569301534324058
Ick 2.72535843985526 0.775971905712333 0.7207576888183
Ezh2 2.68078838078722 0.518789123606134 0.125771425490792
Mcam 2.55189154311689 0.811274159089936 0.261860227880554
Marcksl1-ps4|Marcksl1 2.22152772209201 0.494907144825208 -0.007543627464214
Pex5l 2.11621016926558 0.39512736657771 0.0611930947505287
