Slc6a4 7.39890988281079 0.838063999747447 0.796628479973826
Sncg 7.2162355329393 0.0920475379604578 -0.0766331961365878
Fev 5.94979340804677 0.752132051679087 0.726790936618066
Resp18 5.91967092275844 -0.00544118055767174 0.0445214511058411
Slc22a3 5.41510510379547 0.862661012345018 0.878145850967657
Scg2 5.32049262048521 0.0317681184731484 0.227890586261216
Gch1 5.24969097720264 0.290313405356388 0.174041099870376
Hs6st2 4.95694762553387 0.444266556294221 0.63838527580632
2010204K13Rik 4.75453080272245 0.613206189282105 0.700306702605883
Stmn2 4.7100672526057 0.249253134648417 0.395970837951795
H2-Q1 4.59433741562971 0.811573656169529 0.757217043439751
Gpx3 4.56756874165512 0.470041960072591 0.563972041225009
Klk1b27 4.54939823299049 0.892608414612247 0.875796862389047
S100a10 4.48372883852859 0.378433329955046 0.505852673929604
Trh 4.42406309359215 0.569878120137192 0.577278928068732
Asb4 4.29647226823917 0.253889621923965 0.0685414371496491
Mal2 4.26275220041627 0.603144589438159 0.5794474184135
Ddc 4.25602821355355 -0.126351475739229 -0.272237606808387
Ceacam10 4.15869688466769 0.864291465612297 0.885221190103189
Grb10 4.12342893339574 -0.205706170878595 0.473619958899603
Myh7 4.0978497263919 0.412288773784781 0.261474515841367
Ctla2a 4.06333452916332 0.722303166824754 0.622823351952646
Gata3 4.06177555135993 0.864391285650384 0.836047891229256
Gap43 4.03748190640087 0.115467038962858 0.258833007406303
Cyb561 3.96945113740204 -0.213570943552133 -0.171068583828557
Cited1 3.89522451126417 0.86392836678631 0.85687151192029
Chgb 3.85197294696258 -0.265988359000417 0.060746421354408
Cbln1 3.81369261800767 0.00132861274836787 -0.170658294535139
Lin7b 3.80993904992336 -0.144558754532983 -0.0173356115328366
Cgref1 3.79264608699656 0.290175990519243 0.40323833940018
Ptger3 3.77442447608297 0.711982264077108 0.643651778574577
Arhgdig 3.76825659341116 0.162033411545442 0.10166127633473
Pcdha12|Pcdha4|Pcdha6|Pcdha7|Pcdha11|Pcdhac1|Pcdhac2|Pcdha5|Pcdha9|Pcdha1|Pcdha10|Pcdha8|Pcdha2|Pcdha3 3.75878645881192 0.314834259581038 0.370214071851013
Pcbd1 3.74905267572956 0.17652628445903 0.298593267036176
Ttr 3.70048865379887 0.259603606367542 0.106881235135213
Tac1 3.69288758338275 0.540310440947056 0.6271358733595
Elavl2 3.68375510028589 -0.291460027031569 0.0454878764367073
Rit2 3.67482376191944 -0.0957771756868938 0.10065917560721
C1qtnf4 3.67470893209113 0.371279134532102 0.0211047132330574
Ctla2a|Ctla2b 3.65740088084064 0.691385095504947 0.558559361873354
Sln 3.64919870671715 0.745073051316234 0.69076591993174
Pcsk1 3.64132342132274 0.152611897695935 0.0422409548036522
Fkbp1b 3.61965207933148 0.130913781745425 0.135835872734914
Htr5b 3.60351847642105 0.744021528747153 0.697214203190599
Fabp3 3.58379618740612 0.212326440219905 -0.0292914845935009
Kcna5 3.58191842881646 0.572498322093515 0.0466385499484711
Usp29 3.5075627322932 -0.0119488580707542 -0.241484881319268
Tmsb10 3.48296249919878 -0.0332638942266288 0.033174761815132
Ache 3.47463561872371 0.116573475662837 0.024338150514303
Necab2 3.47252738445332 0.38478091259276 0.429350179378623
Lor 3.44029820166904 0.465413536882755 0.424838743748042
Baiap3 3.43585039242734 0.00198902058808992 -0.112836295363734
Nrip3 3.4261564779289 -0.183676004543156 -0.279304665812927
Ykt6 3.42051057499375 0.65221034565302 0.819596779117812
Apol9a|Apol9b 3.40173923029174 0.848077870714949 0.84870370327251
Htr1a 3.39852322470734 0.640144307478247 0.575566609191451
Dnajc12 3.38667595053548 0.562778148457969 0.624976460324964
Chd3os 3.3823171994213 0.281515335417327 0.5484548145392
Gata2 3.37643608034822 0.324887760537456 0.146632909485735
Mcub 3.26892854962823 0.695094778963118 0.732993785145527
Myh7|Myh6 3.19253356820829 0.591455533352927 0.456862519439786
Crct1 2.966767811539 0.864352084243143 0.880581907385841
Rpp25 2.93718318093937 0.568678408970344 0.526775113687269
Tmem114 2.83410001814449 0.693586118391878 0.618364945322164
Pcdhac1 2.70728444911314 0.752929375659017 0.680668310632606
Fxyd2 2.40446593285372 0.677446341731731 0.658840410448066
