Aqp4 8.65374457146886 0.752457537560806 0.882455788934356
Gja1 8.47293093026653 0.410455006947258 0.553656114820993
Mlc1 8.07590185209821 0.764653126583961 0.825378370026054
Slc1a3 7.94355773552861 0.775786194841154 0.807293456785459
Atp1a2 7.92911890373369 0.613501464264039 0.554723019172069
Bcan 7.7144229439022 0.576940200097851 0.745927732045758
Fabp7 7.60665733542663 0.390544993887678 0.177649719014433
Timp4 7.35669222997342 0.495815712551808 0.324236408148064
Dio2 7.28329448534343 0.721299447032812 0.787471722733219
F3 7.23784962441673 0.732029546526835 0.722474428275171
Vcam1 7.23722866268578 0.665568932506859 0.735221645514732
Gjb6 7.23250530482103 0.663234963027054 0.592876018151346
Slco1c1 7.18974963625746 0.860148737004425 0.871412491670396
Ntsr2 7.07532680811974 0.724739093623264 0.728002606316933
Plpp3 7.06839402568957 0.559593199120666 0.811978819760046
Gpm6b 7.01134174242938 0.405791554838796 0.327706582400241
Slc15a2 6.99145555887022 0.806387620525038 0.880663713883188
Olig1 6.8643208682996 0.210261533442418 0.620434412220462
Tril 6.73509320384769 0.747687323104945 0.806142741710318
Fgfr3 6.70276808248023 0.810152089965602 0.802723370783223
Apoe 6.67359070902884 0.363154374511504 0.573626602441467
Acsbg1 6.60701758233713 0.823092962692007 0.839956799844637
Tnfrsf19 6.51997339009609 0.834787833061844 0.883201807792334
Mertk 6.50494689088636 0.741383402226106 0.0261893883636564
Pla2g7 6.50387304982615 0.782307817955849 0.76681796750778
Cyp2j9 6.49746392516037 0.666045607499267 0.716019828295686
Aldh1l1 6.47616293854362 0.774767423088854 0.784339917435592
AI464131 6.3342640460979 0.860205409291957 0.873227347698636
Scara3 6.29924401457684 0.74133834048886 0.783599541626683
Gpr37l1 6.2362314014338 0.553859997118321 0.733083747780239
Itih3 6.22576698856302 0.437623429517731 0.183021296056439
Elovl2 6.12681737396898 0.861948341232992 0.86953099495067
Cyp4f15 6.10944290675854 0.924537456718487 0.88053458559854
Pon2 6.0952326125443 0.411238812237064 0.559229481171783
Ezr 6.08407878774431 0.82498878630526 0.855764832345092
Slc7a10 6.0622576642186 0.88928144320434 0.852061872672263
Fzd2 6.0611972353931 0.784819741034742 0.76198586390038
Tlcd1 6.01753284575782 0.795707675578669 0.744216793632352
Tlr3 6.00432191073642 0.763541421661633 0.858261417080183
Car8 5.99239501004561 0.503116493820969 0.147790851630843
Kcnj10 5.93698664092481 0.381005001317533 0.460499408511415
Cldn10 5.93020232902744 0.818027212474261 0.725881227177818
Xist 5.91910883954517 0.54086202469201 0.0438292083858103
Adhfe1 5.89543778142276 0.717570250282145 0.712598130426396
Selenop 5.87316073069072 0.173210788333181 -0.0216241545472818
Cth 5.86996049133477 0.810136584624582 0.815719197888649
Grin2c 5.86494816786206 0.913173829550895 0.885704494706284
Lhx2 5.85606097675616 0.602512514989807 0.610148485900611
Cyp7b1 5.85046706050112 0.750102548236768 0.796282025147153
Pdgfrb 5.82898435572576 0.786146437170805 0.62698845965754
S100b 5.81839767290065 0.142610466465516 0.122987472536489
Eva1a 5.79038878720265 0.716596193321947 0.738276592709824
Aldh1a1 5.73808055649096 0.47612825876251 0.336382027040762
Slc9a3r1 5.71956938311112 0.540836037055434 0.646284895513653
Mfge8 5.68964727168179 0.707901775728217 0.776185206189974
Psat1 5.6800047481392 0.241508014387054 0.0998992642256209
Mmd2 5.65321054272548 0.319025208803885 0.520948834756598
Il33 5.6269419636111 0.446520280775893 0.108817894612257
Qk 5.58975704304528 0.117256804788461 -0.0744423450645135
Wwtr1 5.58609023589013 0.644554159025425 0.553074601175321
Lrig1 5.56730831619635 0.777245276409415 0.830643395246342
Igfbp2 5.55488906717221 0.702710537604256 0.512794128174715
Cxcl14 5.55294108506812 0.401607374705565 0.183514787872919
Slc1a2 5.5400676509021 0.881760801740464 0.86946134675776
Reep3 5.51361362081553 0.210254952339003 0.158575198262574
Pbxip1 5.50740655437781 0.799215307098006 0.720814282442406
Ttpa 5.41915955969161 0.829559877049444 0.772672191450678
Slc14a1 5.41491612444395 0.871967456751151 0.81487755164395
Rlbp1 5.41422329627724 0.462469380968393 0.151462428712924
Pmp22 5.39956366321868 0.31977515074244 0.102555722127942
Scrg1 5.38469972983791 0.331519951502765 0.112704087755725
Smpdl3a 5.38292539512655 0.758608122700662 0.856539361347333
S1pr1 5.37100435094463 0.835784836381448 0.758346552535745
Hes5 5.36259215229416 0.546997423336625 0.269336182674246
Ccn1 5.35190116121873 0.822053800006519 0.659210024799235
Cyp4f14 5.3424679515672 0.882447523110824 0.858832994772507
Prodh 5.33024281374729 0.865120130870421 0.848159221691957
Itgb5 5.30974927680386 0.549783701016727 0.73439783258758
Msmo1 5.29834504005687 0.537833135919112 0.410188295635445
Htra1 5.28730974445673 0.506739702811765 0.622722836961478
Cyp2d22 5.26079710809821 0.886138313144942 0.859198077982984
Gldc 5.24796511388283 0.796698752202068 0.734191753881614
Ctsc 5.2329363293403 0.477275751119717 0.529832847727897
Gabrg1 5.23248785498668 0.757440531320872 0.756990714669715
Ptprz1 5.18067434622552 0.726682300327087 0.818828617240286
Id4 5.17246613518384 0.515125926802173 0.510556664812665
Plekhb1 5.17231501988167 0.190539768795389 0.544142483318154
Abhd3 5.16901710997956 0.550451337217709 0.783573346866194
Pdk4 5.16260563090571 0.681362552485339 0.59812531115307
Zfp36l2 5.16143696682916 0.494881427753808 -0.0397896095159471
Lcat 5.15870025625478 0.861116278366616 0.858793961130153
Scd1 5.14358632847831 0.440274694720723 0.364739874341661
Mgst1 5.13644773090066 0.565553585820385 0.57022102100166
Ppp1r3c 5.12855857437639 0.701440311228211 0.735751623222543
Acss1 5.12079626752609 0.633370390308227 0.68089049441288
Id3 5.10253123732287 0.477869105667925 0.38610443676041
Myo6 5.09696441100282 0.694501788012172 0.540453592895223
Emp2 5.0936730483647 0.879405339086337 0.828243719390891
Cd38 5.09334794666017 0.8825615462584 0.780415940143321
Ccdc80 5.09093510961012 0.825078958060997 0.844547447434942
Phkg1 5.05708937625335 0.867836773766242 0.813405923972753
Fermt2 5.02767479523354 0.390250701263253 0.811857104378506
Zfp36l1 5.00530735589805 0.347833538965822 0.240107344389942
Asrgl1 4.97158545960303 0.369691681683369 0.290279942573485
Stxbp3 4.9577010673967 0.192314707533471 -0.0631832247857387
Notch1 4.95316250966721 0.744484133469382 0.764167174464022
Ttyh1 4.94575965693607 0.59706437754782 0.681241771901208
Oaf 4.94363787552926 0.773436907592454 0.798644918569623
Ptn 4.94109234185578 0.185631091173884 0.11003966012837
Sept8 4.93687500108034 0.490886129629678 0.255090336416462
Itih5 4.93229916357726 0.688848018049757 0.703864417818128
Gstm1 4.9135761688612 0.595263024328634 0.54981590680719
Itga6 4.88346274532404 0.712999482601718 -0.124700103526212
Tmbim1 4.88298672614031 0.220869994504076 -0.0109066754384885
Axl 4.88206417000844 0.87888913652555 0.80705582270249
Amot 4.87186374336966 0.810698724000198 0.840509607599842
Slc38a3 4.84908507076416 0.89410576016563 0.862967923624543
Egfr 4.84251299292784 0.895234704742858 0.826145671569454
Papss2 4.8362767390078 0.75901382993165 0.734667449623514
Igfbp5 4.8327891630715 0.58133941157182 0.674701364738412
Nhsl1 4.82858767772967 0.674225119655274 0.68539660642833
Pnp2|Pnp 4.79393171277319 0.455982484277856 0.717571443896628
Gpr37 4.78668537545049 0.257742226191819 0.339781304561819
Btbd17 4.76672632042006 0.871276190906378 0.848551679387617
Itprid2 4.75825062648986 0.589323538228945 0.159678465284474
Antxr1 4.72130991143645 0.632183380611136 0.819460475563837
Cd9 4.682003993332 0.178683017794039 0.163936514707816
Fads2 4.67874573337616 0.843072312671109 0.84631677585485
Adgrg1 4.65269044039897 0.691373545707978 0.381297856642244
Fjx1 4.6524066701119 0.746909030994962 0.846758470890321
Gpld1 4.64315250454995 0.798852941316165 0.808736437227135
Hsd11b1 4.63723548778493 0.862314460716999 0.868769146344047
Nat8f4 4.63665337245109 0.772992050469463 0.774272554907464
Efhd1 4.61718204924976 0.261623425930967 0.38748675074385
Car2 4.61612966588753 0.255642643093945 0.00128426818812924
Soat1 4.59977509724982 0.620863977225962 0.305472115319303
Itpr2 4.59743720590415 0.524457650028568 0.125444356554589
Gna13 4.59415439713253 0.547000448444172 0.365976995374097
Pdgfc 4.59387775672963 0.34125691933766 0.299818840465675
Ntrk2 4.56170511060028 0.6874466891575 0.728940262777291
Pttg1ip 4.5616292386848 0.285234774953016 0.0536159734314513
Cbs 4.55235730337787 0.882166238423853 0.872145789365819
Fgf1 4.54837096051579 0.532176458392268 0.628185946958261
Cpq 4.53452517522629 0.679960906749388 0.792774069753276
Tgfb2 4.52951744105977 0.738316964866956 0.719691752216716
Ak4 4.5132342656555 0.421229827532453 0.473001947452464
Slc13a3 4.50622398086976 0.498641803621586 0.412030324021215
Ptch1 4.50564601686287 0.626431565427166 0.759646177621088
Rapgef3 4.49624638801516 0.416213922253546 0.335395972496605
Tmem100 4.49536257646715 0.414888467312746 0.0974590490891886
Slc1a4 4.478984326544 0.658302426619699 0.725390396326719
Galnt4 4.46459273939004 0.645434273124031 -0.0888496445825484
Prdx6 4.44190933481111 0.602337493622186 0.656825804103533
Lmcd1 4.44122570926191 0.677495061531289 0.54919992736903
Gng12 4.41717107340567 0.233842333381393 -0.00783775289348381
Stk17b 4.4153960592329 0.597227701809316 -0.0309181338982068
Prom1 4.39786721060582 0.424703810678116 0.280166162214014
Col4a5 4.37885799436775 0.904282617051704 0.799349273721137
Entpd2 4.37553225986387 0.854077890622911 0.856330453663619
Plp1 4.36393846611561 0.0939850899491969 0.0860913717821946
Slc4a4 4.36328482417871 0.723560202661042 0.754373326996894
Timp3 4.36293795050655 0.67401268748297 0.333495264949917
Hapln1 4.35609245578189 0.778527649511545 0.758635480881868
Klf4 4.34783399592946 0.34386458790222 0.340307445241847
Prkd1 4.3395384471163 0.670285878795387 0.67864565889689
Pdlim5 4.33674561553482 0.60187113905983 0.689095577245787
Ndrg2 4.33270274895024 0.594215894923831 0.508374393640426
Fmo1 4.33186299646221 0.697434012673404 0.712315397222308
Efemp1 4.32132483889656 0.494185676417909 0.27884292347376
Elovl5 4.31032587878272 0.583172423663468 0.56619220792534
Gdf10 4.30524422784356 0.793087159162797 0.767934924302004
Atp1b2 4.29918707510826 0.634654424018555 0.765441939397806
Gstk1 4.29373404043683 0.39930781388035 0.616503516821624
Trps1 4.28974498275571 0.656235490410978 0.731823877429972
Rftn2 4.28969246622972 0.648361495148961 0.580022633254166
Nrarp 4.28909856239443 0.671574486526767 0.482849134485129
Kif1c 4.28661341585272 0.574154873721355 0.589613741459378
Crot 4.27478252327897 0.591486520130991 0.598351629663525
Gpam 4.26077584745336 0.769334567524751 0.896742633499248
Selenbp1|Selenbp2 4.25580644667257 0.541551769149056 0.640615163688334
Pdlim4 4.23867405007893 0.546367145535866 -0.10726267715303
Dtna 4.2077519308516 0.729745854688026 0.804227769190381
Gpx8 4.20339805860859 0.539291378467433 0.40611633808638
Glul 4.20038395957356 0.426117725714259 0.483954526692674
Tmem47 4.19849277287506 0.612543073625936 0.679922954769185
Ndp 4.17902632445206 0.694331523519195 0.631767424613954
Mical1 4.16385253782628 0.520601908565662 0.0144764755355462
Lamp2 4.16234776974195 0.282418720949473 0.13123191019055
Notch2 4.15447646638128 0.570556375326789 -0.0431145382667697
Trib2 4.14543504280423 0.326373790908328 0.143931600546313
Nde1 4.14505045448237 0.290076534978066 0.0728356395863586
Dock1 4.139453478186 0.433190746108019 0.700167376680665
Pnp 4.13756860789367 0.492841507610158 0.711749559477843
Smox 4.13326315775135 0.329781713119358 0.498146154257842
Tjp2 4.11579678082834 0.365367210560736 0.298894276727576
Abca1 4.11432832921636 0.662902753580053 0.134537026901349
Fkbp10 4.11380646374566 0.891174605125923 0.886800958440005
Tnfaip8 4.11156617226343 0.412379558645165 -0.0687511326400445
Ptpn13 4.11004614619291 0.590471032892536 0.426598513895313
Zfp521 4.10824603463282 0.380776648463836 0.265793070549569
Tmem51 4.09890609245148 0.782709140240396 0.65718091844381
Zfyve21 4.09706453103396 0.319515548407949 0.356912998920361
Vim 4.09568090743252 0.397157079987616 0.0738604009165216
Nfe2l2 4.0746119056929 0.382730888928677 0.453204696832214
Heph 4.0710034546065 0.903940876040602 0.864086925561756
Oplah 4.06575255386438 0.805050587720786 0.797197268862588
Add3 4.05056874294755 0.663658890240627 0.705829514370196
Gli2 4.04979108611995 0.835666229031973 0.758859490315648
Acaa2 4.03308153080128 0.737449361861766 0.728258278083485
Cyp4v3 4.01969767455748 0.701075088101087 0.610980030295918
Tspan7 4.01647320745145 0.658659737802555 0.409213740996346
Fam181b 4.00390809172529 0.623682017379902 0.51287461459383
Aldh6a1 3.99818163628133 0.530670676514044 0.735121107698636
Fgfrl1 3.99111524543908 0.672412624524721 0.592152786115701
Idi1 3.99059626065239 0.140923058903661 0.0110287271495652
Mt2 3.98184352028776 0.498027121146233 0.308782290398383
Clu 3.97224174108033 0.775474607588074 0.7798997051574
Sdc4 3.96949753629209 0.781578603728581 0.757489124014108
Slc12a4 3.96745489293709 0.71611761811478 0.703455991387444
Sat1 3.96171286808268 0.53338059287477 0.00672742670191776
Wnt7a 3.96100786855459 0.686987763459501 0.632391831925148
Myo10 3.95393913674521 0.761238308382138 0.648873162901774
Lpp 3.95191511363466 0.830911184905288 0.688617377779324
Lgi4 3.94723257445279 0.894140307944754 0.841493115620949
Sparc 3.93913154423317 0.415543470626125 0.41373599140243
Pnpla7 3.93510871510876 0.698029157046274 0.453948081481576
Fxyd1 3.93343056383384 0.74713894817682 0.660596061160108
Cyp2j6 3.92100809095918 0.375076560849334 0.220474368610902
Kctd5 3.9153851558536 0.504661155490371 0.539425238475373
Pdzph1 3.89839826054441 0.776521062707197 0.682676867270913
Lrp4 3.8940326132808 0.743315846763139 0.804610416030568
Acot1 3.8916842920505 0.251892865892937 -0.0615653343210839
Klf15 3.88985346560879 0.609105495619455 0.617622827277866
Il18 3.88344448433819 0.322271107350469 0.648888538704206
Glud1 3.88107876652955 0.852352336563923 0.8515726554096
Acsl6 3.87609557033993 0.588975687294938 0.83016356117573
Txnip 3.85888417156111 0.537080975156596 0.402899155745646
Cebpd 3.83952529572983 0.298261248641514 0.297627329102355
Sox9 3.83685892948598 0.870756000286348 0.829487026589281
Smpd2 3.8156665514956 0.690103532173189 0.795528071005179
Celsr1 3.80912556045737 0.896206021818361 0.815040945818231
Ppic 3.7997443714985 0.742727764404756 0.411628987997399
Eps8 3.79869516626312 0.40775655002687 0.274340052452792
Sorcs2 3.79376442043104 0.687694357371571 0.686460105111303
Ednrb 3.791176990914 0.730563575554079 0.520434038689209
Aox1 3.7858356323415 0.84899359957004 0.697228932974175
Appl2 3.78107401473248 0.780075232398263 0.848947372149813
Kcnn2 3.77928012984543 0.543929302841328 0.0865752001585932
Cnn3 3.77677803149892 0.273292443775605 0.406596768592915
Vegfa 3.75772198428526 0.771551256209879 0.606939072247134
Lpcat3 3.74418245499939 0.567116422392996 0.370986664449744
Adam17 3.74309884174577 0.402728487190093 0.393398933002628
Bcar3 3.74165846010264 0.669644544323924 0.645691148569069
Slc41a1 3.73482020567913 0.769062846784543 0.703733084774441
Cmtm3 3.73315173208599 0.497488244370253 0.350685265855695
Cbr3 3.73147934426359 0.42363026264697 0.285302631312132
Cd44 3.71921379832469 0.802251069314565 0.686352541837447
Rgs5 3.70460862238819 0.55336374068431 0.269453343952511
Vcl 3.68753628699813 0.655474077932756 0.811454719334578
Gas1 3.68388768388504 0.588333052612906 0.433860113387943
Srebf1 3.66617203626347 0.788799492077966 0.838046924289854
Pygb 3.66004477617705 0.789487595714997 0.869773255614445
Pygm 3.6475719265575 0.784531639123191 0.670286627976799
Mmp14 3.64671382187187 0.738842396393835 0.649927060941807
Hmgcs1 3.64534979549022 0.28236963773128 0.0172317321348694
Prelp 3.63825148498201 0.735105441385805 0.333034373942083
Hadh 3.63628537804064 0.233649519870858 0.0904872712437231
2810459M11Rik 3.63355874065186 0.593237442374329 0.318754240791455
S100a1 3.62838442819822 0.218011539785183 0.0427421537797832
Agt 3.62724179229449 0.829507177345803 0.690494262672607
Hacd2 3.62389424163736 0.642516599996769 0.733832603403636
S100a16 3.6197834029973 0.294278500247666 0.145495965397372
Dmd 3.6119206677303 0.560070517720056 0.627342908935563
Aass 3.61018030786193 0.892116318359514 0.804450685738106
Phka1 3.59162734293306 0.764108423853694 0.875128869026012
Sox21 3.57892193289205 0.684095628975499 0.428564846108335
Naaa 3.57310368806721 0.779053363794551 0.692756615237975
Dennd4c 3.55836625710292 0.587786199791648 0.506901935824868
Nrp1 3.5563610346585 0.476519229742799 0.354216893896861
Dkk3 3.54430695803086 0.34053704977393 0.26815585754026
Dclk1 3.53788653325496 0.475659087028695 0.552852250690686
Retsat 3.5365427056362 0.72324959426106 0.734791503390898
Ephx1 3.53600901544934 0.559564387832413 0.600545011183298
Lap3 3.53461238597402 0.342504832091991 0.427194014143894
Ncan 3.5317087373424 0.603711759457892 0.621135322269289
Ghr 3.53013455049624 0.685833503787163 0.642148990365121
Nkain4 3.52698828365486 0.707487603875008 0.578598975017792
Cspg5 3.52608138686693 0.652294661445573 0.594014793965842
Slc16a1 3.52594183506263 0.440231024061475 0.258266413583417
Igdcc4 3.52538624875372 0.69065660095041 0.743135159352219
Rb1 3.52290142563287 0.510694649103088 0.550024345091782
Ngef 3.52069366138063 0.179332836978067 0.00795318992933691
Kcnk1 3.5163944815263 0.481617211380034 0.645084723565735
Hist1h2bc 3.51457867549352 0.00296399203320399 0.0673702005692979
Smim3 3.51304822502859 0.499482318592743 -0.139194413983646
Metrn 3.51130810019272 0.594230212479308 0.304947926651721
Bhlhe40 3.50722891034328 0.462017233622875 0.18867584943071
Serhl 3.49855172320422 0.699020827232391 0.748079539117632
Rhbdf1 3.49759686316142 0.740882717859444 0.744347241411024
Nfib 3.4904437731536 0.225578264511752 -0.0428810186794035
Fgfr2 3.48957920620997 0.476745662168359 0.224298672133077
Pax6 3.48871440047569 0.767474661904473 0.744023487542505
Ppara 3.48409682758828 0.843680508183553 0.799276126241346
Neat1 3.46564053369194 0.593703706103233 0.0357790901123398
Mdk 3.45638557251743 0.560166102096677 0.285362125560138
Gprc5b 3.45511312423312 0.419159973766452 0.620463981128328
Dag1 3.45016941218741 0.754256587837843 0.689539125893578
Smo 3.44536975170082 0.59964852061718 0.411357834583786
Itga7 3.443688135063 0.750993737043171 0.681113440593699
Tulp3 3.44225660012404 0.689701884569101 0.691830904169031
Csgalnact1 3.44138248893197 0.561052167308123 0.429149434085332
Tm7sf3 3.43617807431598 0.215935659234982 0.0410248052192741
Chst2 3.43021959211119 0.639116696474101 0.605021366189016
Hus1 3.42842267406304 0.415254156074436 0.245314713788238
Grhl1 3.42554356879621 0.628445165996965 0.618709131122667
Nat8f1 3.42189688604809 0.721066056373093 0.668349711669731
1190005I06Rik|Gm27021 3.41462462082626 0.447655915677451 0.193042079486854
Rdh5 3.39868407631286 0.823319440246466 0.735891528466972
Ephx2 3.39766083785557 0.751518843032309 0.743018489428802
Lxn 3.39476560735535 0.508238523011925 0.582155041406133
Suclg2 3.38648477694041 0.588723098108523 0.154705569909139
Mid1ip1 3.38352297948975 0.35554182082918 0.506617106451788
Itgav 3.37248728425225 0.565973160709917 0.754050874493661
Rab31 3.3657741700532 0.149913604513852 0.237256674681233
Lin7c 3.3579720251886 0.18021026448575 0.309161162581453
4931406C07Rik 3.35779765807203 0.541145592139455 0.680497049092668
Fcgrt 3.35621163137916 0.603661981276434 -0.0875959106266034
Carmil1 3.35530126652335 0.647045226793751 0.508799072343809
Asph 3.3468235140697 0.573820870114134 0.205598381384253
Derl2 3.34618074534689 0.179466072201177 0.157240195705354
Agl 3.34165496269749 0.651520706377817 0.56053745396565
Tenm3 3.34016307521508 0.708778514665407 0.769725442225614
Selenbp1|Selenbp2 3.33982455108711 0.683118789918609 0.671700281756351
P4ha1 3.33899181959553 0.44845859286414 0.0153487355130627
Sash1 3.33311922858692 0.5717334723674 0.787702825121012
Dhcr7 3.33305218079834 0.468049158200473 0.204773566838275
Trp53inp1 3.32484575087513 0.200336506046978 -0.0183545102120179
Gfap 3.25612990968815 0.704289835649926 0.435386123920713
Tnc 3.21732071965556 0.776107256951571 0.442396491284207
Prrx1 3.21479600467692 0.480679792516834 0.20026669389718
Lamb2 3.19798451774812 0.781077217234224 0.757945986656176
Fgd6 3.1525909936869 0.835469459154468 0.7705441186567
Tor3a 3.13118474464303 0.696783318516665 -0.189967036375195
Chpt1 3.12133911667884 0.354573425297115 0.30746466695641
Elavl1 3.10396001249147 0.432244814271176 -0.19332220557639
Tfcp2l1 3.04305775412071 0.807241571579355 0.65838382677228
Hmgcr 2.98267415962062 0.476587983462851 0.202499512603673
Akt2 2.955062885575 0.515656368789473 0.196283148297282
Fzd4 2.91089300894095 0.78028003504274 0.543831054952889
Cavin3 2.86008493033412 0.296640207397793 0.0879496305312675
Ddhd1 2.83990917028483 0.645902711698857 0.593484703605312
Gdpd2 2.77883336302436 0.797931161715198 0.654760472838863
Rorb 2.77827296175413 0.771431505567785 0.721889335785411
Inhbb 2.76048631612471 0.467168010507644 0.321554331602304
Rnft1 2.76031081707398 0.567722066729882 0.586831569403115
Mvd 2.71983396713307 0.369788664697568 0.131469451248897
Ginm1 2.7146151050652 0.48787971776968 0.555373105264646
Clcn2 2.70236754414703 0.588993111494456 0.462441553143367
Vav3 2.68860614152131 0.725815322011274 0.602724543499449
A2m 2.64891763539197 0.833743527802762 0.634011997453123
Aldh1a7 2.61907843676821 0.470565232071811 0.0611119802428921
Arhgap18 2.59324269501982 0.660564035516767 -0.162287053575659
Gabra2 2.55188978004793 0.56487321014307 0.120777686881283
Itsn1 2.4975107193393 0.472029214490477 0.342150377872853
Vasn 2.43710893280774 0.276619024010412 0.218001508426622
Pou3f4 2.41985734509418 0.782248440740337 0.623938677716421
Ccdc85a 2.41472058776625 0.127942058310624 -0.0109273996887604
Lppos 2.35359731866824 0.703450699538816 0.580625765798297
Spag1 2.34417222683705 0.735814834524578 0.739119121150274
Trim37 2.33743105881894 0.344900425152036 0.289299151452222
Metrnl 2.08489438842737 0.597799320640414 0.558283523169585
