Tac1 5.98491024536855 0.630075472994518 0.692550970349502
Pvalb 5.80513569322986 0.793674132344684 0.774464596629781
Slc32a1 5.63160847677584 0.39590525242738 0.254053563915057
Lpl 5.11591379511214 0.712235823643765 0.729294127232353
Col19a1 5.09537944464324 0.479052911256052 0.20265679423624
Cntnap2 5.02336433719359 0.339779262374746 0.232569556536187
Syt2 4.87452853941122 0.840077173870428 0.809539178523906
Gabrd 4.80222073676532 0.638367833891791 0.758470921065341
Rbp4 4.69365232475136 0.648873849921264 0.418265341497245
Lhx6 4.57058274604413 0.658294951918456 0.0963673176125472
Cox6a2 4.47358124390566 0.847385129461863 0.887236325756206
Cntnap4 4.43803126697333 0.522504600276329 0.534447143281375
Myo5b 4.25738008295802 0.481432187679902 0.250885278326476
Meg3 4.25517190357789 0.293887307252635 -0.113035866466546
Gabra1 4.21715654130665 0.205709120500247 0.492549416084496
Gad1 4.06238315523424 0.145045323147913 -0.121220961759572
Parm1 4.05962248524239 0.342203584892967 0.0922147382481501
Slit2 4.03044428482926 0.687431334449402 0.784651099557648
Cacna2d2 3.99249356835331 0.605083367770709 0.646432431771809
Kcnh2 3.95283353431002 0.576276368927968 0.429235093836562
Kcnc1 3.93756318419487 0.395345631296765 0.0395498705526757
Nefh 3.91832381256774 0.630146560262615 0.706174151866436
Snhg11 3.88057765151091 0.286825563940891 0.15987436325696
Scn1a 3.84603742928527 0.30759070717761 0.0319895360613137
Grik1 3.80281521500513 0.333765406921443 -0.138439956204051
Mme 3.77889855436415 0.828225775360547 0.704804762675703
Satb1 3.6753806730159 0.550213344275435 0.259321485408355
St8sia4 3.63116813297493 0.474042888249178 0.389862161129846
Ank1 3.62893633458459 0.596926123935104 0.380872066486769
Kcnmb2 3.62084958866126 0.5863363178206 0.518737763601485
Cacng2 3.5819948604799 0.457358295905507 0.217287545635584
Gpr83 3.57256210598324 0.670453410995705 0.412409391244623
Arx 3.5484243865409 0.302777272895972 0.276918346667883
Akr1c18 3.52813325302954 0.806910716079902 0.789091064058037
Moxd1 3.52614820126689 0.608351900586498 0.283243383351483
Amn 3.47328104215544 0.547133738001759 0.341299332163618
Pcp4l1 3.45212000132373 0.500335619769811 0.38538398260157
Gria1 3.43862299050216 0.250913511138373 0.0408374995263276
Npnt 3.42834209396666 0.472269672089902 -0.129072353554454
Prss23 3.414135486762 0.489167604451456 0.455045303345365
Pip5kl1 3.38465732144857 0.820270374521105 0.756185596493692
Vamp1 3.36780814821297 0.581554579247029 0.569426100390003
Crtac1 3.35288234907215 0.414713648157008 0.015230418980935
Cacna1a 3.10451155091193 0.64421711884739 0.678716050588217
Cenpa 2.95878903517949 0.500970826237942 0.289341406631381
Rerg 2.89202989111213 0.61736718229786 0.479114023961485
Cps1 2.4426417907949 0.611702494225649 0.420784644740678
Adamts15 2.43591720227562 0.728740012336909 0.711511640886859
Ung 2.26026172095501 0.268319561363227 0.0585795557093245
