Vip 7.02159691392519 0.749054658608404 0.589160168271342
Cadps2 6.134436153827 0.425085711442365 0.684608302391363
Lamp5 6.07680641868452 0.429700619501932 0.0768544864136468
Cxcl14 5.92752260677145 0.312705127712724 0.183514787872919
Npy 5.74102791348182 0.375883270138522 0.0737852395319061
Reln 5.59389642259976 0.523689515938971 0.326444107966483
Tac2 5.56731836299579 0.842213356963694 0.708885273685029
Cck 5.4179523317598 0.332694730707211 0.314889915409102
Kit 5.26776676579933 0.783786252709549 0.750332131997354
Col19a1 5.22383284815474 0.202167630862701 0.13678204723095
Cntnap2 5.16264688981234 0.0738420530343298 0.232569556536187
Pnoc 5.13317764176798 0.637738672247911 0.623556083330461
Slc32a1 5.07763125559985 0.0821928581680097 0.251133207637968
Ccn3 5.00484311652419 0.339882831752074 -0.0357900196365452
Gad2 4.86578577455954 0.507300856345693 0.442046587697709
Igf1 4.85121868048822 0.620655670319798 0.405639403607509
Parm1 4.81738065584551 0.242027412610997 0.0922147382481501
Htr3a 4.74400498639942 0.849028704882593 0.860967040490362
Dlx1as 4.70301765469348 0.314984962742989 0.186988158628206
AF357355 4.45004076172863 0.246466842731487 -0.0346713811530593
Sln 4.44476238539288 0.887304881204511 0.758182341894159
Snhg11 4.40274722266595 0.0753254833081814 0.240270197094992
Sncg 4.38835323433105 0.852310844980818 0.644357921422302
Rgs8 4.34999328080306 0.525992591075015 0.385505646433251
Meg3 4.34129471258262 0.0329722166192974 -0.113035866466546
Gad1 4.27646173358616 -0.0633695607948176 0.192650500993839
Rgs10 4.10835845720683 0.621634366470072 0.697692025596735
Wnt5a 4.09996125234867 0.754810098094492 0.614957050215213
Pde1a 4.06146522872114 0.288588237022755 0.245517016088301
Kctd12 3.99448253188862 0.514200526711406 0.347433747318668
Nectin3 3.96918997596589 0.608971984654361 0.658473816369235
Scn2a 3.9492845442155 0.368420985683228 0.0696397006457449
Scg2 3.90491500310562 0.113422629749117 0.00401210402339827
Snca 3.86723073701649 0.27667953242085 -0.100575619782944
Fxyd6 3.85715801696246 0.407858677126712 0.343661974988523
Cplx3 3.80237791587401 0.795935576173598 0.795252346958176
Kcnc1 3.78490780756437 0.202510342654574 0.0874294057487641
Cplx2 3.78460943791118 0.431918877923031 0.234486677879141
Dlx1 3.73933484148265 0.266773266770273 -0.0507968869212589
Sorcs3 3.70247367315457 0.840100970280183 0.850685117397507
Calb1 3.69650593274695 0.162985979645647 0.0225978887842895
Sst 3.66593723798539 0.161790873311975 -0.0517572700324579
Grik1 3.63530045404461 0.0809480034758558 -0.0806054087547874
Resp18 3.61959180599095 0.181331145374063 -0.13190719787563
Cnr1 3.61338671105985 0.828015400678702 0.718591112175214
Gabra1 3.58983106251203 -0.139694789223597 0.0753136110079381
Col14a1 3.5789676063308 0.817767592107654 0.720248665933239
Grip1 3.55534174203882 0.226086722546783 0.178996409280134
Pcdh20 3.54660221056601 0.470716221727797 0.399565987457469
Pcp4 3.54195585683824 0.0331278701488823 -0.0213957820984631
Clmp 3.49452995506434 0.158085661482072 -0.0990336308649575
Tenm1 3.47484611819434 0.295719256417858 0.0941517227446353
Kcnn2 3.47284575699159 0.39131477964313 0.0865752001585932
Gap43 3.46289608425794 0.162546245210458 0.118363468944419
Penk 3.46183254646241 0.396649516474817 0.068841771947191
Magi1 3.32649452045198 0.223798081071279 -0.057737655624813
Rph3a 3.17555695817822 0.377864972638873 -0.217770482211862
Kcnq5 2.91451457865405 0.294576263217958 0.0672974172033096
Alk 2.77101893642561 0.238045584972794 -0.10375250777047
Qpct 2.6492824368883 0.253014372096251 -0.033464886207574
Tnnt1 2.54955522354499 0.655497541158215 0.412267885379613
Dlx2 2.4638060899727 0.503741653787108 0.452026951516921
Abca8a 2.20063116291607 0.352799373028831 0.122841064650032
