Col19a1 6.25343886299479 0.199085902232053 0.13678204723095
Pde1a 6.13148552493915 0.356935735924055 0.205530350412953
Sst 6.1126188871934 0.42933854695143 0.488776083238226
Npy 5.96389482271378 0.284517021479125 0.0737852395319061
Reln 5.88606866307022 0.424358527885146 0.326444107966483
Moxd1 5.28540913738897 0.493253989915813 0.283243383351483
Slc32a1 5.14270104545752 -0.0315427439821596 0.251133207637968
Calb1 5.07028317759555 0.279949387042486 0.157527786302887
Calb2 5.02083947368043 0.727107435219517 0.55898733529495
AF357355 5.01180888318961 0.213985568110007 -0.0346713811530593
Meg3 4.90432156874549 -0.00263485082262518 0.32095031171984
Lgals1 4.84350890761813 0.343424020576322 0.303299994830451
Lhx6 4.76832607488427 0.248923270138067 0.0963673176125472
Cacna2d3 4.56575471694815 0.442591644863167 0.514408221793823
Man1a 4.52341833726884 0.443570330227865 0.248414388088431
Cntnap2 4.39136238701306 -0.0776847114210328 0.524921832184104
Gria1 4.36775889731219 0.0817357261130054 0.0408374995263276
Gap43 4.34762922118831 0.169345546379158 -0.0886684049499408
Dgkg 4.20533300326614 0.446293104245282 0.587189221294957
Igf1 4.1909218695243 0.426105325191265 0.405639403607509
Gad2 4.18967599498124 0.28806476806176 0.252338110917006
Snhg11 4.13490472120162 -0.0793616556161162 0.15987436325696
Trpc6 4.12228467652384 0.908947842555776 0.863730333630638
Rab3b 4.0100119083573 0.254377708774216 0.247102294746833
Dlx1 3.9727458652233 0.201987990114338 -0.0507968869212589
Arx 3.95272228204421 0.00633239510342345 0.276918346667883
Klf5 3.87436132891684 0.544667326484532 0.510195113940653
Gad1 3.87255509726645 -0.227299409702736 -0.121220961759572
Scn2a 3.81642725673453 0.228669097747568 0.0696397006457449
Grik1 3.75126987999168 -0.00778903459087611 -0.138439956204051
Cdh13 3.74567243320979 0.390801710381806 0.3661318939677
Rpp25 3.73096256376244 0.181859911819827 0.333400866922591
Utrn 3.71896884558492 0.460217213819753 0.549497101825993
Rgs8 3.69680529561938 0.311056497363601 0.385505646433251
Scg2 3.68629513445368 -0.0338524845449019 -0.0182237652602636
Clmp 3.63741387971198 0.0663167728035973 -0.0990336308649575
Resp18 3.60252444405198 0.0700854372881908 -0.13190719787563
Scn1a 3.55681012368109 -0.0919359789784358 0.0319895360613137
Slc8a1 3.52228213883942 0.0771327968989812 0.0716157215220778
Timp3 3.52199170745499 0.338158310904104 0.333495264949917
Synpr 3.5119715955651 0.321788789422804 0.263238319231484
Cplx2 3.50826510240376 0.273727299286582 0.234486677879141
Cdh8 3.50568330335026 0.53132300111167 0.427580240808877
Olfm3 3.49419935271431 0.28545570657921 0.242437760580818
Cdh4 3.47053850665969 0.652771086655237 0.571921900501713
Rbp4 3.40821018215459 0.124951765356445 0.418265341497245
Nefl 3.38558896389292 -0.199245130553754 -0.14618527828232
Fndc1 3.36090410341 0.554336359824247 0.29510788946632
Nppc 3.33238963061824 0.847598451150218 0.880050823903196
Slc27a2 3.33042235593849 0.342691298569628 0.0588918085661208
Cacng5 3.32540783133766 0.523385664988904 0.587378087567195
Nnmt 3.23209954978921 0.586515027012419 0.301229769725778
Pcsk5 2.94678101692909 0.719783064319241 0.467670879584144
Dlx5 2.82502549261304 0.211436992805585 0.0447422643576143
