C1qb 9.50466234516664 0.898657767511462 0.826260272738749
Ttr 9.04737128603868 0.589010883327324 0.316776354853328
Laptm5 8.8254885292482 0.803042434148197 0.791436260745034
Ccl3 8.64991463231314 0.929827195577187 0.875010278610411
Xist 8.48221589352869 0.515247183503258 0.0438292083858103
Ctss 8.39846690411657 0.757671078521022 0.78372939665311
S100a8 8.33478999365838 0.97354167019463 0.962607356941111
Itgb5 8.27823472445628 0.562017181106317 0.832456606116307
Gpr34 8.22794172649003 0.967053978974792 0.949005732697826
Ptprc 8.14095933300642 0.954634483414109 0.92770960708297
C1qc 8.01666849482158 0.913587317609561 0.855364296399817
Ctsc 7.99409235856944 0.528152692246825 0.742271812483732
Vsir 7.90217982777301 0.774137688381652 0.817507082236361
Atf3 7.87901929258432 0.837227549340043 0.830918790269464
Fcgr3 7.84529362249802 0.929206892140946 0.920306466436604
Fcgr1 7.83357579195512 0.940082699793571 0.879459405437473
Socs3 7.78796261171429 0.663808732187579 0.807573837512272
Fermt3 7.62402973867528 0.884272306096061 0.897143260497269
Lcp1 7.5693832637029 0.826440817392152 0.822900146558026
Lcn2 7.50444201410489 0.956717026385107 0.907947148580474
C1qa 7.48858323605274 0.905704278736465 0.851490235657899
Ly86 7.47605733424067 0.917595189021228 0.907463383937587
P2ry12 7.44566397017092 0.910647474449547 0.862550960007451
Lyz1 7.42751778938987 0.831368636905393 0.861531808485832
Cd53 7.42578448594325 0.951761481853155 0.927687961573739
Fcrls 7.41429806203038 0.925568765209708 0.901292070530544
Cfh 7.3676614832634 0.912192877490243 0.782379060974501
Hba-a1|Hba-a2 7.36182309696574 0.824335708745034 0.800086411562127
Ccr5 7.35532637320775 0.966994558093477 0.963788597617164
Tmem119 7.35497617489467 0.922502833316615 0.914694448697459
Hpgd 7.35154787559999 0.837849165790879 0.860824053687096
Evi2a 7.33214134929931 0.386384778448685 0.123793673495937
S100a9 7.30793178924571 0.945229996647377 0.938571078528084
Anxa3 7.26737323972649 0.782841242682741 0.556216844574843
Ptpn6 7.24502284835265 0.957516904917685 0.952348435691146
Ctsh 7.21145911389427 0.889962494800527 0.818054680034741
Srgn 7.21012110306029 0.816998814336636 0.698186670178488
Cx3cr1 7.17627753791592 0.923916383501324 0.875260216921099
Klf2 7.16896951441265 0.82399759713424 0.769883444767211
Rnase4 7.16409907895367 0.8800971330789 0.787632236609444
Icam1 7.14174118372564 0.929032001103201 0.889251240730328
P2ry6 7.12520725203374 0.962794120635727 0.958522990465114
Tgfbr1 7.10904911581852 0.779688778607927 0.855228435158803
Il10ra 7.10690051747017 0.961180203223562 0.968334118320555
Mertk 7.09983313967328 0.509429802330633 0.0261893883636564
Cd68 7.06301034552802 0.893277622867848 0.845746059949494
Bcl2a1b|Bcl2a1d|Bcl2a1a 7.05429401862967 0.936673322779005 0.9298968864865
Fcgr2b 7.05192907913722 0.927538781028428 0.919854728455445
Itgb2 7.04608087981138 0.949621509893162 0.940219873686282
Il6ra 7.02828592360666 0.963318848519713 0.961220629803756
Chil3 6.99842525231433 0.945216701935319 0.922353265318365
Olfml3 6.99133155321673 0.922237293885714 0.849671711698329
Mpeg1 6.94908435980349 0.898387542910192 0.883325020049595
Ms4a6d 6.94451124683226 0.965800685204082 0.965364043877448
Irf8 6.91715788397346 0.941293347520293 0.932074870145629
Klf4 6.91602383833071 0.48898520921325 0.630011299392605
Tyrobp 6.91030331076691 0.918432614136407 0.892467346121742
Plek 6.87323622986671 0.898809026250891 0.914322195521385
Naip5 6.85805993394061 0.941268666173383 0.941263364905578
Nfkbiz 6.80002544083753 0.700197637459717 0.843628959821786
Rgs1 6.79075202672908 0.944674248063063 0.913783032329059
Cd86 6.73561283437716 0.96040168036686 0.955761659608987
Ccl9 6.73096013808787 0.95036666033078 0.928511238037821
Cxcl2 6.707203566349 0.943097151891483 0.887347150467016
Adgre1 6.68369735910514 0.906211489153012 0.909365664581818
Ptgs1 6.67922027971921 0.585761103810106 0.535546514080042
H2-T23|H2-T-ps 6.66280098131277 0.698512071490897 0.650241831164952
Camp 6.62675014621366 0.951857716070756 0.871274717776208
Pld4 6.58831259055138 0.939336569264695 0.946661154057517
Aif1 6.58406995066951 0.913901669934695 0.919586564126207
Syngr2 6.56439880209785 0.468769856698321 0.678839470206685
Vav1 6.54631085367161 0.970326976691344 0.964811037180624
Txnip 6.54117281666447 0.658447489057491 0.53409481607691
Zfp36l1 6.53083220996908 0.302354957306568 0.321053198039929
Havcr2 6.5065306843243 0.968747367085305 0.958200993309105
Cd14 6.4946732806671 0.895779595639461 0.895224222052279
Hck 6.46141156348999 0.929333009487066 0.928713779249944
Zfhx3 6.42190312508035 0.855605381294593 0.864637187550775
Cd83 6.42046825657069 0.833949288798723 0.884330384047685
Fcer1g 6.42039712077337 0.916400180741604 0.927659352004837
Pros1 6.40840438665507 0.79968038067598 0.914612661125001
Cyba 6.38380457110318 0.838435756529621 0.836822420217362
Ngp 6.38240547438569 0.897249625801966 0.881077384237147
Ms4a6b 6.36022959029077 0.959701877757427 0.951539201776222
Slc15a3 6.35036320816764 0.956926610448353 0.934368395362971
Fli1 6.29369654420579 0.924883857654256 0.849337349813926
Selplg 6.27928684460765 0.895696310437919 0.916390716868
Il1a 6.27460292468105 0.945812640451302 0.922074681523627
Naip2 6.25986597947602 0.957734022132144 0.95768471536034
Csf1r 6.25952487913726 0.803794419222877 0.660291347313418
Nrros 6.23218961395682 0.828338105788169 0.792080354658163
Tlr2 6.21476504837619 0.946683594459344 0.945744045274881
Ggta1 6.21226537772603 0.837342422563783 0.742119145974757
Blnk 6.20480683700077 0.85825366762588 0.841524455972735
Tgfbr2 6.17074116570499 0.76974931344526 0.804212838979859
Pycard 6.16430820411038 0.866828691348123 0.8121969501748
Fosb 6.12959426850994 0.7137915010233 0.716245626208222
Tlr7 6.11592999545662 0.938223245555531 0.945831877585623
Pmp22 6.09796735536392 0.214871995422166 0.102555722127942
Ccl12 6.09607242743752 0.963396809895492 0.959481196842038
Pnp2|Pnp 6.07269134631466 0.388428503559265 0.717571443896628
Gusb 6.01730611717966 0.61063733137144 0.783390853831904
Selenop 5.97431295592098 -0.0445431981743516 -0.0216241545472818
Gpr84 5.96159057250638 0.909826949264166 0.923325791747621
Alox5ap 5.96118988813318 0.910054430220644 0.908336363805933
Zfp36 5.95376173608079 0.81054465090093 0.793942399564921
Arap3 5.95293653939911 0.93368389846855 0.922402929706675
Hba-a1|Hba-a2 5.94506526787323 0.74547168814208 0.649753889295238
Cd9 5.9401299725139 0.0621147142318919 -0.198812014371934
Tm6sf1 5.93598981040578 0.484030668043032 0.572619551327092
Edem1 5.92227090299139 0.763047989028532 0.767918324079887
Ccl4 5.91322801662633 0.868597274141511 0.894970980366472
F11r 5.89766327629778 0.920087314120093 0.954229919836641
Lpxn 5.87835536312171 0.936528655623601 0.948329309445866
Pik3cg 5.855680513075 0.966461945192416 0.96035679969246
Lyz1|Lyz2 5.85035943398525 0.890351148139788 0.92381072765626
Ccl6 5.82731249799912 0.93239336839443 0.941508211846826
Fgd2 5.81043059578048 0.936294901493615 0.924591888366743
Egr2 5.79190193641607 0.678747541802083 0.41808589365456
Stab1 5.78427783026783 0.959428325473714 0.949999720804822
Ctla2b 5.78335404191989 0.872362329921316 0.650215500395716
C3ar1 5.78132177650662 0.888024156226338 0.901671173505519
Hk2 5.7803623037921 0.860781984463525 0.867097005396443
H2-Aa 5.77961822831054 0.840646527631413 0.653689086936651
Capn3 5.74914682010344 0.90458615364172 0.887227980992926
Trf 5.7440405850447 0.339464197043711 -0.09037688828102
Ncf4 5.73699251735162 0.961889104448102 0.965990762596429
Fyb 5.72575994038067 0.951469274928875 0.942190799937016
Spata13 5.72573511517328 0.685041246717338 0.842031245266465
Cmtm6 5.72025321679167 0.577218121289994 0.754616626360994
Crybb1 5.70817953963318 0.92029195790391 0.9230993733319
Sparc 5.6974584294567 0.473497446066705 0.571055972762066
Lcp2 5.69019498872508 0.953143680087316 0.958537099789537
Rgs10 5.68395551397873 0.623971794685865 0.797331488177702
Zfp36l2 5.68126943695534 0.316238880754347 -0.0397896095159471
Lair1 5.65868562359105 0.9134571942184 0.893564252231407
Arhgap17 5.61733667499038 0.718820201079702 0.814797078135117
Slc40a1 5.61470192776489 0.890353978641311 0.899347347920266
Akna 5.61435711415271 0.852941287468037 0.910062558306999
Rab20 5.60748169130872 0.879428969999607 0.823035733235841
1700017B05Rik 5.57434514906407 0.872360181465345 0.887736329966601
Dapp1 5.57388043386927 0.749255507177446 0.7316654390012
Tlr1 5.56483527896339 0.943836460057139 0.90289235928589
Ankrd44 5.55897173568849 0.73241649263348 0.774227736142258
Slc11a1 5.54828847529541 0.88952785613003 0.924220988176779
Slc7a7 5.54716997078151 0.927541714614982 0.928345414686273
Inpp5d 5.5443605548731 0.913327659139264 0.930157501860296
Alas2 5.53198179418996 0.932410287764419 0.924253691584636
Rhoh 5.53052951884756 0.926832920348406 0.920541560870316
Ier3 5.5240727218304 0.834523434680941 0.7992457214176
Tgm2 5.5151124998091 0.696106920606768 0.63115622795218
Ncf2 5.49905061343046 0.901873324107129 0.821566928619307
Tgfbi 5.47931026837606 0.721983447133954 0.774506568660179
Tnfrsf1b 5.47778851599431 0.896816196965567 0.929354630958781
Map3k8 5.47287664616575 0.945049004413671 0.944718327523361
Cd48 5.46556757862081 0.954287832295577 0.960123443148988
Adcy7 5.45874815150477 0.696767419641922 0.75253960867942
Nckap1l 5.45653918591338 0.914108097450233 0.918810624846416
Il13ra1 5.44363299204283 0.835360004154768 0.794883691549069
Ctsz 5.44241932769577 0.627594754666873 0.828921071951649
Adap2 5.40768671338912 0.937890155442069 0.919553504544394
Ier2 5.40450554294278 0.766676145959176 0.761337970588246
0610040J01Rik 5.39016496070706 0.541053875635362 0.418756621518981
Nfe2l2 5.37697741382989 0.375141422583152 0.453204696832214
Hfe 5.37119616220988 0.88590260565298 0.864724523938302
Cttnbp2nl 5.36209019676902 0.84601240434587 0.907145746435089
Entpd1 5.36112135110265 0.915628912223335 0.92871377916462
Nfkbia 5.36067955836273 0.573059189919994 0.65908038645551
Ccrl2 5.35458926006759 0.912715016228418 0.89476894373723
Sla 5.33931742496047 0.713531049006572 0.551100157230293
Hbb-bs|Hbb-bt|Hbb-b1|Hbb-b2 5.33175703015906 0.832907993813741 0.702822936030939
Dusp6 5.33136096038406 0.578240224425855 0.595104011435609
Qk 5.31882544574711 -0.12682668838518 -0.0744423450645135
Elk3 5.29863587464668 0.79676045780641 0.777628378042196
Ier5 5.29063019170806 0.586335760207754 0.82809763412526
Junb 5.28564691042921 0.68859140223685 0.710325676330519
Chil4|Chil3 5.28039731399509 0.92724322441364 0.871614908652576
Ugt1a2|Ugt1a9|Ugt1a10|Ugt1a6a|Ugt1a5|Ugt1a6b|Ugt1a1|Ugt1a7c 5.27605359326159 0.773006467129272 0.856600531425976
Adamts1 5.27457988935793 0.605029415555721 0.775484383005765
Cd34 5.24884823466006 0.60992116570092 0.795564771776647
Slc16a6 5.2337336551306 0.821139072016239 0.863859391197132
Clec4a2 5.22800424441827 0.940754626655662 0.939788422621545
Cebpd 5.20896646326601 0.368295536401765 0.45065287968563
Hspa1b 5.20838913827705 0.36197322055214 0.452262978230158
Tob2 5.20333248745789 0.467235905174169 0.632826445276163
Rbm39 5.2007555551008 0.644625094766525 0.628134182694359
Slc29a3 5.19885026529505 0.539116628855777 0.544499143390683
Hba-a1|Hba-a2 5.18873788409016 0.735360351928732 0.64631733596174
Clic1 5.18794887819433 0.789705568900431 0.78064148369362
Tlr4 5.18727857235174 0.903558615476766 0.876037754203253
Stat6 5.17879584938738 0.805726197605102 0.833283447653776
Cysltr1 5.17139448342869 0.943796921223832 0.932745740766637
H2-Q9|H2-Q7|H2-K1 5.16295588904417 0.902381618439623 0.839085208581476
Klf6 5.11703154626387 0.82372021341411 0.801422926851023
Il16 5.11275347569739 0.93051071070633 0.915287336342511
Ltf 5.10918930321697 0.810101781085759 0.752621472053893
Cebpb 5.09179606416796 0.813500700414554 0.861926917952206
Frrs1 5.08219630041462 0.768941693426046 0.863091113981946
Mcl1 5.07992081280109 0.669155632599217 0.844813275571466
Arhgap45 5.07319547845635 0.940140772202179 0.942532303463858
Reep3 5.05211302547367 -0.0402283070589998 -0.118153589258345
Themis2 5.04516321083159 0.94444558262335 0.934216602334326
Itpr2 5.04392372420899 0.31723586218074 0.125444356554589
Il10rb 5.03178552761461 0.792729943032464 0.771732146871189
Ifi30 5.02760613161262 0.88048834779504 0.866539842443334
Trem2 5.02640761375952 0.922876700959178 0.912768465560729
Otulinl 5.02469589972819 0.821023127993433 0.869431829461532
Itga6 5.01467860521207 0.453117509453719 -0.124700103526212
H2-L|H2-D1 5.00267111869504 0.854650895540044 0.767797222031011
Ets1 4.9989116430536 0.781484198215105 0.746706532032549
Abhd15 4.98854605510081 0.911813969680036 0.877001403572972
B2m 4.98809726560428 0.643042172417572 0.544535475827609
Plxdc2 4.98719794285953 0.702955367346971 0.681432637933602
Grn 4.98584860508506 0.780395291300964 0.873399989198547
Btg2 4.97900713834695 0.673813349275641 0.302019874538366
H2-D1|H2-L 4.97736112542546 0.862359282810715 0.75846323307839
Pnp 4.97189485881662 0.375740243169307 0.711749559477843
Tnfaip2 4.96747961386986 0.865205776604817 0.878006962288565
Cd300a 4.96592894201905 0.917928493607068 0.916963848528484
H2-D1|H2-L 4.96000669976175 0.826262182877306 0.713519505520334
Cd37 4.95650401824131 0.85760381166947 0.895193479490015
Clcf1 4.9550408266764 0.955875865969446 0.936458027389983
Lyl1 4.94855945951134 0.937062365074425 0.938769972563844
Pmepa1 4.94618888328919 0.643186347047238 0.646491267814308
Rcsd1 4.93726869226409 0.854992560547676 0.838065262683504
Pald1 4.93722924117724 0.910341771880294 0.901789464046444
H2-D1|H2-L 4.93332680279914 0.786905481571091 0.707796442936603
Pon2 4.92031020462914 0.0474772429698002 0.411878372559407
Casp4 4.90485397203439 0.92935149102342 0.940621512326634
Gas5 4.90383032837482 0.582668655000022 0.579511280860838
Cd300c2 4.9030088752073 0.896079530943754 0.920738878085975
Vamp8 4.88066655872685 0.570900347689304 0.460102102718908
Anxa1 4.87727837975454 0.733516250907004 0.199569385341346
Pon3 4.86602279084296 0.942499456689449 0.92133875979289
Cklf 4.86566946149651 0.543405578449316 0.748925563337602
Hexb 4.8599366083325 0.78660133828996 0.7904495650039
Sash3 4.84865785244926 0.83447333907687 0.85129179962051
Cmtm7 4.84722506941158 0.911686092375617 0.897743655239735
Fes 4.84652977353813 0.936181196181256 0.931599858038054
Casp8 4.8434892824352 0.911754105862357 0.867828339120647
Mavs 4.83795667870497 0.163596219148259 0.32768195016282
Lrrfip1 4.83157420150196 0.745896734890772 0.768638722666259
Kctd12 4.81419715091732 0.488081094863907 0.347433747318668
Pnpla7 4.80864568590516 0.521392193792864 0.453948081481576
Adam17 4.80481687639319 0.347592760818207 0.503749337160444
Tmem123 4.79605882072448 0.108425382217239 -0.14520813890067
Hvcn1 4.78146019828821 0.949689719091176 0.942061047479606
Rrad 4.76802258046504 0.904400510311425 0.86885441043746
Syk 4.75409942492635 0.885647428869231 0.913323239740443
Cyp4v3 4.75080235712053 0.503647211165808 0.610980030295918
Mylip 4.74270933264261 0.794203215534028 0.845228428749095
Klk8 4.73528655418303 0.944400389669392 0.941719303780103
Btg1 4.73102311124262 0.445420518443211 0.679896720160267
Csf2rb2 4.71533705680809 0.939383717385639 0.932246748151153
Klf10 4.7120478734418 0.512172989084986 0.456785011684201
Fam91a1 4.71152076824854 0.583284362788725 0.671667999270199
Msn 4.71043071787458 0.721303256235068 0.803008847870909
Rgs19 4.70956567613054 0.645579270697366 0.625774703356778
Trim47 4.7088672150015 0.876787933971322 0.894617644886988
Tpp2 4.6953451312428 0.806525007478668 0.733933028598939
Unc93b1 4.69409969899852 0.884183381957748 0.874959136918879
Tsc22d3 4.69188602053435 0.660114851969761 0.687236910718014
Prkcd 4.69049553247764 0.707665168836365 0.688708725514112
Igsf6 4.68885933868573 0.959044724055093 0.950248480907027
Lyn 4.68237110414354 0.861818427298235 0.909644388166988
Trim30a 4.68109629710341 0.941051942202468 0.91299778038857
Afp 4.67883224953649 0.950178000804814 0.930557363583417
Golm1 4.67455346842778 0.648237481313756 0.736554849579434
Jun 4.67171413402895 0.49364864097401 0.407492586906477
Mafb 4.66833043739594 0.652797525382561 0.618852089046285
Rassf5 4.66025390045873 0.641726196057921 0.816693414755278
H2-DMa 4.65610527120764 0.860523219666627 0.874547461861052
Arpc1b 4.65168477913126 0.48427871991284 0.11048556736705
Ppp1r15a 4.65145609228906 0.80891790993809 0.769972582969436
Tcn2 4.63900189977985 0.639005650129563 0.817371209963856
Serpine1 4.63880475385674 0.893958025446144 0.914179463804707
Hhex 4.62402552819094 0.915252709239922 0.927249316882709
Spint1 4.62362662001901 0.89946120937066 0.90767964024522
Rreb1 4.61755105412269 0.67654080990333 0.787064077130586
Stk17b 4.60166723097577 0.378775087835341 -0.0309181338982068
Pla2g4a 4.60043825020206 0.578979723455759 0.265679578354155
Cxcl10 4.59743506783737 0.885388410000899 0.69856176833123
Sqor 4.58934018179286 0.648941227193052 0.782891644335599
Tnfaip8 4.58549904756051 0.251861011189039 -0.0687511326400445
Ang 4.58281175940796 0.953497071605632 0.935445635526223
Siglecf 4.5749516372242 0.953801179592006 0.90222039810489
Pla2g15 4.56938495503144 0.827908591195901 0.881187409952625
Snx5 4.56830604953945 0.793541442363408 0.785502187011324
Tlr3 4.56228324439363 0.415790701166445 0.833342645686074
Srsf7 4.55884229009452 0.717927891581825 0.66856877761714
Trim12a 4.55554062561961 0.914341181101283 0.805465644779243
Skap2 4.55387665059821 0.717076178898975 0.770129321353477
Sppl2a 4.55167003122787 0.406865161961752 0.657250592555432
Rps6ka1 4.54247134906819 0.827465279189053 0.84682949472598
Samsn1 4.54143894972888 0.934284959957812 0.931174954899335
Litaf 4.53953291967153 0.341968779281318 0.446164633416549
Abcc3 4.53492308742339 0.902339681408126 0.901292698010748
Birc3 4.53418581224378 0.910382585559517 0.907690736522525
Csf3r 4.52787929669447 0.821775658802772 0.839589421245811
Ifngr1 4.52719545398978 0.840234555675979 0.859010231008067
Lamp2 4.51770442591937 0.113700767600508 0.13123191019055
Il6 4.50543576355914 0.942519645844583 0.870859115857809
H2-K1 4.50459606069848 0.740892735799044 0.571151271462752
Spi1 4.49353272638769 0.927150373338292 0.914316561861161
Elf1 4.48774504142505 0.544754005004491 0.648389017927976
Arrb2 4.48445164056944 0.858886101982511 0.843884449418937
Irf5 4.48261806580524 0.879311561440706 0.903521918067083
Notch2 4.47749237824168 0.358786481773385 -0.0431145382667697
Myh9 4.47136609819988 0.778947526197293 0.80333164470568
Sgpl1 4.46919699393859 0.479148910953989 0.675218489090254
Xlr4b|Xlr4c|Xlr4a 4.46622719482671 0.762162834369252 0.591125813933781
Pttg1ip 4.45823574988614 0.0530837219888772 0.0536159734314513
Cmtm3 4.44968527609362 0.383493006271021 0.359412207355567
H2-Q7|H2-Q9 4.44173844341946 0.817930626426416 0.685826234696513
Rnf19b 4.4404606162203 0.814258422320114 0.72416539214347
Mfng 4.43308749209536 0.911182482588578 0.872766810915248
Tmem173 4.42958939412179 0.814872859058811 0.820880689562866
Tapbp 4.42753568496196 0.663840697012761 0.607679622986832
Scarb2 4.42333610796776 0.262896709344063 0.160543727144091
Sipa1 4.40684630030726 0.877688916788066 0.874741852684122
Ppfia4 4.4029610851869 0.81371784308916 0.885444292402506
Zfx|Zfa-ps 4.40177025552467 0.808019413601167 0.792130918558022
Rin2 4.4000960233821 0.60741203762337 0.6446135270599
Abca1 4.36999749622983 0.427852445778404 0.134537026901349
Lpcat3 4.36509070229176 0.413281358748847 0.370986664449744
Lrmp 4.36434660640643 0.94151460006107 0.940373620470993
Ceacam1|Ceacam2 4.36065229587301 0.921420511932972 0.871167305317215
Lrrk1 4.36045283000888 0.797490158211977 0.425196939181311
Apoe 4.35913125012832 -0.108651567771188 -0.21624011285445
Runx1 4.35495266102065 0.946004734887105 0.893353295215436
Zfp110 4.33975287170706 0.414617209200724 0.649779795192234
Chst7 4.33788821394617 0.674360351164305 0.649251307858187
Galnt4 4.33782712121188 0.377446165856333 -0.0888496445825484
Tmcc3 4.3323701959272 0.708455608324438 0.533104613879965
Rffl 4.32867087106172 0.251595828921783 -0.0514476373775014
Npl 4.32295639244427 0.655987087024314 0.700004523370205
Sat1 4.29316011458787 0.352297949513215 0.00672742670191776
Phyhd1 4.29290466806127 0.772594702210766 0.722017233311674
Ehd4 4.2919153027256 0.772978313615606 0.857131798119799
Pdlim4 4.29179536862061 0.308555033469667 -0.10726267715303
Ccl2 4.29085703087759 0.937101866939012 0.916482200341481
Trim25 4.27881952844074 0.241427552620205 0.118536900086809
Parvg 4.27638883807095 0.892308538133123 0.904548954027236
Serinc3 4.27577027111778 0.873914979056098 0.822849086632032
Tmed5 4.27532359540166 0.443107088907529 0.284702529007432
Tifa 4.27179600207521 0.73775583319189 0.842208727064751
Stxbp3 4.27085263935637 -0.0611399495976568 0.0827979612203232
Stt3a 4.26861331771945 0.453341215697023 0.569207059401557
Sh2b2 4.26697030063762 0.874003227562382 0.83455325094322
Nrp1 4.26506658269529 0.313247292811328 0.158787366997036
Adrb1 4.26380274569198 0.678616759827593 0.685034275640697
Lag3 4.25883610627887 0.884301141863717 0.884786063636952
Lmo2 4.2526403216983 0.559262028150901 0.810244940779367
Plk3 4.24901546460181 0.605629323557011 0.31595241466277
Asph 4.21556266819882 0.476909313782978 0.205598381384253
Rel 4.20530532921433 0.876210099373888 0.864259189795859
Vamp3 4.19370664333654 0.089637727471195 -0.0066814181626329
Cxcl16 4.18969003487626 0.908225325054277 0.786355030466643
Gpsm3 4.18823057464424 0.92412599598133 0.917855307147484
Gem 4.18702710899533 0.528807752870351 -0.0428587386634424
Lgals9 4.18354973817215 0.902382924174251 0.889981176116656
Cd52 4.18016001274276 0.918150670985253 0.897239321529276
Mlxipl 4.17963902213288 0.809773721689006 0.810263329246178
Slc39a8 4.16695177543392 0.723944108018026 0.636250945332891
Ostf1 4.16233455935985 0.355525282968168 0.0640992146630397
Lgmn 4.16128459118212 0.777605998691491 0.75538821184546
Casp1 4.16118589799605 0.905350262314407 0.897254091663707
Arhgap4 4.15699523328102 0.940969270444008 0.924372754827671
Pdgfb 4.14908184571123 0.812045568770171 0.853676729011769
Rnf130 4.14790030978053 0.354238044546566 0.0387590718017491
Plxnb2 4.14721180783631 0.603325086187717 0.702591554700873
Gmip 4.14316122249889 0.891766607294007 0.851103062859323
Itprid2 4.13212665772368 0.298206000124538 0.159678465284474
Scamp2 4.12886227288445 0.621976782802801 0.715696763220685
Myd88 4.12699763413047 0.881302267408916 0.843064351563928
B4galt1 4.12013295008193 0.8326308739663 0.8633158992156
Tspan14 4.11785523541404 0.285376009781086 0.410817272224325
Serpinf1 4.11338053787403 0.515363084431232 0.109418107851125
Tubb6 4.11097337456692 0.86712883334524 0.886688994521942
Mrc1 4.10973774698239 0.905276833736134 0.844282465068191
Ly96 4.1048040820616 0.844075401852354 0.846241301979049
Leprot 4.1010236673261 0.177615581400676 0.237701740065206
Hcls1 4.09544449115168 0.950468316243515 0.929837033835418
Lims1 4.08526644783578 0.455983761363237 0.648840678026141
Il17ra 4.08481754461923 0.716299850744156 0.615956955358616
Ctc1 4.08392559924681 0.897879997636971 0.919838626099398
Uba7 4.07944033428745 0.926312346565488 0.912858148680743
H2-K1|H2-D1 4.07066899565502 0.713108725533575 0.538827231906372
Lilr4b|Lilrb4a 4.06590594948308 0.93241716406906 0.869890159977523
Vrk2 4.06340464258722 0.810498871573601 0.852797321661004
Lrba 4.06337502403164 0.811278617592822 0.878348383596823
Snx18 4.05842686257386 0.602366329470319 0.77287795022491
Slamf9 4.05455745384609 0.805983273521527 0.831879724443507
Ptbp3 4.04385870131944 0.751434690974629 0.777432801346045
Derl2 4.04161522993803 0.120659643464065 0.357992769238701
Hpgds 4.04105127573165 0.914132542569405 0.924466614729588
Pmaip1 4.0384212390688 0.807086868076663 0.576878338752307
Epb41l2 4.02595678442253 0.454021739813226 0.63651975349556
Wipf1 4.02448364584243 0.214272809732147 -0.189837624912386
Elovl1 3.98480667623775 -1.67397375138157e-05 0.269296156409433
Npc2 3.98470569719933 0.115235275660951 0.186939254642915
Mlph 3.98200651988532 0.909588570756683 0.901578451194256
Ptgr1 3.98124640585964 0.601061907320342 0.46862590969428
Adrb2 3.98073763776286 0.957648768976813 0.933688796363331
Cep152 3.97397815906234 0.879198278917902 0.817513234654921
Mcm3 3.97348977168442 0.733012877875243 0.72368498800329
Plcg2 3.97313683081778 0.878647113552396 0.872023597011429
Dhrs3 3.97093880846001 0.485252313751421 0.359202952261275
Ugt1a7c|Ugt1a6a|Ugt1a2|Ugt1a6b|Ugt1a9|Ugt1a5|Ugt1a10|Ugt1a1 3.97040929913155 0.891375718910958 0.9117543876887
Ptpn18 3.96998177097146 0.862688660748914 0.903611348008999
Trim30a|Trim30e-ps1|Trim30d 3.96791978253778 0.866638911514095 0.865158599382529
Tmem140 3.96344403047602 0.869564563736721 0.682436053554308
Cd177 3.96275143940923 0.924566003699832 0.885936417229797
Lgals3 3.94438429443365 0.745503208272416 0.48078304706377
Map4k4 3.92997336645392 0.218104244558279 0.102220641811435
Slc25a37 3.9294138063432 0.779392551805438 0.755797149762966
Coro1a 3.9278026880277 0.493284587598917 0.678631306779883
Cebpa 3.92323739201544 0.87973652605869 0.87501448082935
Sgk1 3.91764886010236 0.319684388657179 0.245624872193521
Rap1b 3.91423464584025 0.403502382029907 0.59861001515951
Gcnt1 3.91248047864082 0.948012256132937 0.904545128758492
Rbl1 3.90805608452703 0.618776424682628 0.441093516327229
Zwint 3.8981815825579 0.54591535625793 0.624977977244282
Pld1 3.89669589741185 0.645286536260878 0.78312303859547
Abcg2 3.8893057083401 0.470511908679378 0.718903841160524
Psmb9 3.88782609724001 0.833371578300489 0.755302549631423
Tec 3.88429257352802 0.838714649519311 0.820757094366843
Tor4a 3.87839541504921 0.837887890419591 0.853479901834411
Tcirg1 3.87830090804944 0.72697190058965 0.753210413303783
Ceacam2|Ceacam1 3.8765089218041 0.885157287648835 0.854413328593084
Fcrl1 3.86500636972114 0.927056062775497 0.93387438052139
Rrbp1 3.85923330644348 0.519721424935979 0.613184915400422
Naalad2 3.85607215673331 0.888384359953856 0.868949345082467
Tgif1 3.84716040232789 0.924130536601527 0.897452911615861
Gna13 3.84632794296664 0.20998558231312 0.365976995374097
Il7r 3.84590718933235 0.871034391239096 0.883000457441445
Fam111a 3.83944629056465 0.823304439083182 0.699300212943908
Snap23 3.83711290894119 0.110438975114658 -0.191035716606133
Rp2 3.8220887136502 0.859447186003519 0.820370686261358
Sult1a1 3.81590631184061 0.494463031888479 0.148317382320863
Sh3glb1 3.81472077525106 0.639368073050617 0.800871318416691
Zfx|Zfa-ps 3.81383425209838 0.832068109865276 0.820493938231458
Dusp1 3.81306844606271 0.571958584121476 0.349844153941768
Sertad1 3.80828221894147 0.706813351485517 0.830047808929076
D17H6S56E-5 3.80580234257829 0.939036997922353 0.888621491285905
H2-M3 3.80376530625043 0.675233827656262 0.854356866635636
Arhgap9 3.80331171532444 0.895288763192331 0.839507795791895
Parp14 3.80267334671761 0.874523391676567 0.814696809414452
Clec7a 3.80158253389393 0.830884404712754 0.82097752897961
Pag1 3.79958874409352 0.560061432815635 0.830757448823823
Atp7a 3.79927783874142 0.709639534457058 0.791527745787337
Calcrl 3.79624301878695 0.496526348904127 0.090445464157904
Slc9a3r1 3.78459588006616 0.0646765177797126 -0.0154722026617556
Jmjd1c 3.78194443449971 0.754993380221671 0.759223250556792
Pdk1 3.77905884886327 0.479857388818993 0.716788326512934
Vasp 3.77679345935997 0.854261098945664 0.879980192537098
Sesn1 3.77511245493794 0.51492678493167 0.62415377074946
Daglb 3.77487149667194 0.802766952188141 0.837348992405319
Parp12 3.77439488428536 0.409335758350001 0.423930618896923
Plekho1 3.77282159404857 0.781516821823332 0.788235215860598
Tax1bp3 3.77083419059143 0.125063691383285 0.200794934084161
Slc15a4 3.76889760777189 0.65380780337911 0.688582923841821
Rgs2 3.76677633941653 0.55804691134412 0.544274277782814
Pygl 3.76110163470792 0.590584004503821 0.274371462721545
Cflar 3.76074357252069 0.521346390311664 0.619827847499305
Frmd4b 3.76052365242405 0.328052848324808 0.529871924735643
Gna15 3.75733202051012 0.911362672842418 0.892318454772874
Dock8 3.7504179417424 0.919832667450739 0.902949102099923
Parp9 3.73485865441326 0.817020127830022 0.828615184502807
Tmem179b 3.73440100065468 0.448787222618129 0.665025782181551
Osbpl11 3.73133760459633 0.646704296560383 0.675645319396685
Trpv2 3.73093317291446 0.72321411743216 0.780445930693678
Man1a 3.7263859759977 0.369407870887469 0.248470045884262
Ccnl1 3.72515646338791 0.662003395395495 0.758278314683768
Pnrc1 3.72457889948255 0.588270385547933 0.612267172782826
Herpud1 3.72383244778623 0.859079358374648 0.908403378113825
Bach1 3.71711656248142 0.65163342802443 0.785965897398159
Btk 3.71685727637239 0.880538379197873 0.886356452173462
Tbxas1 3.71682683927031 0.902065344546147 0.879936905457404
Hspa1a 3.71584498548627 0.660583471650288 0.583085555598923
Resf1 3.70365946043649 0.710070967572148 0.772822309974476
Gbp3 3.70010897867038 0.507213372331073 0.197688377819953
Erap1 3.69575682284201 0.695825360403624 0.633822422530596
Prkd3 3.6893597075772 -0.0122258878730431 -0.155128712744896
Tnf 3.68856870684669 0.843561070761081 0.865126284423679
Rela 3.68837363100981 0.701781638021763 0.691315995201326
Ncf1 3.68695238075238 0.929537263846354 0.920041369139973
Cd302 3.68209383859586 0.199955613541217 0.234022298859599
Crlf3 3.6773684385251 0.46500663183716 0.578365291512316
Tcim 3.67109948585838 0.519379086467508 0.245549962192037
Ripk1 3.66986011670934 0.79067666629084 0.838147934214828
Hps3 3.66956851117671 0.870632441381897 0.840966514783001
Clec4b1|Clec4a2 3.66952579428298 0.942707023351369 0.927183710969544
Ebf3 3.66537518751614 0.935152658006954 0.938620133831952
Grk2 3.66402162530594 0.794880692108381 0.838393589700878
Ebi3 3.66198435979603 0.843815161164494 0.833870217216854
Pbxip1 3.65665620223834 0.437295670222516 0.720814282442406
Tspo 3.64697774054086 0.571515603349293 0.32060187957097
Glipr1 3.64442846304607 0.873536185967206 0.861777455840128
Arsg 3.64312412944496 0.382473338123562 -0.13454317901363
Atf1 3.64137535027466 0.418574589563135 0.609642156553154
Samhd1 3.63857993283619 0.820919178109705 0.725833438877533
Vwa5a 3.63743188223224 0.575167048903047 0.682523105789763
Slc16a7 3.63617541564231 0.523478507234328 0.627316656311843
Ftl1|Mir692-2|Mir692-3 3.63588679584244 0.604258344864824 0.386635058772273
Dnajb1 3.63582883043931 0.856170750697825 0.845550799717209
Ifi35 3.63382469792028 0.82800767817937 0.761075228332446
Man2b1 3.63219672062946 0.754725720011741 0.677482272613863
Slc2a5 3.62375442789355 0.80217285500926 0.818868333621002
Gcnt2 3.62287813287486 0.586990572228025 0.22074242417877
Tor1aip1 3.61846625027083 0.696142884931532 0.785906807057124
Ccdc86 3.61787245324492 0.56476067370756 0.722378338746283
Rhog 3.61622551092214 0.317116425608222 -0.0956691681287438
Tmem168 3.60487536213715 0.38799469403221 0.287647594978816
Cks2 3.60306857331877 0.492235493704489 0.126543943405615
Mlxip 3.59161480272003 0.869341653492961 0.829245551665253
Ptger3 3.59061321924191 0.669386541497506 0.0866819366705557
Nfatc3 3.58774085673356 0.383743234715716 0.565386708911002
Cd79b 3.58688120627543 0.926701691488839 0.902792662395606
Slc46a1 3.58295907754325 0.530226374870009 0.560205739892461
Maff 3.58107616881704 0.797076174577319 0.743797013341992
Plxdc1 3.57903684850079 0.600765763173758 0.608059368063146
Il4ra 3.57801167410356 0.924592713796947 0.910882838316037
Dock2 3.57292936049319 0.874903459277761 0.894707472664852
Myo1g 3.57257402276238 0.802435108117137 0.745884823456093
Cr1l 3.56356113980559 0.568650831193365 0.702508530829015
Per1 3.56272828628395 0.734524419271575 0.778482498491602
Tgfa 3.55402180199088 0.15267543138057 0.460669098806915
Gimap6 3.53798952911194 0.85922148135542 0.760562472895783
H2-Oa 3.53523209842126 0.914983487505162 0.910055948677444
Tbpl1 3.52723223890865 0.813614637004623 0.871164434490823
Ptbp1 3.52601855379486 0.594826324550252 0.514292176793496
Gab1 3.51980575180168 -0.0622861081815682 -0.130425239108194
Rcan1 3.51856149837693 0.799743156785958 0.783724936844556
Tmem63a 3.51192573348462 0.399390261965154 -0.0975183256489013
Twf2 3.51178227431936 0.599627406718925 0.532779964003674
Tial1 3.50969952375957 0.400276985009953 0.351887511308886
Naglu 3.50601179717308 0.781926294355405 0.814074881687475
Snx20 3.50456780750293 0.935534891931707 0.936078328207975
Dok1 3.50040277197063 0.833379275404805 0.879845399696476
Cd2ap 3.50005293636843 0.652897272100288 0.693218984781947
Slc37a2 3.48557195746135 0.863214182919046 0.870871332826267
Snord22 3.48277680941679 0.703340423578366 0.747652135155631
Cables1 3.48220876738879 0.522630129771143 0.570082140732402
Tpst2 3.48069696144505 0.73514860914543 0.814376567990135
Nmi 3.47955009388412 0.430715930557565 0.596590370348943
Arhgdib 3.47792387753138 0.722847047125678 0.767055217129067
Pfkfb3 3.4741620618045 0.490769810452711 0.701704211918181
Rbm26 3.46734312093954 0.683214042814003 0.670076666145012
Srgap2 3.46626752701153 0.820569138138013 0.854259129848326
Ifih1 3.45310263127727 0.629202952314285 0.706495043247053
Sall3 3.45088058567186 0.596619255068281 0.44769549997939
Ugt1a7c|Ugt1a10|Ugt1a2|Ugt1a6b|Ugt1a9|Ugt1a1|Ugt1a5|Ugt1a6a 3.45046242666635 0.743817275851859 0.670144410937881
Fam107b 3.44282740693674 -0.00415716903726246 -0.100554427397097
Cd33 3.43587338349589 0.851652280886085 0.848129808047882
Ifitm6 3.42232336441539 0.904981158174064 0.816494199054665
Hps4 3.42120236017798 0.764392307578221 0.757692064328705
Ucp2 3.41250246664468 0.858482657600442 0.806082893738655
Pxn 3.41155622383061 0.530178430170418 0.730670339825133
Ivns1abp 3.3999479279574 0.638555159792232 0.690443015349699
Morc3 3.39929427870695 0.628751803094143 0.590546789265817
St3gal6 3.39797280725287 0.265130279732266 0.249972238760731
Tpp1 3.39223101052336 0.339742654804071 -0.0824802340412958
Fmnl3 3.38327210405735 0.880955302148488 0.881955950156956
Fkbp7 3.38308926242101 0.598956745717554 0.512864923217022
Rnasel 3.37479237864775 0.721937228780568 0.730248771448737
Zfp90 3.37423023042002 0.836788848560926 0.81163213137682
Psmb8 3.37094152249606 0.816953788521748 0.808213207204607
Cln5 3.3652409350609 0.602336529299307 0.780935626720386
Rnaset2a|Rnaset2b 3.36045077856397 0.57701965181241 0.702404788036837
Gbp7 3.35207373685802 0.54380139660688 0.318783171697342
Tgif2 3.35055740902745 0.918254059744883 0.914964458573054
Rab3il1 3.3494191440846 0.817679808153216 0.812442287912564
Cdkn1a 3.34371453237454 0.676993251987889 0.628363727710872
Mthfsl|Mthfs 3.34370700614121 0.398296386009022 0.599037647272875
Rhob 3.33970574881152 0.51829386274678 0.672071383707052
Stard8 3.33901745968987 0.354054979217293 0.0592476810424324
Ltc4s 3.33567215493258 0.84019309855725 0.851035887156215
Glul 3.3253649870163 0.0596524077023948 0.483954526692674
Cln3 3.32492554665765 0.440716957380171 0.549921350237961
Usp24 3.29099255772833 0.47686400614733 0.622261158994516
Smagp 3.28542284767208 0.872905289630094 0.839263197425589
Ceacam1|Ceacam2 3.28078874671347 0.922952963399371 0.854546007478846
BC028528 3.25697093794102 0.688440261445771 0.296661843788185
Hp 3.25637377084427 0.865890626036589 0.674689355260133
AW112010 3.24935385802947 0.874154490281821 0.894728638783376
H2-Ab1 3.24552471633962 0.751391316219593 0.639214100328447
Cytip 3.23134292255971 0.803462273781089 0.722608789559203
Clec5a 3.23066028838423 0.868388821563608 0.824096700605805
Rnf135 3.2290006885954 0.524060925408786 0.540345324821062
Gmfg 3.22844857050115 0.867280254839064 0.871157297350848
Tap1 3.21618992828396 0.815122095921008 0.724211993986736
Mmp2 3.19013487854559 0.508951554594977 0.690780587454023
Traf5 3.18883158599099 0.86459775954883 0.878777841850177
Rasa4 3.17434506190235 0.855712443738521 0.884780250376785
Tgfb1 3.1523440654337 0.890505764532498 0.809256278084705
Zfp62 3.1167845103697 0.500947540991343 0.588397958699848
Calhm2 3.09857743823824 0.844597136615995 0.806694172441017
Tmc6 3.09832420250854 0.824082700392657 0.760202015860069
Myo1b 3.09517197676728 0.698236451146928 0.653281629390006
Nfkbie 3.07247341132309 0.805143391024846 0.709695613664964
Mrc2 3.06186585289295 0.861561643443307 0.733710569616423
Irgm2 3.06000117624267 0.691995119602341 0.41779267312062
Casp7 3.05937087683122 0.447980795096145 0.0390400474179801
Irf9 3.05645800423328 0.82056424918115 0.792342799295709
Batf3 3.0295903170833 0.876445082011097 0.90042062460075
Socs6 3.0231095069926 0.541053549704659 0.552431256749709
Nfam1 3.00806103180391 0.892477056383297 0.891368981129459
Ifitm3 3.0057537765467 0.297367167812213 -0.118774610174719
Pf4 2.97902807291118 0.878841847168384 0.831374580265833
Il1b 2.97420760063642 0.860319829726487 0.882089732064164
2510039O18Rik 2.9700138254137 0.517953198822727 0.509716543266307
Tlr6 2.96050452094908 0.829664329237382 0.814454308742572
Trim34a 2.95992574465734 0.797315814387705 0.683217445325645
Rbm5 2.93783160310391 0.358669779565431 0.170286101582299
Tfpi 2.93339218608287 0.709327614186159 0.301240534440121
Was 2.92002601861692 0.827896543770544 0.836632600402918
Relb 2.90517247851825 0.782670428723034 0.796853164655945
Pias1 2.89210876784863 0.512263328633466 0.557529730837585
Isg20 2.87656594233479 0.888779911845989 0.848456906798345
Hspb1 2.82397945824032 0.452850550364983 -0.0646727555417843
Ehbp1l1 2.77883495876519 0.471271134360659 -0.136152724550402
Hlx 2.74390863675386 0.840076666787878 0.842803128335633
Parp10 2.74303936476426 0.799718846125593 0.702984525263557
Emp3 2.73757036111468 0.717792307713915 0.238032775520268
Smpdl3b 2.73755754919013 0.640749708199906 0.779971651402761
Rgl1 2.64190209822113 0.596645786401436 0.417855943136978
Zbtb44 2.57629893816105 0.518444634812668 0.686369971124308
Gpr137b-ps|Gpr137b 2.57316395770938 0.410708695758126 0.185357464488346
Srpk3 2.56221217677561 0.576019673694465 0.304828228240171
Parp8 2.56156790251803 0.365527951465373 0.415526260027035
Gdi2 2.55785050416183 0.333738847401871 0.341486755246855
Sh3tc1 2.55593895638111 0.816592800338937 0.828336302822984
Sft2d2 2.54209932108416 0.335340671067095 0.176036726495517
Map3k1 2.50266308586313 0.687229918812132 0.533624925019659
Tnfsf13b 2.46494554095944 0.711332061129186 0.75979575146074
Bicd2 2.46162343417333 0.159552794224831 -0.0815026172651759
Stk26 2.43436722310197 0.360946304770861 0.0976921432975964
Il21r 2.41318202013017 0.927402462549994 0.91827684054802
Mpo 2.38135259542709 0.649398120483527 0.194220221744309
Zfpm1 2.36432894157778 0.389444877844967 0.183563764094728
Tmod3 2.32223301073422 0.0345240229279149 0.0553680151938466
Chd7 2.16013883472996 0.5219472378642 0.500157122306712
Ceacam2|Ceacam1 2.15260667748534 0.849900089237873 0.84893158293018
