Olig1 8.8051127742765 0.506876818541994 0.773403160142552
Plp1 8.1846873229139 0.583149727763089 0.689356829006127
Mal 7.76183215190017 0.800551496975058 0.813084354869988
Mobp 7.53209728560526 0.814429027744849 0.811858637159284
Mbp 7.32496685222227 0.660561118518609 0.744569989788775
Mog 7.2670984280658 0.884817594048074 0.804255562964625
Ppp1r14a 7.20407039886116 0.883901993208949 0.84040279163586
Ugt8a 7.05986916842567 0.775152007680262 0.781371058315536
Gpr37 6.85636499527654 0.559020055275249 0.339781304561819
Cldn11 6.7577384885365 0.808661889993198 0.695438929169497
Fabp7 6.3903291455493 0.343964774316326 0.177649719014433
Ndrg1 6.23952900122994 0.644251465387126 0.607688765120329
Plekhb1 6.10392524506824 0.44647580489876 0.544142483318154
Olig2 6.0679500551057 0.696230428326952 0.698661462896173
S100b 6.03214313718021 0.317983824030487 0.122987472536489
S1pr5 6.02051256688265 0.849074871587717 0.796018027831203
Efhd1 6.01617339884103 0.520015415047646 0.38748675074385
Evi2a 5.95990358568192 0.682410111264105 0.123793673495937
Gsn 5.86911778357922 0.625538129342786 0.666851360972835
Aspa 5.8338888677138 0.694387874379124 0.672308569589603
Pdlim2 5.6842517523747 0.771093757788816 0.712793894355154
Cd9 5.63984407880555 0.393120506324987 -0.198812014371934
Tspan2 5.60067740763324 0.794366241756582 0.835477004125392
Trf 5.55655493871309 0.691759435511293 -0.09037688828102
Gja1 5.51808812359834 0.182836351583801 0.0998822621977501
Cryab 5.5108445131582 0.467843334013794 0.796917239941805
Qk 5.45053279512995 0.262085274574256 -0.0125143765704588
Ptgds 5.43653929747349 0.523684340289515 0.147572452999623
Elovl1 5.39842415358429 0.500310317602696 0.269296156409433
Timp4 5.31624781825282 0.322449955426503 0.324236408148064
Ddc 5.26322609084672 0.799330719664811 0.671431197243525
Grb14 5.24192894529196 0.680953521337527 0.829926296232616
Psat1 5.20481091316641 0.344110677062974 0.0998992642256209
Gpm6b 5.16449251161827 0.383522309911525 0.327706582400241
Trim59 5.1453028953213 0.787626251942299 0.763070192536091
Reep3 5.10564891740861 0.294094105430971 -0.118153589258345
Kcnj10 5.04764714742516 0.463039731948138 0.460499408511415
Itih3 4.99255405095485 0.468440976145944 0.183021296056439
Tmbim1 4.9269031872271 0.356742055907499 -0.0109066754384885
Slc44a1 4.91262541518627 0.770743126830192 0.821768590422807
Slain1 4.90072367356514 0.74588523682147 0.751197750585853
Selenop 4.87859075087942 0.214101310661107 0.400457360145401
Pou3f1 4.87829688953935 0.666054326789209 0.356241525584473
Anln 4.8711708555562 0.802251474955365 0.704601929969901
Stxbp3 4.85057618410868 0.331426525142224 -0.0631832247857387
Gltp 4.79609436842278 0.716250177469495 0.834556957417851
Rffl 4.74116769971021 0.683227296549267 -0.0514476373775014
Gatm 4.70245180150621 0.569852296830124 0.627408804196056
Gab1 4.68588187382045 0.433313911564162 0.415327320881204
Mag 4.62496982483563 0.819792393761478 0.542380204506206
Lrrn1 4.54886972599759 0.624224330304915 0.686861312885095
Bcan 4.53893385336259 0.308200167587684 0.704362198118831
Tgfa 4.53709843958361 0.65922371472405 0.71619901553243
Scrg1 4.52040441308083 0.357602075149338 0.112704087755725
Nkx2-2 4.46319223068976 0.748571758610467 0.628247461664321
Gamt 4.46284114625861 0.781910243182824 0.725521674359548
Pla2g16 4.43986074324104 0.555789615327057 0.554792221022789
Tmem163 4.43400574487453 0.749993125285848 0.549459294108631
Tppp3 4.41109446497407 0.62565177099905 0.490867022915894
Mmd2 4.40830595845668 0.255080015381359 0.520948834756598
Nkx6-2 4.39367165495873 0.853982938220224 0.738807573215971
Car2 4.36520848526528 0.363068788827181 0.00128426818812924
S100a6 4.35309511745824 0.38487582543906 0.285058738959458
Lpar1 4.32551322077809 0.81874763672909 0.748754140289471
Fa2h 4.3089754293239 0.757825167804256 0.634166101383144
Sox10 4.2970137461546 0.819412616960712 0.81945681226584
S100a16 4.28253156938347 0.489377487879697 0.145495965397372
S100a1 4.28225434155634 0.385771181205881 0.0427421537797832
Cers2 4.25785908008723 0.558060143641779 0.3570333720753
Carhsp1 4.20359461608064 0.592573836121782 0.58529766356601
Il33 4.17206370252933 0.224109640598244 0.108817894612257
Hist1h2bc 4.16264927629085 0.251189148955152 0.280744583472414
Ddr1 4.14718071642257 0.427600423037583 0.320805049108445
Josd2 4.1460936877484 0.827570712860283 0.795975481068529
Ptn 4.14177535131839 0.210489413943064 0.11003966012837
Elovl7 4.13684766077997 0.786799197048897 0.62536864721629
Gal3st1 4.13490343680966 0.786111976888102 0.731114464105222
Apod 4.10144634589177 0.631664771211373 0.378086909104872
Pllp 4.1002515653647 0.80620881551041 0.709284113815296
Plpp3 4.0757544964081 0.303431245503215 0.534608506216949
Clic4 4.04423352522601 0.34920009013554 0.456458839353587
Asrgl1 3.99113681384948 0.390678587941791 0.290279942573485
Tmem98 3.98388064407247 0.743871910182554 0.679720679822789
Rhpn2 3.94432151127956 0.398845645406222 0.259723634285074
Apoe 3.92470622129583 0.133439843763822 -0.21624011285445
Adamts4 3.90004831784525 0.776102612487405 0.556612846492619
Brca1 3.88412107177094 0.61298687337521 0.413117197003879
Wipf1 3.86893059429469 0.580705660883383 -0.189837624912386
Lims2 3.84957087204286 0.852805829826764 0.709888116611999
Vamp3 3.84087039643104 0.395165593036245 -0.0066814181626329
Gng11 3.83184534667854 0.694369618083333 0.481881412084342
Gpr37l1 3.82592087538004 0.397891373756793 0.722513046474946
Thbs3 3.82391981041338 0.680511274578383 0.49757457888979
Gng12 3.82115640969963 0.271527334978012 -0.00783775289348381
Acot1 3.81000695696038 0.374010847694095 -0.0615653343210839
Abhd4 3.80533758611036 0.422508423452247 0.364859760672932
Sspn 3.79528815859095 0.409681030323959 -0.0360584217927719
Sh3d19 3.79009073097185 0.51537684637796 0.193403534355372
Rhou 3.78684100488554 0.378381692739829 0.329928094214823
Adssl1 3.77973549391417 0.350499183236748 0.364461152969589
Plekhh1 3.77307443513475 0.824939067099157 0.585520007190142
Tm7sf3 3.76818051194978 0.413269133043562 0.0410248052192741
Fermt2 3.7490874206836 0.347100116372779 0.746693975065725
Idi1 3.73793294899756 0.220620449101681 0.0110287271495652
Cnp 3.73492590731305 0.44295466301714 0.747097947682463
Pmp22 3.72702981485573 0.236463702605544 0.420521998057667
Rab31 3.72251315544782 0.355564454824297 0.237256674681233
Dbi 3.70566427432371 0.452936996228807 0.10522868252618
Litaf 3.68877320856092 0.630759138871533 0.446164633416549
Piga 3.68836527222549 0.626438051253678 0.57172630725272
Scd1 3.65587985413581 0.383710516095357 0.364739874341661
Pcp4 3.64396527216631 0.0953195639389689 -0.0213957820984631
Rhog 3.55397527566558 0.67561659640085 -0.0956691681287438
Phldb1 3.54845982716176 0.812699301800734 0.749033371526135
Tyro3 3.51543633445552 0.313055444758074 0.0424122312406009
Tnfaip6 3.51433702842762 0.714741814579601 0.443553559514261
Kctd4 3.50772250720306 0.685016458657189 0.496208908064382
Sept4 3.50178406323791 0.512890500253058 0.579080260864718
Tesk2 3.50160725587863 0.476747133840713 0.349970256834316
Prkd3 3.48931229436599 0.296921311495307 -0.155128712744896
Sept8 3.48176248721041 0.293078592759983 0.198092837555834
Nras 3.46727054699731 0.347108028518963 0.309101662929153
Jam3 3.46427322262688 0.661245635411951 0.514645888928842
Leprot 3.45351230108795 0.408183116888633 0.237701740065206
Enpp2 3.40398834463721 0.441840823805294 0.0619967864239357
Sgk2 3.35917230859554 0.727110141599889 0.496992934054749
Cdc42ep1 3.35026857311737 0.657614200863949 0.489913431552343
Hapln2 3.34092507293095 0.802920686333652 0.454158066719716
Ninj2 3.33896634689667 0.839159321562988 0.727475990182794
Pdgfra 3.28838578127706 0.505672348618235 0.118634010777737
Foxn2 3.20404163943008 0.239427713768584 -0.00692112726457704
Fam102a 3.16191614330216 0.548407870568029 0.391742649174373
Csrp1 3.14100987781628 0.459457466532031 -0.0255311066201
Gjb1 3.01979593027094 0.766722138086979 0.500150024272778
Myo1d 3.01346745155378 0.741834465382103 0.416811403646006
Abhd5 3.00614715957453 0.56757503310793 0.585602203928113
Kazn 2.82733152201912 0.838784221031607 0.815975145682997
E2f5 2.81190130579968 0.273014681670204 -0.054091764418527
Ezh2 2.6959711814007 0.385394922294432 0.12639536082665
Ick 2.66283792274283 0.747608868724504 0.720416667584236
Card19 2.64567430799353 0.643980311967253 0.0556317142881806
Cpox 2.57252462711939 0.734994049734482 0.684540768399231
Ptp4a1 2.48877492639478 0.378098146441056 -0.0881388465740204
Pex5l 2.21809925449277 0.603738358005715 0.304343081556446
Brdt 2.13286022479179 0.518324832914326 0.265248208774291
Mtmr2 2.09544611170606 0.515723775899532 0.565048233006987
