Crym 6.35188986468386 0.551699837449793 0.318511225366268
Neurod6 6.22219419982186 0.754955274096356 0.584176472571574
Pcp4 6.11312594292843 0.420753837620634 0.424893151607105
Pde1a 5.13032714913487 0.469496104007183 0.205530350412953
Nptx1 5.00635570030344 0.467618251875549 0.280803995894977
Itpka 4.96208571917522 0.682114071797698 0.625412896018634
Ccn3 4.80042395598873 0.407914804173468 -0.0357900196365452
Cxcl12 4.63812670351332 0.832248320402847 0.689247143449178
Arpp21 4.55827670731891 0.531313581211904 0.591047861121719
Rprm 4.53405866132398 0.51747383424499 0.120362690131258
Cadps2 4.5156466245931 0.334870905871513 0.603398253692122
Rgs4 4.47130136287779 0.499194444097983 0.468560080488263
Satb2 4.40311152015895 0.748432063170773 0.570218194646044
Kalrn 4.32576884828052 0.465338115044659 0.401841433720104
Lamp5 4.30164330259946 0.278814540082706 0.0768544864136468
Fezf2 4.2548944704915 0.537453719774794 0.301449002137456
Nefl 4.13686861239956 0.118754633788318 0.413434934772017
Gap43 3.99121465789219 0.325992947471871 -0.0886684049499408
Snca 3.93162503756117 0.401433924908083 -0.100575619782944
Krt12 3.8829308863371 0.494983914066115 0.356023345438329
Ngef 3.79000410278764 0.218292958933963 0.00795318992933691
Caln1 3.78543237969232 0.366789476881435 0.538477859174187
Nefm 3.74504649637354 0.243047138427752 0.135966382011991
Rasl10a 3.72865246615871 0.659164534752904 0.49151586510003
Baiap2 3.6818314632124 0.675506250502372 0.611121930714968
Ptk2b 3.64267507528328 0.529946293482477 0.491689895052185
Rasl11b 3.60698611859271 0.484453754535718 0.589129956132106
Ptgds 3.56837864933766 0.253475674027899 0.0632682677832405
Rab40b 3.56205807061683 0.427361273380076 0.150073712982611
Dusp14 3.48697125138518 0.645310180962829 0.53865101683629
Rai14 3.4286403336874 0.663094725416618 0.57558691498167
Myl4 3.41604296324254 0.786238812177164 0.697013457102493
Tiam2 3.39062440553792 0.53662617251359 0.465495948037767
Lmo7 3.16125921858607 0.503983057809852 0.553116978868148
Tnnc1 3.07937840080495 0.662633844946038 0.22851954500321
Cnih3 2.96155356006346 0.347481898700738 0.137582226009606
Ccn2 2.88873942180606 0.383165446721927 0.0868691000587763
Cmbl 2.79705988843023 0.273589722953536 0.0615633947106737
Igfbp6 2.79230392717293 0.674306721390056 0.505998240628796
Grp 2.61356806219548 0.52055498842731 0.21042666796369
Kcnip4 2.58752325005547 0.308825689897579 0.173114118662029
Prkag2 2.21040655442117 0.28877078186527 0.157363561030461
