C1qb 9.45098054815363 0.749722564711837 0.826260272738749
Ccl3 8.5888572174368 0.911557058647753 0.875010278610411
Laptm5 8.54004137129852 0.683107577746915 0.791436260745034
Socs3 8.51713217975243 0.618990176205052 0.807573837512272
S100a8 8.35544267549584 0.976313409962434 0.964700960353774
Ctss 8.12901799570921 0.696825114570456 0.78372939665311
Gpr34 8.02168669083625 0.955480077847873 0.949005732697826
Atf3 7.82816042474665 0.782202953980882 0.830918790269464
Ptprc 7.81751048129062 0.923320622561883 0.849328038627232
C1qc 7.77834894506329 0.87913235421787 0.855364296399817
Rnase4 7.68102203315997 0.913159450585473 0.893119925283091
Fermt3 7.65136970302243 0.877188052435234 0.897143260497269
Fcgr3 7.6334726449433 0.925759993513048 0.920306466436604
Fcgr1 7.62791177655722 0.916999950171683 0.879459405437473
Vsir 7.55719701905798 0.719803147432214 0.817507082236361
Lcp1 7.53470138260796 0.77667678272507 0.822900146558026
Lcn2 7.51137604370557 0.944960335078573 0.907947148580474
Evi2a 7.50211151940576 0.150359881758588 0.123793673495937
Lyz1 7.49537148591595 0.871683314257658 0.879523082964344
Tmem119 7.41786327116318 0.906386289479518 0.914694448697459
P2ry12 7.37135105042596 0.889216679534323 0.862550960007451
Klf2 7.30264802309691 0.819113613011583 0.769883444767211
Ccr5 7.3012135575043 0.957952441280179 0.963788597617164
Klf4 7.28376856177282 0.411939625977241 0.630011299392605
Fcrls 7.28227712936006 0.903590074486933 0.901292070530544
Cfh 7.26874885699619 0.956959057075707 0.954176002950539
Hpgd 7.24621870981464 0.859825256349698 0.902381875546933
S100a9 7.23572598357571 0.941158403087379 0.919148238707795
Ptpn6 7.1994553601961 0.968817490308068 0.970284061036322
Itgb2 7.18324356881597 0.951146648930623 0.940219873686282
Cd53 7.17978494196532 0.943270929414881 0.927687961573739
Anxa3 7.17611941951005 0.919701584819932 0.91864696667275
Chil3 7.15874929598646 0.946721739363259 0.89072160984618
Ctsh 7.14346384317297 0.928328864236193 0.921969990290907
Il10ra 7.12914603017248 0.961070424480107 0.967670099993092
Cx3cr1 7.1285167954482 0.897420828985075 0.875260216921099
Cd68 7.12354996278524 0.905646569898786 0.909208520891219
Il6ra 7.06275045799861 0.944767755864029 0.959068433697662
Ly86 7.05892826082363 0.870071054717486 0.907463383937587
P2ry6 7.0278972846671 0.951265802306969 0.958522990465114
Olfml3 7.01929530935358 0.945626449168605 0.955898517688704
Pnp2|Pnp 7.00127861882166 0.253687540184341 0.717571443896628
Xist 6.99811132627091 0.110926435068163 0.0438292083858103
Irf8 6.99317030120809 0.936788941564512 0.932074870145629
Naip5 6.9676898040291 0.966464296991675 0.974694269497003
Srgn 6.94378926068366 0.885623566690413 0.878047278847563
Icam1 6.93276478631022 0.911596853509606 0.889251240730328
Ms4a6d 6.92470143211 0.964095494258535 0.965364043877448
C1qa 6.91667774150869 0.865725314988824 0.851490235657899
Hba-a1|Hba-a2 6.87421573386227 0.80091832695182 0.800086411562127
Mpeg1 6.83521540624368 0.892097415968822 0.883325020049595
Ptgs1 6.81519762187353 0.620981978260564 0.535546514080042
Cxcl2 6.77889809727593 0.922361368826955 0.887347150467016
Bcl2a1b|Bcl2a1d|Bcl2a1a 6.77869329139913 0.926444134427698 0.9298968864865
Ngp 6.77682777919675 0.905354718995511 0.914097952986915
Ccl9 6.77549525820321 0.943353083060332 0.928511238037821
Fcgr2b 6.74390255378082 0.925749426558082 0.919854728455445
Plek 6.70822273177442 0.91036077892998 0.914322195521385
Adgre1 6.70653513686869 0.916801626689315 0.909365664581818
Adcy7 6.7057507804709 0.889093633805715 0.922209528742106
Nfkbiz 6.70328552477656 0.674276842271259 0.869118393769463
Hck 6.67950467265552 0.926405637650138 0.936269201701485
Cd86 6.67333095878867 0.961562178865701 0.955761659608987
Aif1 6.63875404551942 0.946998174319933 0.956695010629396
Tyrobp 6.61669729414203 0.885271365396918 0.892467346121742
Txnip 6.59265426818879 0.57828885096565 0.53409481607691
Rgs1 6.59229525391242 0.928632005018723 0.913783032329059
H2-T23|H2-T-ps 6.56016492862412 0.788099270277399 0.822872207107064
Tm6sf1 6.55087796000485 0.815749451035662 0.883262267559447
Cyba 6.54285353169458 0.827505488943313 0.836822420217362
Camp 6.5401699826862 0.936857251586991 0.884422043309414
Vav1 6.53808596070468 0.968034538983707 0.964811037180624
Itgb5 6.52996405096191 0.471030590537649 0.832456606116307
Ccl4 6.50570134320356 0.883437268635424 0.923659975191136
Pld4 6.48167030129879 0.938618624489168 0.931128609562945
Syngr2 6.46462948371657 0.415708187202732 0.678839470206685
Havcr2 6.46226694753199 0.958471682536235 0.955043276786845
Cd14 6.46201285948082 0.897042039049786 0.895224222052279
Gusb 6.42443946950699 0.584387418117697 0.783390853831904
Ier2 6.40731432713553 0.705074213611938 0.761337970588246
Pycard 6.40070761188389 0.881827975505319 0.909626848879343
Tgfbr2 6.36466769519875 0.888592264194036 0.907284716852166
Fli1 6.36464255649655 0.967822253893003 0.966218678836106
Tlr2 6.33436432545199 0.947334685853837 0.961998500122113
Sla 6.3128195922989 0.904453174519825 0.917838674765392
Ms4a6b 6.30239427637823 0.952860301253735 0.940757324828452
Il1a 6.30131561258472 0.940676299360532 0.922074681523627
Mertk 6.27545894889192 0.276231464717476 0.0261893883636564
Naip2 6.2685818051485 0.963112658633982 0.961289785972932
Fcer1g 6.24768732047652 0.909490437462531 0.93400792629559
Nrros 6.22949792330637 0.768431975897178 0.792080354658163
Pmp22 6.21491994776535 0.0392580288817586 0.102555722127942
Zfhx3 6.21073590774624 0.847399394536659 0.864637187550775
Ggta1 6.20630729075413 0.77245296202246 0.742119145974757
Gpr84 6.19962802803203 0.927268125269637 0.946098744373182
C3ar1 6.19954800122674 0.89533407595699 0.938462633325543
Slc15a3 6.19906291184221 0.943964349063312 0.934368395362971
Fosb 6.17873287154954 0.610433497945426 0.716245626208222
Ttr 6.15702423165793 0.365269966262746 0.316776354853328
H2-Aa 6.11126857895628 0.902146823787793 0.887894303071023
Ier3 6.09976062247356 0.889372213740322 0.892575784455379
Tlr7 6.09291804492612 0.942478703553781 0.963348143720327
Ccl12 6.08391453099116 0.961374096141901 0.959481196842038
Cd83 6.07626900167552 0.832451966420148 0.897147056600767
Selplg 6.0655386700813 0.885377774299417 0.916390716868
Alox5ap 6.03768533724388 0.908346988551967 0.942622352175004
Lpxn 6.03044900898267 0.945155067768187 0.957661559189553
Zfp36 5.99712988069952 0.757691491276965 0.793942399564921
Spata13 5.99362283424346 0.525965523678468 0.842031245266465
F11r 5.99092943267463 0.934859452260909 0.954229919836641
Rgs10 5.97621429509836 0.704264984234064 0.930032924761725
Edem1 5.97472933731853 0.73779751918614 0.767918324079887
Ankrd44 5.96156808785901 0.665948783550355 0.774227736142258
Blnk 5.9515392379829 0.881770979405351 0.909266046154179
Arap3 5.94091802314252 0.941882086168706 0.927801257675394
Pik3cg 5.88672738963695 0.966180662055515 0.956037295947939
Klf6 5.88480825021456 0.798677377900195 0.853418388374044
Rassf5 5.86321974917551 0.872597897416187 0.889309880325987
Ccl6 5.84390697286882 0.934496924028331 0.926404082157659
Slc40a1 5.8353711615749 0.87442907592764 0.899347347920266
Lcp2 5.82339729747976 0.952689734632004 0.958537099789537
Ctla2b 5.79124078874156 0.943027714491444 0.91949336645328
Fyb 5.78440985499128 0.944848629096438 0.942190799937016
Lyz1|Lyz2 5.76833978527883 0.920442356495249 0.939028710520933
Ugt1a2|Ugt1a9|Ugt1a10|Ugt1a6a|Ugt1a5|Ugt1a6b|Ugt1a1|Ugt1a7c 5.76665258702735 0.70298943609263 0.856600531425976
Slc11a1 5.76562529204056 0.901355384962568 0.944579557078615
Zfp36l2 5.76499543888641 0.104517220008816 -0.0397896095159471
Csf1r 5.75375244446423 0.641374902493709 0.660291347313418
Egr2 5.7478524406809 0.809774146116233 0.844956864909552
Inpp5d 5.74377235732424 0.908651114801894 0.937003060366815
Tnfaip8 5.7282529396118 0.0755982748252689 -0.0687511326400445
Tnfrsf1b 5.72496956798337 0.931402883975113 0.939421304502207
Pros1 5.72088768512873 0.771139148732374 0.914612661125001
Capn3 5.72013777330474 0.804515438871318 0.909896754032972
Trf 5.71840609445247 0.0836043858223146 -0.09037688828102
Crybb1 5.71520112719832 0.925863897165784 0.926794374466269
Rhoh 5.71393720179469 0.933030604472028 0.924899781643215
Stab1 5.70775804869926 0.952688702543181 0.93520463913421
Rcsd1 5.69463393411624 0.928008108447343 0.956449319884426
Tsc22d3 5.69054618229818 0.572890253622177 0.687236910718014
Ncf4 5.68757797730595 0.953114959801255 0.939417921115712
Hba-a1|Hba-a2 5.67665256221584 0.700326210147586 0.649753889295238
Cttnbp2nl 5.67216431417659 0.85161799611367 0.923721152602066
Akna 5.66393253201856 0.818274746557443 0.910062558306999
Lair1 5.65583906208572 0.888266950277888 0.893564252231407
Hspa1b 5.64867895282314 0.317952412360889 0.452262978230158
Tgfbi 5.64498324338724 0.749830836915974 0.774506568660179
Slc7a7 5.64461474062225 0.936524712342765 0.928345414686273
Slc16a6 5.6139296672444 0.882221792795061 0.856267505234872
Fgd2 5.59043441481708 0.927372568278686 0.924591888366743
1700017B05Rik 5.57574753189206 0.839198705881605 0.887736329966601
Junb 5.57380946737562 0.608082634962015 0.710325676330519
Stat6 5.5684385436948 0.921609446692242 0.944485314401768
Rab20 5.55199652136801 0.846507344027139 0.823035733235841
Zfp36l1 5.53374979274702 0.141739935507505 0.321053198039929
Dapp1 5.5311282175321 0.651732814414391 0.7316654390012
Tlr1 5.52925537948092 0.953909401366544 0.942972009087337
Cd48 5.510855527923 0.957153114196112 0.960335106170609
Ctsz 5.49829134333169 0.628441633060535 0.828921071951649
Tgfbr1 5.48813068781853 0.77021380953364 0.895941007327488
Pnp 5.48373013376431 0.236692146099376 0.711749559477843
Alas2 5.48093048128232 0.919784934826487 0.924253691584636
Tgm2 5.47790058351266 0.699121283633828 0.714558247291975
Hk2 5.46890864471728 0.849209283819359 0.867097005396443
Map3k8 5.4642890569006 0.942668582049874 0.944718327523361
Sat1 5.44426622880849 0.0931626039622164 0.00672742670191776
Hfe 5.43891214848778 0.886943992282155 0.898690086936897
Clec4a2 5.43100976975616 0.953423150337076 0.939788422621545
H2-Q9|H2-Q7|H2-K1 5.40675027358848 0.900711053315864 0.839085208581476
Ccrl2 5.40219475837877 0.910338164467097 0.89476894373723
0610040J01Rik 5.40117544988377 0.422750724584081 0.418756621518981
Il13ra1 5.37193477203368 0.829989366208222 0.851013587645032
Nckap1l 5.35588791059244 0.901769791959088 0.918810624846416
Ncf2 5.34416333994784 0.868810818739782 0.821566928619307
Ets1 5.30173588883228 0.794175032848608 0.798932163578278
Cd34 5.29897181868546 0.741994312724414 0.772604310115918
Entpd1 5.29811420388307 0.901847780487422 0.92871377916462
Cklf 5.29473665473017 0.514471716145064 0.748925563337602
Cysltr1 5.28721524763136 0.942444618043704 0.961910559768528
Mafb 5.26614241001796 0.8723728938696 0.947739125244313
Chil4|Chil3 5.26172614276662 0.926904405831186 0.873495651066642
Pon2 5.25753773503882 -0.214408872836472 0.411878372559407
Ltf 5.22879721850478 0.797487219869792 0.752621472053893
Clic1 5.21929415130138 0.814373848043821 0.837498015711099
Adap2 5.20950623732864 0.934659630172639 0.952539042767942
Casp4 5.18891786615503 0.923294366085019 0.950523297744447
Sash3 5.17766941418071 0.85834994126794 0.941002075741899
Grn 5.17023552015318 0.73873947579192 0.873399989198547
Hbb-bs|Hbb-bt|Hbb-b1|Hbb-b2 5.15114757764223 0.798934966315617 0.702822936030939
Tlr4 5.1399290852213 0.892773722989048 0.888197520393592
Fam91a1 5.13073704329528 0.589882587714359 0.811755672813766
Rps6ka1 5.1208834053085 0.827576805075971 0.84682949472598
Ctsc 5.11341971668821 0.496310357111503 0.742271812483732
Serpine1 5.10161792202919 0.901151369661586 0.888034092410253
Otulinl 5.09714537365495 0.823833633957214 0.890109411877844
Stk17b 5.08798679216931 0.191759637011056 -0.0309181338982068
Ifi30 5.07685396983232 0.895560382096952 0.9293265496313
Hba-a1|Hba-a2 5.07588491789023 0.696600947663592 0.64631733596174
H2-D1|H2-L 5.07255943963937 0.75099145784038 0.707796442936603
H2-L|H2-D1 5.07185784763436 0.841355406128413 0.767797222031011
H2-D1|H2-L 5.05309104537259 0.763491518620539 0.713519505520334
Frrs1 5.0466668325672 0.742571348474016 0.863091113981946
Xlr4b|Xlr4c|Xlr4a 5.04407393991865 0.805219187780176 0.519131814106328
H2-D1|H2-L 5.02621297280866 0.84275545357414 0.75846323307839
Themis2 5.0098776193136 0.933657034316539 0.934216602334326
Glul 5.00856191600545 -0.147822506793698 0.483954526692674
Snx5 4.99374775343586 0.770224515911245 0.893605375600489
Tnfaip2 4.98556978911012 0.84544102041123 0.878006962288565
Cd9 4.97614723867671 -0.239202483715556 -0.198812014371934
Clcf1 4.97366503634209 0.951175859174401 0.936458027389983
Csf3r 4.97236480566935 0.864141175194395 0.929971533703908
Arhgap45 4.96961223244329 0.914867765885137 0.928698992818158
Anxa1 4.96548805233873 0.893149936993544 0.845597729896611
Cmtm7 4.9635477413552 0.893420672362106 0.91599783592074
Arpc1b 4.95138564917358 0.397476304677755 0.11048556736705
Pmepa1 4.94967904783244 0.660218648332671 0.829860174444513
B2m 4.94904625264445 0.714170459311236 0.715184919529906
Sgk1 4.94384173214866 0.191391890318768 0.245624872193521
Casp8 4.93879737831915 0.953133364995046 0.949552900161856
Tpp2 4.9237921928401 0.715279354390663 0.733933028598939
Trem2 4.91138737146456 0.90625470531017 0.914948515452222
Cd300a 4.89166959185282 0.913846778094969 0.920405327340653
Pon3 4.88961448273726 0.935596880056939 0.92133875979289
Il16 4.87735703960899 0.876449077233724 0.935745852651164
Ppp1r15a 4.85310471395798 0.773824311236528 0.769972582969436
Cd37 4.84995380780283 0.87518048945001 0.918944626477695
Itpr2 4.84776061894283 0.0429125722111357 0.125444356554589
Elk3 4.84594877581998 0.779823667810621 0.777628378042196
Dusp6 4.84173751087537 0.446536775603916 0.595104011435609
Abhd15 4.83941881093731 0.896569858098451 0.877001403572972
Spint1 4.82239557786785 0.9094093046386 0.942131925665286
Arrb2 4.81969966223053 0.875106509300647 0.860766058267773
H2-K1 4.8030378024011 0.646843973372164 0.571151271462752
Hexb 4.79492447244785 0.750940964983959 0.7904495650039
Lyl1 4.79398692254582 0.925431029363464 0.939019120584383
Fes 4.78171446264008 0.930700606313946 0.931599858038054
Rrad 4.77474467768138 0.908145957649802 0.86885441043746
Cd300c2 4.76830389361339 0.895716468609817 0.942000883845305
Irf5 4.75894818392557 0.89822070471209 0.920502642989219
Sipa1 4.75394551370952 0.917198805939731 0.938017741397689
Lyn 4.74815850323429 0.858012020616398 0.909644388166988
Pdgfb 4.73833185518629 0.856683332942385 0.897982714586609
Csf2rb2 4.73411398736777 0.942191853997154 0.943704680085936
Adamts1 4.7253052243687 0.503349571070592 0.775484383005765
Pla2g4a 4.72469780748559 0.420848351515296 0.265679578354155
Nfe2l2 4.72234270226814 0.343515100175056 0.453204696832214
Hhex 4.71251905019796 0.933995455575053 0.910169941005002
Msn 4.71102955614963 0.689129689357254 0.803008847870909
Birc3 4.70919718487887 0.920887768344024 0.934960841548849
Il10rb 4.70710109163857 0.809480846798646 0.866829486587767
Plxdc2 4.69905474360005 0.670174000276196 0.681432637933602
Trim30a 4.68734638255443 0.939266906413447 0.91299778038857
Btg2 4.68678313211287 0.554724767899736 0.302019874538366
Afp 4.68670567738167 0.950857749381126 0.930557363583417
Hvcn1 4.68336339039072 0.94207152055111 0.950130935086771
Vwa5a 4.67742566332982 0.516508221096962 0.682523105789763
Ppfia4 4.6748725695221 0.898086307861661 0.942269399721086
H2-Q7|H2-Q9 4.666165498803 0.810110679098214 0.68879456734831
Srsf7 4.64112907482545 0.667598869721601 0.66856877761714
Unc93b1 4.63530701600255 0.890584135797438 0.88849577103665
Klk8 4.63390348905905 0.829770646738114 0.941719303780103
Rnf19b 4.62816549069902 0.877585540143212 0.874523947618719
Syk 4.62111493429135 0.820576226463626 0.916583332912951
Litaf 4.61969326620562 0.127952152298482 0.446164633416549
Trim47 4.61065874472433 0.867065267601873 0.932213513898955
Prkcd 4.61058725359669 0.604042276593888 0.688708725514112
Sparc 4.59462478948217 0.427988110314946 0.5712743831825
Pla2g15 4.58287339239761 0.830035121843018 0.90117251189975
Plk3 4.57722951197854 0.465139322668606 0.31595241466277
Ostf1 4.57673011631551 0.222032113732579 0.0640992146630397
Igsf6 4.5742032443848 0.952766135279361 0.93950962882509
Vamp8 4.57369989090142 0.633743275826445 0.723195666338738
Pnpla7 4.56771658004588 0.32567473101892 0.453948081481576
Lrmp 4.56421955609176 0.952592758789897 0.913335344448764
Slamf9 4.55638999916526 0.847811331191103 0.901606095849278
Cxcl10 4.55129024856358 0.850063533674397 0.69856176833123
Siglecf 4.54875365267363 0.963732077602458 0.959633823760388
Ehd4 4.54783040070867 0.83262877615261 0.916802978834706
Ang 4.54166556112107 0.959088914632171 0.929874188094
Itga6 4.54067462835828 0.234135604144307 -0.124700103526212
Plxdc1 4.51758901814112 0.770728352790882 0.772281464002912
Pald1 4.51637669926324 0.887263498866743 0.919506070303421
Samsn1 4.51620117571806 0.940602411932032 0.926092404275534
Ifngr1 4.51402385188333 0.827964896649512 0.859010231008067
Tmed5 4.50864068163676 0.308226968227809 0.284702529007432
Trim12a 4.4923751681077 0.946337042987858 0.914433306321833
Cmtm3 4.48623708321806 0.167056161924798 0.359412207355567
Il6 4.4796851822579 0.927588697032137 0.870859115857809
Elf1 4.47461940070304 0.531744226552203 0.648389017927976
Zfx|Zfa-ps 4.47328211601306 0.774830352252042 0.792130918558022
Abca1 4.47309901233617 0.211635668617978 0.134537026901349
Sgpl1 4.47196260623259 0.373969316998117 0.675218489090254
H2-DMa 4.47056010784366 0.866159383810002 0.846666887550581
Cyp4v3 4.46951989534344 0.341395670777028 0.610980030295918
Tcn2 4.46636317473335 0.586249804793093 0.817371209963856
Gas5 4.45956512255475 0.392752349582222 0.579511280860838
Arhgdib 4.45693774132458 0.797761786640803 0.829189752103685
Parp12 4.44175431025525 0.330289793368276 0.423930618896923
Tmem173 4.43858827189663 0.830274406516343 0.90853362359608
Pfkfb3 4.43565965087979 0.405854551303647 0.70823309886308
Tcirg1 4.43376064532729 0.708607459959625 0.753210413303783
Sh3glb1 4.43369911805536 0.577548176371516 0.800871318416691
Dusp1 4.43058131305542 0.3186642083655 0.349844153941768
Npl 4.42647233135051 0.563044621874519 0.700004523370205
Gem 4.42518327070933 0.318789616821237 -0.0428587386634424
Lrrfip1 4.4243593905307 0.709739443955433 0.768638722666259
Lmo2 4.42066303243709 0.744531459790528 0.845582996673139
Cebpb 4.42053585000911 0.796139698668834 0.861926917952206
Mylip 4.41880819235429 0.661534180235558 0.845228428749095
Scarb2 4.3979983702271 0.130673936652794 0.160543727144091
Serpinf1 4.39643237443812 0.483432478497053 0.109418107851125
H2-M3 4.39005476653171 0.77603174979817 0.876651262021088
Tmcc3 4.37672842966588 0.614925914112414 0.533104613879965
Spi1 4.36906691092825 0.926391715888834 0.914316561861161
Runx1 4.36893089171601 0.951234783569619 0.925008564184724
Ctc1 4.3683898862853 0.916523742050387 0.92251677696911
Mavs 4.35472413525776 0.0605993053409468 0.32768195016282
Rap1b 4.35421718092254 0.555793177363482 0.656631771150206
Ceacam1|Ceacam2 4.33357343648993 0.903996643589578 0.871167305317215
Mlph 4.32780998947646 0.90914925061632 0.890951324169733
Slc39a8 4.31844141904841 0.763819106198114 0.764901025984507
Tec 4.31377808478553 0.899571507222316 0.934247719394447
Chst7 4.30900777473282 0.650715341717247 0.649251307858187
Il7r 4.3076492246321 0.884151798225861 0.911654525171341
Dhrs3 4.30342794958114 0.43230307040591 0.359202952261275
Sh2b2 4.29493212913238 0.852702272210382 0.83455325094322
Tifa 4.28843573945979 0.657876505048579 0.842208727064751
Trim25 4.28739000816492 0.20711915525456 0.118536900086809
Nfkbia 4.28362645057472 0.602852052042851 0.740443446254942
Tapbp 4.27899660182612 0.668776811777839 0.607679622986832
Cd52 4.2740569089467 0.924583992762116 0.901795616698258
Epb41l2 4.26333333416758 0.256800613978107 0.63651975349556
Mfng 4.2589842710601 0.799431139464178 0.852258192883306
Ccl2 4.25798812486621 0.920236292685912 0.916482200341481
Abcc3 4.25569493997578 0.891812966851953 0.925947110080334
Asph 4.25136153583355 0.282764368960815 0.205598381384253
H2-K1|H2-D1 4.2511478377304 0.617400902085202 0.538827231906372
Rbm39 4.24964616574808 0.602912968769161 0.628134182694359
Lgmn 4.24682367103706 0.679100595009033 0.75538821184546
Casp1 4.24291155489094 0.883487455382249 0.89448139920357
Rel 4.24216171844359 0.884769469487621 0.864259189795859
Gpsm3 4.23349952909025 0.934057724435979 0.926403188215968
Tubb6 4.23147724195891 0.867897431274492 0.918326801092498
Lrrk1 4.22368956973052 0.908426739174942 0.855217105115679
Lgals9 4.19598033735625 0.917350887838622 0.911263428650267
Lilr4b|Lilrb4a 4.19595006551511 0.91314043749751 0.869890159977523
Serinc3 4.19252616256266 0.847720089846257 0.822849086632032
Galnt4 4.19187568107126 0.129583550330222 -0.0888496445825484
Hpgds 4.18235603857322 0.907491041493737 0.914080791022191
Cables1 4.17144329838488 0.327842005729697 0.570082140732402
Pdlim4 4.16857438304362 0.0841309185982225 -0.10726267715303
Ftl1|Mir692-2|Mir692-3 4.16548132698653 0.487010937296572 0.386635058772273
Sqor 4.16034477600454 0.655603904790051 0.782891644335599
Cxcl16 4.15919316680939 0.943978920996264 0.931328872390462
Nupr1 4.15364861496458 0.364118240803187 0.302237592466249
Ly96 4.14943248628666 0.862465716269882 0.871134444589861
Parvg 4.12247892439931 0.874482875308951 0.899551163153961
Rgs19 4.12204672954389 0.57836919571118 0.625774703356778
Hcls1 4.11340640856115 0.944152383722788 0.929837033835418
Clec7a 4.09489198687977 0.8374208258596 0.884568302086416
Gab1 4.09218496657894 -0.30079744003713 -0.130425239108194
Scamp2 4.08941460489958 0.616468139532963 0.715696763220685
Uba7 4.08096141776078 0.921101730537985 0.916194496978144
Tlr3 4.07765891632249 0.185620945473652 0.833342645686074
Ier5 4.060058713101 0.743595738872457 0.835210837595264
Prkd3 4.05951418386551 -0.301652019728211 -0.155128712744896
Mrc1 4.05451497123893 0.876873359714789 0.839257640722531
Pag1 4.05160604119311 0.462510006626133 0.830757448823823
Herpud1 4.05004605009795 0.836923591657549 0.908403378113825
Adrb2 4.0496634441058 0.958635165230349 0.933688796363331
Notch2 4.04495226391816 0.0508303552005468 -0.0431145382667697
Fcrl1 4.03999157338485 0.930622033508063 0.945107962359671
Pmaip1 4.03802021879834 0.940370656871887 0.923093063169517
Slc29a3 4.03676424610541 0.501707977677266 0.544499143390683
Mcm3 4.03338909849488 0.697306872573445 0.72368498800329
Kctd12 4.03143256897725 0.649728695322025 0.785278356355154
Cd33 4.02916229385822 0.87293690994095 0.911530666541533
Mlxipl 4.02395465703976 0.782270655587495 0.810263329246178
Myd88 4.02079436710478 0.894048581559264 0.871841368549175
Tmem176b 4.01062688869913 0.016377348703054 0.187462411178388
Mcl1 4.00089221512982 0.733058421951182 0.844813275571466
Cd177 4.00004284360566 0.898117729545447 0.850091384142016
Zfp90 3.99838381677907 0.851913290594293 0.891570664998467
Jun 3.99191010670764 0.364561485083811 0.407492586906477
Btk 3.99009892035525 0.856459229089237 0.834753461608131
Nmi 3.97944407410689 0.416034748631367 0.664273986172134
Ptpn18 3.97269666167007 0.873976346122987 0.903618346049797
Slc15a4 3.97198897827027 0.577220304680084 0.688582923841821
Slc25a37 3.95957447158728 0.810177370384243 0.755797149762966
Arsg 3.94972548589397 0.124290513136493 -0.13454317901363
Adam17 3.94959354166227 0.209932706072642 0.503749337160444
Ugt1a7c|Ugt1a10|Ugt1a2|Ugt1a6b|Ugt1a9|Ugt1a1|Ugt1a5|Ugt1a6a 3.94634825992268 0.676882752925195 0.670144410937881
Sult1a1 3.9442309870612 0.447617153537372 0.148317382320863
Lrba 3.93619832876591 0.765328415425412 0.878348383596823
Myo1g 3.93365357526948 0.880053786948201 0.830809842674875
Gna15 3.93221673308095 0.913980772867847 0.933289773819082
Arhgap17 3.92631847367052 0.744697484867443 0.814797078135117
Pld1 3.92621735335045 0.642424744371759 0.794539732732298
Tmem140 3.92361492859423 0.949946929456834 0.949977968747904
Parp14 3.92203011271049 0.878821066847036 0.814696809414452
Golm1 3.92039257888049 0.559247321873131 0.900167862306819
Lag3 3.92030867157138 0.885737190302486 0.898194110947697
Gmip 3.91471709860063 0.891605499728171 0.918155785554539
Naalad2 3.9122849835197 0.847380810753524 0.795054041972424
B4galt1 3.91067909341017 0.812839297532812 0.891734496722326
Plekho1 3.90939526138812 0.744196169878742 0.788235215860598
Cep152 3.90740635981067 0.856772885368359 0.817513234654921
Ceacam2|Ceacam1 3.90600670983731 0.856764941652857 0.854413328593084
Gcnt1 3.90038894552227 0.943390979301444 0.900181585527375
Npc2 3.9000378156112 -0.123704258233839 0.186939254642915
Rgs2 3.89358442734421 0.738389611924709 0.801068677978145
Phyhd1 3.89229461008732 0.728827731615983 0.722017233311674
Rab3il1 3.892244325028 0.877640797200381 0.927747332233732
Trim30a|Trim30e-ps1|Trim30d 3.89036361231349 0.84117644931951 0.865158599382529
Vamp3 3.88566557195954 -0.146532073968676 -0.0066814181626329
Trpv2 3.87905385656435 0.818297235202855 0.881105560608507
Plxnb2 3.87903928688006 0.504156771982054 0.702591554700873
Rcan1 3.87898872756876 0.795597703211054 0.783724936844556
Pygl 3.87209732363857 0.445943724477879 0.274371462721545
Gimap6 3.87032119852321 0.917390343628645 0.928555523117799
Mthfsl|Mthfs 3.86922613668583 0.310960635179119 0.599037647272875
Tmem176a 3.86586623740042 0.149845591842138 0.147584890948846
Wipf1 3.86180580040704 -0.0273323901241201 -0.189837624912386
Fam111a 3.85098439701334 0.783911479233598 0.699300212943908
Itprid2 3.84594690866302 0.0912142265839165 0.159678465284474
Arhgap4 3.8427103937266 0.904696925674686 0.897360364433736
Lpcat3 3.84179243597948 0.235819053897635 0.370986664449744
Rffl 3.84068731599415 -0.0775986622177572 -0.0514476373775014
Rnasel 3.8402637735655 0.885406247063913 0.887732504094986
Ugt1a7c|Ugt1a6a|Ugt1a2|Ugt1a6b|Ugt1a9|Ugt1a5|Ugt1a10|Ugt1a1 3.83533810940329 0.87173102393862 0.921277580658776
Rp2 3.83516104108632 0.842103613956451 0.820370686261358
Fos 3.82601227651721 0.0487527122113925 0.397663788507443
Acss1 3.82501972816247 -0.061088491849557 0.19101637815828
Tgif1 3.82308012541528 0.923780940188911 0.921047299081203
Zfx|Zfa-ps 3.82279457083332 0.812604296724368 0.820493938231458
Vrk2 3.81975330843749 0.811910071734917 0.852797321661004
Mef2a 3.81686566879097 0.70610927271033 0.821287034910591
Crot 3.81608647130952 -0.138395905974413 0.402802516230072
Snap23 3.81154307744973 -0.137936431736377 -0.191035716606133
Lgals3 3.8097455978906 0.675504816414105 0.48078304706377
Il17ra 3.80557873894471 0.77320139157398 0.806217033563063
Dock8 3.79955087126124 0.921974287216869 0.894378597574352
Myh9 3.79545067520699 0.614943279240826 0.820530197276129
Vasp 3.79270557231849 0.829709290667362 0.879980192537098
Gna13 3.79177946517575 -0.00475355157868953 0.365976995374097
Psmb9 3.78674253616342 0.887112027507102 0.797192482441821
Ptgr1 3.78223096436832 0.432529484979592 0.0841776826428077
Ptger3 3.7808316359704 0.867653110556386 0.886861251800857
D17H6S56E-5 3.77054504581302 0.926875245169174 0.883703989457476
Dock2 3.75940543027281 0.878836220556287 0.907041326739038
Rnaset2a|Rnaset2b 3.75765703629735 0.637961370825557 0.74798179999113
Ccdc86 3.74116323004854 0.575375855941378 0.722378338746283
Skap2 3.73806946190876 0.718448153735209 0.770129321353477
Tspan14 3.7372311509035 0.201055632790547 0.410817272224325
Ebf3 3.72962290972217 0.909794687632691 0.843495645936733
Plcg2 3.72565533063108 0.858962944843294 0.872023597011429
Slc16a7 3.72351701122458 0.463172411551401 0.710288877499086
Tspo 3.72245846770223 0.665881781655109 0.6906399287873
Rbl1 3.71994445927251 0.52828869056839 0.441093516327229
Bcl10 3.71278862684229 0.3271299512597 0.520204035598561
Rnf130 3.71012196580451 0.211800662650766 0.0387590718017491
Ptbp1 3.70655866288305 0.518135437920979 0.514292176793496
Cebpa 3.69551162678914 0.851911326570408 0.87501448082935
Lamp2 3.68406354613767 -0.124461201823796 0.13123191019055
Arhgap9 3.6781783212922 0.881737011178451 0.878286761544413
Clec4b1|Clec4a2 3.67673844509796 0.945105517455766 0.927183710969544
Ncf1 3.67415605310272 0.92732723291992 0.90037209383965
Tcim 3.67329708759072 0.469519224905725 0.245549962192037
Glipr1 3.67147284018223 0.81162204949768 0.733360240156107
Ifi35 3.67020659295592 0.890451930852375 0.879755331165718
Slc2a5 3.6679506141946 0.832446243948666 0.909945242254323
Hspa1a 3.66292075668203 0.559300215227119 0.583085555598923
Tbxas1 3.66027429121597 0.904158664331813 0.879936905457404
Selenop 3.65454144318157 -0.244367717133868 -0.0216241545472818
Il4ra 3.64970212960212 0.927897418359912 0.929125545609617
Cebpd 3.64905413023263 0.217895427446844 0.45065287968563
Ifih1 3.64760872919439 0.769954631410856 0.706495043247053
Tmbim1 3.63932702152318 -0.0498066155830848 0.55582508232344
Maff 3.63785384375175 0.737099006045888 0.743797013341992
Samhd1 3.63483387247978 0.78757270450357 0.725833438877533
Stt3a 3.62335717426669 0.425884498559963 0.569207059401557
Ebi3 3.62097376748376 0.890430839175081 0.899361925334362
Wls 3.61957984765651 -0.197893146879303 -0.147123870113591
Dnajb1 3.61027003104097 0.822575554724083 0.849492330129476
Tor4a 3.60206387092482 0.794152067107914 0.853479901834411
Coro1a 3.59734157890466 0.535728886477967 0.678631306779883
Mlxip 3.59458875448273 0.837929056798142 0.808187350003158
Map4k4 3.59317639919989 0.0670669782328476 0.102220641811435
Man2b1 3.59264761164182 0.750638434605124 0.677482272613863
Per1 3.58405456461005 0.694385152487086 0.778482498491602
Klf10 3.5826849802517 0.635278686309598 0.822010151299125
Gbp7 3.58110889503476 0.390850728281442 0.318783171697342
Sertad1 3.58053323692799 0.814182124165161 0.81681930041353
Ube2d3 3.57998500854727 0.219752909722945 0.417745017694861
Erap1 3.57275200803244 0.571243555969741 0.633822422530596
Ptbp3 3.57151923173703 0.730674655861589 0.777432801346045
Cd79b 3.56899378543513 0.916130562592087 0.902792662395606
Ivns1abp 3.5588675490841 0.676866936644975 0.690443015349699
Slc7a8 3.55442591523554 0.845370290836422 0.867048596133588
Tmem63a 3.55142442302127 0.188855549253998 -0.0975183256489013
Cdkn1a 3.55019224048361 0.734080985055357 0.628363727710872
Rrbp1 3.54301504173911 0.422053234544754 0.613184915400422
Slc46a1 3.54235162439051 0.343986067826782 0.560205739892461
Ripk1 3.54148190825732 0.730415854478022 0.838147934214828
Tmem179b 3.53263487404612 0.447295311514805 0.665025782181551
Rela 3.52938867649162 0.659025741305729 0.691315995201326
Zwint 3.52793087108661 0.555399073052952 0.821100455995357
Abcg2 3.52786976614687 0.513352102875049 0.718903841160524
Casp7 3.52737374859608 0.281650335309996 0.0390400474179801
Rin2 3.52396980653346 0.561213470374548 0.6446135270599
Tspan4 3.52215066692869 0.740117446712393 0.847723864448684
Jmjd1c 3.51252438865 0.605373615160391 0.759223250556792
Camk1 3.50989008944228 0.449794855867589 0.476490955075266
Fmnl3 3.5096011380049 0.882981137807363 0.881955950156956
Atp7a 3.50307625471269 0.693799674965576 0.791527745787337
Pbxip1 3.49407628614086 0.215060482006172 0.720814282442406
Tnf 3.4930607048956 0.849413186441963 0.858760967585506
Srgap2 3.49127242577313 0.877792488659047 0.884274059617656
Grk2 3.49032711880038 0.802350490026338 0.838393589700878
Gns 3.48989084018754 0.740389719268277 0.845438314232527
Ets2 3.47164831268353 0.432348106818892 0.537652466298833
Fkbp7 3.47088901805069 0.589910016716036 0.743450199582044
Cd164 3.46779980530638 0.376182301109047 0.658634079350468
Bin1 3.46666034301383 0.0382146139312816 -0.186107339984327
Arl4c 3.46461792062545 0.547136116629294 0.0546043647011368
Snx20 3.46429469016553 0.926086271601823 0.887672813341278
Fcgrt 3.46211155188739 0.282855505165515 -0.0875959106266034
Cited2 3.45660895360778 0.714251114059125 0.784187388766246
Slc37a2 3.45493192036358 0.847802785794702 0.870871332826267
Cytip 3.44805126411124 0.777872987342856 0.722608789559203
Gcnt2 3.4320333249964 0.698945098835906 0.662655704667559
Tpst2 3.42543376543601 0.717074675938074 0.814376567990135
Ifitm6 3.42432747066884 0.917643074327192 0.820202747353233
St3gal6 3.42337894658408 0.567205298134614 0.5604615924321
Ucp2 3.42291438228175 0.876910241059426 0.925736080431683
Smox 3.42174740337111 -0.337801753367846 -0.255117354475457
Psmb8 3.41854970882525 0.835433582853651 0.833212751846696
Igtp 3.41701443923428 0.737045802772709 0.601433483571723
Armc5 3.40338994733787 0.639034005464708 0.715801398681453
Rhog 3.4015879169008 0.0581339857271305 -0.0956691681287438
Egr1 3.39991551435071 0.583016310890276 0.776572714337506
Smagp 3.39937056384413 0.905365321158918 0.902573560776099
Gbp3 3.39767750819045 0.423260504605871 0.197688377819953
Plcl2 3.38904194873801 0.555600186863404 0.789184720430486
Cmtm6 3.38866030791418 0.635070918234149 0.820671636930779
Clec5a 3.38668905116638 0.904309594925242 0.874104326618589
As3mt 3.38618924573696 -0.214469041728949 -0.140335102093633
Parp9 3.38253164443846 0.762029467194576 0.827920044854638
Rreb1 3.3797737204948 0.375756916514549 0.787064077130586
Lims1 3.37636653102192 0.526329074799878 0.648840678026141
Ltc4s 3.36977785586499 0.83387740797553 0.875747417788326
Cd2ap 3.35986712392114 0.587012602364937 0.693218984781947
H2-DMb2|H2-DMb1 3.35872052297419 0.852113117429698 0.891859735691043
Tgif2 3.35719254062781 0.929570003244224 0.929363737426355
Snord22 3.35398258914373 0.653031383509035 0.747652135155631
Tor1aip1 3.35353528187562 0.675690123719957 0.785906807057124
Morc3 3.34556608880253 0.631790546794092 0.698066018747549
Hacd4 3.3422400833009 0.644290414882918 0.650509092278048
Rnf135 3.33081635476418 0.487687310706355 0.540345324821062
Creg1 3.32981608237983 0.5006055501813 0.7879940393521
Slc9a3r1 3.32973751078484 -0.142068656500517 -0.0154722026617556
Pdk1 3.32876998140582 0.53179867855366 0.802879806974532
Adrb1 3.3253413522306 0.648799730634166 0.828249379484997
H2-Ab1 3.30926197126667 0.738839539628447 0.639214100328447
Socs6 3.30840000891159 0.498684115101264 0.552431256749709
H2-Oa 3.29739427094272 0.916900078371986 0.908570934828723
Pik3cd 3.28268817509798 0.796469853614807 0.841721575619918
Rasa4 3.28215374172741 0.908259988177266 0.92508928405057
Gmfg 3.27758388072284 0.866683081197294 0.871157297350848
Ceacam1|Ceacam2 3.27455864809172 0.904951204670692 0.854546007478846
Eif4ebp1 3.24975166282602 0.549195865898897 0.615190795188297
Mmp2 3.24873273363859 0.410922727316798 0.690780587454023
Nfkbie 3.24522438194249 0.75982680922227 0.709695613664964
Hp 3.23609401667704 0.863312500769173 0.677811438059936
Tgfb1 3.23543244841867 0.891121012938465 0.793432656753817
Traf5 3.21885283872317 0.887550411182864 0.878777841850177
Calcrl 3.19777866746895 0.297234291478723 0.090445464157904
Batf3 3.18218878457576 0.900506463906313 0.892224944412606
Was 3.17840811371073 0.86145585158294 0.895798047208944
AW112010 3.16819419758671 0.915605948284196 0.92167911943972
Tap1 3.14908289468959 0.78787538914843 0.724211993986736
BC028528 3.14053939145945 0.564388870924358 0.296661843788185
Mrc2 3.13404343364367 0.879451079357439 0.818107918488522
Parp10 3.1061137609486 0.8277671560556 0.775427265527832
Abcd2 3.10416813364095 0.346192792394646 0.130641434383903
Tmc6 3.10057043654764 0.786116822429412 0.760202015860069
Myo1b 3.09782599093626 0.852269725743011 0.76525668855302
Pf4 3.09751963289767 0.85334959911867 0.836430045685434
Ms4a6c 3.09117477976279 0.840198766405133 0.909448068179647
Nfam1 3.0610793327269 0.89516201411795 0.892600051619759
Il1b 3.05144165913604 0.900321048185635 0.90533160526654
Tlr6 3.03811413881062 0.790550272108553 0.814454308742572
Ube2j1 3.02249804970035 0.452567035707186 0.757645159043284
Calhm2 3.01284163722236 0.876593639402735 0.86493137612578
2510039O18Rik 3.00972851584109 0.416139261064837 0.509716543266307
Irgm2 3.00397788189277 0.772480090389579 0.634221126947278
Krcc1 2.98694878687864 -0.247629696145433 -0.168050464390284
Gdi2 2.96416131932275 0.333818921937413 0.387924833003927
Irf9 2.94962317386612 0.78428512416986 0.792342799295709
Tmod3 2.93073470142433 -0.0648109876720011 0.0553680151938466
Tfpi 2.89563692777706 0.825297109358802 0.820273828964655
Isg20 2.88553732517786 0.88001825461792 0.848472882947108
Trim34a 2.85323360619039 0.772833992378473 0.683217445325645
Ehbp1l1 2.8456981794852 0.723558430824283 0.747317846200765
Slc35c2 2.84402135670082 0.76407486117867 0.848394831086327
Ifitm3 2.8413300899033 0.28523478464703 -0.118774610174719
Hlx 2.83254496034975 0.871624183457811 0.856158995487078
Tnfsf13b 2.79294166940086 0.833394880370107 0.843050908242524
Cmtm8 2.78949256485971 0.66441301052159 0.541288661111071
Emp3 2.75105348306075 0.866334638180881 0.847471314064173
Gpr137b-ps|Gpr137b 2.73998503841982 0.252570943642165 0.185357464488346
Myc 2.73846368099092 0.774444891657397 0.836613395073022
Sh3tc1 2.72703132705777 0.818430228901521 0.823466317851005
Zfpm1 2.70542659781427 0.225155564131631 0.183563764094728
Srpk3 2.69922463228022 0.599162474162116 0.304828228240171
Zbtb44 2.67456131736602 0.513313516033914 0.686369971124308
Smpdl3b 2.66660279163418 0.547574708440284 0.792081319671928
Tmem168 2.66185545825462 0.366430990356317 0.287647594978816
Plaur 2.66123996019815 0.759262226515517 0.706939605328464
Rgl1 2.64455210518071 0.689018973980844 0.766860405259234
Bicd2 2.63308009936093 -0.100108195460245 -0.0815026172651759
Mpo 2.62971404567537 0.730357098094332 0.344099656091067
Parp8 2.56768652070961 0.284613245246832 0.415526260027035
Zfp472 2.55589674676682 0.254519910532132 0.191274397324117
Esyt1 2.54533321217642 0.810670152865679 0.786482603175355
Eml3 2.51719349240949 0.0214975948182668 -0.00517251147098701
Sftpc 2.47008826539602 0.462149694325259 0.275534800791808
S100a11 2.44667219099313 0.783236344164886 0.680524115131658
Senp2 2.41250936721342 0.299568483170843 0.399286245551505
Il21r 2.39537666871235 0.919737820025241 0.923527711029323
Ceacam2|Ceacam1 2.37391431717248 0.80126811614379 0.619281807244611
Sft2d2 2.34129432134989 0.129863190761355 0.176036726495517
Mtap 2.23053702190434 0.193985667483446 -0.0309912088864148
Smad1 2.15406219317841 0.475475369774127 0.285199394050637
Scoc 2.09930291428798 0.450354503822342 0.447022450478924
