Olig1 9.2491706165179 0.408280902400639 0.773403160142552
Mobp 7.97295795525607 0.746090331287198 0.684148159195635
Mbp 7.61262121753025 0.580062864341982 0.810604461457561
Cryab 7.58698284321853 0.566871658858895 0.852050407802229
Plp1 7.43589098712064 0.591206855733432 0.80682601002219
Mog 7.21193419061316 0.865384531626794 0.800449098498169
Mal 7.08360353896347 0.848709455765961 0.906334705367195
Ugt8a 7.07387690018272 0.804154582778031 0.796937000774583
Ppp1r14a 6.98097478773837 0.907455278919432 0.898293054239784
Tspan2 6.75498094637855 0.840586334584498 0.850655997674695
Cldn11 6.65541102019781 0.859403628498682 0.813176633253468
S1pr5 6.30038826465964 0.836024983164424 0.770955274007598
Pdlim2 6.24399250498436 0.785514892126259 0.744082876887141
Plekhb1 6.22599273887369 0.333824011034418 0.544142483318154
Olig2 6.21500983002324 0.627110235289593 0.698661462896173
Evi2a 6.12987375578838 0.578834704156421 0.123793673495937
Fabp7 6.09320544046891 0.109193381140919 0.177649719014433
S100b 6.05820495934286 0.253126414632058 0.122987472536489
Grb14 5.96829061999217 0.755054018915262 0.856930557375144
Gpr37 5.93585031404006 0.380980922206053 0.339781304561819
Aspa 5.82713635459832 0.6691692852085 0.684325720516442
Efhd1 5.81548042537582 0.365515282061777 0.38748675074385
Trf 5.53092044812087 0.599225735963007 -0.09037688828102
Gsn 5.41610070638824 0.624286810337433 0.666851360972835
Tmbim1 5.38569455388679 0.158065385581479 -0.0109066754384885
Ndrg1 5.35610547191174 0.643411990395359 0.363481724904423
Trim59 5.34187569463002 0.781886724019469 0.819374350336247
Car2 5.2659885536012 0.239066299372258 0.00128426818812924
Gab1 5.2582610885977 0.303782981782067 0.415327320881204
Ptgds 5.2429179225665 0.646536491939038 0.405932497838735
Timp4 5.24162912871995 0.074396693338288 0.0118854431208319
Adssl1 5.16925310757955 0.746401438441758 0.675888964619331
Ddc 5.1081300684977 0.77472039314942 0.684766690053356
Anln 5.05352982645438 0.765777024128236 0.633742116783109
Sept4 4.98492374225205 0.665586401035286 0.765623684175878
Pou3f1 4.92744453202135 0.6381458230709 0.0532222781965575
Slain1 4.80579296766783 0.716712174276025 0.765311407800965
Itih3 4.79105323406812 0.193328243056568 0.183021296056439
Slc44a1 4.7224606752761 0.727857613271407 0.821768590422807
Carhsp1 4.71344207726318 0.510400784434379 0.58529766356601
Cd9 4.67586134496837 0.156862385012395 -0.198812014371934
Sox2 4.66943003208876 0.118669076953085 0.2568584868296
Tmem163 4.62541268069009 0.805014683550264 0.641890029215604
Gja1 4.61585651495508 0.0604899709263551 -0.255404068352016
Gamt 4.60203576396331 0.744894533349832 0.725521674359548
Scrg1 4.54487349773169 0.237522130079811 0.112704087755725
Psat1 4.54456480745602 0.199055620702128 0.0998992642256209
Ddr1 4.47593201971688 0.186977208687317 0.0411617882967342
Nkx6-2 4.44178133870138 0.804257008570247 0.738807573215971
Clic4 4.43830731682567 0.336879336920807 0.515080522834173
Bcan 4.43595673737337 0.240832307475711 0.737625183682578
Id4 4.42844351682455 0.0573802581894489 0.023165031038014
Mag 4.40159352784001 0.744772098496108 0.542380204506206
Il33 4.38533149705518 0.00617884093062678 0.0822976609023326
S100a6 4.32225112545737 0.361802937030165 0.285058738959458
Rab31 4.28999910195242 0.186221161179417 0.237256674681233
Nkx2-2 4.28546892902562 0.660106777054066 0.628247461664321
Kcnj10 4.27940487340632 0.220247895616232 0.460499408511415
Sox10 4.2635925419584 0.809849149603434 0.846602539205963
Apod 4.26230297459392 0.673538916478822 0.59250567393068
Rffl 4.25318414464264 0.528225839571845 -0.0514476373775014
Lpar1 4.24529797255717 0.80461585411889 0.745908436279537
Fa2h 4.24403390678795 0.747287081785474 0.647856990517527
Plpp3 4.2365706024819 0.200812547480742 0.393198898687332
Pcp4 4.23198301750687 0.229322436465125 -0.0120963500115821
Rhpn2 4.20537666312432 0.392941283323378 0.36648838955686
Idi1 4.19642629730022 0.131190439647069 0.0110287271495652
Cers2 4.18565025281244 0.470415914344193 0.3570333720753
Chn2 4.17399841613273 0.695967694000397 0.823888775030096
Gal3st1 4.1396890150232 0.80481746800231 0.693884565877407
Tmem98 4.1026394224174 0.69087882774016 0.679720679822789
Josd2 4.06933015418628 0.832750006730465 0.784096471851713
S100a16 4.0524167582017 0.272670819679747 0.145495965397372
Pllp 4.03577577891048 0.84036474726177 0.805008479368001
Tppp3 4.02699864026503 0.663031288835275 0.570973633195391
Gpm6b 4.00633337144424 0.209041471760393 0.327706582400241
Fermt2 3.9628467888295 0.219151727410018 0.811857104378506
Gltp 3.94029356804013 0.717258092289819 0.834556957417851
Elovl7 3.89764455169819 0.728518217914299 0.62536864721629
S100a1 3.87677059861013 0.225870961300383 0.0427421537797832
Pla2g16 3.87646742960598 0.520824174573838 0.554792221022789
Adamts4 3.87149787205763 0.70489931332527 0.463618664962527
Edil3 3.86327876784447 0.454685450429065 -0.0647972468800269
Brca1 3.86071657991756 0.468558226342637 0.413117197003879
Prkd3 3.85946677065429 0.0942794184160001 -0.155128712744896
Pmp22 3.84398240725717 0.136467337017253 0.420521998057667
Plekhh1 3.83900069418367 0.775735295054138 0.585520007190142
Trib2 3.83218326243563 -0.0105529523728059 -0.0494908328880324
Lims2 3.82935006235164 0.809165907768083 0.719970528274807
Efnb3 3.81296401425856 0.448881023962329 0.0522872204568889
Lrrn1 3.79826931585574 0.401143890794768 -0.187291401011812
Litaf 3.76893355509502 0.531338157225307 0.446164633416549
Scd1 3.73736576569058 0.194088174619578 0.364739874341661
Pdzrn3 3.73544817717568 0.231864558589341 0.00398259701093229
Asrgl1 3.72532279410471 0.215487709254911 0.290279942573485
Rapgef3 3.72072898860079 0.144422460846918 0.335395972496605
Wipf1 3.70625274885929 0.51895117342763 -0.189837624912386
Sgk1 3.70069247866416 0.410958669799867 0.245624872193521
Pcbp4 3.63757166088857 0.479664471946139 0.471992042693869
Dbi 3.63615391986934 0.343645337939403 0.10522868252618
Phldb1 3.62881864823871 0.807356686186117 0.776313267713527
Plekhf1 3.5956336092788 0.685294584425306 0.597535600674883
Sh3d19 3.58673442149887 0.555415961827543 0.259933437037017
Sept8 3.58138318616675 0.0759603445859182 0.198092837555834
Gng12 3.57446043847854 0.170912387499451 -0.00783775289348381
Gpt2 3.55113233939048 0.0895120476305412 0.0751859021940822
Tnni1 3.54618356893438 0.752386530070476 0.564226291973447
Vamp3 3.53282932505404 0.236372977962595 -0.0066814181626329
Dusp26 3.52780274653237 0.495730788297747 0.249702757505097
Gng11 3.52528736351952 0.787461556981056 0.734649578361899
Sgk2 3.52265237923092 0.731851046246555 0.527780045069173
Tnfaip6 3.48860233913165 0.592617174013066 0.443553559514261
Efs 3.47426047533876 0.26628724668472 0.0145779168707599
Smox 3.46514780918673 0.122202150532107 -0.255117354475457
Bpgm 3.4622923029571 0.367217729423099 0.47272577114338
Gpr37l1 3.43359805753694 0.209633830321267 0.659058312113912
Glul 3.41448653645597 0.181397685757152 0.563798737151953
Sspn 3.41029232104077 0.218665656411207 -0.0360584217927719
Pdgfra 3.39031649830449 0.355944403033908 0.118634010777737
Arl2bp 3.38821639586232 0.495114418751033 0.446933139166062
Sh3gl3 3.37891721550745 0.634991931826616 0.853822134107703
Tesk2 3.37712242213806 0.34352618922501 0.349970256834316
Ninj2 3.36838620297656 0.81676511379501 0.713231443322489
Phlda1 3.35575821525243 0.618856777018109 0.63364195184279
Rhog 3.33933768164424 0.558611487711207 -0.0956691681287438
Ctsk 3.28249215956734 0.819864323624591 0.699335289175042
Hapln2 3.22742973656037 0.680830950847253 0.368716683279297
Fam102a 3.12488056898377 0.505006091878895 0.391742649174373
Abhd5 3.0584610096664 0.58373895876679 0.607654971850903
Gjb1 3.05632569715125 0.68481172446531 0.406450735409342
Kazn 3.04683697052396 0.896762650793097 0.871434942875028
Myo1d 3.00204612740059 0.699056497112878 0.416811403646006
Ptp4a1 2.96809979529139 0.289079067279567 -0.0881388465740204
Csrp1 2.95091192269622 0.23570197661133 -0.0255311066201
Cdr2 2.8149208685997 0.533387087586767 0.0848789906061636
Cdkn1c 2.77772225666735 0.579625918164147 0.116735726186829
Card19 2.74672243604392 0.529271109232552 0.0556317142881806
Ick 2.70895227963364 0.707947161146975 0.720416667584236
Commd6 2.64919422143482 0.430029773659742 0.474249153949597
Mcam 2.54765970994726 0.620990100641201 0.361088537985355
Scd2 2.4952878043364 0.232951799563981 -0.0160200695571893
Bmp4 2.47916421976782 0.606799297377112 0.318932266901147
Pex5l 2.41032645446281 0.580026835463876 0.071011831324326
Rab4a 2.321642779958 0.371100170576245 0.2012767852306
Alyref|Alyref2 2.30273780743504 0.363959020681099 0.249388920166254
Dock5 2.17576416884634 0.47431623526711 0.00547310551968363
