Ccn3 7.11501950506404 0.742901211693952 0.674852905266537
Dcn 6.88382761793493 0.903391747474021 0.851789326478892
Grp 6.75710747871824 0.832113239229514 0.801158232773935
Pde1a 6.40150046687661 0.781130390893768 0.812732124033713
Rasgrf1 6.35424684329884 0.523069927775636 0.628871370252888
Gria1 5.79141067032078 0.390146432787065 0.0671036773738972
Gap43 5.76234628452203 0.556115867204821 0.670515483073595
Nptx1 5.75044282245449 0.325029946417484 0.323428524039027
Itpka 5.66844960266425 0.57773084417917 0.694594810662572
Cck 5.60662932195569 0.466608333546704 0.529842637420002
Meg3 5.57778984547444 0.445657090316482 0.707177556115238
Bcl11b 5.56547372934523 0.536236207703666 0.545428311854764
Cntnap2 5.54451291524914 0.442956613029908 -0.20297281726574
AF357355 5.50688701290377 0.554997558112736 0.554575156868158
Hpca 5.4930555386956 0.463337220567363 0.511384645888852
Snhg11 5.36069154376522 0.469384081755095 0.503048117864079
Neurod6 5.2425858266926 0.5317768877678 0.281997061730812
Ldb2 5.24066509131977 0.770782123742522 0.771992583900748
Dgkg 5.15456459006059 0.519938929084069 0.0176503801489145
Crym 5.12061841575378 0.511953774844244 0.563333695387503
Rspo2 5.09018633656122 0.734554085385417 0.767521682926697
Mal2 5.08431064768455 0.436629369589239 -0.115317626807974
Ryr3 5.07162917308883 0.708566600928563 0.579247005838055
Pkp2 5.00776149994027 0.512414582431569 0.571870259198201
Cpne6 4.96142565540252 0.688377918272137 0.80438006888008
Cadps2 4.85415812036527 0.503288482934939 0.674589074727156
Camkv 4.72241733675036 0.536748865310078 0.561091831670354
Thy1 4.64948741214725 0.393429850485482 0.615092106631139
Lmo7 4.61543763444119 0.371208675430206 0.696706167960586
Pou3f1 4.56550418312182 -0.00482041190104865 0.0532222781965575
Myt1l 4.56213147786582 0.387826203311884 0.639057354250288
Scn2a 4.54150335321277 0.457061900241329 0.766807439573213
Crim1 4.47096748904235 0.732755687695601 0.808099881110776
Kalrn 4.46092718819954 0.161877198705118 0.0919795158900691
Gabrb3 4.44956712828954 0.638490595005107 0.725342290485924
Scg2 4.39642180623222 0.393055406713473 0.0227101699775182
Bdnf 4.3940712952115 0.668038270383217 0.25501647037596
Gria3 4.37449161199927 0.461777788827704 0.413176409653131
Tenm2 4.32886160055483 0.607058539660657 0.521716724883608
St6galnac5 4.31585616135677 0.466316974602252 0.771711429237685
Nr4a2 4.31286674775502 0.828439126206854 0.760901534644548
Syt4 4.3097330247978 0.562986150602426 0.51368084911845
Icam5 4.30123185236768 0.529350632107406 0.604334479905704
Doc2b 4.2763534045531 0.605313882394679 -0.103320766852323
Stmn2 4.2706368031905 0.480486740820221 0.142561164264931
Napb 4.25075635792721 0.34237279270136 0.516986394264001
Plppr4 4.2490907241488 0.348859863766582 0.288457132022633
Nefl 4.23109216763205 0.234747881166161 0.0911347060847326
Calb1 4.20037627518799 0.27117022815279 0.474321503862962
Pcdh20 4.18633274688872 0.378620992003989 0.539558599151672
Fezf2 4.17302311253348 0.608073770699606 0.620361617145761
Gabrb1 4.16859013418085 -0.000719638628535992 0.61723989727616
Epha4 4.15680787344218 0.460970779633939 0.134640598764791
Syn2 4.15488073237918 0.545664800276106 0.291637717883418
C1ql3 4.12657181381303 0.119470561759278 0.465712927714844
Col5a2 4.11380536883422 0.515707633643311 0.0135546016807943
Ndrg1 4.1025505081757 -0.0210724986322466 0.363481724904423
Baiap2 4.10235395690207 0.493299124228769 0.387365542841153
Gabra1 4.06934646462614 0.136473307225152 0.0225618730788045
Dkk3 4.05097989296356 0.145418387604428 -0.137017227564563
Resp18 4.04530237184928 0.469913834446311 0.30618644747032
Tmem158 4.02357418328356 0.267388743394554 0.351826760855645
Bhlhe22 4.0139507773167 0.351527783566246 0.770427460758503
Snca 4.01319186524711 0.521627734235212 0.706583899944803
Cplx2 3.99524671335119 0.43701339570855 0.174211480776647
Nsf 3.99094132677619 0.410926167080569 -0.0588154512224075
Iqgap2 3.98520891911223 0.633122614722657 -0.156657787178078
Myo5b 3.98398562589306 0.396575951243169 0.321443173666128
Npr3 3.98320986526458 0.876495555173424 0.807307189618952
Hs6st2 3.98058570098379 0.489117739454723 0.168053905536172
L1cam 3.95060285020733 0.443334749861394 0.303185574283942
Tenm4 3.94721279985771 0.397303532229782 0.0451838786003621
Rasl10a 3.92416801588218 0.407126201179164 0.430624817054939
Pacsin1 3.91592959754176 0.477459863811093 0.468539989773561
Ppp3ca 3.90743293137917 0.616134756947546 0.747406048218149
Slc4a10 3.90253605054672 0.250956841041279 0.00668787798633301
Parm1 3.84508001708818 0.483331452347642 0.422424833673949
Sorcs3 3.81401154044891 0.834967477395393 0.831454167695378
Hcn1 3.80895420564782 0.541888622321196 0.100755825580159
Chgb 3.78382542691428 0.248250003669872 0.241582794991353
Rnf112 3.78146742885639 0.200465226186073 0.56406626149586
Pclo 3.76178890363286 0.375935791011689 0.695704441610273
Add2 3.75355050132057 0.536644966277961 0.565727007643223
Nrgn 3.71844525802887 0.347391276742777 0.036556025433344
Slc26a4 3.70380606891551 0.634646392959592 0.263039397800844
Slc12a5 3.68798764920705 0.23545250674501 0.169611016480788
Rbfox1 3.67614930223578 0.193373023755495 0.448818481898247
Ryr2 3.67345597065319 0.335314261509889 0.169560339531483
Itpr1 3.66662383472499 0.415821116813177 0.455842842059285
Map1b 3.66603672793796 0.325278229171126 0.348013845113616
Meis2 3.65873956578974 -0.103739467248869 -0.0511129011419458
Ly6h 3.6440528451636 0.315470765944395 0.0770716905558859
Cacna2d3 3.63883463197987 0.334537420703984 0.414384741743063
Fam131a 3.63126661571474 0.594537672618664 0.377556865112448
Tgfb2 3.61516773406761 0.00889363676557726 -0.102042608818132
Pcdhac2|Pcdha7|Pcdhac1|Pcdha6|Pcdha5|Pcdha8|Pcdha12|Pcdha3|Pcdha1|Pcdha10|Pcdha2|Pcdha9|Pcdha11|Pcdha4 3.60948710691727 0.5918655229913 0.321453085398461
Ntng1 3.59408293017706 0.489946830842203 0.623960462000724
Calm1 3.58579677670711 0.650206168400037 0.560245478507506
Arhgef28 3.57219534369336 0.564634019979102 0.359230137355753
Tyro3 3.55320713002811 -0.0477755236631413 -0.152668030166924
Nsg2 3.53672840673113 0.266585355637762 -0.120165000973308
Ankrd33b 3.53397090229469 0.719388980276352 0.794513805854559
Runx1t1 3.50671635497347 0.646533480445579 0.264502762890193
Cnih3 3.48719083162403 0.720787210619509 0.747446965758052
Sept6 3.46407347379762 0.416850474835066 0.175737172169205
Nts 3.44287839739481 0.831205831181924 0.857248632700232
Brinp1 3.43697655555919 0.347495190442988 0.514881784947942
Htr5b 3.41686804781334 0.850325417324261 0.595294232877516
Kcnq2 3.40627312345587 0.145057852420303 -0.107960506252139
Lin7b 3.40317840353424 0.250655439663973 0.0995693672571538
Arc 3.39782988832914 0.377617207144433 0.343696632872467
Neurod2 3.39140371735352 0.652250953168925 0.707736013294694
Ptk2b 3.38549251996749 0.316658235083692 0.0718204535338652
Fkbp1b 3.38186138893661 0.452895671348175 -0.118339727751989
Slc2a3 3.37998641763386 0.269073792490508 -0.114364875041636
Psrc1 3.36407799713836 0.836972387204099 0.861386770613277
Tro 3.36003575365095 0.550019843766583 0.605466463569327
Fam81a 3.35037082499922 0.400430926273936 0.0197341862271716
Ina 3.34220003362755 0.238654507688756 -0.00397392458111639
Slc6a17 3.33958130185722 0.447281610847885 0.63878314820164
Serpini1 3.33698284205918 0.354611874101402 0.588047614248686
Slc17a6 3.30176622390712 0.610108381849631 0.446051795349461
Kit 3.28589653625238 0.752313200996645 0.826632925592853
Car12 3.27452056234209 0.584217988739671 0.0543828736833147
Ar 3.16029041452803 0.581595003795468 0.146829954231489
Popdc3 3.0103566940495 0.761947678467731 0.695714369807508
Sidt1 3.00067453361341 0.681741146094502 0.680991086135031
Unc13a 2.82281516488781 0.582592990510601 0.254165703652642
Rprm 2.54404617556623 0.0742892624486929 -0.105344628103651
Sult2b1 2.52182394690957 0.717539762652197 0.639473590072883
Pcdhb21 2.36394938762499 0.433894975192222 -0.164773316249582
