Slco1c1 6.68819815561654 0.776306292455904 0.760559792547276
Dio2 6.52031907994614 0.587067047884293 0.545221280399009
Mlc1 6.48548525583516 0.611051598940206 0.570191559018631
Slc7a10 6.36969011849927 0.802494080028807 0.811577826107605
Cyp4f15 6.36858921873888 0.866446183215425 0.840614428986309
Acsbg1 6.34125141900246 0.832464918873612 0.847992649544217
Tnfrsf19 6.2368649366726 0.823413884095868 0.841180265281879
AI464131 6.14326333377634 0.850882483246221 0.873111388533711
Slc1a2 6.1068098237792 0.54282871989537 0.435342888414688
Ezr 6.08108640662609 0.81200579564464 0.841603048098154
Fgfr3 6.03534182304413 0.71105282218785 0.775379111267642
Tril 5.99333276173789 0.744959977500919 0.805661431824548
Lhx2 5.90246037966183 0.690819753246885 0.610056775433524
Bcan 5.853597559195 0.639376293920469 0.74587796908394
F3 5.84417768410716 0.742766114858394 0.722398737542403
Gpr37l1 5.83795557323408 0.560711663760361 0.732762038858991
Slc1a3 5.79342983502321 0.6997792511373 0.698254125988597
Cth 5.73512349764482 0.823651438071392 0.815472595985684
Foxg1 5.7263687953523 0.338516589795479 0.100317791044696
Xist 5.70589623561768 0.474527974558129 0.043416087245151
Cldn10 5.69908302821553 0.80636209257719 0.725824710776182
Grin2c 5.68545650377549 0.715693145066464 0.716179811388927
Mertk 5.68203535654254 0.69503103111156 0.023616097947432
Ncan 5.66529128985292 0.555099669790647 0.683157630309486
Adhfe1 5.6629423086734 0.69950497481002 0.712392385421288
Aldh1l1 5.61926026082936 0.839349212314974 0.846832595979502
Oaf 5.61148102103401 0.746669475301061 0.798924010593506
Fzd2 5.59721723763152 0.759989103453194 0.771336094294079
Slc38a3 5.57009159305854 0.749555117314503 0.725997510489504
Elovl2 5.56345773601896 0.853933897923167 0.8581038674056
Slc15a2 5.56149049782335 0.805647787187244 0.840802630605082
Cyr61 5.55426432257566 0.883369670306448 0.857814268177357
Atp1a2 5.49506979686024 0.486342199360608 0.532457804627888
Gldc 5.466669842336 0.735082282292618 0.734069209013029
Plpp3 5.46632057112531 0.647978076395361 0.77862411729553
Cyp2d22 5.46401923331002 0.813734457270311 0.834154105430177
Pdgfrb 5.45965792277458 0.558179140886531 0.437108651725583
Gpm6b 5.43730934984842 0.368670878227011 0.32781385650888
Ntsr2 5.43112232089777 0.708786084741505 0.728514178056241
Fmo1 5.3890868231962 0.73150118589556 0.732893383173691
Scara3 5.3485983876064 0.764393155191339 0.78826019010128
Wwtr1 5.33559122205583 0.79439648408116 0.756883370360999
S1pr1 5.32312296296304 0.646445761679933 0.639142779831834
Eva1a 5.26783700768018 0.706647432781737 0.738089793192592
Pla2g7 5.26173799143146 0.704723856644192 0.747916127494964
Vcam1 5.21729761053498 0.682682070725041 0.729503777174409
Aqp4 5.19557069078526 0.6510434906025 0.609882603373067
Cyp4f14 5.1375452911472 0.853823004136944 0.85868424702626
Ccdc80 5.11178763163272 0.821947684624184 0.8137219097349
Cbs 5.08554002395673 0.745696118462301 0.725846175582477
Gjb6 5.03886728849186 0.720813348385075 0.734174711121178
Tlcd1 5.02400409122035 0.668666557480031 0.674059456340447
Gdf10 5.01236927088711 0.850987891974558 0.855440653419848
Cyp2j9 5.00893894566931 0.605435428077222 0.715988047172526
Ptprz1 4.98272523412218 0.504617758137027 0.704572742276582
Prodh 4.98048266878002 0.789683921459148 0.767657275081613
Pbxip1 4.97971629318611 0.740646271358563 0.721219446308713
Slc14a1 4.9456177413677 0.830816194200578 0.814784058229655
Htra1 4.93906847387597 0.541184953197108 0.6221943064331
Igfbp2 4.914681945537 0.749066037175329 0.728149975294568
Nrarp 4.89683749668493 0.603993641177324 0.482462120109468
Axl 4.89533213727719 0.694434498645893 0.655271115291767
Emp2 4.88800151492718 0.793376084135675 0.768738163196783
Mfge8 4.86750686846587 0.567137740621434 0.626661091435354
Itih5 4.8656519465993 0.736509915922091 0.739068067728589
Phkg1 4.85092214062107 0.84030938704226 0.813472871204969
Dclk1 4.83604571711315 0.510748416508342 0.536613238562455
Ttyh1 4.8353345824236 0.358509502536698 0.468699757007153
Egfr 4.81643237259824 0.83085505014835 0.775336941754331
Tlr3 4.80910969428403 0.601338465130819 0.613259345282609
Sox2 4.80381137553311 0.414294691389144 0.256502273046404
Fjx1 4.77878162671351 0.788457489274694 0.863193164930019
Ttpa 4.74245092129788 0.825550185178265 0.772369804703734
Slc4a4 4.73051018823582 0.403690410768859 0.345466125857536
Id3 4.72315781762252 0.612364733340623 0.455377769249416
Hapln1 4.70732876101536 0.671534335439738 0.616606468674956
Prkd1 4.70726374096323 0.696579371623282 0.678488085136365
Myo6 4.70306786020363 0.479583332735669 0.540338316099749
Hes5 4.68848735846781 0.285629540787113 0.269068118860258
Papss2 4.67589315267605 0.794810251429823 0.734481894347144
Rlbp1 4.64508525156988 0.507350005942276 0.15172412401797
Entpd2 4.61282882277314 0.735518703354439 0.754260109780311
Hsd11b1 4.59857464888511 0.806297059383225 0.81540526434882
Scrg1 4.58829388177101 0.388047816895836 0.111733237102384
Gli2 4.58475644858247 0.803517904151687 0.758762905145804
Apoe 4.5655966456547 0.623523201870181 0.666250258051978
Itih3 4.5573452657094 0.23402865859742 0.183031662938551
Ntrk2 4.5519467096531 0.652221848419967 0.728654270938923
Ccnd2 4.53375210576598 0.677659610004782 0.592529320250839
Amot 4.52788764907226 0.513370972118277 0.652548332542668
Lcat 4.48459782841111 0.827922187930743 0.817798000719923
Acss1 4.47847863695887 0.676703371411825 0.681042353164821
Timp3 4.44993879205671 0.652868434341104 0.619538659143053
Glul 4.44109510472635 0.358892612030568 0.48517509232173
Cyp7b1 4.4361722115506 0.779052766164989 0.815459345245038
Rapgef3 4.4359240133592 0.0057434767886112 0.0483607062239172
Fkbp10 4.42522555960269 0.819045356375119 0.815042389668298
Ssfa2 4.41974590892763 0.637094395632123 0.159445505663991
Klf4 4.41352221668613 0.545253263429749 0.471143080807738
Igfbp5 4.39214402620789 0.202682478728382 0.433224260667929
Ptpn13 4.36790780614403 0.626276297841627 0.427017109987406
Col4a5 4.36077731110014 0.790514624109727 0.780108493992729
Sorcs2 4.34778814745726 0.780777242486187 0.77393023981352
Ndp 4.3282115087397 0.717394553805622 0.631657444709025
Atp1b2 4.27369228957034 0.271020267201166 0.402226548622266
Slc12a4 4.26100837235194 0.719973028882676 0.703454226373437
Selenbp1|Selenbp2 4.25384992970609 0.594092581141913 0.707208190348713
Slc6a1 4.24691078077125 0.465179982014952 0.509635791767867
Lrig1 4.2339142532808 0.603776866988605 0.557672944508317
Abca1 4.21715137773922 0.648557023289779 0.131832799862662
Gas1 4.21587906046718 0.567299579075022 0.433439958017736
Fabp7 4.21477199549673 0.356414545428436 0.176965330793772
Ednrb 4.20406655232116 0.653907853703761 0.520275299017579
Lmcd1 4.19654004330494 0.675034892353637 0.549617195775667
Cd38 4.19052328534883 0.821240267347063 0.780459374967831
Sash1 4.1834721362467 0.62463120720673 0.78277597408774
Arx 4.15835816129294 0.558830255512207 0.485665082660312
Sept8 4.15569800399792 0.477817595375754 0.25469801136639
Nat8f4 4.13516426255743 0.781847352673727 0.7743439980923
Dtna 4.1326599666303 0.710320161021741 0.753944914766565
Pon2 4.13242649847082 0.426945181709235 0.558964520074876
Prom1 4.12346636848431 0.334662331184852 0.27979622418856
Oplah 4.10703110387476 0.768559041855601 0.87251183449592
Slc41a1 4.09146127007621 0.845593410940813 0.840299627842986
Galnt4 4.08561536715443 0.657706995175445 -0.0862625467877269
Pdk4 4.07498424004925 0.599096087078623 0.598105321891196
Dag1 4.06393899203518 0.671677508224607 0.731516346368485
Farp1 4.06344970549015 0.49843148784574 0.500234988558191
Rhbdf1 4.0573274833301 0.491582691598558 0.430095722201515
Ctsc 4.05722085266247 0.511979714829582 0.529792225537126
Sox6 4.04668983923453 0.191222908204044 0.118282586897786
Car8 4.0398640129534 0.448604014969866 0.14790114510697
Smpd2 4.03422657447842 0.687052109752708 0.756377381710953
Btbd17 4.02921443662382 0.817638679692012 0.835369592906767
Smpdl3a 4.02598411019031 0.750683597631133 0.784626748348411
Lpp 4.02363384768994 0.823791775772082 0.688921781759529
Notch1 4.01170153247538 0.733485935279098 0.764811788641146
Fgfr2 4.01121751124857 0.246148312805485 0.223740682976029
Crot 4.00310255220535 0.562586632459354 0.598034748457258
Cspg5 3.99788883279576 0.697776160682544 0.593614008319116
Pdlim4 3.99606646813427 0.618292040102438 -0.107626616301089
Slc1a4 3.99572804036965 0.246045583895528 0.274922062415132
Rftn2 3.99125491224338 0.62777239602769 0.580449122026446
Sdc4 3.98445047687845 0.671629912171154 0.755698444172829
Asrgl1 3.9770102338933 0.289695007441259 0.287757514664353
Cxcl14 3.97553730238024 0.561654524995643 0.475071717175078
Tjp2 3.97066405844607 0.383078536338595 0.297222025537208
Macf1 3.96666511350433 -0.133670849543129 0.100380337323607
Sox21 3.96306070203971 0.600130984636476 0.428857404995959
Kcnn2 3.95320842137311 0.711168375477819 0.747589637589565
Pdzph1 3.94923186107607 0.786853223491762 0.682707232270952
Fads2 3.92395620967059 0.699195233017265 0.711203768732584
Fermt2 3.92193518903892 0.437889224711553 0.811227120619852
Ptn 3.91114129728683 0.223364301059341 0.277416611984674
Ppp1r3c 3.90759885235982 0.726513427172518 0.735501062017654
Acsl6 3.90079059193282 0.621940589020451 0.683267406202443
Heph 3.90043250121381 0.694292136419736 0.620743909084962
Slc9a3r1 3.88371037320689 0.616275043237294 0.645781696983549
Wnt7a 3.88346803014976 0.722133405783633 0.632285444728108
Ccdc88a 3.87326049704633 0.664924246660516 0.688471807937183
Lpcat3 3.86440481027839 0.499436660501431 0.368487033446007
Timp4 3.86230029825755 0.415440865620704 0.323149282830749
Aox1 3.85978222587892 0.699141836757226 0.605375541847262
Serpinh1 3.8440159676379 0.475533626271695 0.464784107773168
Tmem100 3.83533764216098 0.407423237103844 0.0977067168494742
Vegfa 3.83335956354675 0.808366855236918 0.757508478266235
Pygm 3.83201025149167 0.704489528789919 0.611005874305225
Ngef 3.81955176755173 0.551092396642227 0.48285851949803
Add3 3.81821364236603 0.603144886366443 0.705446716413169
Gabrb1 3.81647134241496 0.11273332120726 0.38524210525882
Itga6 3.81542522401809 0.678521189750496 -0.12839271730186
Tgfb2 3.81465802969059 0.603116916617181 0.531139044641126
Il18 3.81212455851751 0.379465767212253 0.646414306435096
Zfp36l2 3.78033101702888 0.527662577767346 -0.0438182143146671
Ephx2 3.77442613786584 0.787838335441551 0.775965356955259
Tnfaip8 3.76778153860161 0.48154667355413 -0.0685184420173606
Srebf1 3.76636681957752 0.710489211226447 0.656097895448312
Trps1 3.76248367713993 0.678597578743068 0.731756000175544
Mmp14 3.75984192404235 0.706291228631166 0.650674483266838
Txnip 3.75747922434938 0.505405612057634 0.534275457018026
Antxr1 3.75279717103456 0.646903641112901 0.703376443995226
Naaa 3.74101965321989 0.722917766959271 0.692796287597442
Pygb 3.74046811754501 0.577954796168544 0.646615317198644
Klhl5 3.73751003534131 0.331954595555411 0.0683075428960921
Pdlim5 3.72981707331187 0.638120881576521 0.688432379194045
Phka1 3.72269334752934 0.554907472325838 0.596423836845545
Gpld1 3.72070923094728 0.401464508298746 0.68796300168449
Notch2 3.72039248190245 0.396702518134621 -0.0435635125582493
Arap2 3.71266741794198 0.388487948496796 0.281808519728684
Nkain4 3.71169524230683 0.66362635822847 0.57779170699844
C4a|C4b 3.70240198330411 0.350758393240998 0.280556878673865
Id4 3.70020586562269 0.475948993755073 0.51011396077996
Ndrg2 3.6915063443772 0.175220951182605 0.295978071105004
Ptch1 3.68818599932585 0.536730376912745 0.490399049962539
Myo10 3.68568755112373 0.684674751115491 0.648946417759912
Tmem51 3.68431220520524 0.625703236872777 0.657131822864043
Gpx8 3.67638164008079 0.581971498310177 0.406774942759366
Mfrp|C1qtnf5 3.67213770265669 0.625019767306217 0.603779979861133
Sox9 3.66719349530818 0.795999901954045 0.741089269013008
Fmn2 3.6558307913074 -0.0046556453601604 0.159910240905516
Yap1 3.6548446352373 0.270670793166209 0.269234904340284
Sox5 3.64839006865243 0.628897018723773 0.594333789117626
Mgst1 3.6273655381139 0.658036916955076 0.570170569396731
Aldh6a1 3.62538306899049 0.618155262788979 0.765790022572023
Nfe2l2 3.62173979057145 0.492287311753238 0.452443442925438
Vcl 3.61737772897252 0.773279501192824 0.789918147184621
Smox 3.61510195843108 0.326858717955821 0.497026410068514
Cd44 3.61417894164938 0.610551883603437 0.549631264022627
Hip1 3.60513192919979 0.24581058087556 0.329985589461602
Prdx6 3.60031638924006 0.603926659229743 0.656137061832776
Psat1 3.5982113033954 0.150385467101794 0.0988967160612217
Cyp2j6 3.5745142222359 0.365617762743428 0.221059383223496
Pttg1ip 3.57217300856496 0.387574342157637 0.0558812596933961
Itgb5 3.55957858745952 0.48737743659846 0.546356335545938
Aass 3.5577890699678 0.71935487400968 0.633672580266948
Celsr1 3.55496260283185 0.83500692566164 0.783128009620455
Hnrnpa2b1 3.55134543414224 0.404318732098592 0.0245561234797803
Limch1 3.54755527058685 0.182357023563968 0.357798035372244
Prelp 3.54431690401055 0.724611670315691 0.625263395073292
Gramd3 3.54368317042844 0.351250545492744 0.0798885210836513
Bcar3 3.54157933744048 0.762960874030275 0.758263246538132
Epb41l2 3.53737791729002 0.318062754026214 0.344604669055416
Selenbp1|Selenbp2 3.52972236162092 0.72014862809444 0.78819685869187
Nfib 3.52841862462724 0.507420578623301 0.561297984701541
Eps8 3.5276347500055 0.50246407308681 0.327457667331203
Stk17b 3.52586743900772 0.524819769936901 -0.0324488707098534
Nde1 3.52318002320147 0.325450398103349 0.0725989889595206
Acaa2 3.52175276483448 0.782143397860463 0.759579913207556
Nr4a1 3.51808692671535 0.24661964942873 0.319377242699907
Gja1 3.51575086291598 0.372012368681338 0.509894460054087
Car2 3.51563438196609 0.233663531138182 0.0011712971800959
Fxyd1 3.5108506619496 0.653344532454795 0.647679486553746
Zfyve21 3.50940295692393 0.359199124708121 0.357722147528674
Metrn 3.50453731095784 0.500081705341737 0.304457197700496
Lgi4 3.49907230072724 0.800441015091221 0.769179698693768
Tulp3 3.49036978761485 0.690607877160726 0.686081820159413
Aldh1a1 3.48254614856753 -0.114839788051062 0.168623529108253
Acot1 3.47697781297499 0.327360783734474 -0.061021936594642
Fos 3.47117690853018 0.424701934001815 0.418594029460351
Mmd2 3.46808885730605 0.365736614413493 0.523779668369458
Fam181b 3.46147125867133 0.618710817896748 0.512384561825193
Ppic 3.46019358916853 0.702399776414006 0.606770132361341
Phlpp1 3.44876730926952 0.44559042853027 0.3257105666492
Pax6 3.43977864645334 0.775868994076929 0.744010544387134
Kctd5 3.429362701941 0.528429405357263 0.539004667372079
Tenm3 3.42489853922385 0.702988187572459 0.73525950286692
Ddit4l 3.4102139487661 0.60708020077354 0.335282366034117
Ppara 3.40857249943382 0.849489511776742 0.79916449531982
Sema4a 3.40680255528466 0.629980373336328 0.596289559446054
Adgrg1 3.40673563968202 0.696624616556646 0.382063240950214
Sparcl1 3.40048925106403 0.654125733892987 0.712794482305595
Lrp1 3.39985277529029 0.542015159563273 -0.154154108627708
Klf15 3.38922103099521 0.637315322811609 0.617413540250173
Asph 3.38127283367785 0.481710235714157 0.204044268100301
Zfp36l1 3.37475884685538 0.325731147817647 0.240028076920446
Mboat2 3.37216358104513 0.416544695792254 0.335989641001681
Smo 3.37134553103391 0.453633685680389 0.413257042442724
Abat 3.34968649058235 0.558715659056434 0.548260556351105
Cyp4v3 3.34030368279925 0.293066587088593 0.264148652245768
Rb1 3.33491080479803 0.562526018813003 0.550419835002768
Scg3 3.32305216999669 0.653022556661913 0.70189447900473
Snord47 3.29893573108674 -0.0405364129786941 -0.175710667643384
Itga7 3.29644357446506 0.783602431033643 0.764908639547949
Suclg2 3.29245252999568 0.635144080953417 0.160146644714179
Tnc 3.27578069802824 0.694346769090719 0.600874926054201
Fgd6 3.26715600127084 0.812419960302048 0.771131705161557
Mdfic 3.24702847380456 0.442670425435853 0.313766457176286
Tfcp2l1 3.21596947227704 0.739611336237341 0.678973992147633
Rorb 3.10367904195178 0.67030931424027 0.66529100068182
Swap70 3.08166291594716 0.512881209311766 0.199442355226874
Efemp1 2.96299473154407 0.271893026833042 0.206154424766418
Vim 2.95648928147366 0.341241035874478 0.0776505957231112
Fbln1 2.95474292266481 0.589909823415771 0.462082258252849
Fzd4 2.9433325869112 0.761212745034719 0.546550058082081
Adora2b 2.88178831897041 0.279851530659854 0.136078637328007
Gfap 2.85098231393893 0.380569810178887 0.217687261426673
St6galnac5 2.85018209754024 0.548399755043286 0.456790454019765
Prrx1 2.83269896493756 0.547122764481063 0.200274669157894
Pou3f4 2.82218190651532 0.273516616147535 0.165332753855704
Serhl 2.69201829932853 0.698848525307416 0.748078323088421
Tor3a 2.64591469397386 0.622099168879555 -0.189135329545833
Arhgap18 2.61657445336303 0.62517347717808 -0.161090717500903
Clcn2 2.59008773104281 0.614990767318116 0.462834049063183
Gdpd2 2.5795245499207 0.34766178892646 0.236810427831919
Rnft1 2.47188779067339 0.585866677556447 0.586394659404335
Itsn1 2.40630332489973 0.598496890453463 0.541580429036272
A2m 2.30967041574245 0.690981853379227 0.46278392397165
Aldh1a7 2.14351622374954 0.0422004834259383 -0.101149146290638
