Calcb 8.22445750901412 0.93885429164994 0.9402173212698
Sncg 8.05666655025 0.202488241611653 0.182748148601393
Calca 7.54603775922258 0.756577680609042 0.71661791716208
Slc18a3 7.26335942057223 0.953938719264487 0.947702239493161
Prph 6.42660177002167 0.863963905809113 0.884525963220901
Sh3bgr 6.00092739648122 0.790339367101613 0.779387544038669
Spp1 5.98303183660096 0.660082967152065 0.65208094610019
Pcp4l1 5.73047093760562 0.731872934802091 0.749781723571388
Kcnj14 5.54874880730119 0.85377976496378 0.872137782912162
Isl1 5.54454171820375 0.843898587847776 0.828915412899609
Chodl 5.53525936816129 0.828223032990464 0.898037816175323
Nefh 5.51173274668272 0.491596736619401 0.707412576821654
Stmn2 5.5100253954971 0.379620356938843 0.552913424162741
Nefm 5.43307390718604 0.392953775771985 0.497626684507175
Susd2 5.2485446774169 0.252789512491472 0.319485637182261
Vamp1 5.19364949327446 0.548542306067631 0.727669586685328
Fxyd7 5.1901938742372 0.664254146000067 0.674121137187004
Hspb1 5.15844303124054 0.818147545661555 0.787533094984308
Nefl 5.12120173824061 0.226985441890442 0.424566225043494
Irx3 5.11647650176215 0.776026186252035 0.71364819396687
Lgals1 5.03988378804697 0.634968898689462 0.63789623928669
Hebp2 4.93488645269386 0.601736029505255 0.61655983086939
Tppp3 4.92441115961365 0.409682360124941 0.0906578857013784
Resp18 4.91977650064314 -0.149962716024744 -0.22709206131558
Rspo2 4.84448800715021 0.605891641111345 0.558092722784538
S100a10 4.78795700537409 0.424124642523474 0.556651910522125
Uts2 4.74375531492757 0.90015217135712 0.863622665157091
Nts 4.61493299297851 0.67058102066455 0.595243021358071
1110008P14Rik 4.53290893627657 0.661887371363079 0.718333080249186
Cda 4.50593887798753 0.739275463227672 0.778684710141251
Cbln1 4.47662693347993 0.0998580726868103 -0.0297727314682448
Cd24a 4.45061017131816 0.631421066639781 0.600778750800437
Cela1 4.38345557391967 0.584147378171247 0.753207186659195
Cyb561 4.35898342241404 -0.183110960080155 -0.249446086689985
Patj 4.34867649573267 0.639744113268792 0.783036957953712
Fkbp1b 4.33354368732452 0.290258600343614 0.417186705772154
Tesc 4.33096719267528 0.609908103162169 0.658165236721872
Lcp1 4.29751804355588 0.547129992125961 0.615357011838729
Ache 4.29254474874345 0.293632453831423 0.354433919287748
Popdc3 4.17150492166018 0.751796061880928 0.675057881924249
Ykt6 4.14811856668638 0.713230300664983 0.819596779117812
Slc29a4 4.06691183030244 0.775483623539314 0.644848464169899
Cartpt 4.06304529886382 0.20072743449945 -0.119396614176089
Trhr 4.03575523370256 0.196135626871323 -0.124982609467838
Scn1a 4.02366798929884 -0.170694730726151 -0.0160522477881929
Caln1 3.97976858084907 0.371859911788435 0.423896856364803
Anxa2 3.9465175895006 0.800493050678972 0.772106051267177
Hoxb5 3.90752342606534 0.700342211810001 0.350109678681976
Nrip3 3.9025064114812 -0.12204813159593 -0.228123502839027
Hspb8 3.89517443151074 0.681454518380851 0.763934697517357
Lin7b 3.84024247272552 -0.14069261814094 -0.0173356115328366
Gal 3.8304276041611 0.52062664909202 0.331748802840257
Lrrc49 3.73198645106911 0.677367866268034 0.627538064572037
Medag 3.72189715781882 0.658359819387113 0.581378844444189
Prss12 3.71923239025982 0.4949041581611 0.695305887117722
Mcam 3.67435847584032 0.507158004110562 0.186304608497927
Ecel1 3.66341905512419 0.846292670633566 0.806733527877542
Arhgdig 3.65660589993196 0.12726455529844 0.10166127633473
Fabp3 3.65604308147952 0.226986449958833 -0.0292914845935009
Elavl2 3.62108582358633 -0.288622761660851 0.0454878764367073
Ccdc28a 3.61976383431617 0.317799987891883 0.387025233621787
Emb 3.59433019962439 0.222403547243226 0.459452351500205
Lxn 3.56525280738193 0.379395166542783 -0.00656975851792344
Ifitm10 3.5598776110248 0.578423657509528 0.687471213768892
Cd55 3.55862226949134 0.718589844563925 0.671407330960388
Atp1a3 3.54238903076248 0.240425220199952 0.116145133256622
Tmsb10 3.53049330681735 -0.0290286690471394 0.033174761815132
Sult4a1 3.49493582371507 0.596985316173373 0.516031668119274
Uchl1 3.47842426946157 0.0816231194233902 0.125001462510401
Anxa4 3.44920376947364 0.72292133963331 0.68078298007691
Clvs1 3.43784839613549 0.298116937427909 0.344754311783044
Tdrp 3.41894091152317 0.269157605797949 0.579766991046562
Cend1 3.41856469204675 0.441346604046165 0.419418897734484
Slc17a6 3.40846334112775 0.0097675694093807 -0.126563240981597
Ckmt1 3.39094108895515 0.0217872679573151 -0.164234814632783
Htra1 3.38650841191144 0.110917396088368 -0.0429154152213959
Pfdn1 3.37927860146516 0.308716033355086 0.0507434255921035
Dcn 3.37234546912786 0.455395188886615 0.38977082771961
Kazald1 3.35623860943731 0.628167674911018 0.598227467827464
Rhov 3.18792728229498 0.491141571907065 0.20395026595258
Fgf18 3.1731550457617 0.537205848871891 0.471729892301554
Elf5 3.16662589601327 0.584865046872778 0.0771894175251931
Pip5kl1 3.16183582050593 0.762115617559719 0.696762609596587
Cabp1 3.09569308720271 0.773068125606943 0.762059729579816
Rgs11 3.08588266658407 0.0038113224857806 -0.276551302847137
Kcnip4 3.0606776861051 0.238446393950663 0.094266650402849
Stbd1 3.01064489880467 0.619334773985441 0.583936812012921
Hist3h2ba 2.92619980800614 0.196846983395652 -0.0983871991817517
2310030G06Rik 2.87245597945991 0.614483205443561 0.655171975637334
Pctp 2.7805717183494 0.7001846895704 0.716912663013512
Hoxc4 2.73830226507334 0.521330269448134 0.442609794476268
Tuba8 2.62847154930186 0.619185096281742 0.597248489419062
Cidea 2.59184900055081 0.729282655652186 0.518170035609726
Magi1 2.56465629843449 0.246047762221466 0.0617124175880195
Polr3g 2.48428369761009 0.75554421143245 0.75841216598172
L3hypdh 2.39885321311439 0.518468248858865 0.493450386772561
Cyp39a1 2.36762016271405 0.657523542733414 0.600516202769483
Ppcs 2.34585731533803 0.645548353545802 0.626474279197703
Sh3bgrl2 2.32899043072621 0.683599503966576 0.589627889214325
Bean1 2.18794522467601 0.430497092980253 0.415565272334312
