Slc6a3 6.78782868301674 0.847863675478775 0.749061045152375
Th 6.13538418707541 0.842963747061784 0.745937343129877
Snhg11 5.53585795400532 0.808299251273033 0.82844258200605
Grb10 4.8986340330086 0.700744449371377 0.473619958899603
Sncg 4.83315476591987 0.366259886250501 -0.0766331961365878
Prkcg 4.62830508175699 0.708334632339007 0.61465402259485
Rian 4.50842127196437 0.644364698742358 0.360938401991871
Cntnap2 4.44356063596612 0.667157060715798 0.722019279670878
Elavl2 4.30232186038965 0.580840582553077 0.315003331476001
Sparc 4.26688927544819 0.382123410932557 -0.0623114280993149
Cadps2 4.24499842689433 0.716090163730761 0.703682950236938
Scn2a 4.16584719451311 0.792160959345458 0.851074068332455
Mapk8ip2 4.12675521413206 0.734664615694608 0.656710735670095
Cacna2d2 4.10378331741099 0.803375194301592 0.885146383776438
Resp18 3.98409049272898 0.432275127062389 -0.22709206131558
Eno2 3.96795853624035 0.562654997120433 0.565620801023818
Tenm1 3.93683350491685 0.789555789335193 0.623256224421631
Chgb 3.91647447702378 0.532626326229676 0.060746421354408
Scg2 3.8875320994279 0.474723743415016 0.11811075102298
AF357355 3.87491457198702 0.672182867315264 0.454561071505903
Tacr3 3.83389579450473 0.585250534010556 0.141393704160459
Sptbn1 3.79306242090458 0.473223700818776 0.238097706428284
Slc1a2 3.76108173473424 0.0835784513351949 0.0346361344060152
Celsr2 3.75210137467991 0.562494460544467 0.295499772070754
Aldh1a1 3.74141309576169 0.494100693178788 0.168623529108253
Lin7b 3.74019320032884 0.427516084890553 0.0576949638017248
Rreb1 3.71571124781283 0.44858068420202 -0.00873457087364013
Syp 3.67894017259265 0.396285563338878 -0.371836290089171
Amy1 3.67254137646505 0.416692839277512 0.151469827256267
Rapgef3 3.6722241338113 0.0986867330992302 0.0420962771378629
Usp29 3.66074155407507 0.419905736051783 -0.241484881319268
Chrna6 3.63963566511451 0.681058503194195 0.413282890217257
Meg3 3.63304640611284 0.628070069184631 0.50772702604069
Cers4 3.60448961093331 0.446948975351096 -0.158248135519293
Syt1 3.54193010784121 0.172169285965964 -0.276947838850546
Pltp 3.51686950646917 0.4498874535224 0.194614262026177
Ahnak 3.50818451548772 0.322941113275697 -0.102329627427856
Scn1a 3.49856921898142 0.486524872037698 -0.0160522477881929
Ret 3.49609334229386 0.361997039830385 -0.258113173383976
Macf1 3.48605770626356 0.359120897837424 0.0576841760095737
Ubfd1 3.48047811635159 0.562654177088375 0.284531862788374
Cyb561 3.45053470266963 0.456804082390784 -0.249446086689985
Cplx1 3.39587444423718 0.518923392443632 -0.20992035610095
Malat1 3.38946587227457 0.47194708563812 0.461069191730187
Nr4a2 3.38731938561723 0.693592885088088 0.586178531528252
Nrip3 3.36418168089092 0.410798272709375 -0.279304665812927
Olfm3 3.36173153935103 0.554730116602756 0.273599129164946
Slc3a1 3.33828229895937 0.187034992482408 -0.426482671090187
Neat1 3.33437998276177 0.466737848729704 0.202671542793846
Fmn2 3.3220527152958 0.402248167055539 0.159910240905516
Klhl1 3.29873041201407 0.531884772630383 0.169079039694477
Brwd1 3.23273676787181 0.618064813002718 0.393417419225857
Caprin1 3.16925037853566 0.365983868532822 0.0486224382066513
Ntn1 3.16583545212771 0.580631002964916 0.465179214767383
Tenm2 3.14338095226458 0.194579240006894 -0.300903528060756
Adcyap1 3.04896213163327 0.399716668905026 -0.237669169959254
Plcb4 3.03326940060924 0.06864703898906 -0.49454231028465
2900097C17Rik 2.97385048776212 0.110367354387715 -0.376911098837794
Cntnap4 2.89372909052113 0.447409815828956 -0.0382364820745346
Fto 2.80861615272104 0.123810936131626 -0.467290424088029
Etnk1 2.79095674608719 0.146471040770667 -0.46038659770524
Zim3 2.70977272303383 0.579832964328617 0.15600194274094
Akt3 2.70473873135581 0.122627426690525 -0.452595235967122
Uhmk1 2.67146220239995 0.0525696131166012 -0.428040546046429
Clstn2 2.6579617874212 0.641345634305851 0.193784363462507
Cdh8 2.64962861342111 0.340318950653331 -0.222406028206586
Coq8a 2.63158299644091 0.181462389904762 -0.322002218752439
Syt17 2.61793829750481 0.473403961251431 -0.0206471667919884
Atrx 2.51066355785771 0.166198335669006 -0.218507128422253
Ebf3 2.48264035106036 0.49910230765783 -0.124481301708697
Zfp397 2.31462174311001 0.684631281508022 0.593687844761234
Ntsr1 2.31125894560755 0.485131135677521 0.202228774594268
Akap9 2.27274024958863 0.0307204918904941 -0.292049706985087
Kcna2 2.22374927614609 0.700459220115134 0.610621311701043
