Gdf10 6.51300678188995 0.627517761010136 -0.0820101064062651
Vim 6.47017871741244 0.430323108652187 -0.0508450771637311
Itih3 6.37292374837088 0.388247031185564 0.0557153787777716
Gabra6 6.33834575401245 0.582906967124579 0.267062064244014
Tlcd1 6.33794281085619 0.634996017159693 0.378126582538142
Slc1a3 6.09624020837007 0.48409032193581 -0.151898197155048
Aldh1a1 6.05032100404561 0.285392208644858 -0.231528301121358
Ttpa 6.04654033855701 0.752496846744547 0.401933095470111
Timp4 5.94416552869736 0.415314965445771 0.0947741948562905
Gpr37l1 5.93270668332195 0.375287129523292 0.0984024211050558
Efhd1 5.79631246457825 0.443072203214219 -0.258845413868987
Wif1 5.75544463170888 0.750691511176335 0.0818304253964671
Fabp7 5.74530598034432 0.409247626962313 0.0180069034509017
Apoe 5.68864968874332 0.358456771844565 0.0771392243404767
Mgst1 5.67698026786939 0.558797922068316 0.0715157206136194
Ntsr2 5.61371320790884 0.578389536491478 0.522913846452749
Elovl2 5.46304436492135 0.662618955689705 -0.0166048838640354
Cdc42ep4 5.38756996643972 0.632914830624378 0.541910789469113
Tril 5.37852615991908 0.513443034919023 0.101951439075333
Cbln1 5.35797397403657 0.299469692716183 0.121836435304423
S100b 5.35033545133775 0.314194505475163 0.269074096618736
Mlc1 5.322337466022 0.486540193477827 0.369538108048318
Gjb6 5.31462215279906 0.594373292503003 0.493228348688487
Gpm6b 5.29115737592139 0.189193867535593 -0.0314166098807398
Sparc 5.28909460393689 0.0926210347693089 -0.245266716173591
Slc14a1 5.25241678100845 0.727869006860509 -0.0847351281960839
Scrg1 5.25164114960697 0.530054826908978 -0.16509816396913
Pltp 5.19991552387862 0.526398934765785 0.323026157713023
Aqp4 5.16391457860353 0.395276820843556 0.0738927601728026
Dao 5.13154737647906 0.836729567476062 0.630598258775523
Cldn10 5.12596482192675 0.717543594427986 0.188461641965044
Hk2 5.12070193492489 0.728612482239244 0.173752438399486
F3 5.09636448601986 0.561652542245287 0.337666420279338
Fxyd1 5.09069922923031 0.708356261159502 0.415973961976816
Cyp2j9 5.05276590794487 0.55084164456228 0.37231710328986
Itgb5 5.02886122651861 0.510060574068506 -0.0716815339831676
Fam227b 5.02579187981557 0.754794388664163 0.628736078293779
Hopx 5.00291964302546 0.365545577457108 0.506578797423852
Cd70 4.9908523567959 0.848290886169311 0.678650957003347
Pdlim4 4.98562173653146 0.713246322413017 0.203533425599685
Cebpd 4.96455694384064 0.565568812681847 -0.0562800048512299
Acsbg1 4.93099093151877 0.643366546702796 0.166632387354656
A2m 4.9038808203016 0.745244612372026 0.420151569809577
Sept8 4.8486922446861 0.495551152766051 -0.0928975559802032
Sox2 4.84228472374863 0.320709715202502 -0.147500651551719
S100a6 4.819950082549 0.444768899882834 -0.113710986072719
Gas1 4.80422249075019 0.536665919928308 0.0410401554508754
Lcat 4.80285911508843 0.670995176828012 -0.102812231660918
Mal 4.79802663450838 0.0756807818148052 0.189390803069695
Metrn 4.78696725894335 0.610364986658485 0.487189505898923
Cxcl14 4.78099492725286 0.481180982761678 0.17575472454559
Zic1 4.75484418513519 0.231864203531953 0.268864289764485
0610040J01Rik 4.74034845160167 0.70277705746159 0.317905413449888
Tnfaip8 4.73875884678352 0.609058209572937 -0.00105770299201195
Slc9a3r1 4.73635468299224 0.471615702918876 0.4458502934492
Wwtr1 4.70751783061661 0.424040138348831 0.356880425463925
Gja1 4.69621219789101 0.159960752892903 -0.172594279496318
Cd9 4.68834942823512 0.395232275788508 -0.151540008634949
Fgfr3 4.67016200684338 0.534412084752056 0.496142442406339
Zfp36l1 4.66433738720364 0.408115850977252 0.0104152085679018
Aard 4.66368842880064 0.60333752050311 0.586047719208991
Hsd11b1 4.66176484643142 0.585749762104152 -0.0728375074942628
Lxn 4.61788856852381 0.495796175216384 0.526251126487406
Vamp8 4.60855100831037 0.583723303901758 0.537912402763301
Pla2g16 4.60430431465799 0.483552091332815 -0.113471375025412
Tmem30b 4.59049848594432 0.777376863107054 0.502989629874216
Id4 4.55950995936473 0.274445457851074 0.129781890020176
Mdk 4.53952746084305 0.651089275919363 0.215664808005395
Emp2 4.52787059865549 0.679882644329242 -0.0867581219995684
Spag5 4.52766314351973 0.331002939275239 -0.274101211683306
Cdc42ep1 4.51563443918566 0.628294391544042 0.418231326259958
Fam181b 4.48495893839201 0.673742545355783 0.214148240598646
Plpp3 4.48360449996114 0.326325613819482 -0.174557832098637
Rdh5 4.47883648915107 0.707096221497428 0.548517002895758
Lrig1 4.47158201960103 0.435809613935406 0.063690962823702
Atp1a2 4.45218743778804 0.216399146142702 -0.14734233266709
Evi2a 4.44607707226746 0.410333445735745 0.187660996671594
Selenop 4.42601137794892 0.211694799542789 0.00422970729638888
Pmp22 4.42129705939154 0.356063614137861 -0.0022559051878342
En2 4.41129995199432 0.408132018968684 -0.0556005353813426
Kcnj10 4.36965924680798 0.205159881754626 -0.164750208969125
Zic3 4.36696199088677 0.458230229810729 -0.147628576726358
Pla2g7 4.3473629636719 0.482626530827096 0.16498387106143
Hist1h2bc 4.34683723609096 0.239121451847021 0.403609528146015
Gstk1 4.34043598494598 0.467071029838561 -0.0664942935011353
Tesk2 4.32373557320405 0.587225916835457 0.262092771174724
Casp12 4.29388274404667 0.845162844202366 0.502722893904409
Clic4 4.28995152958946 0.263242732756577 -0.179700477154923
Hpgd 4.27597109494904 0.71592771437941 0.69724807894375
Gramd3 4.26870487406414 0.610586611879542 0.253631658442238
Sept4 4.23812425221941 0.309036147641926 -0.251124008287078
Pon2 4.2361438068431 0.238116847207339 0.0689161579382196
Gstm1 4.23035793276493 0.476335972869622 0.271356400869033
Cryab 4.20536017015753 0.104563281209781 0.275082084173933
Mt2 4.19878043784337 0.467756108956858 -0.158910626424698
Mbp 4.19772219609413 -0.113380371550571 0.051257288266084
Mfge8 4.19006805109283 0.400094881068112 0.104222697059429
Vegfc 4.17788944244907 0.788236777658873 0.569951782115199
Trip6 4.16061457999096 0.569265124926317 0.28726114265849
Sdc4 4.11982263405362 0.601324182779835 -0.148992586198429
S100a1 4.10677392537935 0.484454737169727 -0.187794279859085
Efs 4.09909751592665 0.522631069551835 0.024002910978486
Fmod 4.07172221151689 0.426901688781462 -0.0649192638378066
Jam2 4.05276695468739 0.535714973887294 -0.0542019180670954
Cnn2 4.04765242825054 0.665774908630393 0.494020755200817
Ptch1 4.04549323247912 0.389099567607241 0.0247203803407899
Plscr1 4.0284771709315 0.76949422671254 0.632780341603009
Asrgl1 4.00726897230548 0.353772632410771 -0.0300420344221084
Ppp1r14a 3.99564551650002 0.291779223309337 0.403004506591759
Qk 3.96802463555042 0.0818255811227786 -0.179406195932711
Rhoc 3.95866167055755 0.512557147363096 0.199799147581397
Cyp2d22 3.95634151171678 0.625383846695824 0.595025502584487
Dio2 3.90561870550713 0.355319221157596 0.0105147838438432
Htra3 3.87900874054247 0.644189287049923 0.384499285832843
Tjp2 3.87178565170728 0.459101656060916 -0.0722185289236321
Dock1 3.86888373749543 0.460699224959628 0.299614041336489
Ucp2 3.8687086637423 0.764902661041603 0.455810057455708
Htra1 3.86508640864694 0.0641239441999123 -0.41462319568374
Baalc 3.86119017433966 0.68882604770418 0.667172231476194
Gpd1 3.86111253958547 0.525225366038834 0.473095062674059
Bcar3 3.85688596086001 0.556588515622228 -0.0900654796995564
Rida 3.84843624446365 0.533535512988269 0.494442776595562
Acot1 3.84632471147353 0.387457002754616 -0.0796922010533639
Lgi4 3.84246234707947 0.675115266196512 -0.189898116693018
Plekhb1 3.83360030514251 0.103862776375974 -0.130822127089928
Ptgds 3.83339404296533 0.12745816987177 -0.144694506057864
Myl9 3.83163870330541 0.645215228949383 0.19616175413172
Slc7a10 3.82729334301669 0.603614098244215 0.628642716130829
Mmd2 3.81935308977567 0.292670810093961 0.0109472458434513
Acss1 3.8140825841221 0.453499859237938 0.151350168139776
Rhoj 3.81067671805635 0.653597565800527 0.308722631044555
S100a10 3.80722431386046 0.166715493811233 -0.0238452598492256
Smpdl3a 3.79929859353661 0.525157423374329 0.471858914427304
Prkd3 3.78815863734423 0.411241599653871 -0.202732027373347
Gldc 3.78334585815678 0.496776466956418 0.136597981264491
Ntrk2 3.77597689295533 0.481038956308291 0.337376958611577
Chpt1 3.77375058764428 0.447940163745508 0.102730251165805
Tprkb 3.77288658196377 0.655555610006493 0.402162849359539
S100a16 3.77110075225542 0.325365738552923 -0.181860771735854
Rhpn2 3.76813397500341 0.41123310509817 -0.0875400003269683
Hist1h4i 3.76759601428009 0.635380948476578 0.639352136095323
Tmbim1 3.7670040525295 0.190444401995945 0.135515786379106
E2f5 3.74749539204565 0.541172152172516 0.244173849948658
Chil1 3.74453196447339 0.705516876308965 0.541471312659521
S100a11 3.74384514168332 0.525405724473174 0.291051006027827
Nfix 3.74063925050826 -0.034664777320532 -0.10860988348888
Smo 3.72883380855388 0.180595438376807 -0.129580093223488
Cyp4v3 3.7288004234669 0.374789988319638 0.0420415419236722
Tcf7l1 3.72713841615824 0.642160177722922 0.428245902095178
Msx2 3.7150395527865 0.884315201903511 0.782850915712753
Soat1 3.7124832688221 0.56277745996926 0.0462246228246642
Cables1 3.70409865581416 0.672722935530498 0.115836321878105
Rras 3.69259097023677 0.587306432198971 0.383733549770654
Reep3 3.68091015392848 0.0883089313420725 -0.299879335829563
Npy 3.66965373244104 0.407700976291131 -0.00240925229336467
Col9a3 3.6661071235699 0.462619085936808 -0.0809467593043464
Tulp3 3.6647589506391 0.682482043634818 -0.0302225756821735
Trf 3.65952130286428 0.129042125246098 0.11006527366686
Aldh1l1 3.65428077866954 0.511788566696363 0.0348511919411654
Ttyh1 3.65382314990486 0.159373351553736 -0.151854199760129
Plce1 3.64984376884221 0.499180102581465 0.395066144945911
Smox 3.64618764736511 0.435904861518799 -0.175723203857937
Gng5 3.63409286114167 0.302753207324134 -0.0143845675213117
Cnn3 3.61644656057919 0.304340591679575 0.322525443402661
Mob3b 3.60727511998401 0.771556286638484 0.566884669879636
Irx3 3.60604133191051 0.631763686126492 0.420025143306013
Atoh7 3.59932604225856 0.617908947140669 -0.106132777545523
Prrx1 3.58756818564133 0.593203481209171 0.0948237379061563
Pxmp2 3.58418722358077 0.608485991494185 0.577004792096154
Nfe2l2 3.58319291235673 0.415261806242401 0.186775138227036
Dbi 3.58114734767395 0.226762162091444 -0.162923657884077
Rab34 3.58086100726579 0.534506472915456 0.200479464403697
Acadl 3.57006794632576 0.350828099499451 0.354912911730742
Mpp6 3.55061668656283 0.311737154804516 -0.131644183680726
Cmtm3 3.55034412478785 0.656955089717184 -0.192500910905091
Gnb4 3.53174310217612 0.423050843161579 0.145236473875852
Ptgr1 3.51753071940565 0.615103102154099 0.400815570987244
Copz2 3.51331720422647 0.655182928264074 0.418652333582419
Pxn 3.50785213718522 0.409289391735471 0.123439331285383
Plp1 3.50004011155522 -0.130290795846434 0.124203377865023
Mt1 3.49774960942213 0.394215179120127 -0.132322055743146
Slc13a3 3.49477896976769 0.338378947473535 -0.0145739157845762
Ramp1 3.48943072561318 0.226159222053176 0.06558637392763
Spred1 3.47587972662903 0.252233696276343 0.431127132545813
Cbr3 3.45591192012195 0.27187807989796 -0.123058061601336
Ifitm2 3.45195569658359 0.68285260800817 0.402955267281695
Llgl1 3.44219446329016 0.446000998176306 0.0807702481813345
Pttg1ip 3.42995318259472 0.349489157596638 0.238033207234821
Thrsp 3.41746225211219 0.297066675149182 0.177812971561378
Thbs3 3.41378624975951 0.495364747541417 -0.188770455082922
Fkbp9 3.40872340748252 0.210918193616897 -0.239849789418778
Rhbdf1 3.40645915192929 0.411111761180893 -0.0583749189120323
Neurod1 3.40274408138241 0.244959229114112 0.00518909418320013
Cib1 3.39161885519982 0.519105271461707 0.534311171367154
Atp1b2 3.39061194678812 0.312800775623783 0.0807775149890863
Sat1 3.38768747157042 0.341555227578422 -0.0924840264438666
Vamp5 3.38132035145882 0.63078172298296 0.311942883590883
Tmem206 3.37826668643688 0.309400255780457 -0.0447897158657646
Rab31 3.3774125053506 0.234829439434015 -0.068933351108785
Klf15 3.36116406248413 0.576193734871651 0.0483229467763416
Tsc22d4 3.3588610209507 0.474974261302834 0.0656391021182965
Slc4a4 3.35265560365063 0.169838142108547 -0.122475071160388
S100a13 3.33984267000335 0.467998021073409 -0.203560787772639
Sparcl1 3.336727586857 0.278532585845178 0.069039645229337
Car8 3.32818975975113 -0.0472466278743668 -0.0954046831141435
Krcc1 3.32781993356318 0.458345527652828 0.204251695442897
Abhd4 3.32727060706825 0.243037924360528 -0.404148245162014
Calml4 3.25660298048802 0.724860793526048 0.0801868024914369
Kcne1l 3.25341527055073 0.827382965679734 0.222260329333494
Sncaip 3.18213660705166 0.575504850960953 0.229182431475603
Gpr137b|Gpr137b-ps 3.12650962337547 0.545988677765917 0.227191054083128
Tmprss3 3.07365537893653 0.740304719138471 0.544360329837758
Rarres2 3.00784479950182 0.733696812931258 0.501273856457788
Tom1l1 2.99184324257777 0.701365033653172 -0.0987342561371303
Pth1r 2.97321240627616 0.667656113292572 0.417573486257508
A630072M18Rik 2.95451968905343 0.500421694215657 0.364756282260154
Mthfsl|Mthfs 2.93167520566377 0.489531546267957 0.474675296806783
Eps15 2.86102676629136 0.385152375247505 0.0549792540084239
Gjc1 2.84959030068542 0.559575768905413 0.0609351728639503
Nt5dc2 2.78655862618896 0.374587027868731 -0.112036918057763
Yes1 2.77664687507971 0.466553676993405 0.056791853146908
Rgl1 2.77359336209961 0.442244896308347 -0.0620269662068832
Kansl1l 2.59168720980133 0.450251707760694 0.00362219197114937
Gstt2 2.57595151561322 0.726451824574884 0.590821963226781
Gli1 2.41252505179892 0.668604142629574 0.0641573281497894
Evc 2.3833673558201 0.711734426108712 0.377473963363978
Lppos 2.15594099545505 0.54078517071509 -0.162182911088939
Trdmt1 2.10047286775246 0.430500816974143 0.288836952733926
