Ppp1r14a 7.00430543307745 0.703209893891148 0.726783839388029
Mal 6.89168541108771 0.5934288094973 0.651875011806995
Mobp 6.59187236311638 0.762877646967039 0.645689293034903
Mog 6.53423890710266 0.718354962125439 0.725636445848176
Olig1 6.09908069045203 0.575708254701584 0.614919268019634
Plp1 6.00962729089447 0.491016383907276 0.553937871769245
Ptgds 5.9843042258922 0.546151076646549 0.599385589973275
Ugt8a 5.97297741021223 0.398519030694801 0.619433285945631
Cldn11 5.85945893426439 0.582618477160429 0.492757023827515
Gsn 5.80890055903217 0.614215252871294 0.604899970127598
Tspan2 5.79868971336953 0.424526127411033 0.804287537100818
Apod 5.41530742259997 0.609751060720013 0.610795381514639
Mbp 5.3646990840159 0.402834781393833 0.498806906574871
Gpr37 5.33897803921666 0.732130303346343 0.767054870280626
Aspa 5.3284816087492 0.785858928934824 0.822376636829025
Plekhb1 5.28812412036325 0.532449639567993 0.532169896650744
Cryab 5.28295279077263 0.43133696848344 0.574490551859385
Il33 5.23102352230642 0.769953650288569 0.525166672198896
Anln 5.22474984479781 0.779891965832701 0.751643785710316
Evi2a 5.19282530072146 0.613990267940083 0.509873015374916
Efhd1 5.1916842991165 0.580845495570775 -0.0721348012602418
Ndrg1 5.163870899041 0.568073960716641 0.582689153105774
Pla2g16 5.01548112264637 0.659307224304987 0.188843765245787
Pcolce2 4.92817443285561 0.786147643303536 0.646683451487947
Pllp 4.91708554295949 0.767169636654156 0.773763529832535
Olig2 4.89232473001125 0.831151050383632 0.797557395572253
Trf 4.89114106523645 0.482584588246869 0.0832512016669471
Gatm 4.76456831491703 0.624924211813194 0.474452264024112
S1pr5 4.72436559884177 0.628034964729279 0.623615436318
Grb14 4.6981584966403 0.652554055688716 0.78973904165111
Carhsp1 4.67830805317594 0.728651620729982 0.561570603665596
Fa2h 4.61662606427269 0.788178586760068 0.826301521096776
Tmem98 4.5281899805675 0.781219681344589 0.77239706932393
Tmeff1 4.44686166125104 0.622692807373386 0.57082036128556
Pou3f1 4.42360750887726 0.795732240314709 0.746799056281331
Gpm6b 4.36964780740299 0.299087047751735 0.1454257311972
Serpinb1a 4.35190924954935 0.729748938243358 0.463115826237619
Trim59 4.32726948070545 0.793094997925718 0.771520460289617
Nkx2-2 4.31907918778403 0.63714704074349 0.178921587638265
Lpar1 4.31218457407982 0.627523614497496 0.494852906593331
Pdlim2 4.30655584061952 0.701958166043507 0.530714132253112
Ddc 4.30215750113583 0.815792666512758 0.822001751459872
Csrp1 4.30012108591719 0.459056093308953 -0.00173988917416932
S100b 4.25554968718804 0.199876110161327 0.0289096622864377
Mag 4.20887077424728 0.714796179343972 0.70068726088785
Glul 4.20797983226772 0.457949798197295 -0.0265490107026522
Slain1 4.18644027904732 0.591805481980727 0.711540477676398
Enpp2 4.18605565232642 0.583366987632695 0.668296611873305
Tmbim1 4.18467031070834 0.526186733563347 0.405543469277123
Sox10 4.04499546568243 0.826105398323439 0.789786398728194
Gng11 4.03393965506181 0.654732785024579 0.00574960585216062
Pmp22 4.02926342209281 0.436514919015369 0.0526432057279432
Nkx6-2 4.01056472759188 0.628185332159748 0.524971468139871
Psat1 4.00953857204459 0.612835260339447 0.349683911679302
Adamts4 3.98165405656823 0.109330145830885 0.17528005342217
Rhog 3.97401407841329 0.667581666931168 0.00342519410652123
Zeb2 3.95221660373796 0.425482481411513 -0.0224765973101601
Slc44a1 3.94990088889882 0.751008632331427 0.679307152107461
Abhd5 3.90570510784895 0.594011257214442 0.197665432310745
Gstm7 3.89438227465945 0.571217847319309 0.464557027040232
Klk6 3.88813409212374 0.715996132124694 0.554984098454352
Gamt 3.87516756941271 0.793186942717973 0.843206882021552
Car2 3.85736673336364 0.53461821717824 0.696576991680293
Tmeff2 3.83254533451237 0.39338672670433 0.732319663041048
Pex5l 3.82226688039008 0.760833363519066 0.343203385782303
Hapln2 3.80930276753172 0.785054103438766 0.576378246169087
Kcnj10 3.80742276651303 0.30493137436767 0.157496859700308
Efnb3 3.72078294016123 0.685913205602568 0.682575063219947
Gjc3 3.70527928474421 0.797471454708195 0.364726778850885
Wipf1 3.69808513717808 0.632363750285689 -0.0180555323969986
Nfe2l3 3.66887730929258 0.852164554534209 0.794845118177395
Elovl7 3.6460947679933 0.752417223220685 0.769717599959338
Tgfa 3.63153085012917 0.632145530981246 -0.0220996978225605
Rapgef3 3.6227101985679 0.608192314056906 0.442298772734809
Elovl1 3.60736396547014 0.529163530493909 -0.012148618079965
Clic4 3.59835521670355 0.354051763228239 0.341301439879242
Vamp3 3.5851764436054 0.585391942148832 0.0449114527974257
St6galnac3 3.5749373511957 0.693478818620586 0.406714959997362
Slc12a2 3.56225579708757 0.599777834306152 0.0407786236918179
Tppp3 3.55992992630931 0.594002575073347 0.236828577711345
Tnfaip6 3.5556152606153 0.754692450604484 0.46306034310995
Gltp 3.54419109826058 0.585433529426947 -0.0280161967109245
Litaf 3.54203749404878 0.645978445506 0.149827240063584
Kctd4 3.54118416399948 0.865000706723217 0.783822097752918
Ptprd 3.51620081698377 0.517029791402845 0.318950709965667
D16Ertd472e 3.46054907255907 0.63298047549149 0.575967380842485
Plekhh1 3.45997498486715 0.780778928031753 0.602102846028
Arhgef10 3.45959759746596 0.673005101635826 -0.00107285809508014
Stxbp3 3.41182564525164 0.54107503428428 0.0166210428285523
Gab1 3.40267840528492 0.608779741672417 -0.157280013965551
S100a16 3.38389332295343 0.50512915856126 0.00135407444990349
Hist1h2bc 3.36849176209216 0.420940794389996 0.452833454084252
Cers2 3.36443735143341 0.606802141675104 -0.0762673342761192
Cd9 3.35114347763911 0.384408509245373 0.137726239479562
Dbi 3.34531997210635 0.369532816554974 -0.0956682582590374
Scd1 3.32628099657834 0.568743123217528 -0.177110343245841
Tyro3 3.25588166422259 0.543923283939788 0.0620363793990676
Stk39 3.15288121666719 0.454332247458011 0.233199758458591
Limd1 3.08344727457856 0.617288552724224 -0.249993978423886
Kazn 3.01553467641306 0.523051088972243 0.180243875610353
Gjb1 3.01521056387284 0.765896774711048 0.497260625332306
Fbxo32 2.95587521905229 0.77790833275133 0.294216784419056
Dock5 2.70760879362453 0.700037123265401 0.591351614642874
Adgrv1 2.66440242903392 0.778953713384846 0.641250234692308
Ick 2.58864987456099 0.721100469205189 0.57769099269508
Ifit2 2.58319927741497 0.58439373109845 0.159906695025439
Il1rap 2.49911276791741 0.838551362760371 0.734342037167291
Gmfb 2.45220126579204 0.44692378606714 0.000204604392634863
Enpp4 2.40213404953881 0.691678054602703 0.453817106021119
Ddx46 2.16668988989873 0.534597600821301 0.00217964544562822
Ptpn11 2.15164851535337 0.505058400509553 0.000654371893820627
Rab18 2.13868493514947 0.330365150311841 0.0594306157072226
Gpsm2 2.04584414756224 0.625983578799503 0.0587605213317154
