Astrocyte	Basket	Bergmann	BrainstemCholin	CerebGranule	DentateGranule	Dopaminergic	Ependymal	ForebrainCholin	GabaPV	GabaReln	GabaRelnCalb	GabaSSTReln	GabaVIPReln	Gluta	Golgi	Hypocretinergic	Microglia	Microglia_activation	Microglia_deactivation	Noradrenergic	Oligo	Purkinje	Pyramidal Thy1 Amyg	Pyramidal Thy1 Hipp	Pyramidal_Glt_25d2	Pyramidal_S100a10	PyramidalCorticoThalam	Serotonergic	SpinalCordCholinergic	Spiny	ThalamusCholin
30956	216233	232345	14172	12351	13511	13162	11481	12903	12862	14408	18159	14729	12818	228911	11474	76770	74211	228790	76408	75352	68743	53313	60367		20671	50722	13848	12705	13711	73712	620078
52538		118452		56410	109620		93760	16875	76453	14409		14829	15561		239083	54140	77034	11977	11554	65255	11484	12373	100040462		66637	21924	75646	74175	14675	56458	110834
216739		12364		54698	60440		12316	19217		109594		72413	18142		13143	12425	67477	14595	11555	12311	67102	12822						260298	15405	108655	56066
27360		21948		668253	18168		12442	63993		18424		50706	22353		14257	12922	216991	12013	11629	13166	74559	333182						15006	15426	64378	227929
14766		104445		13813	239510		12458			21349			22418		19395	15171	100182	11796	11727	14867	338521	13591						19218	17395	15930	13808
76187		12654		29857	20356		12479			21955					24053	15372	329154	12363	106952	17161	14431	13592						20519	67486	18143	14369
11541		13142		18508	217517		107995									18548	70719	20293	70497	12659	14618	98845						15567	69847	23984	319625
329828		59056		66183	56720		66953									18610	216869	20296	171207	11859	73940	215512						22044		18574	15564
104776		75823		65971			12534									192199	107350	20308	216445	20538	17136	64337								29863	16372
27494		14872		67525			67177									22045	12267	12774	11857	52331	17441	26558								218772	54352
69538		319158		22255			229841										12362	53599	381319	17112	14912	57295								225870	53608
11761		78558					108000										12370	12524	12229		50913	212111									56846
216190		214944					74107										20305	12608	72691		211945	70810									230899
26362		17702					27214										140497	99100	12796		67801	16869									18761
12032		74055					13392										12490	60322	12335		94226	16873									212531
72014		22038					327762										12493	12984	68891		105439	27206									66042
12411		19228					13605										23833	13025	12488		100434	19051									21414
16007		19301					14056										12514	15945	217303		20665	19255									104271
12494		71660					75426										12628	66102	12489		103743	19279									21928
12759		19682					29875										12633	20310	12506		70747	11854									22178
12830		11853					57444										12655	13685	15985			20513									57257
54381		80837					73804										23845	14127	12606			20537									22774
74114		20130					17220										114584	14130	56708			66106									
29873		21415					217653										12752	20321	26888			20840									
107869		238257					17345										12721	14455	56644			20957									
13110		140765					50927										12960	229900	102545			53857									
64385		69786					215387										19025	80910	12986			28006									
106648		53620					108907										13036	15162	68964												
329877		22341					19366										64138	15216	20430												
13527		24117					74194										80281	15284	231871												
13618							20135										13057	15937	20148												
13649							20419										58861	65972	76088												
68801							70099										26377	70110	13448												
12496							20666										94176	71586	192193												
13850							20683										50498	16145	13709												
76267							229473										98878	16172	13713												
56473							21973										12495	16175	23871												
218952							68612										80898	16190	107373												
13998							18140										16456	16193	26382												
116701							232334										210998	16391	14247												
14221							142682										14129	108829	22379												
14230							170753										229499	16822	231931												
14261							68014										14159	17133	14676												
57265																	14231	26410	14960												
14366																	23880	171531	14998												
14405																	14537	208104	15242												
14661																	14594	69774	54486												
14732																	63986	73656	74096												
14756																	78816	68774	213002												
70757																	106512	17874	16154												
16173																	14824	17969	16155												
16404																	110006	17970	16331												
16779																	14961	17972	259277												
16870																	14972	18035	52855												
30937																	15001	18037	16819												
210126																	66775	233571	19141												
228357																	171285	671535	107321												
66234																	15163	547253	80877												
67111																	64209	80285	16970												
75541																	192232	18626	233328												
67122																	15979	12795	17002												
102644																	80719	58801	17095												
75475																	16164	19205	17159												
23972																	60504	19332	17305												
54635																	16194	74760	218203												
18596																	16197	74213	246177												
27273																	27056	19697	72560												
69239																	54396	19698	27419												
18679																	16414	74734	64099												
18682																	16477	19766	30955												
19013																	16768	12394	18805												
11758																	16859	67742	104759												
19125																	17087	18787	68507												
19249																	17096	55942	16912												
110078																	26401	23921	19253												
67442																	58805	65221	15170												
74013																	338467	207818	54153												
19771																	17533	170625	19650												
76892																	17698	20732	105670												
225998																	17948	20963	56045												
70097																	17951	21354	140742												
68607																	224109	21817	98365												
20498																	223433	24088	100561												
76257																	94212	21899	107375												
98396																	27355	170743	56485												
20598																	243771	72512	56857												
81840																	18591	21926	53945												
223227																	56744	22019	69178												
20787																	227696	22033	56504												
81879																	192654	20128	27060												
29820																	18783	14605	21682												
83925																	234779	12257	21810												
22329																	67220	67951	21815												
22330																	269823	22323	230787												
																	17872	22324	211550												
																	19128		21898												
																	230257		319880												
																	19224		68487												
																	54354		21938												
																	170791		83433												
																	226594		217333												
																	19696		74153												
																	74030		54445												
																	81910		69922												
																	74131														
																	20397														
																	54673														
																	233186														
																	20469														
																	54353														
																	18173														
																	20540														
																	100127111														
																	20375														
																	66552														
																	225027														
																	192187														
																	20852														
																	16430														
																	21356														
																	21391														
																	21452														
																	21803														
																	228839														
																	21897														
																	217353														
																	57259														
																	227612														
																	22022														
																	76681														
																	94094														
																	67776														
