Astrocyte	Gluta	Microglia	Microglia_activation	Microglia_deactivation	Oligo	Pyramidal Thy1 Amyg
30956	94332	74211	11977	76408	240913	100303646
268860	104010	67477	14595	11513	11565	11835
52538	53870	216991	11796	11554	68743	12064
94180	12810	13733	12259	11555	11815	12313
216739	140781	100182	12260	11576	11484	12564
27360	18012	11656	12363	11629	69993	12565
76187	93843	11690	20293	11727	18417	72978
329828	71733	329154	20296	16952	13195	170571
107747	21844	11745	20303	106952	74559	110197
27494	228911	223666	20308	70497	338521	208618
69538		70719	12774	171207	53897	14200
11761		216869	12475	216445	14431	57780
216190		107350	12508	11857	14618	14402
11829		12010	12522	11910	56356	60367
98660		12262	12524	381319	50915	100040462
26362		12267	12608	17060	73940	18573
29815		12362	99100	12229	66124	56742
72014		12370	12984	12796	71529	239405
12334		20302	13025	12335	225341	23985
12411		20305	15945	68891	14745	20563
67896		54199	66102	217303	16979	20606
16007		140497	20310	12489	17136	23963
12494		12490	13654	12506	17153	
12505		12493	14127	15985	17433	
58187		23833	14130	12606	17441	
12759		12514	14131	17684	17988	
12830		12628	20321	56708	67149	
54381		12655	14538	26888	18088	
107869		23845	80910	56644	14912	
56448		114584	15162	67213	50913	
74519		12960	15216	102545	213019	
64385		13036	15284	12978	211945	
106648		13040	15894	12986	67801	
13123		80281	15937	68964	18991	
13175		13057	65972	13051	68458	
114874		58861	70110	227929	94226	
13371		110956	71586	231871	105439	
13405		26377	16175	76088	100434	
13527		81489	16176	13593	20665	
13649		94176	16190	192193	72160	
54326		98878	16193	13713	103743	
13731		13732	16391	23871	66949	
12496		12495	57444	107373	70747	
13850		16456	108829	26382	22239	
232146		210998	16822	14247		
22350		14129	16978	22379		
14066		229499	17133	14282		
56473		80891	26410	231931		
13998		108101	17210	14676		
14182		14159	171531	23890		
14184		23880	17534	14960		
14221		14537	69774	14998		
14230		14594	68774	14991		
14261		63986	17869	15212		
56188		78816	17874	15242		
57265		105348	17969	15446		
14405		106512	17970	54486		
14560		14824	17972	12807		
14600		110006	18035	193740		
14623		14961	18037	74096		
104174		14972	80859	213002		
14633		15001	106326	16154		
14661		171285	233571	16155		
14732		15163	671535	16170		
14756		64209	547253	16331		
14813		15277	56193	15900		
12950		15439	58801	239217		
15200		15936	19332	259277		
15483		15939	74760	52855		
56741		15979	54720	16792		
16008		80719	74734	16819		
16011		16164	24014	19141		
16404		60504	75234	16909		
209378		16194	56437	107321		
16525		16197	12394	80877		
140492		27056	67742	16970		
16779		54396	18787	233328		
16816		16414	23921	17002		
243914		16477	20491	17095		
16870		16598	65221	17110		
210126		23849	67547	16658		
16206		16768	207818	17215		
228357		18826	12702	17305		
17304		16854	20732	17476		
170790		16859	19073	218203		
17387		17084	20963	246177		
17909		17087	21817	72560		
75541		17096	24088	74039		
13004		26401	21899	18054		
17986		17258	170743	114249		
215819		58805	72512	268903		
18128		17533	21926	99543		
18212		17698	21928	70839		
18217		17886	22019	64099		
102644		17912	20128	30955		
75475		17948	12257	18805		
23972		17951	67951	104759		
18508		105855	22228	72324		
18596		224109	22323	65112		
27273		223433	22324	108767		
69239		27355	22695	68507		
18679		18591		16912		
18682		56744		19253		
27226		192654		15170		
18994		234779		66824		
19013		67220		54153		
19038		67448		67865		
53412		269823		19735		
116847		17872		20111		
18760		19128		20201		
19125		230257		20202		
19283		67103		56045		
110078		54354		24044		
19309		170791		20345		
13609		226594		98365		
219151		19696		104681		
20255		50778		67712		
20971		56470		56485		
68607		58809		228875		
114644		74131		56857		
108052		26943		53945		
57738		54673		71607		
20511		233186		69178		
20512		20469		54613		
55963		54353		27060		
76257		18173		21682		
98396		20540		21810		
54403		100127111		21812		
53896		219140		21815		
58807		20375		230787		
57319		59010		211550		
81840		225027		21898		
20682		192187		231633		
26942		20852		68487		
13602		70415		21938		
20787		21356		24099		
23965		21391		83433		
81879		21452		217333		
21859		21803		74153		
68385		21813		54445		
192216		21897		22320		
214359		107769		69922		
29820		217353				
66873		227612				
83925		76681				
50500		94094				
22329		22177				
22330		74048				
22421		231386				
97064		11906				
		66869				
		52696				
