Astrocyte	BrainstemCholin	Dopaminergic	Microglia	Microglia_activation	Microglia_deactivation	Noradrenergic	Oligo	Serotonergic
30956	66952	320405	74211	228790	76408	75352	68743	26366
94180	12306	53872	67477	14595	11513	545192	11484	12705
216739	29867	18227	11504	12013	11554	140723	338521	74175
27360	116903	18208	216991	11796	11555	12311	53897	13024
76187	13136	18752	100182	12259	11576	13166	14431	260298
329828	109901	110876	11656	12260	11629	14867	14618	14462
107747	57780	13162	11690	12363	11727	17116	56356	15006
104776	56016	116811	329154	20293	106952	17161	227753	15564
27494	15507		11745	20296	70497	66815	66124	353236
69538	80888		11810	20303	171207	64242	225341	19218
11761	320802		70719	20308	216445	12659	17136	20519
216190	16373		216869	56706	11857	11859	17441	15567
26362	16392		107350	12774	11910	69908	29862	66402
29815	107250		12010	12475	381319	20538	50913	22044
72014	211480		12227	12508	17060	20606	213019	
12411	16852		12262	12522	12229	52331	102693	
67896	70717		12267	12524	72691	21419	211945	
16007	67405		12362	12608	12796		68458	
12444	12695		12370	99100	12335		19337	
12494	66425		20302	60322	68891		27219	
12505	227733		20305	12984	217303		20665	
58187	78977		54199	13025	12489		21827	
12830	19132		140497	15945	12506		66949	
74114	19142		12490	66102	15985		70747	
29873	239405		12493	20310	12606		22239	
107869	50795		23833	13654	56708			
56448	20508		12514	14127	26888			
74519	20750		12628	14130	56644			
64385	20980		12655	14131	67213			
106648	57816		75458	20321	102545			
13123	24111		23845	73690	12986			
13138			114584	80910	68964			
13175			12960	15162	13051			
73284			13036	15216	227929			
13527			13040	15284	76088			
13618			64138	15894	192193			
13649			80281	15937	13709			
54326			13057	65972	13713			
13731			58861	71586	23871			
12496			110956	16145	107373			
13850			26377	16172	26382			
232146			94176	16175	14247			
22350			50498	16176	231931			
14066			13732	16193	14676			
56473			12495	16391	23890			
58238			80898	57444	14960			
223254			16456	108829	14998			
13998			210998	21847	15212			
14184			14129	16822	15242			
14221			229499	16978	15446			
14230			80891	26410	54486			
14261			108101	17210	193740			
56188			14159	171531	74096			
57265			23880	208104	213002			
14366			14537	69774	16154			
14451			14594	73656	16155			
14560			63986	68774	16170			
14623			78816	17874	16331			
104174			105348	17969	15900			
14633			106512	17970	239217			
14732			14824	17972	259277			
14813			110006	18035	52855			
12950			14961	18037	16819			
15483			14972	80859	19141			
16008			15001	74091	16909			
209378			171285	233571	107321			
16525			15163	671535	80877			
140492			64209	547253	16970			
66277			15277	80285	233328			
16816			15439	18626	16985			
243914			192232	18793	17002			
16870			15936	56193	17095			
30937			15939	58801	17110			
210126			15979	19332	16658			
228357			80719	74760	17159			
56615			16164	19354	17215			
17387			60504	74213	17305			
67111			16194	74734	17476			
75541			16197	19766	218203			
17986			27056	24014	246177			
53972			16414	56437	72560			
58237			16477	12394	17952			
18128			16598	67742	74039			
67122			23849	18787	18018			
18212			16768	55942	18054			
18217			16854	23921	114249			
102644			16859	20491	268903			
75475			17001	65221	99543			
23972			17084	207818	70839			
18508			17087	12702	64099			
229534			17096	20732	30955			
56376			26401	19073	224860			
69239			17258	20963	18805			
18679			58805	21354	104759			
18682			17533	24088	68507			
27226			17698	21899	18753			
67916			17912	170743	16912			
19013			17921	72512	19253			
19038			17948	21926	15170			
53412			17951	21928	66824			
11758			105855	22019	54153			
116847			224109	22033	19650			
18760			223433	20128	67865			
19125			94212	14605	20111			
19283			27355	67951	20201			
19309			18591	22324	20202			
74013			56744	22695	24044			
225998			18686		20345			
70097			227696		140742			
219151			18707		98365			
20971			192654		104681			
68607			234779		67712			
12406			67220		107375			
20498			67448		56485			
108052			269823		56857			
57738			17872		53945			
20512			19079		71706			
76257			19128		69178			
98396			230257		27060			
54403			19224		21682			
53896			19264		21810			
58807			19271		21812			
20598			54354		21815			
57319			226594		230787			
81840			19696		211550			
223227			67246		21898			
20678			50778		319880			
13602			74030		231633			
20917			58809		68487			
81879			74131		21938			
21859			233186		24099			
68385			20469		83433			
29820			54353		217333			
66873			18173		74153			
83925			20540		54445			
50500			100127111		22320			
22329			219140		69922			
22330			20375					
22339			14270					
22421			225027					
97064			192187					
			20852					
			21391					
			21452					
			21803					
			21813					
			228839					
			21897					
			217353					
			57259					
			227612					
			76681					
			94094					
			22177					
			74048					
