Astrocyte	DentateGranule	GabaSSTReln	Microglia	Microglia_activation	Microglia_deactivation	Oligo	Pyramidal Thy1 Hipp
30956	170677	11423	74211	14595	76408	240913	18133
106861	13511	11682	67477	11796	11513	11565	50766
52538	109620	56808	216991	12259	11555	68743	13179
94180	13660	12300	13733	12363	11576	11815	54713
216739	319670	215303	100182	108673	11629	11484	14402
14766	18012	12554	11656	20293	11727	69993	225642
76187	114249	232370	11690	20296	16952	18417	16590
329828	18168	12823	329154	20303	106952	13038	16826
107747	18295	12854	11745	20308	70497	13195	18162
27494	19212	114886	70719	12774	171207	74559	18227
69538	73170|66568	13390	216869	12475	216445	338521	67405
11761	20733	111970	107350	12508	11857	53897	18573
11829	20452	15569	12010	12522	11910	14431	19055
98660	20908	224613	12262	12524	381319	14618	56742
11932	56720	14417	12267	12575	17060	56356	239405
26362	21844	14675	12362	12608	12229	227753	140919
29815	22068	14729	12370	99100	72691	73940	66673
72014		14829	20302	60322	12796	56542	
12411		16010	20305	12984	12335	66124	
67896		76527	54199	13025	68891	71529	
16007		16502	140497	15945	217303	225341	
12494		72413	12490	66102	12489	14745	
12505		12224	12493	20310	12506	17136	
12654		16852	23833	13654	15985	17153	
58187		16874	12514	14127	12606	17441	
12759		23936	12628	14130	56708	18088	
12830		59012	12655	14131	26888	14912	
54381		380684	23845	20321	56644	50913	
29873		18113	114584	73690	102545	213019	
107869		109648	12960	80910	70031	102693	
56448		18231	13036	15162	12986	72287	
74519		229759	64138	15216	68964	211945	
64385		18491	80281	15284	13051	67801	
106648		73173	13057	15894	227929	68458	
114874		18155	58861	15937	76088	19215	
13371		50706	110956	65972	13593	94226	
13649		19281	26377	70110	192193	18952	
54326		19293	81489	71586	13713	27219	
13731		69908	94176	16172	23871	105439	
12496		56089	50498	16175	107373	100434	
13850		19699	114601	16176	26382	20665	
232146		67792	98878	16190	14247	72160	
22350		19894	13732	16193	22379	103743	
14066		102614	12495	16391	14282	67971	
56473		20370	16456	57444	231931	66949	
13998		20513	210998	108829	14676	70747	
14164		26458	14129	21847	23890	22239	
14184		22348	229499	16822	14960		
116701		105727	80891	16978	14998		
14221		20541	108101	17133	14991		
14230		56468	14159	26410	15212		
14261		20604	23880	17210	15242		
56188		20972	14537	171531	15446		
57265			14594	208104	54486		
14405			63986	17534	74096		
14560			78816	69774	213002		
14623			75612	73656	16154		
104174			105348	68774	16155		
14633			106512	17869	16170		
14661			110355	17874	16331		
14732			14824	17969	15900		
14756			110006	17970	117198		
14813			14961	17972	239217		
12950			14972	18035	259277		
15483			15001	18037	52855		
56741			171285	80859	16819		
16008			15163	74091	19141		
16404			64209	233571	16909		
209378			15277	671535	107321		
140492			15439	547253	80877		
66277			15939	18626	16970		
16779			15979	56193	233328		
16816			80719	58801	17002		
243914			16164	19332	17095		
16870			60504	74760	17110		
30937			16194	215449	16658		
210126			16197	54720	17159		
16206			27056	19697	17215		
228357			54396	74734	17305		
17304			16414	19766	17476		
170790			16477	24014	218203		
17387			16598	75234	246177		
17909			23849	56437	72560		
17920			16768	12394	74039		
75541			18826	67742	18054		
17986			16854	18787	99543		
18128			16859	55942	70839		
18212			17084	23921	64099		
18217			17087	20491	30955		
102644			17096	65221	18805		
75475			17258	67547	104759		
23972			58805	207818	72324		
18508			17533	12702	65112		
18596			17698	20732	68507		
27273			17886	19073	18753		
56376			17912	20963	16912		
69239			17948	21354	19253		
18679			17951	21817	15170		
18682			105855	24088	66824		
27226			224109	21899	54153		
18994			223433	170743	19731		
19013			27355	72512	19735		
19038			18591	21928	20111		
53412			56744	22019	20201		
116847			227696	20128	20202		
19125			18707	12257	56045		
19283			192654	67951	24044		
19309			234779	22228	20345		
19682			67220	22323	98365		
225998			67448	22324	104681		
13609			269823	22695	67712		
219151			17872		56485		
20255			19128		228875		
20971			230257		56857		
20351			19224		53945		
68607			19264		69178		
20498			54354		27060		
108052			170791		21682		
57738			226594		21810		
20511			19696		21812		
20512			50778		21815		
55963			56470		230787		
76257			58809		211550		
98396			20195		21898		
53896			74131		319880		
58807			26943		231633		
20598			54673		68487		
57319			233186		21938		
81840			20469		24099		
20682			54353		83433		
81879			18173		217333		
68385			20540		74153		
192216			100127111		54445		
214359			20375		22320		
29820			59010		69922		
66873			14270				
83925			225027				
50500			192187				
22329			20852				
22339			21356				
97064			21391				
			21452				
			21788				
			21803				
			21813				
			21897				
			107769				
			217353				
			227612				
			76681				
			94094				
			22368				
			22177				
			74048				
			11906				
			22751				
