Astrocyte	Microglia	Microglia_activation	Microglia_deactivation	Oligo	SpinalCordCholinergic
30956	74211	228790	76408	240913	73737
268860	67477	14595	11513	68743	66952
94180	216991	11796	11554	11484	239435
216739	13733	12259	11555	69993	11423
27360	100182	12260	11576	18417	75986
76187	11656	12363	11629	13195	433855
11541	11690	20293	11727	13643	12306
329828	329154	20296	16952	338521	11746
11639	11745	20303	106952	53897	14570
107747	11810	20308	70497	14618	70317
104776	70719	56706	171207	14696	65115
27494	216869	12774	216445	227753	381356
69538	107350	12475	11857	66124	12294
11761	12010	12508	11910	71529	12310
11829	12262	12522	381319	67557	116903
98660	12267	12524	17060	225341	140904
11932	12362	12608	12229	14745	27220
26362	12370	99100	72691	17136	12404
29815	20302	12984	12796	17433	215814
72014	20305	13025	12335	17441	215707
12411	54199	15945	68891	17988	24047
67896	140497	66102	217303	29862	12484
108686	12490	20310	12489	67149	13136
16007	12493	13654	12506	18088	72269
12444	23833	14127	15985	14912	104010
12494	12514	14130	12606	50913	170677
12505	12628	14131	56708	213019	69065
58187	12655	20321	26888	102693	12652
12759	23845	73690	56644	211945	246048
12830	114584	80910	102545	67801	12716
107869	12721	15162	70031	18991	74438
56448	12960	15216	12978	68458	170571
74519	13036	15284	12986	19337	66915
64385	13040	15894	68964	94226	12891
106648	64138	15937	13051	27219	73720
13123	80281	65972	227929	20408	13056
13138	13057	70110	76088	105439	13347
13175	58861	16145	13593	20665	13829
13371	110956	16172	192193	56471	226162
13405	26377	16175	13713	72160	13483
13527	94176	16176	23871	21952	15569
13618	50498	16190	107373	66949	14077
13649	98878	16193	26382	70747	14172
54326	12495	16391	14247	22153	14226
13731	16456	57444	22379		57780
12496	14129	108829	231931		14406
13850	229499	21847	14676		14675
22350	80891	16822	23890		64337
14066	108101	16978	14960		14778
56473	14159	26410	14998		56541
223254	23880	17210	14991		15165
14114	14537	171531	15212		56016
13998	14594	17534	15242		15405
14184	63986	69774	15446		15413
14221	78816	73656	54486		15426
14230	105348	68774	74096		50786
14261	106512	17874	213002		15507
56188	14824	17969	16154		80888
57265	110006	17970	16155		16373
14400	14961	17972	16170		16392
14405	14972	18035	16331		107250
14560	15001	80859	15900		16511
14623	171285	233571	239217		211480
104174	15163	671535	259277		16527
14633	64209	547253	52855		16728
14732	15277	80285	16792		16852
14756	15439	18626	16819		22342
195733	192232	18793	16909		102747
14813	15936	56193	107321		23936
12950	15939	58801	80877		29857
15483	15979	19332	16970		70717
56741	80719	74760	233328		17395
16008	16164	19354	16985		56309
16011	60504	74734	17002		380684
209378	16194	19766	17095		18039
140492	16197	24014	17110		18040
16816	27056	75234	16658		54003
16870	54396	56437	17159		78688
210126	16414	12394	17305		18162
16206	16477	67742	17476		78593
17304	16598	18787	218203		80883
170790	23849	23921	246177		67405
17909	16768	20491	72560		12695
75541	16859	65221	17952		66425
13004	17001	67547	74039		64058
18212	17084	207818	18054		227733
18217	17087	12702	114249		78977
102644	17096	20732	268903		19132
23972	17258	19073	99543		19142
18508	58805	20963	70839		75668
229534	17533	21354	64099		19711
18596	17886	21817	30955		50782
27273	17912	24088	224860		228543
69239	17921	21899	104759		80515
18679	17948	170743	68507		19894
18682	17951	72512	16912		239405
27226	105855	21926	19253		20191
18994	224109	21928	15170		20194
19013	223433	22019	66824		20265
19038	27355	20128	54153		20346
116847	18591	22228	67865		50795
18760	56744	22324	19735		212531
19125	18686	22695	20111		140919
19206	227696		20201		20508
19283	18707		20202		243328
110078	192654		20345		103098
225998	234779		98365		66402
13609	67220		104681		20618
70097	67448		67712		20745
219151	269823		107375		20750
20255	17872		56485		76650
20971	19128		56857		52331
12406	230257		53945		20257
108052	19264		50934		29859
57738	19271		69178		71733
20511	54354		27060		20980
20512	170791		21682		20983
55963	226594		21810		72148
76257	19696		21812		57816
98396	67246		21815		14356
54403	50778		230787		19240
53896	56470		211550		21987
58807	58809		21898		22045
57319	74131		231633		24111
81840	26943		68487		22317
20678	233186		21938		69847
26938	20469		83433		56418
81879	18173		217333		
21808	20540		74153		
21859	100127111		54445		
68385	219140		22320		
192216	20375		69922		
214359	14270				
29820	225027				
66873	192187				
50500	20852				
22329	70415				
22339	21391				
97064	21803				
22601	21813				
	21897				
	107769				
	217353				
	227612				
	76681				
	94094				
	22368				
	22177				
	74048				
	11906				
	22751				
