Astrocyte	Ependymal	Microglia	Microglia_activation	Microglia_deactivation	Oligo
30956	12316	74211	14595	76408	70025
94180	20878	67477	11796	11555	11735
216739	58208	433256	12363	11576	68743
210044	140723	216991	20293	11629	11815
76187	12458	13733	20296	11727	11484
11606	12479	100182	20308	16952	18557
329828	12484	329154	12774	106952	18417
107747	107995	11745	12524	70497	13195
11761	66953	70719	12608	171207	252864
11829	107934	216869	12984	216445	66959
98660	229841	107350	13025	11857	192657
11932	108000	12267	15945	381319	74559
26362	107932	12362	66102	12229	338521
72014	12890	12370	20310	72691	53897
12411	13008	20305	14127	12796	14431
67896	66686	140497	14130	12335	14618
16007	13193	12490	73690	68891	50915
12494	13390	12493	80910	217303	73940
58187	111970	23833	15162	12489	66124
12759	13392	12514	15216	12506	71529
12830	13395	12628	15284	15985	16485
107869	15569	12655	15937	56708	67557
56448	14417	23845	65972	26888	225341
74519	68616	114584	70110	56644	14745
64385	75426	12721	16175	102545	17136
106648	57444	12960	16190	70031	17758
13123	73804	13036	16193	12986	84004
13371	17755	80281	16391	68964	17441
50781	217653	13057	21847	227929	17988
13405	17345	58861	16822	76088	29862
13649	17932	26377	26410	13593	14912
54326	215387	94176	171531	192193	50913
13731	27528	50498	17534	13713	213019
12496	108907	98878	69774	23871	211945
13850	93686	13732	73656	107373	67801
14066	75745	12495	68774	26382	18991
56473	74194	16456	17874	14247	68458
14164	20419	14129	17969	231931	18762
14182	240726	229499	17970	14676	19337
14184	20666	14159	17972	14960	94226
14221	20450	23880	18037	14998	18952
14230	24001	14537	80859	14991	27219
14261	229473	14594	233571	15242	105439
57265	19240	63986	671535	15446	20665
14400	70551	78816	547253	54486	83671
14405	21973	105348	18793	74096	56363
14560	68612	106512	58801	213002	72160
14600	142682	15001	19332	16154	21952
14619	170753	171285	74760	16155	74257
14623	68014	15163	19354	16170	70747
104174		15277	74734	16331	22153
14633		192232	75234	239217	14038
14756		15939	56437	259277	
195733		80719	12394	52855	
14813		16164	67742	16819	
12950		60504	18787	16909	
15483		16194	23921	107321	
56741		16197	65221	16970	
16008		27056	67547	233328	
16404		16414	207818	16988	
209378		16477	12702	17002	
16525		23849	20732	17095	
140492		16768	20963	16658	
16779		18826	21817	17159	
16816		16859	24088	17305	
16870		17001	170743	218203	
210126		17087	72512	246177	
16206		17096	21926	72560	
66725		17258	21928	74039	
170790		58805	22019	114249	
75541		17533	20128	64099	
18217		17886	67951	30955	
23972		17921	22324	224860	
18596		17948	22695	104759	
69239		17951		72324	
18682		224109		68507	
27226		223433		16912	
19013		27355		19253	
19038		18591		15170	
116847		56744		54153	
19125		18707		20111	
110078		192654		98365	
19309		234779		56485	
19737		67220		53945	
225998		67448		50934	
13609		269823		69780	
219151		19128		69178	
20255		19271		27060	
108052		54354		21682	
57738		226594		21810	
20511		19696		21815	
20512		56470		230787	
55963		74131		21898	
76257		26943		68487	
98396		233186		21938	
54403		20469		24099	
53896		18173		83433	
58807		20540		217333	
57319		219140		74153	
81840		20375		54445	
81879		14270		22320	
21808		192187			
21859		20852			
68385		70415			
142980		21356			
192216		21391			
214359		21788			
29820		21803			
66873		21897			
50500		107769			
57257		217353			
22329		76681			
22330		94094			
22339		22368			
97064		74048			
