Astrocyte	Dopaminergic	Microglia	Microglia_activation	Microglia_deactivation	Oligo
106861	11516	74211	14595	76408	11565
94180	11941	67477	11796	11554	68743
216739	56808	216991	12259	11555	192657
68738	320405	13733	12260	11576	53897
76187	12308	100182	12363	11629	14431
329828	17470	11656	20293	11727	14618
107747	12570	11690	20296	106952	50915
11761	108013	329154	20303	70497	78303
11829	67260	11745	20308	171207	66124
12032	12652	70719	56706	216445	225341
72014	12653	216869	12774	11857	17441
12411	11440	107350	12475	11910	50913
67896	64085	12262	12508	381319	213019
16007	66797	12267	12522	17060	211945
12444	12889	12362	12524	12229	68458
12494	13056	12370	12608	72691	19337
58187	13386	20302	99100	12796	21952
12759	13483	20305	12984	12335	66949
12830	15569	54199	13025	68891	70747
29873	13807	140497	15945	217303	
107869	14406	12490	66102	12489	
56448	14783	12493	20310	12506	
74519	16498	23833	13654	15985	
64385	93688	12514	14127	12606	
106648	22342	12628	14130	56708	
13123	60597	12655	14131	26888	
13527	17957	23845	20321	56644	
13649	18227	114584	73690	102545	
54326	78593	12960	80910	12986	
13731	18197	13036	15162	68964	
12496	80883	13040	15216	13051	
13850	59093	64138	15284	227929	
232146	18548	80281	15894	76088	
22350	18752	13057	15937	192193	
14066	19711	58861	65972	13713	
13998	19713	110956	70110	23871	
14184	67792	26377	16175	107373	
14221	75745	81489	16176	26382	
14230	217340	94176	16190	14247	
14261	20254	50498	16193	14282	
57265	20265	13732	16391	231931	
14560	110876	12495	57444	14676	
14623	57138	80898	21847	23890	
104174	94229	16456	16822	23894	
14633	229706	14129	16978	14960	
14813	13162	229499	26410	14998	
15483	20603	80891	17210	14991	
56213	20618	108101	171531	15212	
16008	319317	14159	208104	15242	
16404	20733	23880	69774	15446	
209378	20745	14537	73656	54486	
140492	20983	14594	68774	74096	
66277	21338	63986	17874	213002	
16816	23963	78816	17969	16154	
16870	21823	105348	17970	16155	
30937	57775	106512	17972	16170	
210126	116811	14824	18035	16331	
17035		110006	18037	15900	
75541		14961	80859	239217	
17986		14972	74091	259277	
18128		15001	233571	52855	
18217		171285	671535	16819	
102644		15163	547253	19141	
23972		64209	18793	16909	
18508		15277	56193	107321	
229534		15439	58801	80877	
69239		192232	19332	16970	
18682		15936	74760	233328	
27226		15939	19354	16985	
67916		15979	74734	16988	
19013		80719	56437	17002	
53412		16164	12394	17095	
116847		60504	67742	17110	
18760		16194	18787	16658	
19125		16197	55942	17159	
19283		27056	23921	17305	
225998		16414	20491	17476	
219151		16477	65221	218203	
20255		16598	207818	246177	
108052		23849	12702	72560	
57738		16768	20732	74039	
20512		18826	19073	18054	
76257		16854	20963	268903	
98396		16859	24088	99543	
53896		17001	21899	70839	
58807		17084	170743	64099	
57319		17087	72512	30955	
81840		17096	21926	224860	
81879		17258	21928	104759	
68385		58805	22019	72324	
29820		17533	20128	68507	
66873		17698	14605	18753	
83925		17912	67951	16912	
50500		17921	22228	19253	
22329		17948	22324	15170	
22330		17951	22695	66824	
22339		105855		54153	
22421		224109		67865	
97064		223433		20111	
		27355		20201	
		18591		20202	
		56744		20345	
		227696		98365	
		18707		104681	
		192654		56485	
		234779		56857	
		67220		53945	
		67448		50934	
		269823		69178	
		17872		27060	
		19079		21682	
		19128		21810	
		67103		21812	
		19224		21815	
		19264		230787	
		54354		211550	
		226594		21898	
		19696		319880	
		50778		231633	
		56470		68487	
		58809		21938	
		74131		24099	
		233186		83433	
		20469		217333	
		18173		74153	
		20540		54445	
		100127111		22320	
		219140		69922	
		20375			
		14270			
		225027			
		192187			
		20852			
		70415			
		21391			
		21452			
		21803			
		21813			
		21897			
		107769			
		217353			
		227612			
		76681			
		94094			
		22177			
		74048			
