Sst 6.0925715821377 0.544638969653637 0.384901528615102
Col19a1 5.82654623659836 0.454927021332114 -0.0976066977919323
Npy 5.32743599186837 0.39937169414575 0.437218969196976
Moxd1 5.24238439071133 0.561188821340739 -0.118699512605783
Reln 5.12716670027074 0.324860372173343 0.00230284557686303
Timp3 4.92179320986922 0.569154941606236 -0.0727266972251775
Slc32a1 4.91662072355254 -0.210330632942582 0.193380331232851
Ctsc 4.73735992419669 0.461885410750336 -0.0406570279861941
Grpr 4.71928915686718 0.872393966603335 0.797323154004172
Pnoc 4.49522927224644 0.599512245732023 0.195706168775503
Lhx6 4.48535562102825 0.366416749151704 0.0403673609145215
Lgals1 4.35638484004314 0.364990279334782 0.220122481948071
Slc8a1 4.19392055022916 0.312662367878889 -0.0539200570345294
Kcnmb2 4.10559052530926 0.522707545629779 0.746319575179343
Pvalb 4.10007924233878 0.476705827799341 0.611482552162426
Rpp25 3.99967332583048 0.0540844830437723 -0.0486701261464952
Igfbp4 3.85770071777205 0.389804903953197 0.371938606735431
Olfm3 3.75582796432942 0.433553899645122 0.243348101925419
Rab3b 3.69441575535818 0.253222053293792 -0.136310943895474
Ptprt 3.65955365895145 0.612258344257796 0.585980648561074
Rgs10 3.63818874957752 0.180466148243034 -0.122879540280261
Rgs8 3.61705480068997 0.209490434464401 0.751927602809061
Arx 3.61485173600184 0.0896125535271956 -0.103820208069192
Cort 3.58175860624677 0.557560660187014 0.211213845788306
Dgkg 3.54641620799985 0.448141028378777 -0.0785979524946262
Gp5 3.52563773536999 0.772119874043028 0.851141340694655
Cdh13 3.52290462618889 0.392358298618013 0.187083061268038
Gad2 3.49690544603512 -0.0907799147565395 -0.13221552969729
Kcnc1 3.49553132586964 0.364933425258486 -0.0838717813139521
Golm1 3.40682584224449 0.438426228737964 -0.00747702397560807
Postn 3.36981650047673 0.770659287540256 0.659155309636472
Pappa 3.33933751175297 0.794367135956002 0.805111843061628
Serpini1 3.32990220184543 0.0563944560758905 0.0730726570467183
Gna14 3.25357963230618 0.889359158805908 0.884475036345126
Cidea 2.87761872037173 0.729781612137171 0.317588812844842
Col5a2 2.41337627663504 0.442303869064196 0.0228357413141268
