Vip 7.33546087560221 0.812436399001191 0.588847914839235
Npy 5.88171399352703 0.507165893715816 0.0739326762818236
Cxcl14 5.84432225839121 0.44619866771313 0.0291240982510786
Tac2 5.49902565554229 0.855471318971446 0.708719148652247
Cadps2 5.37873325495434 0.338754867383353 0.519998225097196
Reln 5.32019298239618 0.412650774943514 0.00230284557686303
Col19a1 5.23806268144091 0.484580304208948 -0.0976066977919323
Kit 5.22275944536609 0.768115174613007 0.613445582784342
Dlx1as 5.08769597642415 0.511968436070408 0.186628113993452
Pnoc 5.0394123987929 0.710915532150189 0.195706168775503
Nectin3 4.99431387914172 0.587505792468176 0.509004550184929
Igf1 4.97999709842103 0.676502499421863 0.402768976548089
Lamp5 4.8649600682501 0.031458224647094 0.164078592322983
Cck 4.84258152837644 0.330782897974726 0.121921096416646
Nov 4.73439788973065 0.330452206247918 -0.0184963340542963
Slc32a1 4.69918069589965 -0.194900144954442 0.0963505884303372
Grik1 4.65876576680089 0.362339612564559 -0.0804454356263293
Htr3a 4.52259095478071 0.809232905483735 0.785520078173075
Gad2 4.36612530884623 0.0711449706675746 -0.11900144872996
Wnt5a 4.36414027758403 0.784253891831006 0.670936680515323
Parm1 4.32376404492796 0.42771176889002 0.0907674133459631
Nfib 4.15087615936012 0.214461774917817 -0.0426855930343923
Sln 4.1056333939418 0.749145891895222 0.149838516190948
Kcnip1 4.06305390964965 0.418075928149841 0.0229318971153501
Dlx1 4.00411246201297 0.476167138242466 -0.0514268037646551
Sst 3.9813901942206 0.409095782363865 -0.0519100498807884
Fxyd6 3.87346754158709 0.401386589288812 0.187580616909814
Cplx3 3.84799056317244 0.630318710312203 0.397211395966426
Kctd12 3.74706141484242 0.469165679306447 0.34676248740448
Cntnap2 3.73846891963016 0.198763462709387 0.235125881480293
Rgs10 3.72774435731021 0.253048675000527 0.00305274506273856
Serpini1 3.71741889411091 0.165980625416303 -0.0967956941434764
Elavl2 3.69176557210071 0.149575885777293 0.305359493499859
Col14a1 3.58258914678014 0.787975653673837 0.69700700682967
Cds2 3.57021959937459 0.110517279261137 0.0987322807468463
Sorcs3 3.55076270486522 0.724181340298998 0.397333683494157
Nfix 3.51110552823213 0.216889045214316 0.227145494405389
Pcdh20 3.47774475470812 0.430846269730128 0.153122640477018
Etl4 3.37878581224624 -0.00107290796283022 0.0526594241353119
Kcnn2 3.35196510112849 0.525331710786004 0.0867772902477134
Egln3 3.34470519756859 0.552319833132966 0.406419972763743
Magi1 3.27473053818217 0.429045054089496 -0.0578068569932637
Npas1 3.27054987546623 0.761489327855539 0.47880248436001
Gng4 3.08080150066047 0.467460319687237 0.065274363080222
Tnnt1 2.74445358254273 0.403964070876196 0.335303017669878
Dlx2 2.64005174585176 0.586368765921746 0.452599460393567
Lima1 2.33910406260074 0.46921306672539 -0.0124674980920274
Abca8a 2.22513033153811 0.497160167631531 0.122228752608885
