C1qb 9.08021233573141 0.842998630066832 0.826260272738749
Ccl3 8.95001352741759 0.939928709017199 0.875010278610411
Atf3 8.24608002836272 0.831731420761938 0.830918790269464
S100a8 8.23083161956659 0.966272705515959 0.960428789540624
Gpr34 8.21806958976861 0.960454612670538 0.947583663438538
C1qc 8.00274700635336 0.904908185428614 0.855364296399817
Ptprc 7.95918312157866 0.946266513707356 0.92770960708297
Ly86 7.90769698640826 0.915354170418638 0.907463383937587
Xist 7.78814097392151 0.58491791360357 0.0438292083858103
Fcrls 7.78102134840471 0.937609089226419 0.901292070530544
Rnase4 7.70315054456837 0.88480038556578 0.893119925283091
Tmem119 7.65689975593353 0.927714600098175 0.914694448697459
Mpeg1 7.57494426156535 0.903919378212926 0.883325020049595
P2ry12 7.559368598162 0.904675698170363 0.862550960007451
S100a9 7.5331065051016 0.957649612920174 0.94795300958219
Klf2 7.52137230595318 0.872129781225628 0.769883444767211
Lcn2 7.49529232949471 0.955912583923878 0.907947148580474
Laptm5 7.47048985626063 0.796037386960052 0.791436260745034
Vsir 7.46665442668394 0.76691579388477 0.817507082236361
Lyz1 7.46283847020264 0.893719467227649 0.879523082964344
Fcgr1 7.40480191006838 0.929924634455133 0.879459405437473
Fcgr3 7.3935386565868 0.937948722407246 0.920306466436604
Anxa3 7.38983166952703 0.929380189596864 0.91864696667275
Itgb5 7.3748448849925 0.646467676030704 0.832456606116307
Olfml3 7.35546590683616 0.948231787730196 0.950608520022486
Socs3 7.34166722753624 0.691313195771903 0.807573837512272
Itgb2 7.34061316986711 0.949640554107836 0.940219873686282
Ctsh 7.31382040424413 0.935523403355223 0.921969990290907
Cd53 7.29718771057954 0.920752906342071 0.914042384148667
Cx3cr1 7.2885904367418 0.916677379197513 0.875260216921099
P2ry6 7.26727208422165 0.958582748932782 0.958522990465114
Icam1 7.25985318708027 0.901545903901174 0.889251240730328
Ccr5 7.25698636495217 0.953292688285659 0.951519352203952
Fermt3 7.24590245671199 0.838436200131962 0.822921217131095
Nfkbiz 7.24307849358477 0.753732423823455 0.869118393769463
Fcgr2b 7.21993619830533 0.940134059086313 0.919854728455445
C1qa 7.21807684435012 0.911018226787621 0.851490235657899
Tyrobp 7.21095475256552 0.933554509105666 0.892467346121742
Cfh 7.20872885960909 0.962757261585711 0.954176002950539
Chil3 7.20081733741381 0.965901643314228 0.903492308763036
Klf4 7.19739852812215 0.625899342988819 0.630011299392605
Cd68 7.18941879801751 0.709869041588817 0.847527579034074
Adgre1 7.14286289231823 0.896505103799054 0.897136616716711
Il10ra 7.14008394162548 0.941402830065324 0.949907572481086
Naip5 7.07971229815129 0.967650049389399 0.966817569536419
Il6ra 7.07099664976824 0.953152475592496 0.962055200401878
Ptpn6 7.06294813961655 0.962554942660668 0.963980795727277
Cd14 7.02812762143733 0.913016297222198 0.895224222052279
Ms4a6d 7.01622153615373 0.964536629465211 0.965364043877448
Ngp 7.00114954355642 0.934317754300695 0.929270955279188
Srgn 6.97848093145637 0.879921181212831 0.878047278847563
Irf8 6.96748167071905 0.903929610493247 0.915306295303626
Csf1r 6.87171227634262 0.771836290586361 0.660291347313418
Cxcl2 6.8462508092722 0.945113009476553 0.887347150467016
Rgs1 6.84197319696617 0.947108171632605 0.913783032329059
Hck 6.82989015435509 0.93493667030976 0.936269201701485
Pld4 6.8261083703955 0.956832562240234 0.946661154057517
Cd86 6.82212777353581 0.951989733310979 0.955761659608987
Ccl9 6.80575484800986 0.951295454563539 0.928511238037821
Selplg 6.78912057529175 0.916836466023865 0.916390716868
Adcy7 6.76218384554854 0.901733903037078 0.917298371853741
Ptgs1 6.74473518851109 0.765717150386346 0.535546514080042
Lcp1 6.74073485813925 0.825540423487961 0.822900146558026
Mertk 6.7362461144167 0.576896592356568 0.0261893883636564
Ccl4 6.71680408053577 0.883851923810701 0.878659261480908
Fcer1g 6.71528668323504 0.958938036026187 0.93400792629559
Txnip 6.7120137075506 0.688289478213695 0.53409481607691
Cd83 6.70968988953145 0.844533706089911 0.897147056600767
Camp 6.65339812482017 0.969660043974474 0.918895357892527
Bcl2a1b|Bcl2a1d|Bcl2a1a 6.61722576899211 0.940607011335991 0.9298968864865
Zfp36 6.61573992142566 0.779660303247269 0.793942399564921
Ms4a6b 6.59266452991428 0.94314447920302 0.946864546891933
Sla 6.58021463280047 0.890949596896018 0.871819742324012
Tgfbr2 6.55729012149914 0.862180875997011 0.869160556016689
Ctsc 6.55405108545591 0.568443131485246 0.742271812483732
Hba-a1|Hba-a2 6.54051229972782 0.833465416229173 0.800086411562127
Ctss 6.52336842290461 0.818201549955284 0.78372939665311
Havcr2 6.44717922923131 0.93854394557078 0.937297158744926
F11r 6.43741829784874 0.93656116838073 0.93724303793423
Il1a 6.43364872628934 0.953508044784291 0.922074681523627
H2-Aa 6.40976095654263 0.933826563164312 0.887894303071023
Tlr2 6.40355462955994 0.965504285462938 0.961998500122113
Tlr7 6.38610281816197 0.943231058225782 0.941903641243823
Naip2 6.38129298999866 0.957225280534754 0.950859301584655
Evi2a 6.37864006451288 0.49906210722468 0.123793673495937
Lyz1|Lyz2 6.36985975339984 0.950290207469872 0.921754545473482
Vav1 6.34162781693738 0.940572402868818 0.941695921644265
Hpgd 6.31586453995457 0.890941331640583 0.902381875546933
Gpr84 6.31575333966746 0.943003943856433 0.945594033547174
Cyba 6.31116314689225 0.864725723553713 0.836822420217362
Nrros 6.27169568190232 0.833777102181354 0.792080354658163
Lpxn 6.26603200572369 0.940286714135154 0.945666491073607
Slc15a3 6.2600816275107 0.950699276749744 0.934368395362971
Ggta1 6.24956289082131 0.844935730203279 0.742119145974757
C3ar1 6.24496741317323 0.946251204653635 0.939961198405554
Aif1 6.21997870244637 0.851480260307073 0.848881875018954
Fli1 6.1964186187716 0.958146074168223 0.953584109241566
Blnk 6.14153462602172 0.889631966776108 0.887739014842423
Golm1 6.12682885422013 0.819104336615824 0.912150173780495
Slc11a1 6.11651730176596 0.959869010036932 0.955696090077804
Alox5ap 6.10238510478852 0.888829201722075 0.908355754814299
Fgd2 6.09224778303646 0.945245136340022 0.924591888366743
Ccl12 6.08187450130286 0.959484404311679 0.948789213807841
Ccl6 6.07861217693098 0.952714801273304 0.935501101203153
Ugt1a2|Ugt1a9|Ugt1a10|Ugt1a6a|Ugt1a5|Ugt1a6b|Ugt1a1|Ugt1a7c 6.06804863977769 0.791199654901994 0.856600531425976
Plek 6.05106388223361 0.866134251819564 0.868506236758925
Tgfbr1 6.02629730135173 0.800315883987119 0.895941007327488
Pycard 6.00905315273746 0.906936257212383 0.909626848879343
Inpp5d 6.00615776806894 0.862724346816901 0.838171688846782
Lair1 5.98213827584443 0.913104978536989 0.893564252231407
H2-T23|H2-T-ps 5.96546505976877 0.823504843089101 0.822872207107064
Ier3 5.92812785266603 0.859199864374902 0.892575784455379
Tnfrsf1b 5.90105276688988 0.945758319146125 0.942017544524281
Ier2 5.87621496667653 0.759368322881276 0.761337970588246
Pros1 5.87574574945556 0.849092017789235 0.914612661125001
Ttr 5.86776372232386 0.460033019766945 0.316776354853328
Slc40a1 5.85496587131467 0.885980456590802 0.897769547319859
Nckap1l 5.84405007254955 0.839910944360394 0.894124907642003
Rhoh 5.82767399005927 0.949077167267496 0.946091891540351
Ncf4 5.82339699196497 0.957332106053764 0.956700882562903
Lcp2 5.81684430586012 0.921048481959258 0.932404228147638
Rcsd1 5.81240495798298 0.890518033318016 0.868375766241189
Slc7a7 5.80023784085797 0.921855921509153 0.915361201002863
Fyb 5.79342908579477 0.945436081656738 0.942190799937016
Fosb 5.78813852908942 0.69659311181753 0.716245626208222
Hk2 5.78789338534976 0.839385704185807 0.867097005396443
Ccrl2 5.78765055541669 0.898371928081268 0.89476894373723
Sash3 5.78668835642786 0.905928680060161 0.908908406568615
Crybb1 5.78558179964192 0.923811020379824 0.926794374466269
Ctla2b 5.75927237654008 0.944375572361302 0.910246303535569
Capn3 5.74693097616151 0.928817276215175 0.923123771861287
1700017B05Rik 5.72804892527034 0.84207611811495 0.887736329966601
Pik3cg 5.70650079790907 0.951965545628271 0.940753099800705
Tm6sf1 5.66826722666779 0.762948495774151 0.802245750643153
Stab1 5.65256166436895 0.949078329627064 0.947770356833861
Map3k8 5.64838194985964 0.956062501224021 0.941586779570584
Arap3 5.64039324810108 0.82320278302276 0.828525793933383
Cd48 5.63389202477168 0.940384549637315 0.928595144299591
Mlxipl 5.62431087136203 0.824594342896184 0.810263329246178
Tlr1 5.61632201642175 0.963182968067238 0.942972009087337
Ltf 5.60492803262729 0.869078682996098 0.752621472053893
Hba-a1|Hba-a2 5.58018796433419 0.741054714816669 0.649753889295238
Alas2 5.57678433352606 0.926160766350166 0.924253691584636
Dapp1 5.54503892830615 0.77682889897014 0.7316654390012
Entpd1 5.5257353787585 0.914684776650762 0.92871377916462
Btg2 5.49186150797177 0.710740802919593 0.302019874538366
Akna 5.47553925726229 0.855481364387439 0.910062558306999
Ncf2 5.46593909747195 0.908625179201598 0.821566928619307
Ets1 5.4361629296072 0.881345753424608 0.798932163578278
Cysltr1 5.43020004252532 0.963720545753276 0.961910559768528
Csf3r 5.42720886280017 0.910139488729567 0.900065278758368
Cd37 5.42625691495579 0.941228195896781 0.918944626477695
Egr2 5.39263534857573 0.650833358186367 0.742110757445126
Rab20 5.3911112556022 0.879337702262576 0.823035733235841
Clec4a2 5.38976272323832 0.95148904760604 0.923539772991045
Chil4|Chil3 5.38865336167484 0.953943263649442 0.887414174481409
Zfhx3 5.37144533262993 0.592106822824158 0.709283611700285
Junb 5.36883277251658 0.719616242627558 0.710325676330519
Rassf5 5.35914221288792 0.828444361224121 0.864068610382995
Cd300c2 5.34302475074085 0.887860182944114 0.877463373899276
Mafb 5.3396290349525 0.931732267154794 0.947739125244313
Adap2 5.33680608671224 0.889147038281719 0.88078306122427
Il16 5.32638013867418 0.936631944402533 0.935745852651164
Frrs1 5.3213353284914 0.779885962581627 0.863091113981946
Elk3 5.31899587553361 0.836264044370452 0.777628378042196
Tmem173 5.31026984067255 0.84098980939591 0.834472142807631
Anxa1 5.30850508901933 0.885062652463313 0.845597729896611
Cd34 5.28889932683372 0.836986357810881 0.844376505059526
Cmtm7 5.2612795659498 0.913535433856832 0.91599783592074
Adamts1 5.26111341896548 0.664176661079861 0.775484383005765
H2-Q9|H2-Q7|H2-K1 5.25417389522066 0.903365436123553 0.839085208581476
Cd300a 5.24270063205357 0.942010043919561 0.918760591377416
B4galt1 5.22330137539327 0.864304510708311 0.89613472956832
Syk 5.22004375427665 0.880347095280166 0.878518529556598
Lyl1 5.2147448996927 0.929437733013624 0.922388757738958
Abhd15 5.21211765506401 0.907662632559935 0.877001403572972
Tpp2 5.2074139423701 0.856911391322083 0.733933028598939
Casp4 5.20712377596068 0.959014500569954 0.950523297744447
Itga6 5.20425372659438 0.560559423246484 -0.124700103526212
Tlr4 5.20026497954689 0.910928575143689 0.888197520393592
Themis2 5.18598149070766 0.927216508427504 0.921978712105559
Tgm2 5.17859669204111 0.823652820249369 0.714558247291975
Stat6 5.17846163085089 0.801654741485204 0.869379735143062
Hbb-bs|Hbb-bt|Hbb-b1|Hbb-b2 5.16897538936675 0.829821782716101 0.702822936030939
Trem2 5.15622455348714 0.917655320766004 0.916620684475721
Arhgap45 5.15391794090671 0.937132612777135 0.942532303463858
Unc93b1 5.1422307042224 0.85489206832891 0.863976254894897
Spint1 5.12079282841574 0.707527218179973 0.839465046389838
Hfe 5.11732753888528 0.81980515482593 0.898690086936897
Srsf7 5.08889256055442 0.73728389935956 0.66856877761714
Rps6ka1 5.0823729384303 0.833416218134224 0.84682949472598
Hba-a1|Hba-a2 5.04791337926432 0.747435144995277 0.64631733596174
Xlr4b|Xlr4c|Xlr4a 5.0433345642851 0.889930643192845 0.808364070210946
Zfp36l1 5.04332676808508 0.434949131394656 0.321053198039929
Kctd12 5.03029749441639 0.695852875586966 0.689233153498317
Pald1 5.0183396243549 0.89044109015983 0.911648365697654
Sparc 5.01274352995254 0.573971452249694 0.5712743831825
H2-D1|H2-L 5.01229940862572 0.77565770444103 0.707796442936603
Ccnl1 5.00884344398993 0.740941896490625 0.79644374410402
H2-L|H2-D1 5.00267111869504 0.794114707666681 0.767797222031011
Slc16a6 4.99219083895143 0.842035608339962 0.888549594366103
Hhex 4.98254327174748 0.93538058705362 0.923027978003443
Lrrfip1 4.98220994768375 0.730224436044924 0.768638722666259
Serpine1 4.97860815107264 0.889009683396277 0.902591751021059
Csf2rb2 4.96454740121002 0.949679008491242 0.95187817879447
Casp8 4.9623356970206 0.933463165897296 0.929683132157772
H2-D1|H2-L 4.96000669976175 0.765760214838014 0.713519505520334
Pon3 4.95307601126154 0.936323159487062 0.92133875979289
Syngr2 4.94302364484142 0.545259965853575 0.678839470206685
Mylip 4.93756200513305 0.796815632030397 0.79686919531217
Otulinl 4.93440732974768 0.691294648221924 0.870422899566502
Cyp4v3 4.93416661860092 0.51976828755493 0.610980030295918
Abca1 4.91915050927 0.494354922642694 0.134537026901349
Jun 4.90604391670152 0.519988871757006 0.407492586906477
H2-D1|H2-L 4.89972992894668 0.86431847743276 0.75846323307839
Arhgap17 4.89832058793488 0.729234511135654 0.814797078135117
Tcn2 4.89798931075539 0.578959511052318 0.817371209963856
Gas5 4.89027126942758 0.617587936372792 0.579511280860838
Clic1 4.8767012040111 0.815714614773872 0.837498015711099
Plxdc2 4.87627473129471 0.748320573456159 0.681432637933602
Clcf1 4.87197437051973 0.949249055798231 0.936458027389983
Pla2g15 4.8642168180207 0.865003895091543 0.89658177236961
Fes 4.85958778033318 0.949645889000797 0.931599858038054
Slamf9 4.85552128303002 0.891160001816478 0.884650585453041
Ankrd44 4.85441966044331 0.73213033871845 0.774227736142258
Lyn 4.85196850987687 0.849493972917227 0.909644388166988
Irf5 4.84685950740226 0.923645871577287 0.910943049075886
Trim47 4.84512799983569 0.876340180602935 0.932213513898955
Tnfaip2 4.83629235898495 0.865742029821143 0.878006962288565
Cttnbp2nl 4.82599599545882 0.597166424936456 0.508524144902822
Tgfbi 4.81291644753719 0.77725298984643 0.774506568660179
Trf 4.81085115762899 0.39932341800419 -0.09037688828102
Pdgfb 4.81065979025224 0.903321048995696 0.893386868364507
Abcc3 4.80545365179429 0.948698240773783 0.944982312127764
H2-K1|H2-D1 4.80499499899079 0.604562790109774 0.538827231906372
Hexb 4.78507309237074 0.768391181493674 0.7904495650039
Tor4a 4.77619006350832 0.806412874516369 0.853479901834411
Plxdc1 4.75903029707554 0.609642461124704 0.586570957148897
Ppp1r15a 4.75852210016254 0.81442242344017 0.769972582969436
Parvg 4.75627162452779 0.899592802302337 0.887270006270351
Rgs10 4.75618901598093 0.582750143665165 0.833171505645377
Phyhd1 4.75407040841344 0.799238646738461 0.722017233311674
Hvcn1 4.74542742915057 0.836870422343714 0.866500931061877
Klk8 4.72883307495037 0.94705032624065 0.941719303780103
Trim30a|Trim30e-ps1|Trim30d 4.7208524821584 0.879165089453556 0.865158599382529
Tec 4.71703304190473 0.903583339131252 0.900631532579269
Klf6 4.71545496689145 0.820850716420994 0.853418388374044
Slc29a3 4.7100837255887 0.521095054712917 0.544499143390683
Arpc1b 4.6905735652099 0.591465790322491 0.11048556736705
Trim30a 4.68909296319509 0.939206174478202 0.91299778038857
Pla2g4a 4.66912013883234 0.648713152314811 0.265679578354155
Hspa1a 4.66159280468351 0.546547786650413 0.583085555598923
Grn 4.65574166869344 0.756158133780104 0.873399989198547
Siglecf 4.65171060647547 0.961895485276605 0.961250469516826
Ifi30 4.62589359987648 0.839121862604408 0.9293265496313
Coro1a 4.62219127029518 0.571085917781991 0.678631306779883
Tifa 4.61373350305188 0.699727381476253 0.842208727064751
Rrad 4.59876973985403 0.920853765015153 0.86885441043746
Wsb1 4.58730959065384 0.610596925860765 0.428163634759953
Birc3 4.58504184819401 0.92769042608517 0.934685374682428
Rreb1 4.58480241063823 0.715295897679014 0.787064077130586
Ifngr1 4.5740371297351 0.808455724893935 0.859010231008067
Msn 4.57136438791702 0.725351171492064 0.803008847870909
Il13ra1 4.56740258442724 0.862879272772612 0.851013587645032
Sipa1 4.56391634956247 0.918969285789021 0.925252221504969
Sh2b2 4.5594237335593 0.884176639813674 0.83455325094322
Ang 4.55302744337811 0.926950380576276 0.912577349357089
Clec7a 4.55228950988294 0.893763068046971 0.893598701871647
Afp 4.55098634802165 0.758842867147593 0.708350691531687
Cxcl10 4.53578206882322 0.906755181408423 0.69856176833123
Lgals9 4.53337164962921 0.940961288600907 0.937749808673227
Lrmp 4.52914481301105 0.94116343876058 0.939639587164327
Samsn1 4.52731748078707 0.940723966049865 0.93546548333061
Spata13 4.52408917243324 0.59544113356033 0.756258912597832
Il6 4.5222800821491 0.944501935025206 0.870859115857809
Igsf6 4.52166120987352 0.927414097956035 0.918485018837562
Vamp8 4.52131977819577 0.658436980307943 0.723195666338738
Litaf 4.51896429075882 0.366828748734873 0.446164633416549
Cebpd 4.51601991701138 0.509510895918967 0.45065287968563
H2-Q7|H2-Q9 4.51061099523416 0.863488002035756 0.68879456734831
Ier5 4.50877063878527 0.74144853995386 0.835210837595264
Sult1a1 4.49535798544582 0.594369701774768 0.148317382320863
Fos 4.49252379831558 0.311714237980941 0.397663788507443
Nfe2l2 4.48960603024553 0.482677356003681 0.453204696832214
Cmtm6 4.47606978900554 0.612144562104679 0.816637496004347
Arhgdib 4.47473368176164 0.301104494231244 0.661909209567974
Ceacam1|Ceacam2 4.47131863476406 0.905855079481042 0.871167305317215
Spi1 4.46657702435459 0.934933864450749 0.914316561861161
Rel 4.46513419392736 0.876992362855789 0.864259189795859
Mfng 4.45811336111134 0.931047459463442 0.918704315594184
Trim12a 4.45680969247362 0.926059717970225 0.914433306321833
Il7r 4.44952627300123 0.922029110701187 0.907339245440943
Pnpla7 4.44542361530658 0.542392391270474 0.453948081481576
Nfkbia 4.42885862319458 0.758738043378224 0.740443446254942
Edem1 4.41665693312744 0.770601322702056 0.767918324079887
Gusb 4.41507189900563 0.618671201941046 0.783390853831904
Hspa1b 4.41502345910356 0.429910947416635 0.452262978230158
Myd88 4.41270660493521 0.821062352318006 0.907862529874947
H2-M3 4.39783181887079 0.81961638809381 0.876651262021088
Mlph 4.39766145375913 0.95480736361405 0.944833193837244
Gmip 4.38528364441131 0.915337126403835 0.919272893795823
Ptpn18 4.37488100371747 0.927174368963692 0.907792967208714
Lag3 4.36931990923992 0.914269448399165 0.913471943217387
Plxnb2 4.36765064993819 0.590222258983554 0.702591554700873
Arrb2 4.36747293891733 0.790227784250785 0.77611671622256
Zfp36l2 4.36633547406187 0.416558131590479 -0.0397896095159471
Runx1 4.35495266102065 0.879848064727497 0.856939383022059
Naalad2 4.34436597798598 0.924744505371831 0.916819285033962
Pag1 4.33564203663666 0.610228551652041 0.824742738135673
Chst7 4.33558689240492 0.652935921628391 0.649251307858187
Stk17b 4.31447165079405 0.465165600931868 -0.0309181338982068
Ctsz 4.29630394409332 0.710169063143113 0.802389772909744
Mrc1 4.2957939827562 0.904400334194801 0.847305771674863
Ccl2 4.29393031173778 0.932992841609922 0.916482200341481
Casp1 4.28617938743704 0.858249229985146 0.911371146859842
Pnp2|Pnp 4.27416010070766 0.627803810559084 0.717571443896628
Cd52 4.27279743651676 0.923695356498265 0.901795616698258
Gpsm3 4.27081904358621 0.930303124723928 0.926403188215968
Ctc1 4.26927397191561 0.838644430450545 0.822563912738408
Notch2 4.26821142147577 0.444262746547781 -0.0431145382667697
Lrrk1 4.25984690240026 0.926077247588411 0.855217105115679
Il10rb 4.25481235794354 0.812313898987514 0.866829486587767
Slc39a8 4.25408863129245 0.7812279865959 0.764901025984507
Slc2a5 4.25407179561729 0.897303211462864 0.886221826568116
Parp9 4.24119692704842 0.76506177183757 0.828615184502807
Slc25a45 4.24099887977446 0.701857685994221 0.802674843388815
Ptgr1 4.23632252503708 0.708756193450383 0.775925727977305
Tcirg1 4.23449965449145 0.737081144553623 0.753210413303783
Ripk1 4.23247937871763 0.708483811128027 0.838147934214828
Dusp6 4.22792363453903 0.643813785065843 0.595104011435609
Hacd4 4.22408835779239 0.811656395809003 0.650509092278048
H2-K1 4.22014800421734 0.760256369344013 0.571151271462752
Tnfaip8 4.20178213785105 0.419038310476404 -0.0687511326400445
Ugt1a7c|Ugt1a10|Ugt1a2|Ugt1a6b|Ugt1a9|Ugt1a1|Ugt1a5|Ugt1a6a 4.20176793713872 0.769304243335467 0.670144410937881
Cebpb 4.19369139254443 0.846914857271015 0.847574768725629
Dusp1 4.19170285238522 0.553807394961418 0.349844153941768
Parp14 4.19020319599274 0.915401665325528 0.814696809414452
Hps4 4.18119982271159 0.802192971108883 0.757692064328705
Cep152 4.18115051685664 0.884084268870444 0.817513234654921
Btk 4.17759012425848 0.876612653223985 0.887327132997664
Lilr4b|Lilrb4a 4.17658714239627 0.936186175817043 0.869890159977523
Hcls1 4.17411659957387 0.936522837246252 0.929837033835418
Apobec1 4.17077702654332 0.799364879738677 0.840467309792975
Arhgap4 4.15925962156446 0.945750633074755 0.924372754827671
Man2b1 4.15690987695164 0.768156724093226 0.677482272613863
Plcg2 4.15137001887787 0.816738060768563 0.834662408732112
Tubb6 4.14995033825122 0.883687513247632 0.918326801092498
Mcl1 4.14474539770487 0.79708529255374 0.844813275571466
Cd33 4.14135295134264 0.882386678630786 0.867758875716866
Lrba 4.14063981814006 0.662112961689879 0.631930753366872
Itpr2 4.1120149877456 0.404845070447741 0.125444356554589
Cd177 4.10751481945186 0.934881599011421 0.890272581527441
Hpgds 4.10411357311445 0.91773189769578 0.916634716474969
Ugt1a7c|Ugt1a6a|Ugt1a2|Ugt1a6b|Ugt1a9|Ugt1a5|Ugt1a10|Ugt1a1 4.10047576450241 0.884735436661784 0.921277580658776
Fcrl1 4.08592421000509 0.950169820270858 0.943622625405983
Prkcd 4.08447760660026 0.656846117423052 0.688708725514112
Asph 4.08371899023504 0.589559514826585 0.205598381384253
Cxcl16 4.08358208697406 0.919731399441656 0.911193955364635
B2m 4.08143200604202 0.71002005404304 0.715184919529906
Gdap10 4.07742998813063 0.585442113639768 0.498893816980958
Pld1 4.05972018901358 0.583871818322073 0.794539732732298
Ehd4 4.05052462147583 0.81885798717232 0.879611984104428
Ceacam2|Ceacam1 4.04827791699851 0.864065296623538 0.854413328593084
Dock2 4.03196738990146 0.8941234577789 0.874616090173776
Uba7 4.03150949556006 0.881782146176894 0.868019131776508
Tgif1 4.03094730807969 0.905698855910266 0.906463127790639
Myo1g 4.02549329369362 0.941363955378614 0.906153057878836
Rbm39 4.01287044171836 0.153006079974343 -0.0374899433586514
Herpud1 4.01045448657533 0.767605975723848 0.851863285313854
Il17ra 4.00373926823561 0.815939374621634 0.806217033563063
Pmaip1 4.00185975737716 0.91319944702214 0.910513474798607
Serinc3 3.99814955729028 0.178480744728737 -0.11797386751747
Zeb2 3.99553074241901 0.441717164321396 0.427471045432332
Ucp2 3.99229585700611 0.84865014613599 0.831571033377976
Cklf 3.98981453206628 0.553905802136716 0.748925563337602
Adrb2 3.98852245967963 0.860313652561436 0.814507778036027
Tmcc3 3.97889852446433 0.742283277757012 0.533104613879965
H2-DMa 3.97460194342389 0.748188398772575 0.853268960042737
Ints6l 3.97309303215282 0.699444510180672 0.506121765968368
Lgals3 3.97306375443402 0.783165195120557 0.48078304706377
Pdlim4 3.96647530838272 0.442344888099882 -0.10726267715303
Ptbp3 3.95739404370099 0.781291193890745 0.777432801346045
Glipr1 3.94997820448546 0.84500795004913 0.817313934759712
Ly96 3.94986896811972 0.818669556538232 0.810389439207265
Epb41l2 3.94825042511627 0.449672328145781 0.63651975349556
0610040J01Rik 3.94800324772363 0.583866592540405 0.418756621518981
Lgmn 3.94490402693823 0.635262428343026 0.75538821184546
Rab3il1 3.9417676465629 0.866520303251019 0.882879174385567
Mef2a 3.94022396543626 0.542529532794388 0.813218721745136
Tnf 3.93916910636708 0.89221489798308 0.865126284423679
Fam111a 3.92966092069466 0.82120960375693 0.699300212943908
Cebpa 3.91814551077321 0.836530363569233 0.865924687272814
Nrp1 3.91407970275107 0.543450991406688 0.480815127928979
Tmem63a 3.91160483038106 0.462246227612505 -0.0975183256489013
Ppfia4 3.91099607885644 0.719677853124935 0.845158733127188
Tmem140 3.90940991625806 0.909913618208222 0.892726058207021
Tcim 3.90725463929243 0.688604863988608 0.245549962192037
Ebi3 3.89966535517047 0.897763004582845 0.896273105370086
Plekho1 3.8914645162318 0.750511994618702 0.788235215860598
Gna15 3.89012476044813 0.93492967949145 0.938234863617351
Prkab1 3.88688496302527 0.823665162390677 0.838099948832373
Gimap6 3.88563993776347 0.93866047137699 0.928555523117799
Snord22 3.87773227355891 0.748684567987736 0.747652135155631
Dhrs3 3.87739112864441 0.629992037269472 0.359202952261275
Scamp2 3.87481138318835 0.6238339638337 0.715696763220685
Gcnt1 3.86433437525768 0.915990284388536 0.903051502896701
Gem 3.86098483170773 0.601030987098085 -0.0428587386634424
Arhgap9 3.85273865119302 0.896309481330249 0.89329254580179
Rac2 3.84382994119179 0.879950699009103 0.875573203423301
Tbxas1 3.83739076903495 0.926935120225273 0.879936905457404
Dock8 3.8197497147922 0.906478046314845 0.86397448349183
Myo7a 3.81677027721361 0.859049575588498 0.864275947774954
Rela 3.81671877603983 0.570593815588554 0.691315995201326
Trpv2 3.81278057219131 0.832856228558593 0.895645413157378
Klf10 3.81189552933056 0.635105297134792 0.779920334197588
D17H6S56E-5 3.80885118834809 0.930018777462979 0.920975010000027
Plk3 3.79952439167803 0.628370146195562 0.31595241466277
Pnp 3.79874477946181 0.430507957374907 0.711749559477843
Atp7a 3.79862488561243 0.776935678757102 0.791527745787337
Ltc4s 3.79501990112198 0.9103475966356 0.875747417788326
Tsc22d3 3.78593339791211 0.690053490716758 0.687236910718014
Phxr1 3.78195904224025 0.786135968805904 0.744678481059365
Snx5 3.7813440768699 0.822200071737265 0.799020103365918
Ncf1 3.77639067652743 0.925261327898888 0.91825228508428
BC028528 3.77533795394657 0.691025659960433 0.296661843788185
Tlr3 3.77058825718618 0.477132967282778 0.833342645686074
Myh9 3.76563490773823 0.474012261876695 0.382919647697374
Resf1 3.75039258065364 0.737144741015464 0.772822309974476
Galnt4 3.74665004206282 0.455323326712807 -0.0888496445825484
Slc7a8 3.7432384509405 0.855538839453825 0.888586660168091
Npl 3.72909873719183 0.7088035129795 0.700004523370205
Mef2c 3.72466939581751 0.0825813415181218 0.239909383136965
Igtp 3.72391683833053 0.747581823616544 0.601433483571723
Nupr1 3.72054870207838 0.543323431712331 0.302237592466249
Psmb9 3.71852192225392 0.906647512729564 0.797192482441821
H2-Oa 3.70999172440817 0.943046646044053 0.938223540530754
Cyfip1 3.70225698226726 0.483301797470679 0.667101971450016
Tnfrsf1a 3.70117752814082 0.606912511707593 0.690936332017955
Sirpa 3.68302821306307 0.559184406484388 0.675461524839095
Rnasel 3.67802618352762 0.796173124352142 0.817701967469279
Il4ra 3.67353532643261 0.940820428819321 0.929125545609617
Rrbp1 3.67154676503309 0.543978487554118 0.613184915400422
Parp12 3.67016019876388 0.512035290797319 0.423930618896923
Lpcat3 3.66689240468673 0.401052529547794 0.370986664449744
Rhog 3.65917834170617 0.346111365346952 -0.0956691681287438
Maff 3.65692875106448 0.785850259404417 0.743797013341992
Clec4b1|Clec4a2 3.65333026019244 0.938046950567973 0.927183710969544
Mlxip 3.6390935068662 0.835174584828291 0.829245551665253
Ifi35 3.63382469792028 0.849648457636012 0.759375665377243
Clk1 3.63296847130553 0.547360590138809 0.35152336968525
Pxn 3.62220765347864 0.409730109659051 0.778675839413359
Cmtm3 3.610514070316 0.483812703757202 0.359412207355567
Nfatc1 3.60786384943003 0.805156013406044 0.807420156127352
Rsad2 3.60715676990993 0.632381489144748 0.554416766449516
Tgif2 3.60457491773031 0.883585784298586 0.9274765506193
Rgs19 3.60221620442389 0.677310935584089 0.625774703356778
Zfx|Zfa-ps 3.58418071412348 0.606650562850321 0.541678296840214
Slc25a37 3.58378447350307 0.691676434213073 0.651045365367556
Pbxip1 3.58134404547951 0.504216735658771 0.720814282442406
Vwa5a 3.57920020117387 0.568211868001173 0.682523105789763
Tapbp 3.57876386247439 0.763760364416315 0.607679622986832
Rin2 3.57583949716069 0.697551359134786 0.6446135270599
H2-DMb2|H2-DMb1 3.56849209708667 0.828181463862542 0.800451674138457
Creg1 3.56304382949594 0.648117706024236 0.7879940393521
Ets2 3.55746430311053 0.253858557756023 0.537652466298833
Tuba1c 3.55274777290066 0.776509191012037 0.753623930263103
Cd79b 3.55189707362962 0.910095404971153 0.902792662395606
Dnajb1 3.54347453719973 0.822338670985711 0.849492330129476
Slc37a2 3.54268228536909 0.887106638528755 0.870871332826267
Lmo2 3.53464268631771 -0.14641877527601 0.362554380195494
Trim34a 3.53021329030951 0.822202589715505 0.683217445325645
Cytip 3.5301469936655 0.772640894853893 0.722608789559203
Phxr4 3.52226332761483 0.614764096341862 0.123478879707711
Col6a3 3.5161210702731 0.76307820337674 0.770490891483948
Nrip1 3.49804859959656 0.742001855350209 0.747790043676395
AW112010 3.49663334487097 0.918590032695996 0.908909856387074
Rgl2 3.48411086490752 0.545625730834085 0.586134252721168
Cdt1 3.47553038467967 0.559345785643698 0.16707743629561
Tmem37 3.4732292688307 0.910651383984805 0.916847182831245
Tob2 3.47197118715163 0.68099997322669 0.746918701070787
Ifitm6 3.47092768388264 0.908449648155173 0.845779095471944
Srgap2 3.46969187538409 0.892099062475823 0.884274059617656
Gbp7 3.46865471548973 0.621144064212651 0.318783171697342
St3gal6 3.44943276283524 0.700877187137357 0.5604615924321
Clec5a 3.44208190235734 0.925446423632051 0.923410336248119
Plekha2 3.43829771681528 0.267587189676516 0.152598260663507
Fmnl3 3.43474591612432 0.857085524900883 0.881955950156956
Was 3.43389302483633 0.894758171279127 0.896678249819489
Nr4a1 3.42770198449531 0.457172493615307 0.552232491626676
Hp 3.42606616302683 0.911328333852152 0.752455981583193
Tpst2 3.41672133259449 0.74777178546956 0.814376567990135
Gns 3.41661077952639 0.637204953947698 0.833621915011948
Ptpre 3.41439735984755 0.576784233900926 0.681432942308758
Ifih1 3.41244375197088 0.795779216973071 0.706495043247053
Mcm3 3.41090379889244 0.708112890926822 0.72368498800329
Cd9 3.40497824012455 0.191219820995543 -0.198812014371934
Elf1 3.40242318780316 0.630403611863848 0.648389017927976
Skap2 3.40136854814334 0.725191596453943 0.745882811736739
Abcg2 3.39865398601176 0.58752593761074 0.718903841160524
Adam17 3.39726958580193 0.412548879266988 0.503749337160444
Hps3 3.39484095391685 0.845207223572996 0.846560063665222
Rgs2 3.39442111225234 0.129941660669855 0.468320502841961
Slc46a3 3.39309950622524 0.764150241427857 0.861429095231831
Sqor 3.38984078618783 0.628560458969161 0.782891644335599
Pmp22 3.38857052251707 0.345904249340752 0.102555722127942
Pik3cd 3.38669415358471 0.875035821622505 0.90275399770108
Trib1 3.37959544578951 0.778244065092419 0.77800064094066
Ptger3 3.37378481359448 0.766921823182248 0.426531525387797
Rasa4 3.36290202225473 0.91923830318143 0.913853617152127
Stard8 3.3459654990877 0.486544050040202 0.0592476810424324
Wdr81 3.34533314660998 0.569310210761981 0.716071515417692
Bach1 3.34207860732425 0.62951389593042 0.706022709422117
Il1b 3.34086936562274 0.933003646158818 0.90533160526654
Sertad1 3.333997093241 0.85135712286626 0.874703651928551
Vasp 3.33316681961924 0.828737566479601 0.879980192537098
Ccdc93 3.33045070748332 0.66600762724166 0.788535798879831
Slc15a4 3.3290106215672 0.645917356838867 0.688582923841821
Tmed5 3.32719076183514 0.505822878979292 0.284702529007432
Traf5 3.32711955178388 0.861508942657276 0.861695122228372
Snx20 3.32279754648001 0.933624550983139 0.929022335462276
Tap1 3.31718545956039 0.863299253056096 0.724211993986736
Naip6 3.30823096045119 0.875791390887323 0.860324035047479
Ebf3 3.28967434300069 0.863918313166636 0.804318235209822
Tgfb1 3.28366887404525 0.893625120245075 0.779744160114162
Smagp 3.28031576172136 0.91590065463735 0.902573560776099
Npnt 3.2754656700275 0.691534455042432 0.269469848796753
Mmp2 3.26622651277705 0.553275566404545 0.690780587454023
Rp2 3.26459886992334 0.777469031326827 0.746278310137627
Parp10 3.2587766219526 0.829794715044813 0.775427265527832
Ceacam1|Ceacam2 3.25124698103522 0.892532727916837 0.854546007478846
Calcrl 3.24172539710598 0.570035729785996 0.090445464157904
Ms4a6c 3.24147250403927 0.873509902381792 0.856109997117545
Vrk2 3.23372386709061 0.59541619709116 0.517232243932592
Isg20 3.23252469844379 0.899640361554781 0.911399326203174
Rbl1 3.21363789057407 0.631545660578214 0.441093516327229
Erap1 3.20999584068269 0.669944680327412 0.633822422530596
Bco2 3.20201953513235 0.624667786558977 0.676458782742597
H2-Ab1 3.18371342873448 0.753635015935671 0.639214100328447
Rbm5 3.1822419097277 -0.0799231498502657 -0.146717431783818
Arsg 3.16319335721065 0.444220250948399 -0.13454317901363
Nfam1 3.13452654241706 0.877825570410857 0.875307410407893
Tlr6 3.116675258002 0.85053101593451 0.814454308742572
Pf4 3.11199916454667 0.872665512088395 0.836430045685434
Batf3 3.10079220176535 0.903081246888271 0.907341149212649
Hlx 3.09653193625391 0.93079501843496 0.898945392711184
Zfx|Zfa-ps 3.09567690531672 0.567678730992702 0.469299103468052
Mrc2 3.09450490552551 0.879314367089335 0.847362071830426
Gmfg 3.09076385527869 0.896791217585127 0.871157297350848
Calhm2 3.08777819701266 0.889570966422839 0.86493137612578
Tspo 3.06348724798199 0.693830237829483 0.6906399287873
Irgm2 3.06191195035118 0.80327643564627 0.634221126947278
Gbp3 3.05550685620927 0.659269391884683 0.197688377819953
Mpo 3.03156939452376 0.877970513355428 0.574482880571958
Nfkbie 2.96026574753334 0.774353655282812 0.709695613664964
Myo1b 2.94797401913428 -0.137537814506794 -0.0385519506870861
Cmtm8 2.93610011179344 0.863911188902677 0.8580605399042
Tnfsf13b 2.89415419994452 0.811180944509486 0.836746786448578
Plaur 2.88859957384138 0.847754551669491 0.831735081249114
Tmc6 2.8604446747134 0.814591161760385 0.760202015860069
Ptprj 2.85608400730542 0.0941023327938525 0.22774509096914
Relb 2.82413779505146 0.780296451783623 0.861996892273389
Tfpi 2.80967730130121 0.776216827425735 0.847078786501462
Nrm 2.79693300026813 0.687975762688995 0.51053858083159
Emp3 2.76622030477289 0.885550117289533 0.847471314064173
Irf9 2.7375895846418 0.809423909581726 0.792342799295709
Pygl 2.72068066504907 0.587883992538259 0.274371462721545
Sh3tc1 2.70839596350855 0.898126400266458 0.899828691469108
Ifitm3 2.70771289567955 0.323131636913757 -0.118774610174719
Srpk3 2.6694130518254 0.76379666695177 0.304828228240171
Esyt1 2.65763813462048 0.852907420696338 0.786482603175355
Apobr 2.57975978828568 0.845554245999319 0.845123451407621
Lsp1 2.50324838738064 0.680392305550557 0.655239442309358
Ltbr 2.48761005472756 0.571127315986941 0.402496997560929
Il21r 2.40663319505538 0.932201057846552 0.933673758410132
Ceacam2|Ceacam1 2.39411622773184 0.845651585517718 0.810586663047437
Dusp2 2.34905644789279 0.838130516098178 0.853804357068544
Tlcd2 2.25067946013323 0.746163771418901 0.754126860521506
Casp6 2.14634304413897 0.360736446532583 -0.0129498218409768
Smpdl3b 2.07766121009526 0.538222253508505 0.630779492531666
Phf20l1 2.02171374851026 0.546593055830429 0.143414406164952
