Gpr88 6.24481866473 0.838135648548384 0.819576526013739
Hpca 6.11304824536593 0.773015835528274 0.819073937730571
Tesc 5.594307303237 0.686014505065057 0.447304689052122
Ido1 5.53754078135487 0.868296257318127 0.82757245212173
Lin7b 5.47613841921097 0.682814757181449 0.213348277603752
Rasd2 5.34654090241792 0.636889818917838 -0.118666704427363
Pcp4l1 5.29017388723316 0.750552066556517 0.514208454630454
Rbfox1 5.18896785407556 0.711987275726137 0.780924433687569
Penk 5.17213250279324 0.597858797378284 0.0535132304904854
Ppp1r1b 5.1228237840837 0.889875598528361 0.90343599542663
Calb1 5.10355873172879 0.542777237989179 -0.0743252384419926
Kalrn 5.01959708847498 0.638607649762487 0.608606371070675
Myt1l 5.01244395686383 0.70527660163326 0.696005114958241
Bcl11b 5.010358280019 0.744979794585931 0.728132553649572
Pcp4 4.97772288742627 0.593697455311515 0.473888166978706
Pou3f1 4.94194899870079 0.458843633135811 0.239965509686827
Camkv 4.92936706059906 0.826247915520421 0.83852177402095
Eno2 4.90611213074896 0.664567431423206 0.555761385024952
Caln1 4.87647737559475 0.580328845702086 -0.163739287229928
Slc32a1 4.86990129284219 0.749410217412136 0.770861200571403
Itpr1 4.82226950754688 0.759893464403089 0.74080223177023
Nefl 4.82138572173208 0.656264095496224 0.67984881898131
Kcnab1 4.73241372801032 0.588270205235687 0.385005260934347
Sowaha 4.71140044716489 0.691419185553287 0.571201706038696
Camk2b 4.57026843136733 0.766780898425167 0.798100541529308
Tac1 4.54656194538689 0.472189576858759 0.242231183267922
Kcnq2 4.53692284331285 0.511308336435416 -0.167085817261295
Myo5b 4.5308895898007 0.807818822976002 0.826300525990005
Isl1 4.50266383126237 0.566463484450665 0.0531136311593246
Nefm 4.49801773247531 0.660241592111731 0.672665564465547
Pde10a 4.47936962987089 0.849075331460379 0.806480303459211
Itpka 4.4577663351151 0.751106068204308 0.739642225454396
Tmem158 4.45235557624849 0.721340606118178 0.808549079934642
Cacna2d3 4.44603219672848 0.662340221951491 -0.118785931908879
Pde1b 4.43504465693207 0.808439349225139 0.818571959931159
Snap25 4.4172642723234 0.576449617224685 0.609403556670872
Rab40b 4.40453456046478 0.614412170796154 0.594869393707581
Rgs8 4.38929069230074 0.811470707056665 0.841161565114805
Lamp5 4.38603263487971 0.619151045708387 0.551788165041611
Nsg2 4.38388851806639 0.739665262890467 0.795795744038262
Myh7 4.38190103987984 0.726308779427652 0.555824524238073
Gap43 4.3757370072553 0.600630012466618 -0.210063973899813
Rgs4 4.35893852215841 0.487167074647594 -0.120476212620968
Neto1 4.33320017497457 0.512665734614359 0.08101155562657
Baiap2 4.3101531462484 0.828356149515593 0.822430425861973
Hs6st2 4.25024082408097 0.597061280448372 -0.236214694844795
Gabrd 4.23494178717883 0.737892753780282 0.707826610477619
St8sia3 4.23036090486486 0.63997796500159 0.400939510300405
Foxp1 4.19511873788966 0.783902893050792 0.811694779894393
Fgf14 4.17840211788109 0.696934221464105 0.637644848036822
Kcna5 4.14910650277775 0.663956748974439 0.425636284076668
Meis2 4.14490832381179 0.704704996662371 0.828504293679663
Doc2b 4.1350432971984 0.599471560315499 -0.10581334006612
Cplx1 4.13282404793232 0.649911853955864 0.510738741056183
Ptpn5 4.11959220895963 0.797154372467976 0.782291557119739
Arhgap20 4.10297073282892 0.704323901268674 0.72308251046974
Rbfox3 4.07258765478637 0.657299834400611 0.411401628063908
Slc12a5 4.06564119105229 0.586479658980961 0.433521793591264
Ccsap 4.05686599671501 0.703826615455992 0.698743486472675
Lmo7 4.04713963002563 0.569273357659141 0.44232702983379
Mal2 4.02138049124675 0.463503332509668 -0.0929421666862187
Gad2 4.01175828989379 0.600434871046108 0.150852725912683
Uchl1 4.00405580141768 0.537941899484436 0.0844904397408927
Synpr 3.98206291216864 0.694112569010068 0.780943505926016
Rerg 3.97177513070882 0.611426248254188 0.485991751249217
Pde7b 3.96980320901621 0.65451827431132 0.530058427371691
Rgs9 3.96512130654521 0.866369641853724 0.861262886240369
Rarb 3.93374439730291 0.643343931341822 0.528199776999755
Atp6v1g2 3.92377275933273 0.679977638059606 0.315307876290477
Rian 3.90225196099793 0.509573319209325 0.106455313715197
Necab2 3.89410850560069 0.677843066637229 0.17280619724384
Gad1 3.88740986844646 0.4133188929848 -0.133334542349108
Ckmt1 3.88263164249164 0.664980326910361 0.378185663692681
Rnf227 3.81619259224193 0.551858464342602 -0.0657673270694265
Rxrg 3.81288413054351 0.73547333903169 0.543973513852557
Rin1 3.79525971280167 0.818513350492172 0.808851433348209
Rab15 3.78888071882913 0.720295929557503 0.70987263903387
Coch 3.78602120263102 0.783432920003644 0.759959299772358
Plk2 3.78229734535879 0.70996092997298 0.686507982406019
Chst15 3.76412449382235 0.796814705467951 0.845033925782126
Spock3 3.75352070932659 0.441822081449589 -0.293539646946955
Kcna1 3.75095158227231 0.474651020386739 0.427682269903942
Prkch 3.73804319160589 0.602240618716839 0.0872782482149388
Ppp3cb 3.73346422966842 0.652680993416918 0.168578434796874
2010204K13Rik 3.72641281202945 0.58151307973742 -0.246173006928712
Chn1 3.69852114307448 0.713470504400972 0.65288095952648
Dmtn 3.67892163287674 0.698527412476498 0.381415544753219
Rnf112 3.67379087161959 0.495368625850501 0.50413160195247
Cdk5r2 3.66571011686812 0.586432990235835 0.101939064763347
Lpl 3.66406446444366 0.592469984845697 0.366994847012697
Bcl11a 3.6595935512863 0.584831014888638 0.550253344334971
Scn2a 3.65041559266982 0.709270333216066 0.576640293357762
Nap1l2 3.63342180056526 0.294793900266716 -0.0421998941829018
Rab3c 3.63001422495128 0.605113505050865 0.291572861881111
Nrgn 3.59003734748664 0.704326119767906 0.738826700386139
Dmkn 3.57135169944904 0.755308134100226 0.650122389788438
Plppr4 3.54416331729726 0.666058834070972 0.668313001498883
Rasgrf1 3.54099093743178 0.568758720957532 -0.0796264013698806
Tceal3|Tceal6|Tceal5 3.52459969488371 0.511467427326303 -0.0624627783262898
Pde2a 3.52371215024464 0.719646531865945 0.677227511990968
Snrpn|Snurf 3.522098637391 0.275562191241794 0.000487495871848739
Gria1 3.51351053140259 0.699813932793527 0.730017774121582
Tpbg 3.51189579808233 0.45831981473501 0.162771728488756
Cyfip2 3.49079830322074 0.664079097271586 0.721339318253867
Ngef 3.47124840285958 0.334602795834885 -0.0759969674071833
Plcb1 3.46621399176871 0.632904916243245 0.499373617993472
Cplx2 3.46571316275313 0.606041464249329 0.0849845459838336
Napb 3.46270150224759 0.578397046381219 -0.244848083499591
Cacnb4 3.4615179593037 0.4209064724405 0.0276157970133657
Atp2b2 3.46058293936341 0.738254024600928 0.821661297248484
Pcsk2 3.43342630363365 0.577943427068293 0.284790775696362
Arpp19 3.43083612302645 0.755047662868105 0.838726485681415
Cap2 3.42553840469806 0.696800003087414 0.797392189296977
Pdxp 3.42279655478294 0.688159714738271 0.158619843401849
Celf4 3.420170154875 0.528243485952071 -0.241347395627217
D430019H16Rik 3.41528522296585 0.618633542317885 0.691233984103821
Npas2 3.41208369334345 0.773541954456659 0.789812903865539
Rasgrp1 3.40194220056555 0.574253036458577 0.229964968417371
Ppp3ca 3.39847558816974 0.859391767237026 0.856743443639161
Cdh8 3.39528815248802 0.698324413420632 -0.199574832695026
Kcnq5 3.38958684050149 0.70283388704718 0.692380251404025
Kctd1 3.379848534454 0.680323999761343 0.545215806964928
Icam5 3.37120187195021 0.37648564911869 0.128341894495437
Kcnip2 3.36665854980254 0.563067701864772 0.332198759125239
Gabrb3 3.35092628236965 0.519120217912634 -0.0707952201174948
Tiam2 3.35033472984499 0.69613381250614 0.699192565602316
Prkcg 3.34559510119972 0.553839088374946 0.382760171992133
Tpm1 3.34529230367278 0.440129505883952 0.201685647672511
Shank3 3.34345625183421 0.765614405479809 0.679065700731997
Epha7 3.34240041241436 0.439330292805364 0.0208471980122268
Add2 3.34176277935537 0.679871377590703 0.447610934525515
Grb10 3.34000779552466 0.660733680880242 -0.124553006715252
Arg2 3.335469302792 0.874133940128057 0.857683863190709
Krt12 3.28875378212858 0.504189526875655 0.332015147667569
Etl4 3.27794122099274 0.591087900105471 0.380277535711131
Usp29 3.24869794461624 0.728154772045658 0.29492076400185
Myh7|Myh6 3.23056504599158 0.704143253595827 0.43967205823163
Scn1a 3.20947768445855 0.481453102585887 -0.205571635676132
Homer1 3.18817783060909 0.610834582336278 0.450429082755305
Synpo 3.05028311280712 0.749010906230675 0.751518289390661
Gas7 3.02380540942771 0.430299534415993 0.219865190985448
Tenm2 3.01429097323804 0.587100353578427 0.0714081582618744
Cacnb2 3.00427793147158 0.735760061316431 0.535520385049206
Dlx5 2.9789029700884 0.800439583133903 0.618496621374117
Runx1t1 2.96095967074494 0.695941864057635 0.0371521020133388
Pgam2 2.94533011369634 0.76033326892624 0.655717354846138
Actn2 2.92327972272255 0.812205295479158 0.756618374792213
Ryr2 2.60817875780962 0.562073995285315 0.443558845854211
Dlg4 2.57141006465407 0.329136267949493 -0.036459811553539
Cdh9 2.50578802203366 0.279174193207848 -0.162567934884236
Cacng3 2.45878673071045 0.476733623125414 -0.02500939498978
Gpatch4 2.28057907876415 0.323221125279329 -0.0965231832150335
Etnk1 2.2329138560533 0.32226858176507 -0.0533792525743455
Cacna1c 2.12866262133232 0.686494313270143 0.522788157761437
