Aqp4 8.00800888330994 0.76610797791655 0.883748625533659
Dio2 7.6356013248307 0.73132495926329 0.787471722733219
Mlc1 7.43358017416737 0.748353341442785 0.825378370026054
Gpm6b 7.2949335947892 0.187839665409838 0.327706582400241
Bcan 7.19453993818165 0.530145279357177 0.745927732045758
Gpr37l1 7.17205735391623 0.398548405097514 0.733083747780239
Atp1a2 7.1126123462514 0.752455029815318 0.869750555250992
Plpp3 7.00040447693478 0.571347858817504 0.811978819760046
Scara3 6.78846872157176 0.767660684925614 0.788206465049001
Tnfrsf19 6.75451533715602 0.850915274303611 0.883201807792334
Gjb6 6.74388206129767 0.689493901562093 0.734317573133935
Slco1c1 6.68879237815425 0.862953832898879 0.87299018999373
Ntsr2 6.65320098707584 0.657027613429492 0.728002606316933
Fgfr3 6.63034200019701 0.775378990474285 0.802723370783223
Htra1 6.60664397560541 0.467543488867631 0.622722836961478
AI464131 6.59045976231055 0.821860744378506 0.873227347698636
Slc7a10 6.55203253354684 0.850719397271565 0.852061872672263
Aldh1l1 6.53952613421052 0.80396161538648 0.846807638617003
Acsbg1 6.51080503135998 0.822979345181551 0.848146629069874
Ptprz1 6.42254165306035 0.811181813599433 0.861591437147945
Cyp4f15 6.29097178694663 0.899658975246035 0.894580383797602
Tril 6.27578395546897 0.701585798316791 0.806142741710318
F3 6.2443104654391 0.721763971195119 0.722474428275171
Timp4 6.14978354176153 0.308618393805756 0.324236408148064
Sparcl1 6.11513153309762 0.645901558182162 0.805923548495651
Lhx2 6.11298313235165 0.585190126327109 0.610148485900611
Tlcd1 6.09059157610443 0.722641130499928 0.744216793632352
Cldn10 6.06289431454486 0.737907012335524 0.725881227177818
Grin2c 6.04259747960574 0.888093873868999 0.886171924245292
Itih3 5.97436394837037 0.126209587638358 0.183021296056439
Adhfe1 5.94877403419557 0.662976228434471 0.712598130426396
Fzd2 5.94052336227465 0.775805316476739 0.802411547201338
Igfbp5 5.92563029406586 0.794083196745021 0.822619911904456
Slc1a2 5.90355230947425 0.86919972907225 0.882941646542401
Lrig1 5.79752384126197 0.78065693805484 0.851216531879184
Fabp7 5.79466378211392 0.167630419455958 0.177649719014433
Slc1a3 5.78967758349696 0.771186935514071 0.807293456785459
Cyp4f14 5.77933617411817 0.836672489517084 0.858832994772507
Scrg1 5.77538247363729 0.0507097085126167 0.112704087755725
Elovl2 5.75910929289794 0.867639217117515 0.86953099495067
Mertk 5.680572700105 0.576736550765776 0.0261893883636564
Cyp2d22 5.62587758424232 0.858318668229578 0.859198077982984
Slc38a3 5.59133298832551 0.849642098372944 0.862967923624543
Slc15a2 5.55995103050622 0.823640915862687 0.921009629470217
Pdgfrb 5.53866873845814 0.820543007993505 0.800023446873359
Ezr 5.5234955729401 0.848895636746112 0.880660169033498
Timp3 5.52152059124961 0.844715079678813 0.858542409884712
Car2 5.51690973422345 -0.0248579764015115 0.00128426818812924
Nr2f1 5.49021429030863 0.314288034513109 0.391243459300347
Ttpa 5.39074753553607 0.764577887707354 0.772672191450678
Fmo1 5.38880380113786 0.88717736470024 0.883333123416696
Wwtr1 5.3354484026282 0.752298690249919 0.756990704355561
S1pr1 5.32187718881922 0.754962012651261 0.758346552535745
Gja1 5.31697190684323 0.430548914835669 0.553656114820993
Cbs 5.31072695094969 0.862088083542305 0.872145789365819
Gldc 5.25203357885007 0.724315034448632 0.734191753881614
Il33 5.21539726350283 0.214776165537545 0.108817894612257
Cth 5.20744855892787 0.810300653160445 0.815719197888649
Ncan 5.1985724578879 0.777340008823306 0.819591384210325
Kcnj10 5.16874436690597 0.131264941429837 0.460499408511415
Ccn1 5.16202578406771 0.892957998920183 0.857742276936229
Nrarp 5.11808226605029 0.512472331116342 0.482849134485129
Ccdc80 5.11306968639207 0.858779034787544 0.855930485978329
Dclk1 5.09382734719471 0.698213080024213 0.697295984322277
Slc14a1 5.07220705648216 0.823343870893799 0.81487755164395
Cyp2j9 5.06565341487959 0.6138367197626 0.716019828295686
Ntrk2 5.06058032239446 0.578755917018393 0.728940262777291
Pla2g7 5.04549881547991 0.76548678733927 0.76681796750778
Ttyh1 5.0441250492885 0.487344602715722 0.681241771901208
Pdk4 5.02554371902116 0.57681245520831 0.59812531115307
Sox2 4.99230726280439 0.207859882229849 0.2568584868296
Slc4a4 4.98600271229208 0.852498936863745 0.873644462166918
Pbxip1 4.98125014880021 0.700885831893553 0.720814282442406
Prodh 4.97963872581555 0.851404690384667 0.848159221691957
Papss2 4.94461162473743 0.733908738520598 0.734667449623514
Gdf10 4.93724160862035 0.857478576630394 0.862502561247135
Hsd11b1 4.92893166764734 0.877792771657027 0.876369198052101
Igfbp2 4.91374094261029 0.79983078332349 0.777569344984925
Gabrb1 4.91243257513552 0.725186096388811 0.821049152718094
Fgfr2 4.89632669530583 0.205915893950436 0.224298672133077
Axl 4.8953385910971 0.82093759168406 0.80705582270249
Limch1 4.89529347943732 0.352360603350434 0.394387106951165
Emp2 4.88829946714578 0.845325453328001 0.831637440077007
Vcam1 4.86671889365562 0.695737070084602 0.735221645514732
Itih5 4.86552943799172 0.74400223322984 0.76119937279555
Rlbp1 4.86376385220046 0.219070752349823 0.151462428712924
Mfge8 4.86264993598345 0.727743082263642 0.776185206189974
Phkg1 4.85203545136071 0.830688373602789 0.813405923972753
Ndp 4.83716419864212 0.565420614670965 0.631767424613954
Id3 4.81410256285294 0.48750779467084 0.455648052233081
Tlr3 4.8106761743751 0.673144669989634 0.858261417080183
Egfr 4.7974610140951 0.92392538759026 0.892989777886063
Nhsl1 4.77992140372967 0.691738149650645 0.724558055450522
Fjx1 4.77614330459648 0.785864123521905 0.890912556300298
Aldh1a1 4.77228654451571 0.607986742331246 0.639670000542177
Entpd2 4.73334598526674 0.887238511864904 0.896289425677769
Fam181b 4.72251505585849 0.464057382020652 0.51287461459383
Myo6 4.70229355449148 0.566823713294873 0.540453592895223
Slc1a4 4.69476746811986 0.855954165686465 0.875382351314395
Itga6 4.6914867183566 0.634069906515722 -0.124700103526212
Hapln1 4.68748650346669 0.775610073826615 0.758635480881868
Ptpn13 4.6857567255836 0.43144434390425 0.426598513895313
Hes5 4.67649264006653 0.335545950115528 0.269336182674246
Eva1a 4.66207101528687 0.578113608819861 0.738276592709824
Asrgl1 4.66068918334079 0.103412140283876 0.290279942573485
Gli2 4.65989247426783 0.770912498317196 0.758859490315648
Prom1 4.64178004330765 0.252316602567248 0.280166162214014
Wnt7a 4.63967181414166 0.658144957210248 0.632391831925148
Fxyd1 4.61104759580093 0.684958283519005 0.660596061160108
Efhd1 4.60404166802928 0.0344327958902577 0.38748675074385
Car8 4.60389752181775 0.243180633589976 0.147790851630843
Prkd1 4.58400875070725 0.627422379978732 0.67864565889689
Plekhb1 4.57860617029393 0.024486970345704 0.544142483318154
Trps1 4.56219431975846 0.671351367631166 0.731823877429972
Acsl6 4.54540586446534 0.762629720287821 0.83016356117573
Sorcs2 4.53669187962012 0.902645200442473 0.899784843656255
Col4a5 4.51138886072908 0.957005897830529 0.938717393801813
Cd38 4.48398472852107 0.833372130017398 0.780415940143321
Lcat 4.46286263776766 0.860153344202736 0.858793961130153
Cspg5 4.4517598294389 0.576797174792257 0.594014793965842
Lmcd1 4.43560676075574 0.560959509899064 0.54919992736903
Xist 4.43500427228739 0.181394940345978 0.0438292083858103
Gabrg1 4.43262855528642 0.573258102965895 0.756990714669715
Vegfa 4.38560277656926 0.803397730616224 0.789406086193965
Olig1 4.36975725934667 0.105431548851117 0.773403160142552
Btbd17 4.35863010526868 0.862031260077374 0.848551679387617
Ephx2 4.35626521360301 0.761523790894075 0.775884783448145
Nfib 4.35595080185399 0.554862012142864 0.707978953257414
Rapgef3 4.3542646157854 0.260242726214539 0.335395972496605
Atp1b2 4.33977465608744 0.724880919832384 0.765441939397806
Clu 4.32049620679915 0.766373232502847 0.7798997051574
Sox6 4.31308463824603 0.208460209839026 0.117995607184475
Gprc5b 4.27486253534175 0.515240658438133 0.726868800397743
Fkbp10 4.26505080452566 0.885119557371155 0.899516779543883
Gas1 4.2538671608359 0.489108562195832 0.433860113387943
Cyp7b1 4.25264666806854 0.773021573221745 0.815562645959806
Amot 4.24899270549591 0.843682491753284 0.892030538981987
Ednrb 4.23876020296653 0.586722875192929 0.520434038689209
S100a16 4.23835575000379 -0.0197963912361153 0.145495965397372
Ppp1r3c 4.23831470482582 0.658203498114153 0.735751623222543
Abca1 4.2174298453227 0.538923083385905 0.134537026901349
Oaf 4.20572219353224 0.684935830939423 0.798644918569623
Aox1 4.18657716833684 0.819974487541041 0.740099283177867
Nkain4 4.18353523740404 0.563215042584606 0.578598975017792
Klf15 4.17329734308299 0.532785037804042 0.617622827277866
Dtna 4.16587037352447 0.689476067516476 0.804227769190381
Tgfb2 4.15423961192358 0.765998385835771 0.759769377982896
Pdgfc 4.14251534421941 0.190116834635601 0.299818840465675
Fads2 4.13145854633237 0.823353316037209 0.84631677585485
Smpdl3a 4.1308972143569 0.848536423099586 0.856539361347333
Nat8f4 4.12295924518066 0.747794273505721 0.774272554907464
Efemp1 4.11905922863106 0.475956103537056 0.399241132194746
Kcnk1 4.11398527130884 0.59810008747881 0.645084723565735
Serpinh1 4.11199448714233 0.631932690947443 0.609044213058367
Heph 4.11032975317142 0.873772440327721 0.864086925561756
Kcnn2 4.09832349839751 0.794628772334973 0.798804047092218
Ptger4 4.09726962647245 0.55433431171291 -0.100268729796802
Aldoc 4.09536292815338 0.371422209274026 0.519191494215067
Mmd2 4.09471792503292 0.194999963885385 0.520948834756598
Slc41a1 4.08859768958421 0.841501557188459 0.847941245716804
Pygb 4.07139657268434 0.844956388036757 0.869773255614445
Scd1 4.06675963270539 0.239052334827195 0.364739874341661
Mt2 4.06473020917873 0.328923088787043 0.308782290398383
Dag1 4.06350299921064 0.763977475831182 0.731620269442177
Fermt2 4.05673907107847 0.257040038722193 0.811857104378506
Tmem47 4.05420661590424 0.659354198055487 0.734182590864795
Phlpp1 4.04614158160833 0.22548554391145 0.326652600917714
Sox21 4.04407990890627 0.48453542013055 0.428564846108335
Gramd3 4.04278622521521 0.125515256817248 0.0802855762880574
Ghr 4.02059618464234 0.730667605102829 0.710450565913291
Dkk3 4.01410014825731 0.725600783165078 0.74418483988371
Antxr1 3.99844717100043 0.671757705787268 0.819460475563837
Sdc4 3.98567643397014 0.707670080196497 0.757489124014108
Lpp 3.98430673454572 0.762481066353551 0.688617377779324
Macf1 3.96821520041858 0.543612202535537 0.43380887181617
Rftn2 3.96764376831392 0.53463062217475 0.580022633254166
Myo10 3.95951042878779 0.648239523977113 0.648873162901774
Igdcc4 3.95153644264687 0.691880894984367 0.743135159352219
Metrn 3.94586794533746 0.349324766164447 0.304947926651721
Sox5 3.9457119190261 0.593691698067365 0.594323950801034
Pdzph1 3.94223814698646 0.676063518141893 0.682676867270913
Bhlhe40 3.93654054909081 0.627948548732785 0.705252841347228
Klf4 3.93515373385909 0.315515323278693 0.471210838394412
Spon1 3.90912186174224 0.531182042870643 0.554968617016335
Ptch1 3.90688658698488 0.678401778371351 0.759646177621088
Yap1 3.90303331041024 0.706245579950782 0.744639399541784
2810459M11Rik 3.88250074881158 0.404623976674771 0.318754240791455
Ccdc88a 3.87202740611646 0.741043941817602 0.774516955658186
Ndrg2 3.81161891553633 0.471423892737937 0.508374393640426
Id4 3.80316212579294 0.473499187903033 0.510556664812665
Pygm 3.78508563142763 0.841542281907487 0.812176848561848
Scg3 3.7766348265424 0.787797606971794 0.936198199568769
Sash1 3.77324628165551 0.611314037599258 0.787702825121012
Ppara 3.76984137988306 0.801257007856276 0.799276126241346
Psat1 3.76698973480292 0.0168165247948242 0.0998992642256209
Lgi4 3.76296561787275 0.882642929104779 0.841493115620949
Fstl1 3.76134154678283 0.55213842591683 0.273012436403409
Acss1 3.75634288043294 0.554401220917265 0.68089049441288
Ccnd2 3.75568177551568 0.627934393976472 0.592747707777418
Gpld1 3.74684185548322 0.749369900210654 0.808736437227135
Sptbn1 3.73311717918849 0.601819817502037 0.531457755265266
Add3 3.73072585704035 0.621632578884076 0.705829514370196
Farp1 3.72800568028912 0.71572596998473 0.687779800403579
Notch2 3.72193635205776 0.514311779736876 -0.0431145382667697
Phka1 3.72128425409316 0.839014399728111 0.875128869026012
Notch1 3.71772636699722 0.703499452760633 0.764167174464022
Lrp1 3.71147748657853 0.573220860210711 -0.155148499741134
Arap2 3.7098538358161 0.227859945340234 0.282415503192476
Aldh6a1 3.70571207060746 0.595225034150277 0.76723316164955
S100b 3.70530642396033 -0.0692752244385777 0.122987472536489
C4b|C4a 3.70444500702066 0.753783603167418 0.555585765469879
Inhbb 3.69347662790916 0.402803668266255 0.321554331602304
Acaa2 3.68530775180508 0.855866865896324 0.882409346550495
Rora 3.67751728207435 0.838105638794449 0.831242095904144
S100a1 3.67654066066576 -0.0118012988917177 0.0427421537797832
Mfrp|C1qtnf5 3.66964721450399 0.742251947738156 0.760653565725895
Sox9 3.66692716204634 0.853618152813489 0.839581804621875
Sema4a 3.66274995599596 0.654755797340891 0.595987617290628
Fmn2 3.65758941689168 0.754024238749717 0.774624359234392
Lxn 3.6322726895773 0.61572396987322 0.582155041406133
Cyp4v3 3.62549660282746 0.60134336641235 0.610980030295918
Slc6a1 3.62296290219406 0.554732017273065 0.799476991875667
Fgfr1 3.61642888895595 0.66459106949914 0.518420891682564
Gpam 3.60941600994512 0.786350949031248 0.909088868199756
Celsr1 3.60486329344783 0.846119683301843 0.809281427621039
Hip1 3.60473713270317 0.142607411379734 0.329892699173432
Sept8 3.59622338692536 0.325538695701089 0.255090336416462
Syne1 3.59569000158394 0.680802415140302 0.693144824572669
Oplah 3.59230105731417 0.855164123413745 0.872260674258687
Gfap 3.58991855417367 0.512908082996657 0.442427731893854
Ppic 3.58578859186084 0.786145039204252 0.640887901708897
Itgb5 3.5614786033095 0.427730257149373 0.73439783258758
Hnrnpa2b1 3.55217018020451 0.480947881329685 0.024113012278018
Itga7 3.54597838723409 0.867940789164747 0.858988932907295
Prelp 3.54430970856933 0.79518782694211 0.62483887499915
Gpd2 3.54419320505458 0.557755492877247 0.592974072047527
Ngef 3.53852214463635 0.465095597478012 0.482825392099583
Prdx6 3.53307005552752 0.614834176497627 0.656825804103533
Pax6 3.53227258639553 0.743972180847909 0.744023487542505
Stk17b 3.52765339202644 0.520846813874681 -0.0309181338982068
Adcy2 3.51543943572949 0.540022789471866 0.597572642329386
Vcl 3.51446475246917 0.792737111061614 0.850607910471557
Mgst1 3.51139357389458 0.537255910945563 0.57022102100166
Gpr37 3.51058252147782 0.0293216554127538 0.339781304561819
Tmem51 3.50614433847215 0.675747742790205 0.65718091844381
Aass 3.49947995490569 0.857044954578843 0.804450685738106
Ddit4l 3.49670390130224 0.415397190242052 0.335094267788676
Agt 3.49381262532445 0.758550455251562 0.714553380023467
Gng12 3.48279281789634 0.044558054158877 -0.00783775289348381
Fos 3.47045336994819 0.321687194269884 0.415423328180705
Tnc 3.45902108218778 0.83050234159214 0.71730221689924
Acot1 3.45742066353447 -0.0360538896077313 -0.0615653343210839
Mmp14 3.4551728911626 0.666875878797914 0.649927060941807
Slc20a2 3.45462414778508 0.402996947224878 0.435340840002527
Txnip 3.45188221378414 0.365218961113347 0.53409481607691
Abhd3 3.44444842441911 0.698896137344853 0.815388513410911
Gpc4 3.44125496909558 0.730790811330108 0.718464135039773
Kctd5 3.42843610253596 0.436477827409607 0.539425238475373
Tenm3 3.42611863200218 0.790643252353889 0.834699682241518
Adgrg1 3.40852811224261 0.622814351608146 0.381297856642244
Cyp2j6 3.40699830695495 0.107397867795235 0.220474368610902
Asph 3.38262238170443 0.462010881731903 0.205598381384253
Tspan7 3.3721124247435 0.585102508049325 0.367314901339488
Bcar3 3.36573266745379 0.78522301654241 0.807606325498022
Gk 3.34505966518208 0.793465290861846 0.768163298279481
Astn1 3.330633674615 0.669845803086593 0.802312412885645
Csgalnact1 3.32769377493851 0.593437767353424 0.58966471870632
Rorb 3.30045390232178 0.780163917359958 0.770554160231219
Snord47 3.29712457670191 0.371136451673039 -0.176266399212185
Tfcp2l1 3.280928568895 0.862421040957632 0.85370676635425
Fgd6 3.2664734625035 0.802831957221945 0.7705441186567
Clcn2 3.22958548137795 0.498521849190039 0.462441553143367
Rgs5 3.18003359015935 0.427800572182577 0.0934521371011648
Acot1|Acot2 3.13988398943268 0.134696694153463 0.175273266024088
Swap70 3.08042801151549 0.580221921186617 0.193880719358242
Pcdh20 3.02794632618195 0.17111575949602 0.0732759845404236
Fzd4 3.02047316804085 0.681736764696424 0.543831054952889
Zfpm2 2.9845930435317 0.258051919757087 0.224136032638906
Lamb2 2.96523652063849 0.806305194604708 0.770601719116414
Vim 2.95635736291029 0.386981602494592 0.0738604009165216
Fbln1 2.95354990255915 0.837922079099397 0.859747473688855
Prrx1 2.9488010510664 0.32878750756807 0.20026669389718
Plod2 2.9364573983245 0.3987805813884 0.337875427397444
Gjb2 2.92345045244576 0.818173605148922 0.810559169454128
Pou3f4 2.89783376836956 0.770346208315915 0.757248585950596
Adora2b 2.879393838406 0.713315269698039 0.695308296789542
St6galnac5 2.85225631332577 0.77601305148677 0.775633285613345
Gdpd2 2.82310014216791 0.863353804866395 0.834380973926522
Tst 2.76647650286335 0.557230528905655 0.531840598795718
Aldh1a7 2.73593043277614 0.534707407715368 0.450454008154847
Serhl 2.70056667865716 0.641242587229084 0.748079539117632
P4ha2 2.69301759983216 0.65758091221591 0.522330868918627
Arhgap18 2.68149655829991 0.580024152897693 -0.162287053575659
A2m 2.64192634559686 0.80000050165475 0.634011997453123
Col1a2 2.59470763689336 0.769984079387103 0.63796837767919
Suclg2 2.53165209325072 0.481772695948852 0.154705569909139
Gabra2 2.49715875622553 0.509968798041303 0.0516892694612632
Slc16a2 2.48966398485978 0.725138150562603 0.751667222833916
Pitpnc1 2.36142461736036 0.597128521074824 0.496873880487232
