Lhx8 8.07452712306447 0.960895451749114 0.956890112778114
Isl1 7.31935472314602 0.952215832913315 0.952566254660924
Resp18 7.03889090373866 0.758819069466773 0.784831163812516
Stmn2 6.86655682951424 0.724343364354498 0.735724031771313
Pcp4 6.78369207212047 0.267382360619542 0.264935844654956
Uchl1 6.69706839853576 0.547217161590883 0.738288508442001
Sncg 6.61044419385287 0.963008392001207 0.965559755673312
Gap43 6.54512582644184 0.661118197163543 0.712282396039606
Elavl2 6.49065655902523 0.659606807419529 0.674140674660687
Rit2 6.29807115617763 0.445619536998158 0.365820438651432
Dusp26 6.1936796641384 0.00876993538786204 0.164521485221311
Tesc 6.08282305427302 0.599247052239847 0.583038682739252
Slc18a3 6.07461331354153 0.959260758758181 0.952980732448517
Arhgdig 5.94492849621243 0.637934475698904 0.737121571203079
Fabp3 5.93593050584278 0.694000135238918 0.737942586706173
Map4 5.83049088418702 0.577381100808146 0.870467810234078
Lin7b 5.74748784483091 0.609530701368945 0.636718166493451
Rasd2 5.73148681454033 0.608850029691565 0.568431441561585
Slc6a15 5.68281242194334 0.687734646989365 0.81275949221573
Kcnq2 5.66233956352466 0.355460953513482 0.222135263622028
Mal2 5.6287829163065 0.501926128387128 0.43912500743458
Stmn3 5.60424155848231 0.470703581777696 0.684029266689986
Zic1 5.59972567083724 0.669612734658426 0.725689759720603
Calb1 5.51164369212477 0.43545160161076 0.290736679560666
Snap25 5.44355834000841 0.191264087297181 -0.0271430956300143
Fkbp1b 5.43025354636707 0.780821218033001 0.796738511144218
Tubb3 5.30650556593112 0.486994028379277 0.685759530713056
Asns 5.2976567040117 0.180742046877037 0.220142331597881
Nrip3 5.29676035061553 0.755789759969802 0.730297013442004
Serpinb1b 5.24763992077471 0.943421723010663 0.942097376099193
Ina 5.18377749294494 0.369852279308052 0.345130680801986
Rnf227 5.18035097945752 0.584323204620764 0.697600316605957
Doc2b 5.12571912778978 0.850072805116671 0.844498121513197
Gng3 5.07993026416864 0.38281937336799 0.5391569216072
Mme 5.06113949328018 0.898118947606368 0.913142539838358
Neto1 5.02946805179021 0.235959214753366 -0.0304051677983123
S100a10 4.99281716198715 0.752224316974946 0.735375267952755
Ggct 4.98371661067145 0.180026489706934 0.750975303958312
Cartpt 4.98221044601434 0.899000278539328 0.899046803184735
Bex1 4.96598227469238 0.116881343703225 -0.0318475232825753
Scn3b 4.89692108997169 0.420285193910573 0.590365312528198
Rbfox1 4.8670237618746 0.290132877242192 0.0920017009859166
Ecel1 4.85878769536394 0.935805363471787 0.932526929765716
Cplx1 4.83305452034109 0.40657641843656 0.386335199786672
Ache 4.80269009722911 0.8663869649474 0.869050704576617
2010204K13Rik 4.77609703710098 0.533084953376105 0.490466065136493
Celf4 4.75915792582479 0.48610264654553 0.38314473994188
Mllt11 4.73165859170149 0.455358741800758 0.731821293292344
Nap1l2 4.72195564577906 0.253450163245389 0.224631386711025
Ly6h 4.68910809737488 0.503414464490057 0.416589362266042
Gng13 4.67599694395224 0.55883512968522 0.598384429225016
Tmsb10 4.67243257790829 0.63599935874461 0.788375922038502
Prkar1b 4.65142213835909 0.24879586717253 0.0891115689356688
Spock3 4.64813193315576 0.118047467996485 -0.0901833059885746
Cacnb4 4.62705934811563 0.0102684256926787 0.0474694685830024
Crabp1 4.62455829501071 0.900090065440724 0.90494578924721
Acot7 4.61735284226543 0.0155651485425869 -0.130066687826113
Eef1a2 4.60808136647445 0.384063983233348 0.243078991566761
Olfm1 4.60290467939241 0.247588998132439 0.185104481995022
Rab3b 4.59423302129682 0.83458815124466 0.872405870252396
Gabra1 4.58141929658086 0.153326842789659 -0.0497060648122772
Flywch2 4.56087399586019 0.641751543538088 0.645499126655697
Eno2 4.54979602913056 0.301798322251067 0.202597798908201
Dync1i1 4.54269211445366 0.350285161573701 0.331017156060143
Chga 4.51711442565822 0.634417581975608 0.723763232927573
Fam241b 4.50808503572152 0.363746195561318 0.247272406138047
Arhgef7 4.50661137583699 0.434521142809293 0.628642124565171
Bcat1 4.49668322502857 -0.108577446630218 0.00815035044638187
Rgs10 4.49170089654 0.581443910489216 0.908900090964449
Pde1a 4.48522283317105 0.717398030524537 0.665925416347098
Reep1 4.44970306389715 0.346109335809415 0.468287787956323
Syt4 4.44836778966986 0.589281768838478 0.533256856645622
Atp6v1g2 4.4373543229468 0.506212115076878 0.59687385828466
Gdap1 4.42541134332085 0.286503704866289 0.497131467418009
Myt1l 4.42074391760421 0.431976940218992 0.296104720075171
Klc1 4.40074785928041 0.265213711081973 0.605756325356231
Atp1a3 4.39474764440011 0.512338150250213 0.339178881820607
Tspan17 4.38856297555415 0.201803196554577 0.12538057566475
Tacr3 4.36634121648084 0.934328709422386 0.940190544183802
Popdc3 4.35756430592196 0.918053735114108 0.906150763480172
Mcub 4.34820203459601 0.854019961605127 0.849556151349271
Cdkl2 4.33685574172548 0.296457545519293 0.510401095518412
Lhx6 4.33614236370345 0.859315805890262 0.85587306856974
Klhdc8a 4.33121166398632 0.628509084086019 0.530226766691787
2900011O08Rik 4.32835464395419 0.38019622383967 0.426865910148174
Cacna2d3 4.31338112892082 0.516407236891 0.446581710808779
Cacnb3 4.3069101167707 0.451956656643816 0.760174559716337
Nefl 4.30005835993745 0.219694022817407 0.0901868347120524
Cyb561 4.29987440413423 0.642442210713041 0.547884391303842
Zic3 4.29578911006483 0.377751595935279 0.373774691402343
Arhgap20 4.29486207354855 0.437504662077546 0.51619869254708
Cd200 4.29015889081795 0.35394915187375 0.730283224825041
Pcbd1 4.27240126015921 0.624373052949474 0.571901897550201
Gpx3 4.26905867352438 0.897524583033332 0.899712671767016
Pcdha7|Pcdha1|Pcdha4|Pcdha9|Pcdha12|Pcdhac1|Pcdha6|Pcdha8|Pcdha5|Pcdha3|Pcdhac2|Pcdha10|Pcdha2|Pcdha11 4.26489413958618 0.352116005123392 0.425182084458645
Snrpn|Snurf 4.24208153515343 0.61047215512138 0.651123840339148
Gng4 4.23846577833145 0.574764683586274 0.689010049760631
Sh3gl3 4.21879133650045 -0.0631100795636938 0.805607539095908
Edil3 4.19973990691203 -0.145831670771407 -0.172694890770737
Sez6l2 4.19640583039767 -0.120957309414342 -0.0439407143402442
Rgs4 4.18127018167517 0.289032283371092 0.102019831437312
Lor 4.16901898577619 0.601485613246479 0.64509877047427
Gdnf 4.15399289254165 0.93941178416569 0.924434671083605
Gal 4.14551196041639 0.947329797504777 0.933175763058415
Lypd1 4.13124846387408 0.577668968454909 0.753411666731567
Sln 4.12822085067782 0.947155752415986 0.938204945631458
1700037H04Rik 4.1254100478128 0.745642858947428 0.762795358179139
Rasgrf1 4.11815093025654 0.429433196394565 0.30110264849618
Napb 4.10612589597508 0.490804611197059 0.347332002446818
Syp 4.10416147271881 0.427413403473328 0.246238648214912
Cend1 4.10168227914581 0.683283000588123 0.766689314546018
Hs6st2 4.09014570916048 0.52433215012923 0.391711240399682
Cbln1 4.07002754431636 0.616027708675873 0.617208720778144
Trpc3 4.05910525619553 0.908020161991813 0.911305976676848
Syngr3 4.04964119381604 0.772345977508698 0.796627027281025
Ceacam10 4.04205813041279 0.9269402272725 0.899362088070653
Slc8a1 4.0286872856264 0.552905335613283 0.612229642416807
Sult4a1 4.02826791358232 0.770724482563981 0.746147990915826
Mfsd6 4.0162201443507 -0.053779123714364 -0.112071857632268
Sytl2 4.0110916554498 -0.0566310030382036 -0.107731947299395
Grb10 4.00166857683489 0.732541858011601 0.688905500253944
Ptger2 3.99081577735619 0.885561727662443 0.866877923337682
Bcl11a 3.98021934706099 0.410104770380908 0.244286313256722
Stmn1 3.97726370480054 0.0910682166287988 0.209416414021975
Chchd6 3.95467174131135 0.232684127568669 -0.0412868998336372
Nrsn1 3.92575133034546 0.459232979925949 0.469982246111772
Tfr2 3.92381451397329 0.723236021964437 0.733920507377714
S100a11 3.9027745282025 0.713519872888385 0.764212362866744
Slc12a5 3.89802953512703 0.213272710471402 0.0177175043831937
Atp9a 3.894027196912 -0.0588756934592718 -0.118586267124747
Pop5 3.87865817860934 0.431604976101072 0.597711233683087
Cygb 3.8681321112718 0.690335976008287 0.687110758967322
Dbndd1 3.85325492971142 0.760906675697851 0.756413422103767
Crabp2 3.83425909548264 0.911547547294502 0.915953513587602
Socs2 3.83213386761237 0.833985082135255 0.863546751091545
Gpr83 3.83157944369231 0.794621345583508 0.746833555124242
Necab2 3.82252854318122 0.454201041957584 0.354881756560027
Cgref1 3.81132341789221 0.813794058243586 0.82430047039021
Bex2 3.80812510577433 0.425439890020215 0.633164015672746
Ncald 3.80470066198942 0.0929346870849886 -0.197202243213461
Pfdn1 3.79710376877879 0.510115365172158 0.570476468365481
Dpp6 3.79102527775992 0.402118183768019 0.40685443278522
Nrg3 3.77817385810806 0.431516172740758 0.456044673692529
Dnm1 3.77701494845199 8.05804609551716e-05 -0.104305388400717
Th 3.77273271248634 0.913358291771542 0.920824992723614
Nipsnap1 3.7665009782024 0.538669861413821 0.547817529386073
Pcsk2 3.74677160842044 0.272455672780541 0.298184533663418
Clvs1 3.726591115127 0.423038665342449 0.646088116522126
Vsnl1 3.68660078237052 0.0143904860738877 -0.202779921797753
Map1b 3.68445246978676 0.332781553188691 0.234336847380838
Olfm3 3.66667369115911 0.641259406797986 0.573093943504789
Lrrc3b 3.66287895691315 0.86576495021396 0.852908890518543
Tmem158 3.65564344092524 0.2267410870521 0.158104155332962
C1qtnf4 3.65542708484241 0.118441511435611 -0.161882497892392
Rnf208 3.61157026543796 0.167857972782477 0.240004529170314
Rab15 3.60860682941326 0.514247689681938 0.44338907147177
Snap91 3.60629276060186 -0.0254423811703088 0.208845890059389
1110008P14Rik 3.60025076144357 0.50756433643191 0.487191203096685
Ngfr 3.59916237843937 0.901457963703104 0.858874172816123
L1cam 3.59320184108195 0.620188925988672 0.498531933262178
Stmn4 3.58935914849734 -0.0997627060527319 0.405027724766284
Nefm 3.58407124707364 0.202682239035754 -0.00876531460078746
Scn1a 3.57560498325175 0.321451740027 -0.0022709378324754
Slc5a7 3.56368078714261 0.928908487097093 0.935033144560569
Nop10 3.56308146497965 0.614152105881975 0.715620030497787
Scg2 3.55601649608058 0.537162989592469 0.458597525682805
Chgb 3.55530885998898 0.288882495916716 0.171797167103401
Prima1 3.54903806330412 0.509829294653808 0.528387338611245
Ckmt1 3.54812667714132 0.481921339950466 0.292318279516237
Timm10b 3.54205188319691 0.506567659036467 0.593644290820711
Rnf157 3.52698351027863 0.315683188589462 0.331248691000971
Cdh22 3.52629114433783 0.640555090625747 0.652741831213366
Arhgap12 3.5152339931201 0.548942099453687 0.700597377857625
Ykt6 3.50890571535448 0.772035973572977 0.86154877070978
Qpct 3.50602659487242 0.000542502851257247 -0.0531391005208659
Snrpn|Snhg14|Snurf 3.50263674743788 0.377876107326903 0.692101336264431
Caln1 3.5013570530361 0.359536264038428 0.225513999417746
Tubg2 3.50128121342979 0.603312231274336 0.631912612181448
Pcdha2|Pcdha9|Pcdha5|Pcdha6|Pcdhac1|Pcdha7|Pcdha11|Pcdhac2|Pcdha8|Pcdha4|Pcdha12|Pcdha1|Pcdha3|Pcdha10 3.50033953444068 0.613332583858041 0.707657307073524
Armcx1 3.49200641719242 0.37278918193813 0.594122515086863
Ptbp2 3.48833891396281 0.406271410512717 0.606013284606916
Synj2bp|Gm20498 3.47983389267789 0.663558538349818 0.78160552063841
Selenom 3.47568290881522 0.471497581577562 0.631241685241924
Hspb8 3.46772841098291 0.383135227798933 0.448688929980527
Rab3a 3.46193601001835 0.420298424930921 0.445622242163497
Nfatc2 3.4544740355513 0.357541168714299 0.208342852576542
Coprs 3.42435256646188 0.619605851673795 0.535392820174418
Vstm2a 3.41890312854385 0.305437002054369 0.199115898764821
Rtn1 3.41474386109331 0.636728255859421 0.811206305950516
Cda 3.41111208530567 0.942755748574171 0.881473843040005
Prkcz 3.4099589319494 -0.087435843920498 -0.0145960264660717
Rbfox3 3.39547979223999 0.363352579887242 0.214174761182497
Mea1 3.39475152510172 0.659349903976983 0.813273930265257
Penk 3.39260513773857 0.385869469447642 0.180484188471544
Bex4 3.38406162974885 0.289167887679585 0.106099457139916
Gng2 3.38171105267177 0.715035424941523 0.863741742692598
Oprl1 3.36054243213179 0.209887699487352 -0.114160297958816
Stxbp1 3.3507200782237 0.356721264287307 0.245862592217727
Rpp25 3.34483809542603 0.621467016113415 0.624772730902344
Cdh8 3.32728927974218 0.854739392149659 0.864592095846781
Slc32a1 3.30957646765877 0.287375402212796 0.1502066982657
Kcnip4 3.28509474385267 0.788668237782281 0.756356805601696
Usp29 3.26384526517901 0.767180930827268 0.722284531585601
Actl6b 3.25664716464282 0.711263182306641 0.697916388299175
Hrasls 3.2388322047231 0.652408516754026 0.597766417741363
Ntsr1 3.23430475408976 0.803061164530798 0.76679176462552
Arx 3.22522299727411 0.144776897871627 -0.00649349799068906
Gm5424|Ass1 3.21788359715333 0.712778221555814 0.744738473868953
Susd4 3.21547969785219 -0.0427299873101411 -0.0673908584604303
Rhov 3.20071184841408 0.888688012758989 0.889761926154396
Gpr85 3.19181592639344 -0.112084224135149 -0.237553113979641
Brinp1 3.14903651582495 0.104253924187578 -0.13864713037737
Atcay 3.13398233113565 0.298690922361804 0.704902010858348
Hist3h2ba 3.1324329710153 -0.0884699338475731 -0.113111946786911
Spint2 3.11498382165312 0.652492906597105 0.783464272869063
Rph3a 3.01379914705298 0.591803894442232 0.585302028463421
Myh7 3.00850493367027 0.611149696513587 0.497426533053374
Fgf14 2.99981380624768 0.270556379594537 0.0671942674076772
Susd2 2.99153815543298 0.862503215992003 0.813529221137872
Tcfl5 2.98625832786383 0.102509187704059 -0.108737643020814
Syt1 2.97547668676792 0.751714685831727 0.714711711005772
Lrrtm1 2.94454904147909 0.0768274956879502 -0.104610091740033
Ntng1 2.89737564939435 0.610294254915494 0.509544062743503
Rgs8 2.89034500951204 0.552698423208908 0.523388214736726
Coa5 2.85537200986004 0.781750221573194 0.819872952928125
Gad2 2.77476698946285 0.857913129155059 0.816112454726338
Rab40b 2.75581070367482 0.065217717491057 -0.212649089786254
Pkib 2.65892284218289 0.450723812870303 -0.117043153845426
Dscam 2.65394592300294 0.17899799780591 0.149330942470708
Fxyd2 2.61217448616338 0.846123398938273 0.813586108132531
Parm1 2.60832774407619 0.178654861589829 0.114151975604363
AI506816 2.56076795716627 0.650252720269484 0.501574478712915
Gabrg2 2.55845840849474 0.630007309229035 0.4639297107041
Kcnab2 2.53811515752543 0.264209460360582 0.210350033261555
Kcnip1 2.53533483453186 0.172598219827125 -0.0714493084411339
Rab27b 2.48832661973005 0.411749708038456 0.238157792715381
Sh3bgrl2 2.4343332089939 0.688539155099628 0.697833536843998
Plppr4 2.36508534032792 0.093722761284451 -0.116303952181626
Gpatch4 2.34845416122687 0.757907577868327 0.743865046296627
Syt17 2.34643175923595 0.788527734858843 0.778068387977108
Snhg11 2.32206146807102 0.337165713011404 0.177563444128
Cst6 2.30395990468097 0.812136712754872 0.797373812182472
Pcsk1 2.23138889249081 0.814735643474388 0.775094257336503
Klf5 2.22110436601158 0.743889996439955 0.70445607614226
Pole3 2.14534231193886 0.616820936383354 0.737578681223204
