C1qb 9.45098054815363 0.854304523348046 0.826260272738749
Ccl3 8.89790555369864 0.909853834078583 0.875010278610411
C1qc 8.52871671783864 0.879085565893175 0.855364296399817
S100a8 8.23667019918861 0.974211983615879 0.964700960353774
Gpr34 8.18230336393328 0.95547361220171 0.949005732697826
Ly86 8.1606271929857 0.913023841175806 0.907463383937587
Laptm5 8.13994968394693 0.778874408684974 0.791436260745034
Atf3 8.00451255660193 0.752367619854641 0.830918790269464
Ptprc 7.94266964487198 0.937537659165657 0.92770960708297
Fcrls 7.9054486303101 0.919089621703559 0.901292070530544
Tmem119 7.88847111450233 0.920980687768906 0.914694448697459
Fcgr3 7.72733342931138 0.922524806265893 0.920306466436604
Mpeg1 7.67409641942417 0.904663088879117 0.883325020049595
Cx3cr1 7.61138719985093 0.890016798703164 0.875260216921099
Fcgr1 7.51718535437687 0.906806503960208 0.879459405437473
Lcn2 7.49671376592277 0.9367462812288 0.907947148580474
S100a9 7.49045180084868 0.959148724315675 0.94795300958219
Lyz1 7.48687918277355 0.886721672921439 0.879523082964344
Tyrobp 7.45476435010682 0.912910596332753 0.892467346121742
Ccr5 7.44421603516167 0.957999696975686 0.963788597617164
C1qa 7.44074094969721 0.861840908301328 0.851490235657899
Cd53 7.44002833028781 0.936456186751571 0.927687961573739
P2ry12 7.37135105042596 0.875015943590571 0.862550960007451
Olfml3 7.36417535205959 0.954431025841809 0.955976788575879
Itgb2 7.34169454675531 0.953611233921107 0.940219873686282
Rnase4 7.32812710946431 0.904961653827999 0.893119925283091
Klf2 7.31623282498583 0.790710951186788 0.769883444767211
Icam1 7.28854039913127 0.904766201023484 0.889251240730328
Anxa3 7.28218542723921 0.915539309417967 0.91864696667275
Cfh 7.26874885699619 0.960237132455288 0.954176002950539
Fermt3 7.23027709956799 0.894690416788419 0.897143260497269
Cd68 7.21480986826995 0.932741546477345 0.911576814556398
Il10ra 7.17908242172072 0.974194877419044 0.972723704326646
Chil3 7.16757489465436 0.95998453832564 0.921188450754163
Naip5 7.15869856385971 0.976245095198802 0.974694269497003
Fcgr2b 7.14765083255646 0.936204463632095 0.919854728455445
Irf8 7.14372190473851 0.933404391099518 0.932074870145629
Ctsh 7.14346384317297 0.917858149179917 0.921969990290907
Il6ra 7.1029267460012 0.967750027689813 0.968722525703091
P2ry6 7.06584570351257 0.95327753903353 0.958522990465114
Csf1r 7.0510150516054 0.735364183759463 0.660291347313418
Vsir 7.03875782308316 0.696117277493078 0.817507082236361
Ptpn6 7.01807877238417 0.969693347896244 0.970284061036322
Hpgd 7.01544786661914 0.862745790768629 0.902381875546933
Xist 6.99811132627091 0.192744767084589 0.0438292083858103
Selplg 6.97125068334929 0.926217812961966 0.916390716868
Ngp 6.97051535769117 0.946017047294377 0.938742010383143
Adgre1 6.94858002250203 0.923441304523797 0.909365664581818
Cd14 6.94715588775517 0.904661400522774 0.895224222052279
Ms4a6d 6.93176919884606 0.967258007710886 0.965364043877448
Ccl9 6.90185612926538 0.946593460750139 0.928511238037821
Ctss 6.86179381665459 0.76790518613146 0.78372939665311
Cd86 6.84308662640415 0.963476695140403 0.955761659608987
Cxcl2 6.82094295722142 0.923269026611117 0.887347150467016
Rgs1 6.80141172755693 0.922240221962704 0.913783032329059
Nfkbiz 6.79922571219311 0.643470779657133 0.869118393769463
Sla 6.77239249017623 0.934088431441098 0.939436942841655
Pld4 6.75655526304851 0.955811050340984 0.946661154057517
Fcer1g 6.75610708250336 0.949675510716474 0.93400792629559
Srgn 6.72082821573079 0.878635267710388 0.878047278847563
Hba-a1|Hba-a2 6.712373101398 0.811662208379239 0.800086411562127
Adcy7 6.7057507804709 0.803012406077053 0.922209528742106
Hck 6.67950467265552 0.942440099511861 0.936269201701485
Camp 6.66190694258574 0.958826343651415 0.925520450628372
Ccl4 6.59339814771923 0.937052979729548 0.923659975191136
Aif1 6.58399123547547 0.903111970582907 0.954125600114142
Bcl2a1b|Bcl2a1d|Bcl2a1a 6.57386143642997 0.929826578218281 0.9298968864865
Itgb5 6.52996405096191 0.467122015133463 0.832456606116307
Klf4 6.50334357626034 0.389255279833281 0.630011299392605
Havcr2 6.50160967912219 0.957753313367666 0.958200993309105
F11r 6.49105565574465 0.931380592518727 0.954229919836641
Vav1 6.45509847003835 0.964929890360201 0.964811037180624
Lyz1|Lyz2 6.45440634630325 0.94442320941076 0.939028710520933
Plek 6.4445179832432 0.885630364176856 0.914322195521385
Tgfbr2 6.41660410484233 0.888637444055578 0.907284716852166
Naip2 6.41308103062777 0.964801398681159 0.963573587498965
Tlr2 6.40006448296742 0.961110729053227 0.961998500122113
Ms4a6b 6.376338808394 0.956098788333205 0.951539201776222
Evi2a 6.3689741044097 0.0743881053656078 0.123793673495937
H2-Aa 6.36377862756592 0.916419045997652 0.887894303071023
Tlr7 6.3587613263077 0.965546769843171 0.963348143720327
Il1a 6.34010251670382 0.938778912297238 0.922074681523627
Nrros 6.30714923701641 0.73493413799958 0.792080354658163
Ggta1 6.2792960029653 0.737820397302532 0.742119145974757
Mertk 6.27545894889192 0.167014227015139 0.0261893883636564
Cyba 6.27220748123196 0.820234787432088 0.836822420217362
Gpr84 6.26563662777509 0.949964335944279 0.946098744373182
C3ar1 6.24641806368329 0.943743367234769 0.939961198405554
Pycard 6.22276006663598 0.883556143893343 0.909626848879343
Fli1 6.22037994369628 0.969003129689413 0.966218678836106
Lpxn 6.21538202612365 0.961937461536848 0.957661559189553
Slc15a3 6.19906291184221 0.944004886620519 0.934368395362971
Fosb 6.17873287154954 0.563107766880806 0.716245626208222
Socs3 6.1724455030027 0.650027379813102 0.807573837512272
Ccl6 6.16875718598807 0.947233375184276 0.945757301672525
Txnip 6.13417085888751 0.508170385857616 0.53409481607691
Golm1 6.13028461859187 0.784456397147182 0.912150173780495
Ccl12 6.12861283987339 0.959202774074577 0.959481196842038
Zfhx3 6.12192805388832 0.867618927642862 0.864637187550775
Slc11a1 6.11376004573488 0.956238046431476 0.955696090077804
Zfp36 6.09048773842556 0.713505456025812 0.793942399564921
Cd83 6.07626900167552 0.785688272083896 0.897147056600767
Inpp5d 6.03240392608745 0.945120918481053 0.937003060366815
Ptgs1 6.0166903307465 0.586227421907839 0.535546514080042
Rgs10 5.97621429509836 0.667780372608211 0.930032924761725
Blnk 5.9515392379829 0.904266167003411 0.909266046154179
Fgd2 5.95125730215145 0.932152876989951 0.924591888366743
Lair1 5.94772041143971 0.877208756173051 0.893564252231407
Lcp2 5.94280722528608 0.962520406719633 0.958537099789537
Egr2 5.94255402421623 0.816020236880222 0.855232724756674
Rhoh 5.9063165969542 0.954108594810463 0.954061710127798
Ier3 5.90365411800266 0.839123509872267 0.892575784455379
Ier2 5.88833313763355 0.720750220040077 0.761337970588246
Arap3 5.87996235212814 0.941244024859815 0.927801257675394
Pik3cg 5.87463974026442 0.964369144769497 0.956097878348521
Alox5ap 5.87319047300934 0.877558569064747 0.942622352175004
Slc7a7 5.87089002659819 0.932249797644498 0.928345414686273
Tnfrsf1b 5.83993920986687 0.944926457801101 0.942017544524281
Slc40a1 5.8353711615749 0.887518303681975 0.899347347920266
Rcsd1 5.83116477899981 0.959610580263927 0.95805419385887
Lcp1 5.82879017420064 0.765085351243268 0.822900146558026
Ugt1a2|Ugt1a9|Ugt1a10|Ugt1a6a|Ugt1a5|Ugt1a6b|Ugt1a1|Ugt1a7c 5.82200469471097 0.690070977883113 0.856600531425976
Trf 5.80528008937782 -0.0420988978487453 -0.09037688828102
Capn3 5.79687681282981 0.940574186996333 0.917260205420863
Ncf4 5.78027574035827 0.963841515777517 0.965990762596429
Ctla2b 5.77772939328313 0.934528368302964 0.91949336645328
Nckap1l 5.77605632903935 0.918943758036161 0.918810624846416
Cd48 5.73172240169908 0.962759650773664 0.960335106170609
Fyb 5.71094362409961 0.945836250811979 0.942190799937016
Stab1 5.70775804869926 0.953980504335044 0.949999720804822
Tm6sf1 5.69620663586712 0.821676058585991 0.883262267559447
Map3k8 5.69065597344909 0.951505623909529 0.944718327523361
Alas2 5.6856761734634 0.930811099997027 0.924253691584636
Hba-a1|Hba-a2 5.67665256221584 0.691666292800682 0.649753889295238
Ccrl2 5.6554110668512 0.906815754296153 0.89476894373723
Entpd1 5.6438721094845 0.895361190368352 0.92871377916462
Sash3 5.63344793975247 0.918793768087037 0.942717558366005
1700017B05Rik 5.62972620749238 0.829286960495946 0.887736329966601
Crybb1 5.62414436068822 0.923797445386995 0.926794374466269
Tlr1 5.61832549598821 0.944612616065447 0.939264466566781
Slc16a6 5.6139296672444 0.909774075843216 0.888549594366103
Pros1 5.61325562826024 0.796318203827765 0.914612661125001
Otulinl 5.60927672828283 0.879810918384579 0.950739715915111
Ttr 5.57850321298979 0.388935302607391 0.316776354853328
Junb 5.57380946737562 0.618901488928681 0.710325676330519
Stat6 5.5684385436948 0.914772954217387 0.944485314401768
Dapp1 5.5311282175321 0.613419856518108 0.7316654390012
Kctd12 5.49168207585004 0.790021495221553 0.785278356355154
Tgfbr1 5.48813068781853 0.844347326022199 0.895941007327488
Mlxipl 5.4741195031883 0.792134491893587 0.810263329246178
Hk2 5.46890864471728 0.866099124501858 0.867097005396443
Adap2 5.44441877189107 0.939958058959553 0.953510245248495
Coro1a 5.4393216773188 0.657510657699112 0.678631306779883
Rassf5 5.43585279444282 0.756206259749485 0.889309880325987
Cd37 5.43149947925569 0.930703426276401 0.918944626477695
Clec4a2 5.43100976975616 0.951875326399131 0.939788422621545
Chil4|Chil3 5.42547744165757 0.939943368289558 0.89964027871398
Btg2 5.40569612660297 0.521389816139893 0.302019874538366
Cysltr1 5.4027654274767 0.961321311996513 0.957472130530269
H2-T23|H2-T-ps 5.34169096869415 0.795666218998604 0.822872207107064
Rab20 5.33746427397764 0.844410309679073 0.823035733235841
Il16 5.33047681009825 0.94478971361442 0.935745852651164
Csf3r 5.33015853440912 0.956828772152199 0.954263921064999
Arhgap45 5.31915550315141 0.941400451864291 0.942532303463858
Hbb-bs|Hbb-bt|Hbb-b1|Hbb-b2 5.31656702195071 0.769914208953803 0.702822936030939
Ets1 5.30173588883228 0.828071038282093 0.798932163578278
Akna 5.30114869428302 0.821231314929909 0.910062558306999
Ncf2 5.29060564419246 0.857031596085962 0.821566928619307
Mafb 5.26614241001796 0.922704142459883 0.947739125244313
Anxa1 5.24187865771351 0.885161476310847 0.845597729896611
Ltf 5.22879721850478 0.79798989978831 0.752621472053893
Cd34 5.21777713059565 0.8452304227239 0.844376505059526
Cd300c2 5.21041218580508 0.945215327634988 0.949159386518365
Tlr4 5.20128068614181 0.883369696807258 0.888197520393592
Casp4 5.18891786615503 0.959242696697315 0.950523297744447
Tpp2 5.17934885571611 0.767540966314681 0.733933028598939
Themis2 5.17432699358343 0.943972048002594 0.934216602334326
Cd300a 5.16310000377903 0.935432002599034 0.920405327340653
Lyl1 5.16018230620775 0.960138992467729 0.956103429861046
Tmem173 5.15804682173708 0.906274910231266 0.926960777598044
Abhd15 5.14481634068089 0.888170040906788 0.877001403572972
Ctsc 5.11341971668821 0.520773470213255 0.742271812483732
Serpine1 5.10161792202919 0.947256147826777 0.957595387646372
Syk 5.09739059571841 0.931751888966366 0.916583332912951
Hba-a1|Hba-a2 5.07588491789023 0.673353067244332 0.64631733596174
Trem2 5.07444131736689 0.934070874112894 0.923048534677776
Spint1 5.07126142506357 0.950392148670219 0.955031898188331
H2-Q9|H2-Q7|H2-K1 5.06697427932505 0.857186411254134 0.839085208581476
B4galt1 5.06196875397985 0.866049110125499 0.909670505680859
Cmtm7 5.04932576666853 0.904578491806059 0.91599783592074
Rps6ka1 5.00341087278938 0.842727562687822 0.84682949472598
Hhex 5.00238141066719 0.96123954598187 0.957439666056353
Plxdc1 4.97954248219477 0.806778215162667 0.772281464002912
Pald1 4.97881722969657 0.895143579962346 0.928793324255148
Unc93b1 4.97532180966415 0.91240557835911 0.88849577103665
Ccnl1 4.96993854995848 0.608133134383162 0.79644374410402
Cttnbp2nl 4.96268163979214 0.878832614305754 0.923721152602066
Ier5 4.95748256446954 0.821883268298704 0.835210837595264
H2-D1|H2-L 4.95203937761208 0.76038978288437 0.707796442936603
Pdgfb 4.9438043722599 0.929814973525138 0.933747046706351
Casp8 4.93879737831915 0.954350496823914 0.949552900161856
H2-L|H2-D1 4.93348438975572 0.796797508054633 0.767797222031011
Frrs1 4.92977309572834 0.708736381565414 0.863091113981946
Csf2rb2 4.92641014637062 0.959171965355078 0.961347009595675
Irf5 4.92199666395526 0.934265947001441 0.945358007804578
Wsb1 4.89960019274944 0.351990989271042 0.428163634759953
Slamf9 4.89356536720715 0.938210098758264 0.9398275355924
Spata13 4.87352854984505 0.692430269559225 0.842031245266465
H2-D1|H2-L 4.8669223541509 0.771472962962556 0.713519505520334
Abcc3 4.84705230549895 0.96441815627614 0.962548140004341
Elk3 4.84594877581998 0.79045651709334 0.777628378042196
Dusp6 4.84173751087537 0.525056803926231 0.595104011435609
Lrba 4.83798347659479 0.739705990366586 0.878348383596823
Fes 4.8241154998985 0.934941955419516 0.931599858038054
Itga6 4.82270257824463 0.144873207324761 -0.124700103526212
Hvcn1 4.80749146791042 0.949037579156506 0.950130935086771
Tgm2 4.80153434107241 0.740032651717729 0.714558247291975
Hfe 4.79574292928277 0.869623162174028 0.898690086936897
Trim47 4.79239141507952 0.849272063464803 0.932213513898955
Pon3 4.77577554239063 0.933578336088133 0.92133875979289
Hexb 4.77522171229362 0.796906307873888 0.7904495650039
H2-D1|H2-L 4.77324688508469 0.782308273149893 0.75846323307839
Clcf1 4.76687715096518 0.944018109957334 0.936458027389983
Srsf7 4.76168367864325 0.640116231618493 0.66856877761714
Rreb1 4.74915898921584 0.569881522594761 0.787064077130586
Pla2g15 4.73792939383595 0.849752897265473 0.911871410358419
Parvg 4.72645201454582 0.90554542724933 0.90420043638875
Arhgdib 4.72546651275754 0.902206546229618 0.913877764698909
Adamts1 4.7253052243687 0.488279095022319 0.775484383005765
Tec 4.68356461681732 0.936520069147749 0.944402990173938
Pla2g4a 4.68152884505075 0.36035751421427 0.265679578354155
Grn 4.6737987066061 0.775175713802942 0.873399989198547
Ppfia4 4.67262490482225 0.862422804969408 0.924025351601046
Tor4a 4.65936341216264 0.788119640656895 0.853479901834411
Xlr4b|Xlr4c|Xlr4a 4.62994419923243 0.840881333364281 0.808364070210946
Mef2c 4.62865042589633 0.527771926805159 0.438951025089988
Rrad 4.61810010245022 0.905143641700874 0.86885441043746
Trim30a|Trim30e-ps1|Trim30d 4.61743136682456 0.904838235339893 0.865158599382529
Trim30a 4.61549795706 0.933764401789562 0.91299778038857
Lrmp 4.6096599634392 0.968856038037445 0.961042577237619
Ppp1r15a 4.60151382962131 0.761902659365493 0.769972582969436
Ang 4.59822252281977 0.959400305423377 0.934630737990444
Sparc 4.59462478948217 0.406332056276503 0.5712743831825
Phyhd1 4.58720118017224 0.689621648161013 0.722017233311674
Sipa1 4.56825131195638 0.916573555191184 0.938017741397689
Clic1 4.54045746699268 0.829518578644256 0.837498015711099
Clec7a 4.5388878226287 0.924693831189828 0.920152237305127
Siglecf 4.52831003016305 0.954977478131428 0.937158960281763
Ptbp3 4.52677062602417 0.741800983666828 0.777432801346045
Mylip 4.52564730344426 0.833679832145449 0.845228428749095
Igsf6 4.5223362353427 0.953491686773426 0.937148129968494
Samsn1 4.51620117571806 0.945113865212113 0.9390547711497
Afp 4.51519642191652 0.941931738577153 0.930557363583417
Ifngr1 4.51402385188333 0.815137419446987 0.859010231008067
Arrb2 4.49728600162475 0.864387536518302 0.861718971087627
Birc3 4.48654404333244 0.909736098514558 0.934960841548849
Abca1 4.47309901233617 0.105097413636574 0.134537026901349
Mfng 4.47292193009149 0.934310707694165 0.918704315594184
H2-DMa 4.47056010784366 0.878821513137961 0.921676713629328
Gas5 4.45956512255475 0.48225081214184 0.579511280860838
Il7r 4.44558323758884 0.954586780552072 0.943524732011947
Klk8 4.44425925206095 0.934699317892874 0.941719303780103
Trim12a 4.43575281075277 0.943843669557157 0.914433306321833
Lgals9 4.43116479664587 0.939525228275536 0.937749808673227
Lyn 4.43068449271393 0.860308110206025 0.909644388166988
Lrrfip1 4.4243593905307 0.730776035489685 0.768638722666259
Cxcl10 4.42159910076816 0.83554464649254 0.69856176833123
Lag3 4.41570933996462 0.92668263367249 0.928132940349833
Spi1 4.41463047402401 0.930952268590992 0.914316561861161
Ceacam1|Ceacam2 4.40710361631293 0.897794068997453 0.871167305317215
Mlph 4.39881664784746 0.963909271928649 0.952668263817574
H2-M3 4.39005476653171 0.7639350115493 0.876651262021088
Sirpa 4.38329348337236 0.326006533957139 0.675461524839095
Ctsz 4.37818106092267 0.711843553796389 0.828921071951649
Rel 4.37773921716397 0.895404429598273 0.864259189795859
Cebpa 4.3685849238893 0.841574331822314 0.87501448082935
Ctc1 4.3683898862853 0.920494266052049 0.92251677696911
Cyp4v3 4.35660128539051 0.227999086285355 0.610980030295918
Plxnb2 4.35264052362255 0.412814399589388 0.702591554700873
Runx1 4.34097443032529 0.942569312499355 0.919496580905841
Tnfaip2 4.33916462724966 0.846625270199117 0.878006962288565
H2-K1|H2-D1 4.31935957418608 0.585230248083009 0.538827231906372
Slc39a8 4.31844141904841 0.729920702664101 0.764901025984507
Edem1 4.31775130929929 0.819859267099085 0.767918324079887
Ccl2 4.31377334842728 0.925465193025015 0.916482200341481
Klf6 4.31155718122756 0.836340851143494 0.853418388374044
Ifi30 4.30810923845169 0.884934159727928 0.924974255425713
Il6 4.3011290384458 0.913205074323882 0.870859115857809
Sh2b2 4.29493212913238 0.85051505327564 0.83455325094322
Tifa 4.28843573945979 0.621260365504666 0.842208727064751
Gpsm3 4.28262463036094 0.938585480886793 0.926403188215968
Ptpn18 4.27761090810264 0.900236988570408 0.907792967208714
Gmip 4.27409677181705 0.918386924725877 0.919272893795823
Cd52 4.2740569089467 0.910338578424608 0.901795616698258
Arpc1b 4.26222550259653 0.325088699182783 0.11048556736705
Asph 4.25136153583355 0.242200700279262 0.205598381384253
Tcn2 4.24814570914655 0.55530080622225 0.817371209963856
Ptpre 4.23927835011903 0.433531196162182 0.681432942308758
Hacd4 4.23516621462553 0.695684362431491 0.650509092278048
Casp1 4.23473965025198 0.829740021791719 0.911371146859842
Lrrk1 4.22368956973052 0.899277005250876 0.855217105115679
Rbm39 4.22095021803651 0.621479483814926 0.628134182694359
Msn 4.21255662041038 0.687850165007121 0.803008847870909
Lgmn 4.20530057359544 0.770216395698848 0.75538821184546
Mrc1 4.19854612219845 0.877654712013389 0.847305771674863
Npl 4.19852285779996 0.536102900937136 0.700004523370205
Serinc3 4.19252616256266 0.83644882935134 0.822849086632032
Plxdc2 4.18984082009978 0.693923455982781 0.681432637933602
Hpgds 4.18235603857322 0.92755019520983 0.92538765986027
Klf10 4.17400894178546 0.805268545868292 0.822010151299125
B2m 4.17029361882745 0.781653744628627 0.715184919529906
Ugt1a7c|Ugt1a10|Ugt1a2|Ugt1a6b|Ugt1a9|Ugt1a1|Ugt1a5|Ugt1a6a 4.16233415907327 0.654102563308004 0.670144410937881
Btk 4.16161858248963 0.925831477235171 0.925557641373087
Naalad2 4.16016311104585 0.903296107337965 0.907352395844725
Rgs2 4.15258591785285 0.737735324966725 0.801068677978145
Myd88 4.15097285184066 0.917197549994431 0.915999493360353
Cd177 4.14231366909326 0.9304399106486 0.890272581527441
Cep152 4.13551453516649 0.841238214864121 0.817513234654921
Lilr4b|Lilrb4a 4.13126271441073 0.918846703434144 0.869890159977523
Nfkbia 4.12415773106904 0.661210955705389 0.740443446254942
Slc2a5 4.12190355240234 0.932744057299215 0.933763586482964
Cd33 4.11581395968438 0.930822249899563 0.920393915418191
Plcg2 4.11402970102238 0.892159876633662 0.872023597011429
Cebpb 4.1034731537412 0.857311084966026 0.861926917952206
Arhgap4 4.10345349772865 0.946738706790696 0.924372754827671
Pnpla7 4.10294376717666 0.239671311197398 0.453948081481576
Hcls1 4.10198148590039 0.936759081340348 0.929837033835418
Ripk1 4.09979803161469 0.699839051920236 0.838147934214828
Lmo2 4.09286701676134 0.655109450706641 0.845582996673139
Resf1 4.07822545264196 0.694846438932091 0.772822309974476
Il13ra1 4.06523182902885 0.810538062191601 0.851013587645032
Myo1g 4.05892776053372 0.926474117127461 0.918770897475031
Tgif1 4.05712371117123 0.912537596843474 0.921047299081203
Adrb2 4.0562030910934 0.95009889884687 0.933688796363331
Ugt1a7c|Ugt1a6a|Ugt1a2|Ugt1a6b|Ugt1a9|Ugt1a5|Ugt1a10|Ugt1a1 4.05392771344398 0.851594166722742 0.921277580658776
Pag1 4.05160604119311 0.479200136072235 0.830757448823823
Tubb6 4.04839741213691 0.876693091181348 0.918326801092498
Rgs19 4.04720217267113 0.535117635571145 0.625774703356778
Notch2 4.04495226391816 0.125555299510822 -0.0431145382667697
Fcrl1 4.03999157338485 0.967080971452063 0.961999672993262
Uba7 4.03813946714439 0.928013156083791 0.916194496978144
Ly96 4.02278996395973 0.873094318046862 0.871134444589861
Slc7a8 4.00482662677781 0.863507370099734 0.89671981448967
Herpud1 3.99877279744477 0.85059930843473 0.908403378113825
Cxcl16 3.99822775008486 0.940211905017586 0.931328872390462
Nrp1 3.99736880811337 0.21314512153456 0.480815127928979
Jun 3.99191010670764 0.297737463592846 0.407492586906477
Rab3il1 3.99129096809779 0.943837486491873 0.941899209448314
Dusp1 3.99071904307699 0.316625304102414 0.349844153941768
Dock2 3.98973397671005 0.944425085861463 0.946252884416479
Gna15 3.98205952830426 0.934801563882906 0.938234863617351
Tgfbi 3.98084965168713 0.692170528142009 0.774506568660179
Rnf19b 3.97884115733824 0.850342989630681 0.874523947618719
Mef2a 3.97815958093069 0.857770759364735 0.846506686794126
Dock8 3.96821753528301 0.926574070387732 0.914788272333543
Pmaip1 3.96569929595597 0.936570350500753 0.923093063169517
Ankrd44 3.96459412308127 0.682453198036229 0.774227736142258
Pnp2|Pnp 3.96215495943872 0.376298354563405 0.717571443896628
Dhrs3 3.9591919603884 0.350457437953458 0.359202952261275
Ehd4 3.95417125331816 0.720361791020099 0.916802978834706
Glipr1 3.95382583186393 0.836583803975959 0.87152861353346
Sult1a1 3.9442309870612 0.333612566967422 0.148317382320863
H2-Q7|H2-Q9 3.94284403681577 0.775352314843234 0.68879456734831
Myo7a 3.93752522786714 0.904912838590666 0.878726533395576
Arhgap17 3.92631847367052 0.790510582316468 0.814797078135117
Parp14 3.92508574525236 0.882639948904224 0.814696809414452
Prkab1 3.92336412379403 0.871040369253545 0.888346052975654
Gcnt1 3.918164455975 0.949736024242662 0.912532784314736
Parp9 3.90318774990221 0.742697574991848 0.828615184502807
H2-K1 3.90215006926037 0.629810416173563 0.571151271462752
Gimap6 3.90095867700372 0.933063979940611 0.928555523117799
Tmem140 3.89520490392188 0.934822554885811 0.921631316340259
Tmcc3 3.88985404908386 0.574889615138607 0.533104613879965
Slc25a37 3.88967356242626 0.818618794439753 0.755797149762966
Tnf 3.88621835878509 0.895187884660379 0.865126284423679
Trpv2 3.87905385656435 0.748765008264028 0.897104040111316
Hps4 3.87504903130741 0.822363535083833 0.757692064328705
Plekho1 3.87353377107547 0.777901617763441 0.788235215860598
Nrip1 3.87003400685182 0.770263896552317 0.855706570350862
Apobec1 3.86287514575215 0.825295486252478 0.840467309792975
Gusb 3.86127164454676 0.701145549501557 0.783390853831904
Arhgap9 3.85967520644813 0.89939301682444 0.89329254580179
Rnasel 3.8402637735655 0.786438646508967 0.877167050923041
Slc25a45 3.83085690528328 0.806369835608664 0.802674843388815
Fos 3.82601227651721 -0.0417846763214637 0.397663788507443
Ebi3 3.82219544649084 0.901840518626519 0.907467896042759
Vamp8 3.81851991918068 0.654489795706549 0.723195666338738
Plekha2 3.8176609392974 0.000733495215773418 0.152598260663507
Lgals3 3.8097455978906 0.636388842205198 0.48078304706377
Il17ra 3.80557873894471 0.776741496790259 0.806217033563063
Lrp1 3.80195745357394 0.124977304450474 -0.155148499741134
Myh9 3.79545067520699 0.815364268853227 0.821736634259929
Tmem63a 3.78914572918766 0.061651809320194 -0.0975183256489013
Sgk1 3.78667926470105 0.160407440752994 0.245624872193521
Tcirg1 3.78419880565276 0.708975646033782 0.753210413303783
Ptgr1 3.78223096436832 0.622657916215779 0.775925727977305
Rac2 3.77369919402507 0.906353815079813 0.891517490419838
D17H6S56E-5 3.77054504581302 0.92046415159229 0.920975010000027
H2-Oa 3.77005774284102 0.934222848325398 0.931578125060815
Tbxas1 3.76571628303963 0.913939938119373 0.879936905457404
Il10rb 3.76408607452594 0.806150728838561 0.866829486587767
Ncf1 3.75384452353768 0.937463849223665 0.921842538921958
Gdap10 3.75258105079399 0.359431558228672 0.498893816980958
Man1a 3.75212666848113 0.34859856063843 0.248470045884262
Ints6l 3.75167845516262 0.519927288026812 0.506121765968368
Man2b1 3.75110003019004 0.734940999316812 0.677482272613863
Plcl2 3.74711442175025 0.814526488169088 0.789184720430486
Ceacam2|Ceacam1 3.7424818553058 0.830331338045108 0.854413328593084
Skap2 3.73806946190876 0.752819915678119 0.770129321353477
Snx5 3.72745551863832 0.889445979187557 0.893605375600489
Zfx|Zfa-ps 3.72598787017258 0.807035733795737 0.792130918558022
Zfp36l1 3.72537352417526 0.125221777245334 0.321053198039929
Stk17b 3.71392456376932 0.109858897843846 -0.0309181338982068
Snord22 3.71008071546569 0.60597017318096 0.747652135155631
Slc37a2 3.69560097582488 0.832229518332735 0.870871332826267
Tsc22d3 3.69447484601914 0.715585236136668 0.687236910718014
Ltc4s 3.68837067758961 0.886828647957844 0.875747417788326
Clec4b1|Clec4a2 3.67673844509796 0.937959714442383 0.924203291339545
Chst7 3.67627501054897 0.642158735930299 0.649251307858187
Il4ra 3.67459326346833 0.938188684931292 0.923431209477239
Tcim 3.67329708759072 0.469170490060871 0.245549962192037
H2-DMb2|H2-DMb1 3.67218823164812 0.914438178302957 0.90460715952911
Ucp2 3.67179150630435 0.888870714558754 0.925736080431683
Psmb9 3.67117524058363 0.867181413753657 0.797192482441821
Syngr2 3.66901836135209 0.530438671952015 0.678839470206685
Hspa1a 3.66292075668203 0.543291993186769 0.583085555598923
Pik3cd 3.65053864080631 0.925506844637169 0.925453588208683
Cebpd 3.64905413023263 0.282009331992443 0.45065287968563
Sertad1 3.64796222753285 0.861048418804591 0.874703651928551
Ets2 3.64328029353752 0.667826715646113 0.537652466298833
Phxr1 3.64110013435365 0.753800144568597 0.744678481059365
BC028528 3.63349599790394 0.518565294059377 0.296661843788185
Asxl1 3.62517578396394 0.822895980196439 0.826117307818706
Jmjd1c 3.6231427598837 0.661812826577064 0.759223250556792
Per1 3.62312407684771 0.634994956866213 0.778482498491602
Lst1 3.61006842240675 0.731099776000661 0.903138078186826
Ifi35 3.59744280288464 0.764826662391564 0.819885738507627
Mlxip 3.59458875448273 0.824457847335849 0.829245551665253
Mcl1 3.58302112910154 0.795420183851778 0.844813275571466
Creg1 3.57914251329377 0.521426952090856 0.7879940393521
Cd79b 3.57582589241382 0.908044808430859 0.902792662395606
Nfe2l2 3.574946731017 0.3262043382345 0.453204696832214
Erap1 3.57275200803244 0.543980774847856 0.633822422530596
Tnfaip8 3.55632720681608 -0.0104302236672321 -0.0687511326400445
AW112010 3.54216175796845 0.943559603031022 0.942335391059301
Trim34a 3.50709749974213 0.772572216976356 0.683217445325645
Gns 3.50563528474136 0.72462761361909 0.845438314232527
Atp7a 3.50307625471269 0.714290977232716 0.791527745787337
Tuba1c 3.49234752610679 0.868818859186507 0.879985766521596
Fam111a 3.49166456689235 0.752831118112548 0.699300212943908
Srgap2 3.49127242577313 0.896703302928306 0.884274059617656
Dnajb1 3.47667904335849 0.867802567537622 0.849492330129476
Litaf 3.46201330634006 0.0308477445958348 0.446164633416549
Phxr4 3.46161313629864 0.375241124431135 0.123478879707711
Cited2 3.45660895360778 0.724282109009279 0.784187388766246
Ctsb 3.44079585220551 0.69639067252014 0.866555555289634
Gcnt2 3.4320333249964 0.70681454495381 0.662655704667559
Tmem37 3.43094531706798 0.920893709470409 0.916847182831245
Prkcd 3.42962547412351 0.54060462538718 0.688708725514112
Ifitm6 3.42432747066884 0.885549688425062 0.78430183903042
St3gal6 3.42337894658408 0.691645904299633 0.5604615924321
Zfp36l2 3.41292069522556 0.0272387843834572 -0.0397896095159471
Hp 3.40984604067557 0.879983757305394 0.770590708789812
Was 3.40535631234075 0.909969133163479 0.906934230253224
Vasp 3.4031724986703 0.867964956782978 0.879980192537098
Slc29a3 3.40265411779398 0.463036368848125 0.544499143390683
Egr1 3.39991551435071 0.542854226342442 0.776572714337506
Pnp 3.39834401893611 0.274788741328127 0.711749559477843
Tgif2 3.39741948600927 0.905782407856479 0.929363737426355
Ivns1abp 3.39098710359662 0.700212610124126 0.690443015349699
Cmtm6 3.38866030791418 0.774883883786711 0.820671636930779
Clec5a 3.38668905116638 0.941382776746152 0.937160321921037
Snx20 3.37781445564497 0.932668448387542 0.936078328207975
Maff 3.37389279546077 0.716261574431536 0.743797013341992
Cytip 3.37009006250248 0.74986061236808 0.722608789559203
Mknk1 3.36930242212403 0.792300420817287 0.88635320262741
Tlr3 3.36863750803231 0.104446483364941 0.833342645686074
Tap1 3.35801136965439 0.790650445971672 0.724211993986736
Ebf3 3.35752200359428 0.917088640700728 0.906976373425083
Myo1b 3.3464799199495 0.851384505767846 0.76525668855302
Il1b 3.34286924401849 0.916326467367708 0.90533160526654
Fmnl3 3.33952939869494 0.905077382682114 0.881955950156956
H6pd 3.33666195248119 0.908391664428066 0.892583129486303
Tpst2 3.3333632960441 0.714263267548891 0.814376567990135
Fpr2 3.3332023090403 0.888773912717656 0.768702067576557
Rp2 3.31341656111406 0.847902707664826 0.820370686261358
Ptger3 3.30731898322017 0.62843676663392 0.518348010560919
Rasa4 3.30359785984982 0.928874300567401 0.92508928405057
Zfx|Zfa-ps 3.29691238704054 0.839107884763075 0.820493938231458
Col6a3 3.27649302318643 0.810763715098127 0.770490891483948
Tgfb1 3.248937815693 0.917741786435783 0.861094727639863
Gbp7 3.24679529005985 0.302741586423172 0.318783171697342
Traf5 3.2437282736468 0.873273373559673 0.878777841850177
Naip6 3.24222899902596 0.925582735197795 0.898258761509904
Rbm5 3.23731863827896 0.191556106825138 0.170286101582299
Parp10 3.22544838258639 0.850833190879037 0.775427265527832
Ifih1 3.22133663078089 0.764942141309737 0.706495043247053
Ms4a6c 3.21877174333202 0.914336279267917 0.913662271566709
Ceacam1|Ceacam2 3.21159808169441 0.902740306223476 0.854546007478846
Abcd2 3.20556161262522 0.305301017385445 0.130641434383903
Smagp 3.20249882035114 0.90161051625234 0.902573560776099
Batf3 3.18218878457576 0.925426580158386 0.940735946697768
Gem 3.17323261729784 0.229982129390077 -0.0428587386634424
Pf4 3.17122350899919 0.839380023165612 0.836430045685434
Arsg 3.15990144383317 0.0276788603510881 -0.13454317901363
Nfam1 3.13757653429935 0.925953703696588 0.916426175199563
Calhm2 3.11631206296853 0.899778252282227 0.86493137612578
Hlx 3.09791892895688 0.915556452717751 0.898945392711184
Gmfg 3.07935826299903 0.89261086723169 0.871157297350848
Vrk2 3.06781814871022 0.832007333953631 0.852797321661004
Mpo 3.05932430936777 0.84308252702911 0.576479626771968
Tlr6 3.04093919860939 0.768752477308883 0.814454308742572
H2-Ab1 3.0193187862393 0.713856673950723 0.639214100328447
Mrc2 3.0000922815563 0.875117176555303 0.847362071830426
Isg20 2.99289131834956 0.904861048249918 0.910089099047943
Ptprj 2.97946753076215 0.813068742496436 0.809363108262489
Cmtm8 2.9289833738136 0.894850757113488 0.877731290009834
Arhgap39 2.92048984107685 0.821931719146852 0.817786220724071
Plaur 2.90464707705134 0.885293469665601 0.873139858418824
Npnt 2.89264775909441 0.493557126298023 0.579417985853949
Calcrl 2.866674176642 0.217793378421382 0.090445464157904
Irf9 2.84613378464191 0.806929712395162 0.792342799295709
Nfkbie 2.83915077239198 0.764500164216835 0.709695613664964
Tnfsf13b 2.79294166940086 0.709758479672869 0.832021616162186
Tmc6 2.78246506534146 0.798376060666768 0.760202015860069
Nrm 2.77418696758495 0.487922048700574 0.51053858083159
Irgm2 2.7463685852971 0.746588608431503 0.634221126947278
Sh3tc1 2.72703132705777 0.905821889526539 0.916207751119009
Stk26 2.71954813433544 0.587159002950112 0.754377151795413
Smpdl3b 2.66660279163418 0.515686035415593 0.792081319671928
Myc 2.66622757593306 0.790413287894652 0.836613395073022
Emp3 2.65481934742644 0.852605808120705 0.847471314064173
Tfpi 2.64577305576529 0.794984246473355 0.847078786501462
Esyt1 2.57050200871438 0.814338679985395 0.786482603175355
Ifitm3 2.53188342348014 0.19946128610197 -0.118774610174719
Srpk3 2.48514145671447 0.543946456528513 0.304828228240171
Rgl1 2.47686889886923 0.664803819205953 0.766860405259234
Sftpc 2.47069450185651 0.444822980697374 0.275534800791808
Il21r 2.40089377897045 0.934440537556698 0.940204302795195
Dusp2 2.39120361420807 0.889683737728045 0.880007220636446
Ceacam2|Ceacam1 2.38090947968623 0.911671803059118 0.894462300971182
Zfpm1 2.38090031703546 0.171558853709625 0.183563764094728
Plbd1 2.37947371585556 0.867685444854492 0.828862905605808
Ehbp1l1 2.36771286274049 0.49754085617102 -0.256880867504779
Tlcd2 2.16793032483192 0.869205956818471 0.856527151530477
