Tspan2 7.13490841040473 0.814301938379176 0.846072350641526
Ppp1r14a 6.86040597542598 0.899027943363982 0.894759348199949
Mog 6.83686234829 0.863548036877502 0.83752756543616
Mobp 6.80822416277456 0.833194663079086 0.827661737136866
Ugt8a 6.49737490145929 0.811525173006079 0.813757059041996
Cldn11 6.31692760692068 0.860675835137287 0.839473427565932
Olig1 6.31054916532357 0.418695568194436 0.773403160142552
S1pr5 6.30621421513121 0.80282512707068 0.759214824210529
Mal 6.25905149560266 0.899197283764991 0.906334705367195
Tmeff2 6.11916369503861 0.768215783034848 0.765182711745039
Efhd1 6.00303301762055 0.290012276841906 0.38748675074385
Grb14 5.98765871206937 0.815050855077095 0.908206315692824
Cryab 5.81608331036528 0.682081522255898 0.852050407802229
Sh3gl3 5.70339364918952 0.683909228413731 0.805607539095908
Trf 5.61779444304621 0.53867877854833 -0.09037688828102
Aspa 5.61209597693574 0.654117631700406 0.684325720516442
Gpr37 5.58026214130387 0.339600730820086 0.339781304561819
Plekhb1 5.51021639548051 0.301874086371862 0.544142483318154
Olig2 5.49684440042301 0.627414504427256 0.698661462896173
Mbp 5.49424326985307 0.788084806618142 0.819220409500646
Gpm6b 5.44808436397808 0.188138038556347 0.327706582400241
Ndrg1 5.35610547191174 0.789184366487546 0.792036539119809
Fa2h 5.3083776391256 0.841823495324258 0.804161751775756
Car2 5.2659885536012 0.15118458042374 0.00128426818812924
Dusp26 5.21794883597771 0.535271991592923 0.164521485221311
Sox10 5.15350114436396 0.908625148341219 0.897106396222438
Lpar1 5.12447075414224 0.790514537010225 0.79220703609352
Ptgds 5.10559068747417 0.447014307541795 0.168483565350605
Evi2a 4.99673634079231 0.530596481727292 0.123793673495937
Sez6l2 4.99241808368165 0.553317853462947 -0.0439407143402442
Gsn 4.94433253064331 0.679619025836185 0.666851360972835
Stmn4 4.93127982899106 0.603115214287446 0.405027724766284
Pou3f1 4.92969540577937 0.876929586322493 0.870614776079747
Plp1 4.92596193182791 0.718354152005392 0.80682601002219
Scrg1 4.91108715688021 0.151361171684417 0.112704087755725
S100a16 4.90110391638996 0.190841644214918 0.145495965397372
Apod 4.85685705941378 0.677704847556676 0.606323998370772
Pdlim2 4.85279978403529 0.809386125852385 0.744082876887141
Anln 4.83540705827774 0.768752226740384 0.743347882506751
Slc44a1 4.82348529811935 0.728050547878711 0.821768590422807
Gpr37l1 4.76174682786246 0.252022813749805 0.733083747780239
Ddc 4.74926393487985 0.824529364980037 0.798953243981537
Itih3 4.7411510107622 0.154390628488087 0.183021296056439
Mag 4.7386833625759 0.720700008496184 0.542380204506206
Tmem163 4.73080872640279 0.700437899295313 0.502629959488419
Trim59 4.72980939559964 0.836725698855528 0.842680143237264
Fabp7 4.57833559223659 0.0574226090828104 0.177649719014433
Nkx2-2 4.54161568870406 0.627141377294265 0.628247461664321
Pllp 4.50695412099602 0.881767165924048 0.853954359312462
Edil3 4.45701948532982 0.479936433082851 -0.172694890770737
Rnf112 4.43753475513297 0.552159701124346 -0.183092041234516
Gal3st1 4.36666952705867 0.832815788134336 0.751426113314091
S100a1 4.33041057402389 0.128072856097032 0.0427421537797832
Phldb1 4.29115421737629 0.777141394427652 0.776313267713527
Kcnj10 4.27940487340632 0.202444778640598 0.460499408511415
Elovl7 4.27598755783137 0.67932812346846 0.62536864721629
Pcp4 4.27431701303972 0.264290008629605 0.264935844654956
Rab33a 4.27043304042889 0.679138724429032 0.742172577623009
Bcat1 4.24006566193213 0.591029470447265 0.00815035044638187
Ank3 4.22069634655162 0.606399746889255 0.339050871474073
Lims2 4.20886890971235 0.8157151428055 0.760518765390157
Slain1 4.20675170289978 0.769229231890674 0.818280934022574
Prkcz 4.19487181733265 0.55888513467974 -0.0145960264660717
Kcna1 4.17037474441615 0.765846336423213 0.629509435622621
Adamts4 4.1230466710584 0.681100118634321 0.582807769336554
Thbs3 4.11807264484783 0.528624389139639 0.49757457888979
Timp4 4.10933913004093 0.0915789455248797 0.324236408148064
Tmem98 4.1026394224174 0.672358095805435 0.679720679822789
Sgk2 4.10257826340649 0.797853725435278 0.697030151243812
Sytl2 4.09577637674837 0.515324543406401 -0.107731947299395
Sept4 4.06175329536778 0.678481056415076 0.765623684175878
Gamt 4.05736215862654 0.766675352625505 0.725521674359548
Josd2 4.03303525897022 0.706803808023614 0.536720031634811
Bcan 4.01905084764204 0.279503009698328 0.745927732045758
Larp6 4.01685990869997 0.629894383329218 0.417490575592298
Plpp3 4.00776494765331 0.309273076650531 0.801103666955434
Efs 4.00621175444294 0.16127213162915 0.0145779168707599
Efnb3 3.96209374780109 0.697280550707235 0.524842507201486
Nkx6-2 3.95419702717788 0.778413624451533 0.738807573215971
C1ql3 3.94675415064909 0.612470605846413 0.644652926093873
Plekhf1 3.93821800757932 0.640558547488068 0.597535600674883
S100b 3.91905188823989 0.177417592640628 0.122987472536489
Clic4 3.90751577901819 0.422131225514673 0.515080522834173
Tubb4a 3.83793829698418 0.61099636326397 0.324464585181193
Acot7 3.82246491520196 0.470027431013015 -0.130066687826113
Lrrn1 3.79826931585574 0.705997044368869 0.752337310380631
Atp9a 3.78813322184719 0.465605434413859 -0.118586267124747
Nkain1 3.7692853561344 0.602433059581584 0.377687157261133
Il33 3.76051900242107 -0.0415245182730536 0.108817894612257
Brca1 3.75676562011299 0.418729188185446 0.413117197003879
Sox2 3.7051391883864 0.0902340506100913 0.2568584868296
Ninj2 3.70147368204856 0.831646887360079 0.77839798236864
Asrgl1 3.68024053758723 0.159125977004432 0.290279942573485
Plekhh1 3.64000488193647 0.734301125603583 0.583387493369131
Gng11 3.63843196142094 0.778051139799007 0.758571188016932
Arhgef10 3.55817368420371 0.477225177789522 0.425688811086052
Tnni1 3.55660714120466 0.788032075977925 0.663043172280858
Mfsd6 3.54542137925348 0.47078353767023 -0.112071857632268
Fgfr2 3.52187589710132 0.133014273020266 0.224298672133077
Htra1 3.49482706159664 0.193949408299766 0.38078350291161
Tnfaip6 3.48860233913165 0.529244954829632 0.443553559514261
Ggct 3.44637723953585 0.587163221870834 0.750975303958312
Cdc42ep1 3.40961868192531 0.511844018180414 0.489913431552343
Dnm1 3.38189977133435 0.47137029123619 -0.104305388400717
Acot1 3.37574332844436 0.138295017970715 -0.0615653343210839
Ptprd 3.37208856535757 0.113225323115716 0.102538582143829
Gjb1 3.35546157457455 0.722254430883316 0.566521381540773
Frmd5 3.34109192201994 0.677754879082917 0.526174991823858
Car14 3.33509755159478 0.705332688466205 0.537080941135144
Ctsk 3.28655332701412 0.81593355734798 0.710726579324493
Hapln2 3.22742973656037 0.65152714850217 0.424455094075785
Pcolce2 3.11059141198983 0.70619922980459 0.485989400058745
Rhpn2 3.11041526938386 0.34936642537826 0.36648838955686
Kazn 3.04683697052396 0.829816277383874 0.819638874973208
Cdk18 3.00795179347697 0.584903274034894 0.364106350927633
Csrp1 2.97689624047362 0.137142515515397 -0.0255311066201
Bmp4 2.70442546757388 0.662066246572335 0.544660726002367
Wfdc18 2.66230187810296 0.749095434513744 0.646287177206656
Lad1 2.62223059543636 0.485387204863003 0.188660740461909
Mcam 2.59703267069376 0.561781457080739 0.413315584338032
Crtac1 2.57298800566003 0.465001462892863 -0.0255245583192853
Lamp5 2.57079984193826 0.415294555695171 0.100587630477561
Synpr 2.51290338095778 0.436315751324915 0.193656671055093
Pex5l 2.49008222683145 0.707012473209528 0.560478310700983
Dock5 2.3478805109358 0.566561803449286 0.357384528498716
Rprm 2.05479931378587 0.391043836983158 0.141879905389432
