Aqp4 8.65803877435035 0.752668241672862 0.882556253718035
Gja1 8.47318036006706 0.410287947548711 0.552614598890637
Mlc1 8.07696404475911 0.764663203372613 0.825176295642938
Slc1a3 7.94733267173337 0.775920277363891 0.807227800093745
Atp1a2 7.93235490071058 0.613634336080054 0.554679114291025
Bcan 7.7181068988753 0.577046358139005 0.74587796908394
Fabp7 7.60636128436504 0.390478628855732 0.176965330793772
Timp4 7.35567312383143 0.495636262071835 0.323149282830749
Dio2 7.2856757987879 0.721489492866073 0.787741905742206
F3 7.23706390329915 0.732030040341606 0.722398737542403
Vcam1 7.23691554596526 0.665641794884327 0.735209874280494
Gjb6 7.23218836466477 0.663145169375043 0.592705444027933
Slco1c1 7.19066921297395 0.860157863115779 0.871388595911848
Ntsr2 7.08006380700601 0.724932897633387 0.728514178056241
Plpp3 7.06911257478653 0.559257909308643 0.811409116318443
Gpm6b 7.01675659497497 0.405947755244656 0.32781385650888
Slc15a2 6.99364956108334 0.806430723082567 0.880505351339295
Olig1 6.86420323829241 0.210349926145313 0.620403568205526
Tril 6.73888366752507 0.747634872051764 0.805661431824548
Fgfr3 6.70869299544556 0.810215728424392 0.802643436225161
Apoe 6.67278101234579 0.362950186669472 0.573517114298017
Acsbg1 6.60820897699671 0.823007647698895 0.839650524178394
Tnfrsf19 6.5247388778804 0.834842585983967 0.883137539903969
Pla2g7 6.50792533632218 0.782321227529069 0.766755016443729
Mertk 6.50719311672869 0.741307102591051 0.023616097947432
Cyp2j9 6.49715983718997 0.666057362016469 0.715988047172526
Aldh1l1 6.47690692159126 0.774744841947714 0.78425173184018
AI464131 6.33255801600318 0.860116625838218 0.873111388533711
Scara3 6.29884247473605 0.74134776291289 0.783659370633437
Gpr37l1 6.23686217652919 0.553557108003845 0.732762038858991
Itih3 6.22844044521667 0.437700644408815 0.183031662938551
Elovl2 6.12590956877026 0.861879374860009 0.869360761140378
Cyp4f15 6.11077203958969 0.924526804133977 0.880546012407579
Pon2 6.09484014869924 0.411207112556317 0.558964520074876
Ezr 6.08458600947208 0.825068639193337 0.855754918393638
Slc7a10 6.06606696379203 0.889215031197448 0.851797101965907
Fzd2 6.06099347982902 0.784825711367065 0.762174602753529
Tlcd1 6.0180017753152 0.795669744189514 0.744261110495016
Tlr3 6.00388500419855 0.763456445004861 0.858371459801115
Car8 5.99080626523584 0.503084796692375 0.14790114510697
Kcnj10 5.93784844658166 0.38072623528807 0.458807731675594
Cldn10 5.93068538605471 0.817996039230638 0.725824710776182
Xist 5.91818022300621 0.540861982065692 0.043416087245151
Adhfe1 5.89455340508097 0.71749151722088 0.712392385421288
Selenop 5.87631933681865 0.173420297905967 -0.0299910695984123
Cth 5.86871953897232 0.810009735688428 0.815472595985684
Grin2c 5.8658429287191 0.913102871554182 0.885700199378011
Lhx2 5.85522845680255 0.602477103912919 0.610056775433524
Cyp7b1 5.85020343311269 0.750079851864721 0.796275305302321
Pdgfrb 5.82789108834729 0.786151858007853 0.627135642458749
S100b 5.81860308455579 0.142566198809165 0.124959396958816
Eva1a 5.78875056962231 0.716548317288416 0.738089793192592
Aldh1a1 5.74136243532474 0.476113828624653 0.336180554765485
Slc9a3r1 5.72084475157925 0.540655108549784 0.645781696983549
Mfge8 5.69299979076585 0.707918869454505 0.776453128209076
Psat1 5.67972303089722 0.241294076969953 0.0988967160612217
Mmd2 5.65880404184638 0.319559689321991 0.523779668369458
Il33 5.62717915119556 0.446485807033705 0.108539584370652
Qk 5.59077597463907 0.117330902295465 -0.0705133172709727
Wwtr1 5.58587148496842 0.6444588314519 0.552852140868141
Lrig1 5.56719209497234 0.777146849542644 0.830494258928301
Igfbp2 5.55564828056463 0.70267067883186 0.51269937609885
Cxcl14 5.55201556315603 0.401550412381133 0.182676171608654
Slc1a2 5.54050338874212 0.881747007009046 0.869606369632052
Reep3 5.51398393790607 0.210241775851939 0.158091132025556
Pbxip1 5.50818873295253 0.799234837492769 0.721219446308713
Ttpa 5.41841898908655 0.829383219686578 0.772369804703734
Slc14a1 5.41374367820985 0.871883801995901 0.814784058229655
Rlbp1 5.41364850975812 0.462479005187327 0.15172412401797
Pmp22 5.39945164995043 0.319648859664652 0.0997175273333405
Scrg1 5.38490451237652 0.331405276309927 0.111733237102384
Smpdl3a 5.38299641326873 0.758636131049266 0.856410920592703
S1pr1 5.37301336250658 0.835805560085237 0.758084570794129
Hes5 5.36312051392075 0.546896576518372 0.269068118860258
Cyr61 5.35119254318544 0.822052953867438 0.659328032701067
Cyp4f14 5.3418467244666 0.882364856416588 0.85868424702626
Prodh 5.33061971192165 0.865157039787748 0.848381221215723
Itgb5 5.30904966817771 0.549705429883301 0.734332201174804
Msmo1 5.30335245949334 0.537758930274962 0.409538333554596
Htra1 5.28669188136769 0.506286606551908 0.6221943064331
Cyp2d22 5.26086305630594 0.886092242771357 0.859159500184344
Gldc 5.24739325880726 0.79658897641809 0.734069209013029
Gabrg1 5.23344501890234 0.75748667248762 0.757034371575311
Ctsc 5.23218779241357 0.477200675451789 0.529792225537126
Ptprz1 5.18010191136461 0.726772340626062 0.818840419617863
Id4 5.17637520837438 0.515078757651732 0.51011396077996
Plekhb1 5.17249696599435 0.19049876468731 0.542035858310577
Abhd3 5.16990811633575 0.550044559926531 0.783489572246616
Zfp36l2 5.16152630878985 0.494745897657346 -0.0438182143146671
Pdk4 5.16098606135732 0.681241601005732 0.598105321891196
Lcat 5.15810800552346 0.860949453075129 0.8586288051589
Scd1 5.14352753415088 0.439978836001512 0.363425028609129
Mgst1 5.13653596468706 0.565675541992363 0.570170569396731
Ppp1r3c 5.1305091332382 0.701247945292246 0.735501062017654
Acss1 5.12116719574905 0.633384579750025 0.681042353164821
Id3 5.10196623338213 0.477753407158087 0.385853580823638
Myo6 5.09747214226436 0.694378915157911 0.540338316099749
Emp2 5.09360008407957 0.879357509017906 0.828290529868391
Cd38 5.09301493958337 0.882472601425447 0.780459374967831
Ccdc80 5.09141294185848 0.82519389917233 0.844672086934089
Phkg1 5.05675613987485 0.867836769732349 0.813472871204969
Fermt2 5.03248437391031 0.390116795857541 0.811227120619852
Zfp36l1 5.00496610400003 0.347762817643099 0.240028076920446
Asrgl1 4.9725420945493 0.36938877196477 0.287757514664353
Stxbp3 4.95646148856694 0.192236195685958 -0.063703697063534
Notch1 4.95413750725477 0.744583321747318 0.764811788641146
Ttyh1 4.94601250350808 0.596863189724697 0.680882169421705
Oaf 4.94347969975463 0.773464751363947 0.798924010593506
Sept8 4.93718779251371 0.490817129049687 0.25469801136639
Itih5 4.93200374134427 0.688791423603145 0.703817088031314
Gstm1 4.91426931183695 0.595052205775906 0.549499653273446
Itga6 4.88306492755855 0.713030203270325 -0.12839271730186
Tmbim1 4.88299744888829 0.220716267507256 -0.0108646029168858
Axl 4.88194277036503 0.878830242212045 0.806905573283577
Amot 4.87198348499349 0.810733788201537 0.840552884767673
Slc38a3 4.84938879430262 0.894137547303207 0.862929803572819
Egfr 4.84188438117187 0.895310379803691 0.826384440304259
Papss2 4.83571168553995 0.758895989203177 0.734481894347144
Igfbp5 4.83203717894954 0.581346879562428 0.674560425014649
Nhsl1 4.82778365031279 0.674154908935273 0.685673980918753
Pnp|Pnp2 4.79363994313764 0.455936707277853 0.716726873651538
Gpr37 4.7859170561421 0.257692368235185 0.340074477451517
Btbd17 4.76604484942269 0.871258089958049 0.848505534586669
Ssfa2 4.75800566401859 0.58919838583053 0.159445505663991
Antxr1 4.72050039854488 0.632107953010632 0.819471457279681
Cd9 4.68241205634814 0.178682208119117 0.16487589387695
Fads2 4.67855599758817 0.843029227462461 0.846335873009285
Fjx1 4.65561211503197 0.747060253984421 0.84656531373426
Adgrg1 4.6523168460923 0.691314809433002 0.382063240950214
Gpld1 4.64330591315754 0.79878557052461 0.808615650369874
Hsd11b1 4.63729125539204 0.862263086932816 0.868542050836705
Nat8f4 4.63696835501567 0.772987935322437 0.7743439980923
Car2 4.62154654277482 0.255793294309331 0.0011712971800959
Efhd1 4.61723386202293 0.261657811025566 0.388459360248184
Soat1 4.59913471625181 0.620809386573231 0.306291326413034
Itpr2 4.59726049881504 0.524281732160103 0.125989773983375
Gna13 4.59478402287983 0.546914635900269 0.366104904727677
Pdgfc 4.59317738453622 0.341188417492656 0.299537482334282
Ntrk2 4.56615147765187 0.687314656214349 0.728654270938923
Pttg1ip 4.56116594348095 0.284875473242961 0.0558812596933961
Cbs 4.5521872205827 0.882171248337917 0.872131668726798
Fgf1 4.54774646841496 0.532085056729276 0.627883892567872
Cpq 4.53393454982478 0.679935888819543 0.792888090804713
Tgfb2 4.52909892848844 0.738371118367043 0.720243469549168
Ak4 4.51279991997459 0.421053369183283 0.471788015292908
Ptch1 4.50832744665397 0.626122757750436 0.758969615693986
Slc13a3 4.50499517322402 0.498641816664704 0.412013214353144
Rapgef3 4.49611582151265 0.416111098467811 0.334656524905923
Tmem100 4.49557532325097 0.415040703659429 0.0977067168494742
Slc1a4 4.47959206795131 0.6583013617005 0.724861120399362
Galnt4 4.46457700193503 0.645423535046417 -0.0862625467877269
Prdx6 4.44456084062328 0.602058059412217 0.656137061832776
Lmcd1 4.44174643330222 0.67757905347833 0.549617195775667
Gng12 4.41829631770387 0.233624532787221 -0.00906727997896324
Stk17b 4.41525522422025 0.597095188483807 -0.0324488707098534
Prom1 4.39832343534543 0.424651089157288 0.27979622418856
Col4a5 4.3804309386837 0.904340220216143 0.79956411507024
Entpd2 4.37417271388544 0.854170412968128 0.856503264821098
Plp1 4.36435359307011 0.0939014476791952 0.0862576578547468
Slc4a4 4.36376033555887 0.723653423538284 0.754494059692276
Timp3 4.36223602368786 0.67398887686097 0.333223004183796
Hapln1 4.3577401411151 0.778631221673745 0.758786598523242
Scd2 4.35082784345898 0.500296742327187 0.192917895557564
Klf4 4.34695804538943 0.343840014624421 0.340286236914302
Prkd1 4.34004273923462 0.670266112813869 0.678488085136365
Pdlim5 4.33707700595552 0.601677584052366 0.688432379194045
Ndrg2 4.33544296850956 0.594012666527951 0.507898133513764
Fmo1 4.33200447182272 0.69748043260298 0.712100655780942
Efemp1 4.32305781490901 0.494330592040323 0.279093907288674
Elovl5 4.31608985333932 0.58343160398514 0.567131741370515
Gdf10 4.30386914707972 0.793135983690588 0.768042931900621
Atp1b2 4.30176729725846 0.635010130984264 0.7656635668771
Gstk1 4.29333893505776 0.399145249180285 0.615561965897978
Nrarp 4.29021889763237 0.671487291260529 0.482462120109468
Trps1 4.28988491554816 0.656068035860927 0.731756000175544
Rftn2 4.28940494632527 0.648421605413413 0.580449122026446
Kif1c 4.28597183990231 0.574080730289562 0.589237223777541
Crot 4.27561486779644 0.591413054319887 0.598034748457258
Selenbp1|Selenbp2 4.25621396253169 0.588828289885494 0.646838003846762
Pdlim4 4.2382445942599 0.546343766448018 -0.107626616301089
Dtna 4.208518402385 0.729806090613362 0.804306958227351
Gpx8 4.20426669674344 0.539560538814839 0.406774942759366
Glul 4.20166709754502 0.426017040277558 0.48517509232173
Tmem47 4.19730500476645 0.612417925212267 0.679418966762445
Ndp 4.17881758878835 0.694280294822574 0.631657444709025
Mical1 4.1641580474486 0.520601412135942 0.015332084133546
Lamp2 4.16252593223999 0.282202924830682 0.127384404431192
Notch2 4.15348726365015 0.57056920663821 -0.0435635125582493
Trib2 4.1453348873011 0.326240953212164 0.143809522617503
Nde1 4.14521862546324 0.290174659340529 0.0725989889595206
Dock1 4.13965028443693 0.433094486645537 0.699517549977258
Pnp 4.13807640863187 0.492641113874841 0.710310418535471
Smox 4.13385882512373 0.329461853609216 0.497026410068514
Tjp2 4.11594577745433 0.365038357455785 0.297222025537208
Abca1 4.11466202709924 0.662973729191081 0.131832799862662
Fkbp10 4.11395322502705 0.891165112482388 0.886898014054965
Ptpn13 4.11085493091065 0.590629337329268 0.427017109987406
Tnfaip8 4.11083746934319 0.412441034474444 -0.0685184420173606
Zfp521 4.10915678883542 0.380930472955886 0.265860020800069
Tmem51 4.09982849718205 0.782723710937575 0.657131822864043
Zfyve21 4.0984404230161 0.319787707088505 0.357722147528674
Vim 4.09622719197176 0.397273202775431 0.0776505957231112
Nfe2l2 4.07380501397942 0.38253135048203 0.452443442925438
Heph 4.07250177949666 0.904038031668452 0.864165013509311
Oplah 4.06566224283729 0.805037702936379 0.79737637919566
Add3 4.05201620183915 0.663408905379463 0.705446716413169
Gli2 4.04999625633972 0.83569878429674 0.758762905145804
Acaa2 4.03280202078127 0.737474754705675 0.728326995843393
Cyp4v3 4.01934536181107 0.700950491630741 0.610527089597412
Tspan7 4.01684917785845 0.658764180219847 0.40934902425777
Fam181b 4.00441978726325 0.623474668581468 0.512384561825193
Aldh6a1 3.99943001839337 0.530237920103915 0.73501529279503
Fgfrl1 3.99118423514428 0.672300047865398 0.592215900748409
Idi1 3.99025659131381 0.140563591516946 0.00987942994435621
Mt2 3.98250756816594 0.497725277205073 0.308103218933042
Clu 3.97241595205863 0.775472111435955 0.779868403562126
Sdc4 3.96925884411361 0.781686721440332 0.757350529451156
Slc12a4 3.96790161139784 0.716155950048196 0.703454226373437
Sat1 3.9625923170867 0.533279896461624 0.00482646491164861
Wnt7a 3.96035127577261 0.687001720772404 0.632285444728108
Myo10 3.95357179878946 0.761285254137472 0.648946417759912
Lpp 3.95314752200793 0.831053089440283 0.688921781759529
Lgi4 3.94744841592961 0.894160175085018 0.841551906223464
Sparc 3.93878849825617 0.415527536138364 0.413861482195465
Pnpla7 3.93496333907698 0.697959925391472 0.454028729854378
Fxyd1 3.93325155243235 0.747058921521665 0.660393183845603
Cyp2j6 3.9212768023361 0.375274307897161 0.221059383223496
Kctd5 3.91613423850543 0.504586035206703 0.539004667372079
Pdzph1 3.89995903143995 0.776517998976249 0.682707232270952
Lrp4 3.89556025343356 0.743396807072511 0.804586806816943
Acot1 3.89225470011922 0.252087025700694 -0.061021936594642
Klf15 3.88959284502962 0.608947639779755 0.617413540250173
Il18 3.88483520399778 0.321879995274651 0.646414306435096
Glud1 3.88396443610148 0.852192465006501 0.851352797570304
Acsl6 3.87676397524084 0.588910352565028 0.82995352342455
Txnip 3.85941618764391 0.537033724446158 0.402834885315026
Cebpd 3.83939602050144 0.298415674944754 0.298050786187937
Sox9 3.8368851407794 0.870665546568142 0.829590813899056
Smpd2 3.81595081633211 0.690260200076353 0.795710071452218
Celsr1 3.81030006173059 0.896271733927531 0.814901764206534
Ppic 3.80062331185838 0.74293987807548 0.412209923623607
Eps8 3.79886919719873 0.407699343419123 0.274613735734297
Sorcs2 3.79336321853382 0.687825899897873 0.686569156062721
Ednrb 3.7909133366745 0.730497626560279 0.520275299017579
Aox1 3.786253552966 0.849129119360084 0.69767168222652
Appl2 3.78529345531102 0.780204871862026 0.848876734586503
Cnn3 3.78185032677203 0.273805233813892 0.409700713238245
Kcnn2 3.77954771835745 0.543950541520539 0.0867772902477134
Ptn 3.76608869154281 0.434750320771614 0.351797663216632
Vegfa 3.75729907648452 0.771582650904348 0.607079000034606
Lpcat3 3.74430018071965 0.566985107414406 0.368487033446007
Adam17 3.74343789608143 0.402713636315724 0.393438399123837
Bcar3 3.74014423494952 0.669627632056555 0.645678273734834
Slc41a1 3.73502190772318 0.768887333083803 0.703298299952794
Cmtm3 3.73397581461339 0.497611453673485 0.351183426865033
Cbr3 3.73259991735748 0.423583521037204 0.284774660080897
Cd44 3.72056059713071 0.802445470911079 0.687006323780837
Rgs5 3.70515287855446 0.553569414217825 0.269932272194303
Vcl 3.68761096559249 0.655195051514669 0.811401578108285
Gas1 3.68490488889881 0.588139202024263 0.433439958017736
Srebf1 3.66592349390418 0.788809105859129 0.838110186695692
Pygb 3.66349816716664 0.789523476300437 0.869417741520009
Pygm 3.64798505489406 0.784731946809176 0.671085202589952
Mmp14 3.64666324388831 0.738925178879803 0.650674483266838
Hmgcs1 3.64578019815197 0.282211711413709 0.0170396262840565
Hadh 3.64317710527205 0.234307380221752 0.0906209328632393
Prelp 3.63847057706864 0.735137212331913 0.333229726199546
2810459M11Rik 3.63372798376671 0.593211791553287 0.318675143349665
Hacd2 3.6293879615062 0.642676622228001 0.733421499657462
S100a1 3.6287581934765 0.217944696346677 0.0430599170682172
Agt 3.62792316659816 0.829404066816584 0.690812619888731
S100a16 3.61989797492456 0.294238806145476 0.146090766335559
Aass 3.61127975596022 0.892161510378879 0.804387807125301
Dmd 3.61091778612745 0.560045617734378 0.627199340565555
Phka1 3.5916928422025 0.764055058311639 0.875052914472279
Sox21 3.57925442416883 0.684187897765777 0.428857404995959
Naaa 3.57325183867163 0.779128858945846 0.692796287597442
Dennd4c 3.55936815725256 0.587803212190262 0.51063246644156
Nrp1 3.55579718667051 0.476505421437338 0.354274922824466
Dkk3 3.54440656593043 0.34060477275628 0.26827675580946
Dclk1 3.53824200254956 0.475882407112371 0.553480721742312
Retsat 3.5367433960723 0.72327931381517 0.735759756138319
Ephx1 3.53570347849055 0.559593626361622 0.600693282183344
Lap3 3.53507934911294 0.34208220150335 0.425547228330468
Ncan 3.53206847989579 0.603803980522435 0.621192116515507
Ghr 3.52967144381926 0.685863216529343 0.642225426320227
Nkain4 3.52775865162047 0.707220541700209 0.57779170699844
Cspg5 3.5268772505857 0.652205472888644 0.593614008319116
Slc16a1 3.52610766311057 0.439982061979667 0.257896081475917
Igdcc4 3.52501347040017 0.690711814020298 0.742881987111353
Rb1 3.52304887400998 0.510278108947867 0.550419835002768
Ngef 3.52107751306873 0.179431796592671 0.00830362795119672
Kcnk1 3.52014615951184 0.481839403788292 0.644915996151621
Smim3 3.51442917038363 0.499585841586152 -0.139425537719329
Hist1h2bc 3.51404694498437 0.00286395687257904 0.0675350319062972
Metrn 3.51166220941232 0.593964397801884 0.304457197700496
Bhlhe40 3.50782313104142 0.461751114738583 0.18845264225362
Serhl 3.50018797282467 0.699268747479409 0.748078323088421
Rhbdf1 3.49801278038568 0.7408812134984 0.744269208313966
Fgfr2 3.49042329674897 0.476557526747567 0.223740682976029
Pax6 3.49039748876327 0.767645079204222 0.744010544387134
Nfib 3.48954335598542 0.225466332365002 -0.0426855930343923
Ppara 3.48572159523664 0.843717533247862 0.79916449531982
Neat1 3.46613811151597 0.593814390721816 0.0355468293990659
Mdk 3.45746737805176 0.560514869069391 0.286298450696837
Gprc5b 3.45613776394903 0.419139172026776 0.620257056505149
Dag1 3.44945132791361 0.754384735282956 0.689531785775744
Smo 3.44552099691808 0.599627610940391 0.413257042442724
Itga7 3.44401829301194 0.751046332263743 0.681601234365655
Tulp3 3.44240654928867 0.689682671836977 0.692197884383625
Csgalnact1 3.44156807947921 0.561134923880742 0.429445165689401
Tm7sf3 3.43750909097057 0.215953982855986 0.044084513164184
Chst2 3.42971527826831 0.638886249418945 0.604751675516334
Hus1 3.42832128239018 0.415049285691819 0.244543976040966
Grhl1 3.42665832655949 0.628711369056938 0.619431961658181
Nat8f1 3.42276015244919 0.720876079798925 0.668275310030125
1190005I06Rik|Gm27021 3.41669329556341 0.447851269887955 0.193757943865992
Rdh5 3.40007601995401 0.823525436097612 0.737280952718919
Ephx2 3.39791807881201 0.75154275746366 0.742877132427774
Lxn 3.39748651224839 0.508319056945075 0.5819732157194
Suclg2 3.3881206414462 0.58895192051881 0.160146644714179
Mid1ip1 3.38369315558653 0.354848014588657 0.506510739354926
Itgav 3.37385463820033 0.565783147198343 0.753446233044037
Rab31 3.3667150803794 0.149943776161703 0.236261379575026
4931406C07Rik 3.35814182476925 0.541015594644971 0.680251032955164
Lin7c 3.3580583361983 0.179899151337998 0.308543777336152
Fcgrt 3.35687354529427 0.603799650836202 -0.0875450334054097
Carmil1 3.35450817395424 0.64690108025971 0.508927099122729
Derl2 3.34643717621824 0.179273830417387 0.155970892460748
Asph 3.34572827010456 0.573739856629414 0.204044268100301
Agl 3.34285653330246 0.651695035476109 0.561137590583546
Tenm3 3.33974480009185 0.708727705265355 0.769669609830475
Selenbp1|Selenbp2 3.33974132204499 0.588828289885494 0.646838003846762
P4ha1 3.33874498303576 0.448311933763816 0.0153142004242758
Sash1 3.33399226233628 0.571379384469518 0.787113228992318
Dhcr7 3.33350299887891 0.467836715022575 0.204374559494887
Trp53inp1 3.32449717371171 0.200198323691945 -0.0183987287711069
Gfap 3.25743439031336 0.704323575489085 0.435810417417928
Tnc 3.2183123093089 0.776410459441651 0.443327632380175
Prrx1 3.21520838445898 0.480729666094374 0.200274669157894
Lamb2 3.19936526992413 0.781300227852628 0.758323073536714
Fgd6 3.15424446969949 0.835675995502892 0.771131705161557
Tor3a 3.13292003238336 0.696825296775429 -0.189135329545833
Chpt1 3.12302306606213 0.354921981597592 0.308123806543268
Elavl1 3.10533596269062 0.432479537425765 -0.190590295852722
Tfcp2l1 3.04476337957572 0.80747737455678 0.65923026740517
Hmgcr 2.98374218434925 0.47677060410924 0.202677882887582
Akt2 2.95601640490308 0.515909541601788 0.19793896418843
Fzd4 2.91291280062079 0.780700606415908 0.546550058082081
Prkcdbp 2.86163299710346 0.296869240047797 0.0881222362600027
Ddhd1 2.84076659123603 0.645727483169628 0.593710263212932
Gdpd2 2.78067211227599 0.798195362210388 0.655349626247464
Rorb 2.7800873934366 0.771615987758145 0.722360885533202
Inhbb 2.76274028861548 0.467631509172572 0.321901698292856
Rnft1 2.76172441363632 0.567899316743665 0.586394659404335
Mvd 2.72285482938067 0.37011159817583 0.131634895373808
Ginm1 2.71730397542545 0.488411818806589 0.557921794398666
Clcn2 2.70440515063922 0.589244946648994 0.462834049063183
Vav3 2.69037934264656 0.725758327647835 0.602496234758569
A2m 2.65064910127601 0.833938596163799 0.634237605016387
Aldh1a7 2.62101256914754 0.470693366681403 0.0618661557899913
Arhgap18 2.59466230290691 0.660778562441817 -0.161090717500903
Gabra2 2.55310792326089 0.565159365987637 0.121636141404163
Itsn1 2.49973151367989 0.472098050264824 0.342515962219699
Vasn 2.43930213290128 0.276696980763222 0.218017063553858
Pou3f4 2.42100726380568 0.782610224954451 0.624734432779107
Ccdc85a 2.4159416027303 0.128046757028278 -0.010722805199182
Lppos 2.35527113612047 0.703364544969449 0.580593616058742
Spag1 2.34607566168612 0.735679932262244 0.739170977991242
Trim37 2.33928084182507 0.34537548563153 0.289627355598551
Metrnl 2.08631193753869 0.598098018511452 0.560144681713536
