Tac1 5.98297617168554 0.62974825340588 0.692321901598818
Pvalb 5.8077984929407 0.793685889490636 0.77438569049736
Slc32a1 5.62993408778259 0.395743133088533 0.251269094239033
Lpl 5.11734195061139 0.712317322049668 0.729244178529386
Col19a1 5.09461396521844 0.479036085333624 0.202486171773728
Cntnap2 5.02186298522337 0.339806398982614 0.235125881480293
Gabrd 4.80265032491323 0.638524456432836 0.758507898889823
Rbp4 4.69302416457635 0.648959929850798 0.418817165910828
Lhx6 4.57076604945604 0.658407299030911 0.0960352067556162
Cox6a2 4.47285360836515 0.847565873224025 0.887299864954018
Cntnap4 4.43845934866469 0.522570910764046 0.534292522748549
Myo5b 4.25688633605411 0.481479615258298 0.250820484457005
Meg3 4.25485482070376 0.293921248030064 -0.114175417877674
Gabra1 4.21797892959444 0.205814107488986 0.492684697952804
Gad1 4.06099239160129 0.144854889969479 -0.123250219456437
Parm1 4.05979651330973 0.342243322387445 0.0907674133459631
Slit2 4.03147155978912 0.687399292370158 0.784593158623897
Cacna2d2 3.99192908789657 0.605201387120263 0.647583343313184
Kcnh2 3.95307236933304 0.576449396166324 0.428968390643825
Kcnc1 3.93755278928407 0.395379908139199 0.0392135719835278
Nefh 3.91804772215298 0.630280606937543 0.705876242626286
Snhg11 3.8798124173684 0.286817025911697 0.159503355128951
Scn1a 3.84565195898532 0.307626900214518 0.0322189454467128
Grik1 3.80109469048136 0.333576267132023 -0.138382231477089
Mme 3.77852347099653 0.828228168089136 0.704907194554784
Satb1 3.67571847922533 0.550257775853388 0.261251651057742
St8sia4 3.63148535098193 0.474240017988524 0.39200389310437
Ank1 3.62823499968092 0.596983842196639 0.380837993613577
Kcnmb2 3.62031623092881 0.586445727504241 0.519200394144877
Cacng2 3.58236344042214 0.457604635102078 0.218070581908288
Gpr83 3.57218927384914 0.670610461075739 0.412306980547496
Arx 3.54773900420523 0.302806092370944 0.278232983821933
Akr1c18 3.52761608675923 0.807084748004887 0.788836356798339
Moxd1 3.52644036537368 0.608261738485038 0.283656083018769
Amn 3.47234614676039 0.547124315468656 0.341290553165378
Pcp4l1 3.45224933527564 0.500504968978407 0.385330496052445
Gria1 3.43823182172537 0.251011076694588 0.0398145290395827
Npnt 3.42714369129934 0.472269523112824 -0.12868829814221
Prss23 3.41381538579569 0.489140921218764 0.454792001442634
Pip5kl1 3.38412588088724 0.820272367957545 0.756176879752233
Vamp1 3.36749801533341 0.581484300238279 0.569238549636934
Crtac1 3.35434635621872 0.414810554809905 0.015951800917312
Cacna1a 3.10462396595923 0.64439252298143 0.67890061609458
Cenpa 2.95852929818068 0.500843657903325 0.289154844155123
Rerg 2.8914028680119 0.617279961150963 0.47889802598316
Cps1 2.44268217940071 0.61209296505774 0.421630577977306
Adamts15 2.43612425549874 0.729064792463138 0.711898572240933
Ung 2.26047407454968 0.26843394401409 0.0586019674788212
