C1qb 9.49851009617459 0.89857814232114 0.826100809455668
Ttr 9.0451076252387 0.588862955579893 0.316585366486108
Laptm5 8.82051862697451 0.802914361655932 0.791381444913591
Ccl3 8.65000313337999 0.929837796932842 0.874965583428724
Xist 8.47796370083313 0.51503143036324 0.043416087245151
Ctss 8.39763034187434 0.75764752049262 0.783790355135232
S100a8 8.33088567687075 0.973525370562792 0.962585129300653
Itgb5 8.2754820822629 0.561859530441591 0.83172489091188
Gpr34 8.22480495101144 0.967047005800706 0.94898039756534
Ptprc 8.13573665440265 0.954593738520928 0.927593156827561
C1qc 8.01775085930669 0.913581876438021 0.855340219989704
Ctsc 7.99005681257451 0.527881508506845 0.741998073095641
Vsir 7.89955525700662 0.773918509739649 0.817506829988976
Atf3 7.87420386026709 0.837001920203574 0.830764007673631
Fcgr3 7.84138266035462 0.929127755945768 0.920256426963961
Fcgr1 7.82765220785054 0.940016103593108 0.879315103712133
Socs3 7.78419166049256 0.663494530627872 0.807427989730807
Fermt3 7.62045214181901 0.88421764737206 0.897026946144149
Lcp1 7.56650087140506 0.826322489203932 0.822778027882635
Lcn2 7.50070790918205 0.956668709813579 0.907870360042973
C1qa 7.49141431183133 0.905757554967602 0.851564118343956
Ly86 7.47611392552258 0.91764217341039 0.907458534390297
P2ry12 7.44069716013735 0.910544055072 0.86236366443333
Cd53 7.42176487108433 0.951696685530881 0.927557102487486
Lyz1 7.42169225801609 0.831199182816275 0.861433821952989
Fcrls 7.41491240830189 0.925645750887605 0.901294879187313
Cfh 7.36577438268809 0.912180743848824 0.782388253411197
Hba-a1|Hba-a2 7.35936518272051 0.824247099105344 0.79997090141383
Tmem119 7.35545073646976 0.922574266282301 0.914693160934049
Ccr5 7.35187782995949 0.966980671798413 0.963737816425011
Hpgd 7.34678371449468 0.837724985650865 0.860851090021546
Evi2a 7.32826821846729 0.385970904303442 0.122083941499024
S100a9 7.30411234149348 0.94522986801455 0.938589514459105
Anxa3 7.2636023197588 0.78266656637686 0.555637372419416
Ptpn6 7.24197570694179 0.957520659147162 0.952347751524065
Ctsh 7.20824091695268 0.889896716700641 0.818013764884088
Srgn 7.20599258584477 0.816822461005731 0.697849178013902
Cx3cr1 7.17309259253994 0.923881150246483 0.87514207145877
Klf2 7.16732024153987 0.823857412785695 0.769704468031332
Rnase4 7.16201709171462 0.880047523663747 0.787542698508728
Icam1 7.13900677740555 0.929003395667201 0.889225151475047
P2ry6 7.12213329329567 0.962777622674604 0.958511022840041
Tgfbr1 7.11082468242288 0.779647582806397 0.855363234065962
Il10ra 7.10402151503486 0.961203756627392 0.968378353286309
Mertk 7.09678020330535 0.509227991937902 0.023616097947432
Cd68 7.05856154408595 0.893211853817185 0.845825120262281
Bcl2a1a|Bcl2a1b|Bcl2a1d 7.05054209947317 0.936560532373839 0.929832928960105
Fcgr2b 7.04821721063514 0.927495004398705 0.919765492348864
Itgb2 7.04346894242451 0.949633739318854 0.940209250733343
Il6ra 7.0241390402151 0.963344612435875 0.961181322978863
Chil3 6.99568088915454 0.94517685644816 0.922366168238475
Olfml3 6.99184233920213 0.922313694422753 0.849717551831509
Mpeg1 6.95028846594451 0.89849931912979 0.883361856541138
Ms4a6d 6.94123464750514 0.965793096589229 0.965321514023132
Irf8 6.91291600792852 0.941230059745694 0.931962833737715
Klf4 6.91256513121601 0.488689820654266 0.629645760718684
Tyrobp 6.9075861938253 0.918452247118651 0.892391677983416
Plek 6.8703095468887 0.898756871274615 0.914335684288107
Naip5 6.85550185357171 0.941226077222588 0.941268793873195
Nfkbiz 6.79551087569198 0.699762964775541 0.84343986747029
Rgs1 6.78840535018 0.944630931609903 0.913704339101885
Cd86 6.73315024558564 0.960413733569577 0.955705564975573
Ccl9 6.72813343940999 0.950353443130053 0.928426291895579
Cxcl2 6.70422888576099 0.943042282669422 0.887336454289424
Adgre1 6.6808362279169 0.906230098387214 0.90924329915282
Ptgs1 6.67742487131003 0.58561190613607 0.5355030866188
H2-T23|H2-T-ps 6.65795141045594 0.698251900248655 0.649897870345785
Camp 6.62307216999216 0.951882944757059 0.871341876419258
Pld4 6.58395499422503 0.939369275472528 0.946623615028717
Aif1 6.58117858289705 0.913907700456046 0.919597556899276
Syngr2 6.56044429462901 0.468219079128044 0.678299428842201
Vav1 6.54507070059755 0.9703358549044 0.964785272575621
Txnip 6.54265836348072 0.658464555972574 0.534275457018026
Zfp36l1 6.52707033532726 0.3018302472847 0.319838572169749
Havcr2 6.50465131008525 0.968738256688762 0.958210014306567
Cd14 6.49064227986192 0.895838346560285 0.895169706719293
Hck 6.45880136249182 0.929363988899193 0.928849732695995
Zfhx3 6.41907461051428 0.855536301548012 0.864481035696597
Cd83 6.41754311674631 0.833872949351816 0.88424752315305
Fcer1g 6.41624438641809 0.916447934375809 0.927655870130034
Pros1 6.40522590213447 0.799413497530438 0.914430728907859
Cyba 6.38124339349173 0.838297450989299 0.836618912110019
Ngp 6.37946449876352 0.897254522161093 0.881070022928812
Ms4a6b 6.35789346512976 0.959700871252321 0.951504262565102
Slc15a3 6.34773003300942 0.956891758357462 0.934309287413246
Fli1 6.29299882214185 0.924890478662244 0.849339678644147
Selplg 6.27866118309813 0.895739565758955 0.916297976204716
Il1a 6.27338160784845 0.945771779333273 0.922041603079999
Csf1r 6.25992249244482 0.803790782740122 0.660138098370364
Naip2 6.25839553191533 0.957690720350746 0.957720666882799
Nrros 6.22701223843776 0.828041559414084 0.791824786290472
Tlr2 6.21279474827692 0.946752283389248 0.945808719182529
Ggta1 6.2107071964136 0.837252304881961 0.741996856720129
Blnk 6.2027650681457 0.858246714297865 0.841547739253027
Tgfbr2 6.16625414652413 0.769639958804839 0.80404973780926
Pycard 6.16230045722508 0.866743972941468 0.812242855522137
Fosb 6.12653710406062 0.713486666368401 0.716156298176386
Tlr7 6.11366684963402 0.938239198967387 0.945858936703197
Ccl12 6.09467014025134 0.96338930313941 0.959443366840621
Pmp22 6.09275392621589 0.213997509191506 0.0997175273333405
Pnp|Pnp2 6.07026455898137 0.388206216668375 0.716726873651538
Gusb 6.01408135418073 0.610139388228484 0.783418768187215
Selenop 5.97463591192358 -0.0449875662233726 -0.0299910695984123
Gpr84 5.95921525171669 0.909873337486725 0.923361649225357
Alox5ap 5.95751023929469 0.910015125693597 0.908310947046596
Zfp36 5.95446322629227 0.81067798248207 0.794312073401642
Arap3 5.95171903806576 0.93367625799755 0.922307238722983
Hba-a2|Hba-a1 5.94476328935189 0.745473985279457 0.649868222038167
Cd9 5.93824187489014 0.0617349190894549 -0.20040857485584
Tm6sf1 5.93312143556885 0.483900785864367 0.572256665634676
Edem1 5.92024504081684 0.762913760414597 0.767825289755816
Ccl4 5.90845482300371 0.868598667900854 0.895003233096254
F11r 5.89366160001899 0.92015373551351 0.954226494950616
Lpxn 5.87661830681478 0.936525078554818 0.948414084262886
Pik3cg 5.85448686945215 0.966468377561958 0.960319974147551
Lyz2|Lyz1 5.84732849107775 0.890357975822755 0.923775325664768
Ccl6 5.82651933401453 0.932399527549395 0.941501091826268
Fgd2 5.80817364869728 0.936355903016737 0.924676847540034
Egr2 5.78939659929599 0.678494754913468 0.417131446511782
Stab1 5.78224917270258 0.959400973611313 0.949953997409876
Ctla2b 5.7820471606382 0.872332796173627 0.650185686176398
C3ar1 5.77862057509678 0.888065347850707 0.901777840562977
H2-Aa 5.77792762906865 0.840631168269184 0.653701691780674
Hk2 5.77712759065987 0.86062245766378 0.867128635757137
Capn3 5.74800841932105 0.904626302750895 0.887296363700764
Trf 5.74127093316778 0.339158616139907 -0.0912677242073283
Ncf4 5.73527528093201 0.96187413653494 0.965959974919039
Fyb 5.72349822937696 0.951412051260827 0.942116486335274
Spata13 5.72300583392695 0.684910816972199 0.841974331327327
Cmtm6 5.71612200961236 0.576698484966661 0.75453961744186
Crybb1 5.70336898505504 0.920256800935063 0.923089249484864
Sparc 5.69454838689466 0.4731965677382 0.570662457871484
Lcp2 5.6888485685488 0.953130865361652 0.958516202649754
Rgs10 5.67917712048329 0.623765380255451 0.796938580831165
Zfp36l2 5.67674647974897 0.315550006966914 -0.0438182143146671
Lair1 5.65738905978907 0.913398957003751 0.893433065299134
Arhgap17 5.61476738776166 0.718466633578972 0.814221950493466
St3gal6 5.6142804906021 0.81346255004923 0.792268323049702
Akna 5.61321254134345 0.852838206549335 0.909971376627676
Slc40a1 5.61291992474046 0.890272592373709 0.899345786037857
Rab20 5.60622047423939 0.879365292761966 0.822872062649342
1700017B05Rik 5.57243931586085 0.872214944737234 0.887403466603492
Dapp1 5.5723489585731 0.748971486031442 0.731428075918814
Tlr1 5.56423354576156 0.943778997093058 0.902834302976227
Ankrd44 5.55640304159652 0.732231780543244 0.77415610152197
Slc11a1 5.54540724395199 0.889573492520303 0.924310434982527
Slc7a7 5.54523260178038 0.927525666649196 0.928267391610327
Inpp5d 5.53990649872904 0.913431806040438 0.93009698522725
Alas2 5.53068972119888 0.932406482619825 0.924192310723296
Rhoh 5.5286170354139 0.926883675469492 0.920672984869673
Ier3 5.52326524324512 0.834490743685777 0.798752944162616
Tgm2 5.51242410416219 0.695990939106627 0.630965787843008
Ncf2 5.49703085494565 0.901756468414025 0.821452301139409
Tgfbi 5.47829740273235 0.721998862090208 0.774589280932775
Tnfrsf1b 5.47600375154115 0.89683177461506 0.929476630491486
Map3k8 5.47195787265485 0.945058487873313 0.944719361425179
Cd48 5.46494143798692 0.954262647173447 0.960091108684455
Adcy7 5.45559914488742 0.696655028047761 0.752469589398824
Nckap1l 5.45414595215547 0.914080654550317 0.918690107442541
Il13ra1 5.44244170644732 0.835288063105222 0.794861041380582
Ctsz 5.44016724006143 0.627425497911712 0.828783034372294
Adap2 5.40657578964942 0.9378955975143 0.919584651981503
Ier2 5.40150143311334 0.766618342687406 0.761547761270482
0610040J01Rik 5.3879742585567 0.540570351021583 0.417867811944527
Nfe2l2 5.3741400470443 0.374804231909184 0.452443442925438
Hfe 5.3691219708363 0.88587762654558 0.864758985637388
Cttnbp2nl 5.36007988487947 0.845865978849952 0.907077511652921
Entpd1 5.3588178004766 0.915627514186588 0.928738940969013
Nfkbia 5.35644914751653 0.572504783980914 0.658460646919976
Ccrl2 5.35127869751455 0.912772904190194 0.894693179100734
Sla 5.33544619082489 0.71337656625279 0.550755242917449
Hbb-b1|Hbb-b2|Hbb-bs|Hbb-bt 5.33092217938792 0.832901203984772 0.702867895205896
Dusp6 5.3281701868765 0.577862467373512 0.594778117435366
Qk 5.31307534697932 -0.126980468769234 -0.0705133172709727
Elk3 5.29710094548063 0.796618086539202 0.777284563967688
Ier5 5.28734365665663 0.586027946359358 0.82769869061253
Junb 5.28285533400513 0.688373166666577 0.710290375201287
Chil3|Chil4 5.27869639260347 0.927269169692758 0.871784291326915
Ugt1a2|Ugt1a7c|Ugt1a6b|Ugt1a6a|Ugt1a9|Ugt1a1|Ugt1a10|Ugt1a5 5.27376962156557 0.772712695657808 0.856133470982493
Adamts1 5.27104177538623 0.604662075300902 0.775585128551753
Cd34 5.24775482974975 0.610021489939888 0.795660898131689
Slc16a6 5.23160533178606 0.821050854683548 0.86378029074217
Clec4a2 5.22720282180444 0.940775592686395 0.939740512581498
Cebpd 5.20686056315903 0.368001880070334 0.450852912095384
Hspa1b 5.20578381766781 0.361370912140408 0.451331534203058
Tob2 5.20146651528677 0.4669440853188 0.632758798363481
Rbm39 5.19956326429009 0.644344679826308 0.627989196309652
Slc29a3 5.19669649423342 0.538705651055781 0.543906506479103
Hba-a2|Hba-a1 5.18875204596329 0.735316318349735 0.646530526782013
Tlr4 5.18514977463535 0.903521078182886 0.875975897369708
Clic1 5.18497528218564 0.789407596479951 0.780487979679716
Stat6 5.17763422138795 0.805796351470406 0.833391508062461
Cysltr1 5.16935857787023 0.943739686094417 0.932722142981239
H2-K1|H2-Q9|H2-Q7 5.16104160687633 0.902322030098131 0.838745867564463
Klf6 5.1117290028497 0.823437796032397 0.801129317235415
Il16 5.11139805716052 0.930562827820679 0.915388842824048
Ltf 5.10447837839342 0.810127925423978 0.752584011727949
Cebpb 5.08819597461087 0.813244773362062 0.861589666840522
Frrs1 5.08167996342401 0.76869276560142 0.862983752650528
Mcl1 5.07588110134556 0.668677893726516 0.844839258880907
Arhgap45 5.07179667143874 0.940142318448951 0.942463507714977
Reep3 5.05041441086497 -0.0403776792693313 -0.119268836499372
Themis2 5.04438053809535 0.944448323233551 0.934169189743477
Itpr2 5.04324519613532 0.317045529335648 0.125989773983375
Il10rb 5.02962913633663 0.792554307356963 0.77188727739835
Ifi30 5.02547494058285 0.880408743746284 0.866504050995556
Fam105a 5.02296740040176 0.821047166240808 0.869374452565247
Trem2 5.02265121863024 0.922942270459384 0.912828061867828
Itga6 5.01137889556463 0.452910079486911 -0.12839271730186
H2-D1|H2-L 4.9987449454351 0.854594210735093 0.767627423690294
Ets1 4.99743809619336 0.781363094277057 0.746637891195077
B2m 4.99013732639383 0.642991715430532 0.544570033084133
Abhd15 4.98774783907076 0.911762719703501 0.876915506190415
Grn 4.98682247282265 0.780481974654183 0.873541286168392
Plxdc2 4.98304780997367 0.702523829754989 0.681115839391099
Btg2 4.97687286895507 0.673730046989706 0.301508566656002
H2-D1|H2-L 4.97670540513937 0.862327796274122 0.758288455248064
Pnp 4.97001337317226 0.375328848865873 0.710310418535471
Tnfaip2 4.96558422418221 0.865104857350747 0.877782533188518
Cd300a 4.96540605597422 0.917966068388483 0.917150805269369
H2-D1|H2-L 4.95665477170553 0.826194740685218 0.713311983683372
Cd37 4.95432875165876 0.857656866933931 0.895318648033517
Clcf1 4.95241827145344 0.955852073165537 0.936404110331846
Lyl1 4.94773327945411 0.937102891529017 0.938775454119276
Pmepa1 4.94263134118465 0.642789202906447 0.64592847103055
Pald1 4.9340814224137 0.910285110918534 0.901800185481649
Rcsd1 4.93340898727995 0.855058261998593 0.837976259020183
H2-L|H2-D1 4.93089187551391 0.786816834683221 0.707632400494705
Pon2 4.91905240215331 0.047346293757734 0.411683276584525
Casp4 4.90336871014692 0.929316025532425 0.940571576302122
Gas5 4.90271167829816 0.582245711024177 0.579234766118862
Cd300c2 4.90067673643939 0.896189041260611 0.920863429480684
Vamp8 4.87837223701339 0.570393792149231 0.459525280937897
Anxa1 4.87551079690444 0.733440491140581 0.199377095332873
Pon3 4.86361252988879 0.942485109857018 0.921251022146291
Cklf 4.86339784940737 0.54285004624616 0.748346411462709
Hexb 4.85994850800703 0.786582048292935 0.790727990428026
Cmtm7 4.8464345539131 0.911689231616411 0.897837752659259
Sash3 4.84593459286225 0.834538548384808 0.851430742090162
Fes 4.84522197418856 0.936215271273466 0.931546616002212
Casp8 4.84252376345465 0.911781481696689 0.867832027377625
Mavs 4.83646249799973 0.163177150753135 0.325576224499531
Lrrfip1 4.82985299640989 0.745616053833687 0.768529682154086
Kctd12 4.8088079543834 0.487762787422018 0.34676248740448
Pnpla7 4.8079063001811 0.521290478173999 0.454028729854378
Adam17 4.80395192120874 0.347411162556792 0.503480885923154
Tmem123 4.79492934782795 0.108161744178943 -0.145493932986386
Hvcn1 4.7805426699413 0.949627493460395 0.942053096363248
Rrad 4.76726753087016 0.904339422844797 0.86876722337327
Syk 4.75185381286462 0.885684867509284 0.913219099927784
Cyp4v3 4.74864654997471 0.503403772383697 0.610527089597412
Mylip 4.73770304480512 0.793936104964458 0.845074013968499
Klk8 4.7337510018595 0.944366835556447 0.941689548991616
Btg1 4.7279705343649 0.444745275583901 0.679477842588623
Csf2rb2 4.71326127989838 0.939366310247251 0.93230882973467
Klf10 4.71126134138074 0.512128632631985 0.456121984227971
Fam91a1 4.71075459370366 0.583146032635773 0.671910010264401
Msn 4.70903182227425 0.72081336310892 0.802729585447551
Trim47 4.70831756383461 0.876674744959598 0.894552451564902
Rgs19 4.70800223889221 0.645448375624348 0.625340563496616
Tpp2 4.69435473628708 0.806368482658283 0.733521750385064
Unc93b1 4.69047154492395 0.884238874730755 0.875023521864875
Tsc22d3 4.68941767282129 0.659690788505759 0.687128799337793
Prkcd 4.68843223276612 0.707416941620013 0.688797133000079
Igsf6 4.68610600195946 0.95902391719382 0.950250863279606
Lyn 4.68149294048961 0.861623798292474 0.909386164596415
Trim30a 4.67904747221528 0.941014787484572 0.912873254922817
Afp 4.67605329434246 0.95015860180439 0.930541586075498
Golm1 4.67049710099612 0.648039767264507 0.736316261468048
Jun 4.66893317401738 0.493214821424696 0.404707302879475
Mafb 4.6659302216463 0.652748465931793 0.618060274829922
Rassf5 4.65988102948274 0.641745152295884 0.816536611914585
H2-DMa 4.65305064377533 0.860457672777527 0.874486117629309
Arpc1b 4.64922179270233 0.483986328038292 0.110343180367653
Ppp1r15a 4.64796682723751 0.808801565100794 0.770078535783624
Serpine1 4.63807582243087 0.893997325734935 0.91418234773524
Tcn2 4.63454482384517 0.638708397128239 0.817475256532993
Hhex 4.62311356049711 0.915299593960433 0.927274130501023
Spint1 4.62241807277084 0.899527311175266 0.907812176206363
Rreb1 4.61665227557085 0.67626794603184 0.786365423721425
Stk17b 4.60058882570185 0.378630873085165 -0.0324488707098534
Pla2g4a 4.59953896555097 0.578848441378527 0.265785279023491
Cxcl10 4.59648436899424 0.885325874604988 0.698499428715145
Sqrdl 4.58762294075376 0.648438246519853 0.782947583720519
Tnfaip8 4.58429197299544 0.251827819320956 -0.0685184420173606
Ang 4.58029918761971 0.953489159296044 0.935446324485056
Siglecf 4.57225486869149 0.953771398932702 0.902184291484573
Snx5 4.5644816385461 0.793182327948801 0.785102914568577
Pla2g15 4.56326348472606 0.827743786380505 0.881103050290343
Tlr3 4.5611926707138 0.415596863785324 0.833020662009717
Srsf7 4.55814985223574 0.717741794498252 0.668273534190973
Trim12a 4.55286512375855 0.914293928230031 0.805294968262105
Skap2 4.55207483438967 0.716834062356638 0.770185404238867
Sppl2a 4.54896166646318 0.406443915083735 0.656780400774987
Samsn1 4.53892839040049 0.934242338657929 0.931141617107353
Rps6ka1 4.53858694578059 0.827323158438895 0.846764575512035
Litaf 4.53641474906453 0.341103361358281 0.443693772192225
Abcc3 4.53416842761916 0.902428051457814 0.901450687475711
Birc3 4.53243731710609 0.910364012487158 0.90760519498948
Csf3r 4.52640276230627 0.821873621426206 0.839773602789303
Ifngr1 4.52392844807632 0.839950135586829 0.85916680571495
Lamp2 4.51536353902047 0.113189581073984 0.127384404431192
Il6 4.50268456264051 0.942456176942141 0.870682946136026
H2-K1 4.5024996144895 0.740672349437871 0.570739190218655
Spi1 4.49271174877536 0.927059549058635 0.914256447245679
Elf1 4.48530545378797 0.544127957877848 0.647953626575814
Arrb2 4.48181911531578 0.858905739593904 0.843795229965948
Irf5 4.48163317033949 0.879435671511333 0.90361139675665
Notch2 4.47462132672737 0.358623438717697 -0.0435635125582493
Myh9 4.47076557419213 0.778773541196099 0.803410589551797
Sgpl1 4.46875637524184 0.478747424019848 0.674196841431123
Xlr4b|Xlr4a|Xlr4c 4.46466647911832 0.762021898758688 0.590827504722007
Pttg1ip 4.45537446624999 0.0523478656409426 0.0558812596933961
Cmtm3 4.44907974512884 0.383289586733925 0.360412130372395
H2-Q7|H2-Q9 4.43981073633331 0.817842671090711 0.685830445443083
Rnf19b 4.43877254315562 0.814208161796475 0.724246048643036
Mfng 4.431847133053 0.911260466559138 0.872739384463663
Tmem173 4.42660815324532 0.814958088055689 0.820998539523316
Tapbp 4.42566372261129 0.663515046902642 0.607540332355504
Scarb2 4.42128469168014 0.262443335101245 0.159634584189822
Sipa1 4.40475762749948 0.877669787567999 0.874634702404079
Ppfia4 4.40267015263637 0.813730748685335 0.885394998290362
Rin2 4.39941709022171 0.607036385647061 0.644402352634606
Zfx|Zfa-ps 4.39909371685521 0.807837925100988 0.79178098052844
Abca1 4.36747549523814 0.427621116152805 0.131832799862662
Lpcat3 4.36271999892501 0.412823004954166 0.368487033446007
Lrmp 4.36175505805084 0.941480188048039 0.94030956838746
Lrrk1 4.35814664829314 0.797421510148404 0.424986170136058
Ceacam2|Ceacam1 4.35800091563479 0.921326723708686 0.870997407049921
Apoe 4.3557574459015 -0.108812327785253 -0.215944789946658
Runx1 4.35257698653784 0.945964725398974 0.893353937154406
Zfp110 4.33860640687928 0.414201172513823 0.64912885178446
Chst7 4.33654508017817 0.674057601963579 0.649147471830705
Galnt4 4.33587732367045 0.377191595182483 -0.0862625467877269
Tmcc3 4.33112579460681 0.708290130815877 0.532731528637081
Rffl 4.32763290802996 0.251428317657631 -0.0512880321046809
Npl 4.32241624215634 0.655619204324421 0.699653960707303
Pdlim4 4.29104902416234 0.308460281736139 -0.107626616301089
Sat1 4.29091565756141 0.351794149380013 0.00482646491164861
Phyhd1 4.29057780829915 0.772403436090155 0.722037066712868
Ehd4 4.29053307223638 0.772872028264107 0.857000781239879
Ccl2 4.28977480836625 0.937093007383387 0.916353476454943
Trim25 4.2781309314979 0.240957623748551 0.11780542760358
Parvg 4.27553863902191 0.892418907733812 0.90467238341017
Serinc3 4.27404964574013 0.873902962761182 0.822852265229638
Tmed5 4.27383292163847 0.442820257714105 0.28474799051526
Tifa 4.26911270143173 0.73726884328353 0.842102642979991
Stxbp3 4.2686273207333 -0.0610943661283781 0.0854202600487288
Stt3a 4.26796190168416 0.45287908531762 0.569649281125176
Sh2b2 4.26543864447812 0.873913547772784 0.834331520421962
Nrp1 4.2642296796187 0.313218512244753 0.158738907101095
Adrb1 4.26251551220078 0.678327650913326 0.684978199958184
Lag3 4.25811499610533 0.884435828623722 0.885020049224958
Lmo2 4.24864023666595 0.5588964145874 0.810217335701455
Plk3 4.24752488238987 0.605371795102037 0.315143668563012
Asph 4.21236544212765 0.476642550477281 0.204044268100301
Rel 4.20435518914915 0.876231481347993 0.864094828906548
Vamp3 4.19213506544662 0.0890311399079618 -0.0087334808459183
Gpsm3 4.18794826865282 0.924147792018145 0.917810741410372
Cxcl16 4.1873180119649 0.908195142923142 0.786250406589279
Gem 4.18393829711074 0.528531827849213 -0.0434942884069334
Lgals9 4.18318637828019 0.902403873117241 0.889991106920239
Cd52 4.1784344272143 0.918123516215961 0.897218816904792
Mlxipl 4.17764496680781 0.809755647172317 0.80998248586174
Slc39a8 4.16465306098215 0.723593159750332 0.635762993241703
Ostf1 4.16072809603065 0.35546798077933 0.0640512542726374
Casp1 4.15890365903723 0.905312027401396 0.897212212405824
Lgmn 4.15885930424012 0.777365482064903 0.754817110237683
Arhgap4 4.1562412523263 0.940902583455189 0.924229286649309
Pdgfb 4.14712750357025 0.812147888166216 0.853666684554443
Plxnb2 4.14451005380895 0.603241472354583 0.702560125132365
Rnf130 4.14372645528674 0.353195290070682 0.0361386970446715
Gmip 4.14217031755966 0.891809057530903 0.85103103555279
Ssfa2 4.13149792095916 0.298094316031711 0.159445505663991
Scamp2 4.12788123941109 0.621661731410759 0.7155737725286
Myd88 4.12590700286713 0.881221903119807 0.843242554743278
B4galt1 4.1172151146632 0.832673522476743 0.863448759726626
Tspan14 4.11518977600937 0.284623298071846 0.410186478896844
Serpinf1 4.11210916742835 0.515246923101198 0.109349044563373
Tubb6 4.11031207925326 0.867011952319652 0.886629850143947
Mrc1 4.10717108880598 0.905188593456722 0.844047692414656
Ly96 4.10309884265099 0.843964147755226 0.846080009686242
Leprot 4.0984304294116 0.176663954461804 0.233568418458127
Hcls1 4.092894527572 0.950467356973691 0.92983980585375
Lims1 4.08296871019673 0.455376515578797 0.648677951225633
Il17ra 4.08268619828972 0.716045037031027 0.615675423347786
Ctc1 4.08227353494003 0.897874956565717 0.919816806840399
Uba7 4.07708080752792 0.926269903664286 0.912778680711412
H2-K1|H2-D1 4.06695490255144 0.712845618908385 0.538659872599817
Lilr4b|Lilrb4a 4.06302435359682 0.93236655941835 0.869716312668939
Vrk2 4.0609121474564 0.810255795721179 0.852334393717817
Lrba 4.05902167444883 0.810987863165771 0.878526198628715
Snx18 4.05645898438708 0.601683683367565 0.772205200851753
Slamf9 4.05177080753168 0.806074868101657 0.831942930577762
Ptbp3 4.04175440263541 0.751210838812781 0.777033795321898
Derl2 4.04171688574152 0.120367792929598 0.358280620660532
Hpgds 4.0388468087282 0.91411203800611 0.92440391580861
Pmaip1 4.03578487645396 0.806902448319533 0.576373253147681
Wipf1 4.02413391720374 0.213918815425488 -0.189270711817176
Epb41l2 4.02228318309214 0.453056219014701 0.635034312601949
Elovl1 3.98422679738467 -0.000133906399511895 0.268788881262009
Npc2 3.98239168029531 0.114329548996777 0.186009574376278
Mlph 3.9815176774543 0.909641928081793 0.901602299627202
Ptgr1 3.98064890385376 0.600670741327244 0.46850671012204
Adrb2 3.97787366718537 0.957627167806241 0.93362743252451
Cep152 3.97367365896267 0.879115160342231 0.817184412170687
Mcm3 3.97104201483201 0.732477186171735 0.722837886467348
Plcg2 3.97093686870568 0.878683461637987 0.872027469815505
Dhrs3 3.9693799723004 0.485123118102391 0.359647258867642
Ptpn18 3.9691315264273 0.862843200414664 0.903799110802234
Ugt1a2|Ugt1a9|Ugt1a10|Ugt1a1|Ugt1a6b|Ugt1a5|Ugt1a7c|Ugt1a6a 3.96767076969069 0.891266530747631 0.91184327752714
Trim30d|Trim30e-ps1|Trim30a 3.9671386364029 0.86670304992191 0.865073944632369
Tmem140 3.96074964782582 0.869498705463258 0.682327852283732
Cd177 3.95984390842817 0.924444823096176 0.885870256998708
Lgals3 3.94215678929969 0.74529625397201 0.480134285385581
Map4k4 3.92739496432451 0.217483286491115 0.101736538232366
Slc25a37 3.92725472037864 0.779069074164816 0.755241069273192
Coro1a 3.92396190834101 0.49261722595082 0.678169107375858
Cebpa 3.92304269182524 0.879715892097152 0.874981085720788
Sgk1 3.9152403970203 0.318881016273059 0.244141776976519
Rap1b 3.91217816566024 0.40316055657118 0.597998030082804
Gcnt1 3.90939661912403 0.947900975268379 0.904476787149507
Rbl1 3.90556072884571 0.6182335774948 0.440152162650621
Zwint 3.89651358325414 0.545688126742324 0.624970269270578
Pld1 3.89575652048335 0.645043530032544 0.78304980594976
Abcg2 3.88881063573627 0.470503777937146 0.718754896912557
Psmb9 3.88704484527304 0.833300506203773 0.755409542847683
Tec 3.88404688004782 0.838911512748406 0.820958969112146
Tor4a 3.87730631993194 0.837822111325404 0.853062419242747
Ceacam2|Ceacam1 3.87641961438931 0.885061492875849 0.85413626420427
Tcirg1 3.87565225544793 0.726716461657711 0.753380931164687
Fcrl1 3.86386939428399 0.927126873777861 0.933989760242891
Rrbp1 3.85542230569039 0.519130349029371 0.612094773615203
Naalad2 3.85495778088489 0.888453055102118 0.868934093466106
Gna13 3.84607162323881 0.209802109710477 0.366104904727677
Tgif1 3.84459444584812 0.924068879653298 0.897447577637401
Il7r 3.84454199506357 0.871106836785579 0.883124676235234
Fam111a 3.83678156338574 0.82304750750323 0.698672050537225
Snap23 3.83401509587102 0.109841844875386 -0.19177575788238
Rp2 3.81913462635143 0.859350536683641 0.820189718788966
Sult1a1 3.8153581986116 0.494237764364044 0.148153281074568
Sh3glb1 3.81382764068012 0.639219977142845 0.800838556049869
Dusp1 3.81317456727454 0.571750135579481 0.348690815171587
Zfa-ps|Zfx 3.81141260335372 0.831860639456535 0.820075310675393
Sertad1 3.80639969191465 0.706649361799534 0.830078987001734
H2-M3 3.8036595076299 0.675353542896011 0.854528194971929
D17H6S56E-5 3.80346130730454 0.938982537704079 0.888572134353142
Parp14 3.802100265876 0.874506615921959 0.814433333465474
Arhgap9 3.80200540039614 0.895234507093145 0.839409351656696
Clec7a 3.80056476891146 0.830926882968489 0.821047958339746
Atp7a 3.79882208234696 0.709321353749854 0.790839135989123
Pag1 3.79572084746101 0.559479256686422 0.83022630472362
Calcrl 3.7932710650189 0.496131111974581 0.0898651710199407
Slc9a3r1 3.78455914308731 0.0644803853833736 -0.0163311532858406
Jmjd1c 3.77845451321465 0.754620584854517 0.759113032173227
Pdk1 3.77678186422997 0.479542215821437 0.716253938356681
Vasp 3.77572679632212 0.853974166833842 0.879965779855842
Daglb 3.773962757051 0.80249514033684 0.837380883233374
Sesn1 3.7735260733887 0.514532117998442 0.623806225245003
Parp12 3.77343223947229 0.408931146295625 0.422840760864534
Plekho1 3.77200946610529 0.781470998831756 0.788066034580518
Tax1bp3 3.76786612267251 0.124058549550799 0.196448166647244
Slc15a4 3.76694806425219 0.653133324272061 0.687743684855815
Rgs2 3.76477629970166 0.557650943091198 0.543538322716304
Cflar 3.75837105146076 0.520716450763337 0.618290599042918
Pygl 3.75824376793408 0.59017433918579 0.271644178044282
Frmd4b 3.75605354203261 0.327052125770874 0.52771899212184
Gna15 3.7552300386279 0.911386043193701 0.892401458093677
Dock8 3.74862346343444 0.919826170118643 0.902882431302494
Parp9 3.73486463301541 0.81680951328301 0.828266485703612
Tmem179b 3.73345189365786 0.448283333854647 0.664793369378449
Osbpl11 3.73083099243576 0.646488071747313 0.675662165626078
Trpv2 3.73026226678547 0.723339810337258 0.780389930106215
Man1a 3.72551071227991 0.369343653895765 0.248399879781027
Ccnl1 3.72317055232154 0.66189578465493 0.758101258588589
Pnrc1 3.72091244086246 0.587283413257236 0.611095002816439
Herpud1 3.71959403618443 0.858902007962926 0.908430030194902
Btk 3.71623089296675 0.880699646454769 0.886531707735206
Tbxas1 3.7158826041427 0.902168633599495 0.879857818653569
Bach1 3.71549412087199 0.651094538454683 0.785740856076541
Hspa1a 3.71384860878291 0.66032020919023 0.582822142158588
2810474O19Rik 3.70369610754691 0.709919953909097 0.772226787932835
Gbp3 3.69736270479691 0.506769239694278 0.196402495190063
Erap1 3.69302710232763 0.695505244538853 0.632822405285259
Prkd3 3.68908426010008 -0.0123505355536365 -0.155987928564746
Tnf 3.6872855616885 0.843724818149373 0.865047528398544
Rela 3.68608358617489 0.701353416487788 0.690808598805135
Ncf1 3.68444997988865 0.929546864694466 0.920137420215188
Cd302 3.68122784774544 0.199649093349729 0.233377339734932
Crlf3 3.67646123066516 0.464643287697693 0.578448712178758
Ripk1 3.66968264395577 0.790524732993772 0.837982319377725
1810011O10Rik 3.66860983337866 0.519126750353973 0.244803155184718
Hps3 3.66719415132017 0.870557148113384 0.840980427028639
Clec4a2|Clec4b1 3.66669971144233 0.942669540902439 0.927081374938363
Grk2 3.66294110683137 0.794608805772442 0.838392404309248
Ebf3 3.66203835261771 0.935124422334264 0.938549825383594
Ebi3 3.66163294784409 0.843792678010212 0.833744588958747
Pbxip1 3.65685111026242 0.437219131156084 0.721219446308713
Tspo 3.64385545486234 0.571129190993084 0.320452968417985
Glipr1 3.64264677475531 0.873572807005434 0.861774145572657
Atf1 3.64109342140732 0.418081406115632 0.609593242273081
Arsg 3.64023188319452 0.382088209404638 -0.13508894310526
Samhd1 3.63853568391762 0.82053294086407 0.724998842807218
Vwa5a 3.63682584523444 0.574842518880215 0.68249470895965
Slc16a7 3.63446116297218 0.523098941219775 0.627209663794502
Dnajb1 3.63268823205153 0.856088243734472 0.845328432618163
Mir692-3|Mir692-2|Ftl1 3.6322549023464 0.603581496525208 0.385322128414015
Ifi35 3.63140426396291 0.827935768845136 0.761013229698201
Man2b1 3.63014013229088 0.754473445753905 0.676780720554934
Slc2a5 3.62265182855296 0.802375058263103 0.819079455776024
Gcnt2 3.62090471381476 0.586853691120397 0.220205726709008
Tor1aip1 3.61887978562851 0.695697831749811 0.785626072556489
Ccdc86 3.61701653329489 0.564498236581223 0.722469381020315
Rhog 3.614354855453 0.316813308372356 -0.0900373870533999
Cks2 3.60230450287705 0.492112900662995 0.12605776689951
Tmem168 3.60205347730354 0.387068759305529 0.285365309257416
Mlxip 3.58972091150921 0.869031806762335 0.828899684538563
Ptger3 3.58722295496093 0.669215559403242 0.0861627398833179
Nfatc3 3.58508951652371 0.382912087975466 0.565440133551892
Cd79b 3.58402120638456 0.926623987206126 0.902622699616597
Slc46a1 3.58214519309267 0.529747136357516 0.558228677076438
Maff 3.58133831203021 0.796855445618336 0.743379318387826
Plxdc1 3.577203053347 0.600650816266875 0.607925220948513
Il4ra 3.57570541015198 0.924589763788974 0.910798816009961
Myo1g 3.57067960693581 0.802504258753062 0.745882186271372
Dock2 3.57059672627296 0.874899441575575 0.89478333006223
Cr1l 3.56177203952752 0.568197255436425 0.701813418222689
Per1 3.56055911131159 0.734346880026156 0.778717863052323
Tgfa 3.55406832402395 0.152478200420957 0.459941019595258
Gimap6 3.53549563084105 0.859134059792117 0.760302163651616
H2-Oa 3.53262253331978 0.915060485915408 0.91021512471304
Tbpl1 3.52489258817738 0.813436179645559 0.870727184184794
Ptbp1 3.52434841779567 0.594236627120848 0.512764159168053
Gab1 3.5196834174825 -0.0622482694844517 -0.130451116307365
Rcan1 3.51662886451904 0.799212806555084 0.782738548706467
Tmem63a 3.50944345930485 0.399188319983158 -0.0979142640358685
Twf2 3.50868489071832 0.599181492024281 0.531279772444624
Tial1 3.50852279094023 0.399671316727586 0.35006675961694
Naglu 3.50525790316227 0.781522932973952 0.813876600954315
Snx20 3.50369184006657 0.93535253137223 0.935993425123166
Cd2ap 3.50005170701909 0.652484913182083 0.69316737086587
Dok1 3.49878914553888 0.833029737260043 0.879527644725437
Slc37a2 3.48395097899886 0.8631165112832 0.870766065930106
Cables1 3.48149273834263 0.522396150945327 0.569692128875427
Snord22 3.47952645006736 0.702916104282775 0.747003918737636
Tpst2 3.47865917758 0.73470748553297 0.81442471149183
Nmi 3.47780463597805 0.429837200396699 0.596573405798444
Arhgdib 3.47598788479336 0.722844920914383 0.7668305731531
Pfkfb3 3.47353233014358 0.490212920126584 0.701509874135515
Rbm26 3.46650414102753 0.682684935654948 0.668977558032921
Srgap2 3.46278290925271 0.820516606048574 0.854092174388901
Ifih1 3.45093117643764 0.628995961551432 0.705954631979613
Ugt1a1|Ugt1a10|Ugt1a5|Ugt1a6b|Ugt1a2|Ugt1a9|Ugt1a7c|Ugt1a6a 3.45015910394906 0.743707125320871 0.669671935068351
Sall3 3.44995827563834 0.59597388809375 0.445855704747745
Fam107b 3.44233717740147 -0.00439880423684813 -0.101387023034235
Cd33 3.43380734429199 0.851633649946906 0.848158204861997
Ifitm6 3.42045301863536 0.904970039456406 0.816352696016474
Hps4 3.41674039544073 0.764248234783048 0.75771234767342
Ucp2 3.41057606444057 0.858654302506819 0.805994597275059
Pxn 3.40949846847509 0.529340799736164 0.730337594488231
Morc3 3.39915250809019 0.628410011693062 0.59041016416838
Ivns1abp 3.39589534965206 0.637828016438486 0.689866477446459
Tpp1 3.39158959070065 0.339624275899633 -0.0828923534634569
Fkbp7 3.38210833033455 0.598470478964876 0.512845642300697
Fmnl3 3.38070529683345 0.880783517373132 0.881788877720446
Rnasel 3.37272244228981 0.721866563504315 0.730188597616609
Zfp90 3.37217479763879 0.836784568476235 0.811691092467857
Psmb8 3.36931292208027 0.816743028798173 0.808085193227138
Cln5 3.36427776331483 0.601856290834411 0.781251451826106
Rnaset2a|Rnaset2b 3.35900170889869 0.576384559891941 0.701871591082886
Tgif2 3.35071232465922 0.91828853841179 0.915057118816149
Gbp7 3.34971514416051 0.543385748145885 0.316936611536916
Rab3il1 3.34853363320274 0.817890607344467 0.812654804852859
Rhob 3.3417815733235 0.51817830504908 0.672565245534825
Mthfsl|Mthfs 3.34069436763576 0.397548540738608 0.598019758246297
Cdkn1a 3.33946361716473 0.676671616861985 0.627952110528323
Stard8 3.33793883433603 0.35375454930513 0.0582449608474173
Ltc4s 3.33502756532807 0.840342304416391 0.851337418744916
Cln3 3.32449627148989 0.440094682233676 0.55022281083111
Glul 3.32291200081663 0.0589846797457182 0.48517509232173
Usp24 3.28838077476488 0.475794834893389 0.62141033900809
Smagp 3.2832738288362 0.872733790637237 0.839143010669037
BC028528 3.25512825168591 0.688266246988671 0.296370649208761
Hp 3.25446186086474 0.865919493952136 0.674425654518572
AW112010 3.24647052226557 0.874047591741983 0.894480665852001
H2-Ab1 3.2424851627238 0.751067742213598 0.638511414524865
Cytip 3.22906410753536 0.803359198935461 0.722212051939729
Clec5a 3.22812163461362 0.868327426333485 0.824193211173525
Rnf135 3.22721605281824 0.523346132067882 0.539872999686406
Gmfg 3.22570883399414 0.867103677917253 0.870911641026766
Tap1 3.21391432133829 0.81500445227821 0.723750925295931
Mmp2 3.1879351327726 0.508348753450107 0.690395449167904
Traf5 3.18774935229048 0.86451747134726 0.878502834087432
Rasa4 3.17167243786833 0.855589384339168 0.884585388277116
Tgfb1 3.15013253488898 0.890504556016289 0.809180278660918
Zfp62 3.11421152075152 0.500285814288732 0.587624883037669
Calhm2 3.09690316421887 0.844508145826859 0.806807970867722
Tmc6 3.0958327709313 0.82383086980612 0.7598115818415
Myo1b 3.0924027435436 0.697866839914718 0.652982752544133
Nfkbie 3.06991197125945 0.804761581998423 0.708983678523823
Mrc2 3.06004559087724 0.861471978442022 0.73364017218811
Casp7 3.05747465080949 0.447542402313301 0.0386080424752211
Irgm2 3.05736287929274 0.691793258806998 0.417636321767283
Irf9 3.05414836276789 0.820258523395223 0.791887882303619
Batf3 3.02775258364754 0.876386168687765 0.900183024826243
Socs6 3.02110672229581 0.54033388727728 0.551800072214428
Nfam1 3.00553278491822 0.892531243744112 0.891420233569254
Ifitm3 3.0025580815616 0.296867539577964 -0.118718646844368
Pf4 2.97697333317571 0.878726739774815 0.83128933010017
Il1b 2.9718895102144 0.860380915124308 0.882257194339362
2510039O18Rik 2.96732120499618 0.51710579829467 0.508159538401455
Tlr6 2.95836070045176 0.829410594385264 0.814089924382545
Trim34a 2.95777551131344 0.79708858547729 0.682503995305586
Rbm5 2.93554406077457 0.358025857079998 0.168092224971603
Tfpi 2.93046374201855 0.708989595275507 0.300979392351564
Was 2.91780455396501 0.827847304538017 0.836577642444125
Relb 2.90301451112786 0.782302479338124 0.796798948959339
Pias1 2.88982019208013 0.511356264148831 0.55644033327499
Isg20 2.87392992602087 0.888748375473148 0.848464593183098
Hspb1 2.82171364478559 0.452365399964714 -0.0647485545892293
Ehbp1l1 2.77638219048848 0.470923524133201 -0.136986672729946
Hlx 2.74138144304989 0.840120837575293 0.84293050850042
Parp10 2.74072333003402 0.799529930696277 0.702812709760201
Emp3 2.73490612627143 0.717648965829977 0.237918981058415
Smpdl3b 2.734795314585 0.640079665363801 0.779668738230129
Rgl1 2.63874706656876 0.595986201093 0.416879308796359
Zbtb44 2.57372709736931 0.51738350325627 0.685633457131912
Gpr137b|Gpr137b-ps 2.57096058298859 0.409821591896702 0.183768522428427
Srpk3 2.5598239637052 0.575674683047507 0.304890720417605
Parp8 2.55861500118883 0.364149215606076 0.412350506411741
Gdi2 2.55509168664625 0.332789383850308 0.340856480094481
Sh3tc1 2.55341631787986 0.81661649727764 0.828332570078987
Sft2d2 2.54008429418152 0.33430709306147 0.174447070399004
Map3k1 2.50046371546979 0.686342826798746 0.531909400950175
Tnfsf13b 2.46263368525441 0.711062552927256 0.759749839651696
Bicd2 2.45922064864255 0.158800332530382 -0.0839043277592548
Stk26 2.43196456378039 0.360586744477245 0.0971873066833932
Il21r 2.4102963754021 0.927339987766108 0.918213494096458
Mpo 2.38036787244924 0.649530676464875 0.194191291708152
Zfpm1 2.36220249706093 0.388618331064778 0.182178148726666
Tmod3 2.31956251191247 0.0335237491493678 0.0532832281328015
Chd7 2.15866219505156 0.520778863492367 0.498369694530532
Ceacam1|Ceacam2 2.15041965059741 0.849836281108415 0.848833234465044
