Olig1 8.81149302368997 0.507600648724744 0.776461144764042
Plp1 8.18815362704065 0.583079395337512 0.688245461124941
Mal 7.76472376727869 0.800174443800135 0.811796126773159
Mbp 7.32494077643159 0.660510594961262 0.744457724777103
Mog 7.26901065933436 0.884828429009119 0.804301504450714
Ppp1r14a 7.20565633448834 0.883993764679805 0.840608113271136
Ugt8a 7.06852692308907 0.775224179900471 0.780983033859964
Gpr37 6.86124010170737 0.559269115644644 0.340074477451517
Cldn11 6.75853530085415 0.808807845756868 0.695802181181431
Fabp7 6.39034955086925 0.344034404500831 0.176965330793772
Ndrg1 6.24200163300287 0.644434951655123 0.608140270200004
Mobp 6.2063466168399 0.895033906351532 0.800038662176701
Plekhb1 6.10831816281113 0.446650989714571 0.542035858310577
Olig2 6.06887152667563 0.696112458353797 0.698161855023154
S100b 6.03523667951886 0.318210802014473 0.124959396958816
S1pr5 6.02196344328958 0.849160296393409 0.79607836340889
Efhd1 6.01854562449027 0.52023486521541 0.388459360248184
Evi2a 5.9614601592483 0.682460016050283 0.122083941499024
Gsn 5.87653836590833 0.62587202895706 0.666446424282181
Aspa 5.83773642007887 0.694386160458861 0.67236450910558
Pdlim2 5.68690159345059 0.771240604767931 0.712930016627851
Cd9 5.64322073791777 0.393356421767556 -0.20040857485584
Tspan2 5.60777520694283 0.794524740409882 0.835080034188264
Trf 5.56284401842482 0.691754799179803 -0.0912677242073283
Gja1 5.5207711200706 0.182886600218918 0.0999451471624291
Cryab 5.51285236223371 0.468444615757599 0.798260814863386
Qk 5.45152000892346 0.262217702741784 -0.00590610433129682
Ptgds 5.43742868872224 0.523751815799193 0.147840215270059
Elovl1 5.40430317627555 0.500858120476213 0.268788881262009
Timp4 5.31798492860934 0.322508688218263 0.323149282830749
Ddc 5.26516790467569 0.799376368133268 0.671451558642057
Grb14 5.24489203916942 0.681343802059807 0.830223164330936
Psat1 5.20700474476677 0.344338139903627 0.0988967160612217
Gpm6b 5.16645445320593 0.383650366810184 0.32781385650888
Trim59 5.14839580898703 0.787721401871386 0.763161957536114
Reep3 5.10740858672027 0.29421460358624 -0.119268836499372
Kcnj10 5.05109930095149 0.463133255482896 0.458807731675594
Itih3 4.9938702596141 0.468447024203925 0.183031662938551
Tmbim1 4.93108402208568 0.35706558520505 -0.0108646029168858
Slc44a1 4.91696445904628 0.770746828797679 0.821301697050406
Slain1 4.90211013438776 0.745976909805587 0.751277619712792
Selenop 4.88098870617207 0.214308364893365 0.401216841052849
Pou3f1 4.87995365102923 0.666059410433189 0.356194371641961
Anln 4.87345539845622 0.802234260143771 0.704521730146758
Stxbp3 4.85112859353045 0.331554137236965 -0.063703697063534
Gltp 4.80032624968617 0.716405340323813 0.83378201570028
Rffl 4.7419804396336 0.683204272128822 -0.0512880321046809
Gatm 4.70548584655791 0.570211859976812 0.627711817094832
Gab1 4.6883799059389 0.433692281782147 0.417306326483263
Mag 4.62996792853745 0.819847947314565 0.542118156611122
Lrrn1 4.55150799229872 0.6242863119436 0.686990357281141
Bcan 4.54072269030414 0.308250786305607 0.704436538240214
Tgfa 4.53934861113074 0.659185570000705 0.716084641260878
Scrg1 4.52235392341725 0.357708476198283 0.111733237102384
Gamt 4.46559906970353 0.78187510373448 0.725366004236085
Nkx2-2 4.46394116950048 0.748553516554908 0.628127796461976
Pla2g16 4.44122054876022 0.555740493942546 0.554604684661062
Tmem163 4.43573533303291 0.750163543840245 0.549683304232558
Tppp3 4.41274903014372 0.62566030840774 0.491016924513862
Mmd2 4.40980681459384 0.255295374878146 0.523779668369458
Nkx6-2 4.39472366195156 0.853953049037884 0.738689353420186
Car2 4.36738993923029 0.363165676632374 0.0011712971800959
S100a6 4.35399052084647 0.384895853177651 0.284979304560157
Lpar1 4.32798942664372 0.818894430097677 0.749060675566404
Fa2h 4.31144824404938 0.758053716514756 0.634401384321003
Sox10 4.30019088791445 0.819739775271465 0.820157082202176
S100a1 4.28206659814069 0.385822689466446 0.0430599170682172
S100a16 4.28206358014867 0.489490079731575 0.146090766335559
Cers2 4.26313943579921 0.55873987940206 0.358577793200104
Carhsp1 4.20622216606234 0.592682947768689 0.585812836476302
Il33 4.17351956380486 0.224245647282433 0.108539584370652
Hist1h2bc 4.16613118882857 0.25172792017592 0.282833030924125
Ddr1 4.15074616386796 0.428042389184977 0.323341249518361
Josd2 4.14881281755377 0.827675953557934 0.795994630488052
Elovl7 4.13733959306671 0.786852567422822 0.625450245640949
Gal3st1 4.13659620674933 0.786163553228451 0.731243901126184
Apod 4.10421949636956 0.63185062490507 0.378125500853589
Pllp 4.10182209642627 0.806478720212361 0.709743110236951
Plpp3 4.07923762342643 0.303541295513904 0.53463166746141
Clic4 4.04950025644746 0.349890897609645 0.456954631144442
Asrgl1 3.99419659479754 0.390761519669125 0.287757514664353
Tmem98 3.98560718474488 0.743641706812448 0.679330416811213
Rhpn2 3.94478476950262 0.398935366236981 0.260195572607175
Apoe 3.92630961465596 0.133468879341553 -0.215944789946658
Adamts4 3.90015470676151 0.776167609658479 0.55662509212466
Brca1 3.88437267973756 0.612913574842625 0.413008014900029
Wipf1 3.87127320112976 0.580625460416104 -0.189270711817176
Lims2 3.85286011893935 0.85289630396122 0.709824860824632
Vamp3 3.84392519932018 0.395468675602471 -0.0087334808459183
Gng11 3.83399869000551 0.694418701427093 0.482137813615561
Gpr37l1 3.82920229450115 0.398006396173508 0.722600830417357
Thbs3 3.82566412318168 0.680375095815487 0.497067833057062
Gng12 3.82488215073434 0.27174214501298 -0.00906727997896324
Acot1 3.81052319146792 0.374107123884043 -0.061021936594642
Abhd4 3.80446136356245 0.422618233614835 0.367684264434088
Sspn 3.79601906874178 0.409763209173543 -0.0361990366424846
Sh3d19 3.79025592546012 0.515349495510649 0.193228760190609
Rhou 3.78998939767458 0.378897668508411 0.331606590139891
Adssl1 3.78280796983978 0.350820874544448 0.364832900019435
Plekhh1 3.77366106200573 0.825018880410035 0.585794666954507
Tm7sf3 3.77210419811929 0.4136475737064 0.044084513164184
Fermt2 3.7531353003119 0.347186866264763 0.746725302335994
Cnp 3.74067997266669 0.4441152173733 0.74913962192963
Idi1 3.73989362633332 0.22082909266997 0.00987942994435621
Pmp22 3.72828754822515 0.236468014151125 0.420128184980588
Rab31 3.72461450587342 0.355811296652152 0.236261379575026
Dbi 3.71025069835551 0.452993000158151 0.105053643489445
Litaf 3.69201670876309 0.631016289448204 0.443693772192225
Piga 3.68951142807109 0.626551381517914 0.572101635341164
Scd1 3.65791620336684 0.383860484336831 0.363425028609129
Pcp4 3.6453950550552 0.0954764280284337 -0.0210506620782299
Rhog 3.55794550557121 0.675748846530912 -0.0900373870533999
Phldb1 3.54984068471053 0.812919468291554 0.749707591613127
Tyro3 3.51588484169801 0.313101833939252 0.0425591663911564
Tnfaip6 3.5141166055122 0.714736648978383 0.443528880457223
Kctd4 3.50861379862279 0.685045262484813 0.496134726565088
Sept4 3.5078163818086 0.513590408920092 0.578605537499925
Tesk2 3.50253657132868 0.476717498310124 0.349279003752869
Prkd3 3.49109066424548 0.297059100336888 -0.155987928564746
Sept8 3.48344214794815 0.293312381364936 0.198868197485268
Nras 3.46981100266947 0.347404382606718 0.309968808553078
Jam3 3.46627922453257 0.661211064804053 0.514267178640969
Leprot 3.45596281763428 0.408467078850289 0.233568418458127
Enpp2 3.41221574041848 0.44281823830333 0.0616333473232955
Sgk2 3.35988521505978 0.727307816478523 0.497258980482565
Cdc42ep1 3.35132133932904 0.657361617894996 0.488490068273796
Hapln2 3.342474104148 0.802939505144072 0.454443923011895
Ninj2 3.33940274101936 0.839295072211013 0.727399087222985
Pdgfra 3.29035166243357 0.505727431842844 0.11844955132188
Foxn2 3.20473581698736 0.23946690710418 -0.00554145297043727
Fam102a 3.16203229492739 0.548265264500998 0.390990442002581
Csrp1 3.14259056599281 0.459496224867427 -0.0257095964613683
Gjb1 3.0208060434077 0.767023919103369 0.500829213553304
Myo1d 3.01476095733684 0.741976445999475 0.417284192309759
Abhd5 3.00643293051725 0.56761350562742 0.586012002049272
Kazn 2.82807501698489 0.838863248114896 0.815995535907379
E2f5 2.8116749708557 0.273027812678634 -0.054067795928491
Ezh2 2.69685380574989 0.385261926894463 0.125771425490792
Ick 2.66370250594316 0.747522449929601 0.7207576888183
Card19 2.6459287541516 0.64414518607262 0.0569301534324058
Cpox 2.57270993489529 0.735208053970964 0.685517122181355
Ptp4a1 2.48968985247661 0.378323265505981 -0.087375657675317
Pex5l 2.21927152396482 0.604183135449898 0.304813981513662
Brdt 2.13284226454428 0.518441965921354 0.266003724305663
Mtmr2 2.09540891059357 0.515808100357936 0.566619585653492
