Crym 6.35053762880611 0.551636509853608 0.318727731936605
Neurod6 6.22254482153782 0.754895447492652 0.584127194770323
Pcp4 6.11377631213831 0.420729396453061 0.425201796103561
Pde1a 5.13007717198578 0.469554124024873 0.205705723555809
Nptx1 5.00636202817872 0.467603311035307 0.280750179825308
Itpka 4.96116485676487 0.682008802774722 0.625324126742653
Nov 4.79943419331708 0.40780798687442 -0.0357194080336555
Cxcl12 4.63862945763158 0.832202394461904 0.689504321794983
Arpp21 4.55716529027037 0.531279468293834 0.591032470033465
Rprm 4.53392370495329 0.517446901967815 0.12039745301077
Cadps2 4.51406587902491 0.334696045810404 0.603109256410355
Rgs4 4.47228534609887 0.499206439337837 0.468468463262415
Satb2 4.40292463831173 0.748399549144684 0.570261938867934
Kalrn 4.32515257425332 0.465215209521475 0.401492926543623
Lamp5 4.30161305440299 0.278805327359222 0.0767999089640853
Fezf2 4.25445240556847 0.537229186763702 0.300549108866618
Nefl 4.13610230620683 0.118627105780664 0.412386024084027
Gap43 3.98918153922493 0.325880275902154 -0.0886635255056885
Snca 3.92954121560623 0.401162177263868 -0.100303662832869
Krt12 3.88338403908932 0.495001116884227 0.356037444121488
Ngef 3.78876467941238 0.218053741687061 0.00830362795119672
Caln1 3.78452032195172 0.366899371602207 0.538989609181024
Nefm 3.74475831815017 0.24310603738073 0.136123219735678
Rasl10a 3.72908085943715 0.659096940777846 0.491430446014345
Baiap2 3.68309290062423 0.67557271719476 0.611403798102944
Ptk2b 3.64405887175126 0.53005743667195 0.491626757741773
Rasl11b 3.60669707098873 0.483899416408282 0.588883041215606
Ptgds 3.56881216547701 0.253495550664696 0.0634146074920207
Rab40b 3.56270892456891 0.427349799074243 0.150125446670702
Dusp14 3.48795220134481 0.645056837459788 0.538461918853446
Rai14 3.42909638797733 0.662855455266986 0.575172697819291
Myl4 3.41564488254788 0.786107359568111 0.696717937963308
Tiam2 3.39085457462751 0.536365108856677 0.465140706814168
Lmo7 3.16060584294056 0.503680829329949 0.553067254059734
Tnnc1 3.07951669722219 0.662605874005776 0.228496089454289
Cnih3 2.96084167098206 0.347407224656039 0.137415535852391
Ctgf 2.88859875536022 0.382757396833314 0.0862942931503354
Cmbl 2.79706396125987 0.273175661902216 0.0616064252088237
Igfbp6 2.79228457746289 0.674174718273604 0.505566072077847
Grp 2.61315972987608 0.520314500658201 0.210295814179984
Kcnip4 2.58785643650824 0.309016674752393 0.173205968761974
Prkag2 2.20975573170079 0.288264712636241 0.156900030891304
