Ccl3 8.58893486538011 0.829929449799197 0.750246930931846
S100a8 8.23302901488482 0.898932276257657 0.637002290778334
C1qb 8.09809851488117 0.780002818414367 0.720056419946145
Gpr34 8.01898238298112 0.847871765821075 0.743554582186387
Ptprc 7.81277099105336 0.80754393954083 0.664424770727658
C1qc 7.63196248064473 0.788902282347066 0.771659284821734
Ly86 7.49230530998931 0.799686599966288 0.672614801529768
S100a9 7.48628564935134 0.865124668085152 0.548856619834239
Lcn2 7.44008771728729 0.895832436165951 0.763688219529488
Fcrls 7.43518926772461 0.858433398485843 0.830826477890847
Tmem119 7.43147938800172 0.772377267425287 0.723560029886057
Itgb2 7.33696705793725 0.86207632179865 0.92630809588712
Mpeg1 7.19305309442597 0.813446550611639 0.820574610014341
Fcgr1 7.1826669264717 0.84339961094279 0.839857888480081
Cd53 7.1749498438214 0.812659163215106 0.694696347006798
Anxa3 7.17196119994346 0.884582103524684 0.896692794469074
Chil3 7.16541661567215 0.880439220348563 0.636823629631149
Il10ra 7.15676960749382 0.911942255260996 0.812638205357032
Cfh 7.14688665720475 0.936800327303802 0.918812386378918
Fcgr3 7.13708496233927 0.801204378766636 0.646304633879792
Naip5 7.12916854620141 0.923985415456109 0.950216339135219
Il6ra 7.09832810435334 0.900438027215634 0.968796259192909
Ccr5 7.06705661578393 0.857514357783128 0.781372487473543
Hpgd 7.06696626559696 0.853462211764695 0.902267801883563
Cd68 7.05647350297264 0.888751594743525 0.867004520699028
Fermt3 7.04225722719398 0.744743036202298 0.65479764117493
Olfml3 7.03381678988869 0.889742000633942 0.877210919192515
P2ry6 7.02495730338075 0.91330568867057 0.958511022840041
Tyrobp 7.0230035999233 0.828739061551249 0.655073848045356
Lyz1 7.02078856376913 0.753958306480532 0.682192191613455
Ptpn6 7.01551164675284 0.932348407554359 0.847329980754012
Rnase4 7.01311279561526 0.775267427820591 0.632325845879763
Fcgr2b 6.95257923173719 0.918301294058029 0.891099501615635
Adgre1 6.94477746951322 0.90272044363861 0.901100078828073
Ms4a6d 6.92154485419344 0.929891666578625 0.900244089671651
Irf8 6.83110060916979 0.84076978090271 0.673245605502541
Ngp 6.81760601348872 0.863107850577951 0.690250198299149
P2ry12 6.80395290065143 0.764561558841298 0.817077657380019
Cx3cr1 6.79940415956816 0.733487702475106 0.772134956061369
C1qa 6.79134018561425 0.679291943946009 0.374246902047799
Ccl9 6.77931724421078 0.905212602235795 0.818595113377322
Ctsh 6.76228613727947 0.879216826055535 0.921913629698908
Pld4 6.7521343196621 0.895776998324337 0.877149167046476
Fcer1g 6.75103138923978 0.915096135727802 0.8466480344924
Cd86 6.72942245484524 0.919050668487126 0.915257266317456
Adcy7 6.70168162675738 0.807107453859847 0.670744841900317
Hck 6.67654221790322 0.882571779416812 0.843851889144334
Camp 6.65817843874781 0.933006290252839 0.749818037737973
Selplg 6.64108262598368 0.746170659457162 0.592609818938469
Aif1 6.58100367284181 0.932670143590461 0.888453119769586
Bcl2a1a|Bcl2a1b|Bcl2a1d 6.56871422920697 0.864441274308862 0.715524406966731
Ccl4 6.50009613141253 0.856869440888779 0.832382865094221
F11r 6.48626838607038 0.893359568527187 0.933031815701651
Rgs1 6.47176111477116 0.79448752431921 0.412257135809467
Vav1 6.45427510592155 0.883046407573752 0.825192043149312
Cd14 6.44689334439152 0.795866785659998 0.621998887923072
Plek 6.44035925533032 0.808979807948176 0.565309551755488
Laptm5 6.42318043483711 0.608200866855825 0.610065639471226
Havcr2 6.40849720413404 0.867277669452589 0.671472757511714
Srgn 6.3980318427536 0.815713332001179 0.744256799047055
Icam1 6.38308560832166 0.788340052679024 0.70314700412921
Lyz2|Lyz1 6.35598245753309 0.872763532290127 0.806832192656609
Tlr7 6.33531807262435 0.939153739185778 0.944819555609955
Tlr2 6.33169462440422 0.929254890099848 0.923574525224046
Sla 6.30715451554431 0.87834679689894 0.767112218420693
Il1a 6.30045707569996 0.870810809466156 0.819739840987442
Ms4a6b 6.2998299647042 0.924751704511073 0.951504262565102
Naip2 6.29553651264389 0.95011179559694 0.911642157060753
Gpr84 6.26273702227371 0.920648479502513 0.923725110713712
H2-T23|H2-T-ps 6.2596206969692 0.79726387812635 0.822586914576969
C3ar1 6.24033085919744 0.919430757462257 0.858416927092519
Cxcl2 6.23668224491436 0.802118402949216 0.718849977545604
Lpxn 6.21372892983708 0.880762699689381 0.891006005384302
Hba-a1|Hba-a2 6.20360430681804 0.610384704153803 0.79997090141383
Slc15a3 6.1958884311195 0.88620209668364 0.734210280116739
Fli1 6.17177868882392 0.927360578978047 0.912437311899462
H2-Aa 6.10904519703356 0.905201338892464 0.887851338957158
Cd83 6.07153330560479 0.731950862789698 0.59487196688041
Ccl6 6.05659616967562 0.82027815647161 0.617501396044544
Ctss 6.05016354123575 0.584615394415506 0.492226750915896
Slc11a1 6.03450829283941 0.919399764966738 0.897386996334033
Ccl12 6.03414719425543 0.945216348827394 0.874841657786733
Tgfbr2 6.00986492808003 0.830202699865516 0.771327758429927
Inpp5d 5.97138153813764 0.870613716531855 0.83698822074566
Rgs10 5.97030024167728 0.817888531000369 0.649007809866139
Blnk 5.94863713862093 0.811479507543751 0.64201066904021
Lcp2 5.94161999288392 0.91863493372559 0.929436322167521
Ier3 5.90094889501982 0.864666637699964 0.881047244432939
Alox5ap 5.8670748718418 0.820772638333233 0.593973749190562
Rcsd1 5.82634876384536 0.887062770705623 0.906222517130077
Ncf4 5.77867080036147 0.911890221383546 0.941386830393372
Rhoh 5.77865581370762 0.922509073884528 0.92744937293262
Nckap1l 5.77363684246621 0.780129174833299 0.709404195376266
Pik3cg 5.75208416716931 0.910159384222841 0.927290838096557
Ctla2b 5.73731149430304 0.89510047446064 0.858867039729946
Cd48 5.73130296350701 0.937729215314607 0.940238482539522
Csf1r 5.72300366738718 0.546453141825473 0.526675903875015
Tnfrsf1b 5.72176505029116 0.893489706226163 0.793130765721014
Capn3 5.71941860505197 0.869005310982241 0.767609025983597
Fyb 5.70731075645152 0.924605033301973 0.880639703565145
Stab1 5.70555002174436 0.93142322024838 0.847361881275777
Tm6sf1 5.69290261966343 0.828014949923053 0.837414355587292
Arap3 5.66251868294165 0.892080005884679 0.887002555939611
Ggta1 5.63471379243016 0.732975992009456 0.741996856720129
Sash3 5.63001772313847 0.914821527857195 0.942725564956864
Slc16a6 5.61029658545376 0.775235491818504 0.798780743861875
Fam105a 5.60532506984828 0.854909908793408 0.85192929511134
Ttr 5.57670031223657 0.239054287755644 0.102214396566855
Stat6 5.56692004442793 0.887768165620132 0.866825399274361
Fgd2 5.56510293696948 0.869171115965456 0.726576709328804
Map3k8 5.55579091833761 0.942201036691693 0.915315557552893
Alas2 5.52901386473909 0.712211474865533 0.734364677854424
Slc7a7 5.52234348638224 0.90263178578854 0.928267391610327
Hba-a2|Hba-a1 5.48292630632827 0.513190177083618 0.649868222038167
Adap2 5.44374998232106 0.853661216485681 0.724776584609205
Lcp1 5.44223841929858 0.746767236433564 0.822778027882635
Rassf5 5.43457406074514 0.887898225539371 0.857829338230203
Coro1a 5.43413170115767 0.666260968914216 0.678169107375858
Ccrl2 5.39844131308105 0.827284722705792 0.692161547529017
Zfhx3 5.39769863582282 0.742734239273203 0.596358299452946
Cd37 5.38592951006497 0.901752023537938 0.918897630505711
Tlr1 5.36530476561707 0.92354709171264 0.913915788144857
St3gal6 5.36156269679316 0.823282476912136 0.792268323049702
Cysltr1 5.34731501632633 0.857656626296305 0.958639368448918
Clec4a2 5.34721890605412 0.892206912998267 0.637113553456501
Pycard 5.33215994954549 0.81537654130104 0.612293253445077
Chil3|Chil4 5.31086889624827 0.93257752075065 0.870420155148928
Atf3 5.30283694190659 0.627230539777996 0.515459515876228
Csf3r 5.30000111888325 0.88548275630149 0.845832142914266
Klf2 5.26778297520666 0.705479818485844 0.627476460661158
Il16 5.26349346643611 0.909875624588693 0.935695142808542
Crybb1 5.25468622577789 0.908499678215417 0.877038794642446
Ltf 5.22365945228848 0.784354568214316 0.752584011727949
Cd300c2 5.20644533660211 0.864748723729153 0.733244510113315
Casp4 5.18741819925627 0.879823941839029 0.750259665401512
Themis2 5.17338763834102 0.878012156556026 0.778014275654618
Tgfbr1 5.1698243199109 0.764565386617174 0.836107582309126
Spint1 5.16879720049193 0.95463482917469 0.954946207915251
Arhgap45 5.15496207308075 0.848330136541491 0.709084951215258
Cd300a 5.15329249003946 0.889451584998601 0.85083589087226
Slc40a1 5.13728571306699 0.836567430945958 0.694874486842667
Serpine1 5.10062797801216 0.910655354731284 0.851221199000487
Cd34 5.06863980359702 0.842264803602981 0.844379365653406
H2-K1|H2-Q9|H2-Q7 5.06385992913386 0.73971887815932 0.488626902133824
Lyl1 5.05701728594172 0.914808932895559 0.877944700300011
Trem2 5.05398905728961 0.900679273279287 0.782000865952744
Hbb-b1|Hbb-b2|Hbb-bs|Hbb-bt 5.02053750228511 0.576030218293737 0.197133934109251
Hba-a2|Hba-a1 5.01903604208263 0.499868487344925 0.4
1700017B05Rik 4.96677186642837 0.829423695985715 0.887403466603492
Mafb 4.95910437458311 0.862463760503417 0.899366093177095
Syk 4.95182438172218 0.884753997985495 0.790502757130016
H2-L|H2-D1 4.94881626580149 0.686050348219879 0.707632400494705
Hhex 4.94506495593755 0.829491636799336 0.511962944325343
Pdgfb 4.9404060967808 0.909255278931293 0.809717746343121
H2-D1|H2-L 4.93003741236123 0.710953467873825 0.707017631558488
Irf5 4.92038308587196 0.914673218237181 0.876125662939605
Lair1 4.86972446431888 0.860343768658974 0.865844850533682
H2-D1|H2-L 4.86415320821514 0.685260599763678 0.544776570037707
Casp8 4.85619987354436 0.849320995376243 0.578534392864708
Unc93b1 4.84334401645664 0.883748305842674 0.888484110420343
Egr2 4.83973626349896 0.645040990552518 0.283751987035351
Fes 4.82188940164123 0.90821860919045 0.930000172765553
Slamf9 4.81399873419455 0.931874569074442 0.939874285566405
Ncf2 4.8042067824119 0.83556138044638 0.821452301139409
Cmtm7 4.80115645683071 0.869586400418076 0.825705928174066
Csf2rb2 4.79397651063685 0.958711792541946 0.961369692672267
Hfe 4.79225983993936 0.862588388357136 0.829023625433595
Hexb 4.77458209895323 0.654192934432441 0.581559841283536
H2-D1|H2-L 4.77226310678439 0.712959609416761 0.652238520038363
Rgs19 4.77100470848354 0.687092512541451 0.625340563496616
Clcf1 4.76282293092811 0.931849263897974 0.895258019432369
Abcc3 4.76281886176619 0.924561519393814 0.82807371981546
Parvg 4.72454093814331 0.862614537187182 0.74250537390705
Arhgdib 4.72238731115106 0.90699564729414 0.913850592212555
Hk2 4.71255262872199 0.810322261480731 0.787136941100497
Entpd1 4.70589279003177 0.881058807258809 0.928738940969013
Cyba 4.7032341525965 0.770328348182702 0.737114049507851
Hvcn1 4.68204450704036 0.826516679327025 0.930068503035936
Ppfia4 4.67058819634731 0.900009892357322 0.7928159010456
Anxa1 4.6489449936497 0.820161327474867 0.57797218222995
Ets1 4.64487986055729 0.678396913694084 0.728114298387335
Il6 4.62211769670791 0.914226214445291 0.870682946136026
Tmem173 4.62156402957845 0.900323929718729 0.920823920915915
Trim30a 4.59584688676832 0.926381801906242 0.912873254922817
Elk3 4.58961389541211 0.736287349678339 0.777284563967688
Xlr4b|Xlr4a|Xlr4c 4.57653226503496 0.775508819989154 0.514951958726258
Pla2g15 4.57585773919288 0.800342500893456 0.885016887742742
Ang 4.57556502263546 0.952862242988198 0.914758442318626
Igsf6 4.57200670570162 0.954999442834378 0.939514329334527
Kctd12 4.56305761746092 0.732830396033543 0.763563477839578
Lrmp 4.56186501510007 0.882909823328288 0.708567729743644
Arrb2 4.56034123688879 0.886590871605448 0.861784174824028
Pon3 4.54068763795394 0.893196126152326 0.921251022146291
Siglecf 4.52584563364909 0.958673562568411 0.963070686622921
H2-DMa 4.52540646174177 0.903048794633637 0.86586721517383
Rab20 4.51954304425752 0.833667838273918 0.822872062649342
Plxdc1 4.51446897043336 0.774364521203455 0.772160971989998
Samsn1 4.51371786239399 0.883218704186784 0.690313603111023
Afp 4.51275775831967 0.927627094083439 0.892792692959739
Trim12a 4.48987634318168 0.943487910974769 0.914279269347557
Rrad 4.48628236483788 0.835324802547657 0.86876722337327
Rps6ka1 4.48472102248425 0.802240113798508 0.821326219772087
Birc3 4.48448151829574 0.871735217765053 0.730785196733545
Lag3 4.46880603852022 0.929521513212288 0.928039971190441
Abhd15 4.44915309523227 0.853474226092371 0.876915506190415
Il7r 4.44373688037241 0.861824961417961 0.493412394827415
Klk8 4.44200624448379 0.916064318338748 0.832595692675061
Mfng 4.44192086415622 0.795204632905799 0.584578354083898
Lgals9 4.42992101824132 0.923366063993718 0.878879930075479
Tec 4.42959386381218 0.845888908808033 0.632390354654259
Mylip 4.41183599694056 0.765185933501744 0.638611606359381
Mlph 4.39524625383281 0.964061792356487 0.952640371916406
Trim30d|Trim30e-ps1|Trim30a 4.39053950462845 0.844175565234589 0.712059306646918
H2-M3 4.38786691638096 0.859894659040562 0.876448767641706
Vsir 4.38005155420586 0.651643805317544 0.702571691505678
Cxcl10 4.36633340215455 0.830783874648472 0.698499428715145
Tlr4 4.35342788931715 0.839387000328754 0.839789254495915
Cttnbp2nl 4.35129100203706 0.867786841848611 0.923921964686593
Runx1 4.33873847767436 0.906525311104659 0.903655188754383
Il13ra1 4.33774398000631 0.812147033888531 0.850783450401933
Smap2 4.32799148716005 0.660346782777221 0.792649586654598
Sipa1 4.312491574805 0.907427729625451 0.908260342283189
Ifi30 4.30450498129935 0.81878781336565 0.736390773907816
Klf6 4.30413567135044 0.753906554136071 0.715608114701992
Zfp36 4.28982326619076 0.695695937431865 0.645006919288246
Gpsm3 4.28173019525051 0.88435164246926 0.752373189931208
Ptpn18 4.2757097661079 0.878336099809083 0.834346243320596
Spi1 4.27473632509161 0.908710058551973 0.834582040959309
Gmip 4.27233464264405 0.85277146203748 0.919221268234868
Cd52 4.27215012011476 0.864604013972574 0.781108107186846
Ceacam2|Ceacam1 4.25751254045337 0.831168924190167 0.80730269083479
Ccl2 4.25691083901988 0.91693911971978 0.916353476454943
Spata13 4.24529157478461 0.689955560269393 0.841974331327327
Rel 4.24110823731682 0.837428792552 0.675522195050981
Clec7a 4.24013785451766 0.833546500343132 0.758811607879068
Casp1 4.2324246152784 0.910186041698069 0.906566800066069
Pald1 4.22614386828578 0.827701190851583 0.872277143482823
B4galt1 4.20955123688097 0.822720777673738 0.909545678459186
Ptgs1 4.20603447956455 0.546126903170546 0.5355030866188
Mrc1 4.19627329452134 0.86748455612848 0.84261043529419
Dapp1 4.19607653297298 0.600620256654531 0.731428075918814
Hpgds 4.17985660237244 0.894611323164712 0.889628879777952
Tgm2 4.17866363987665 0.728747890251131 0.714403151956205
Plxdc2 4.17741071981294 0.687724989558336 0.629367628200442
Ctc1 4.16598665136136 0.858567740235591 0.922223630555369
Myd88 4.14883027630779 0.920071316459534 0.915862908361041
Rgs2 4.1487584305764 0.660422888394652 0.571032808351982
Evi2a 4.13219063877059 0.0676376933241426 0.122083941499024
Lilr4b|Lilrb4a 4.1286177493795 0.863852755075384 0.711979920258272
Nrros 4.12736558993382 0.719995249368134 0.791824786290472
Cxcl16 4.11905527886641 0.944227156144076 0.931318901768526
Slc2a5 4.11526800823997 0.862408035308223 0.810036010564885
Socs3 4.11037982002418 0.622404819775321 0.652147379843047
Sh2b2 4.09943062913394 0.816120614344299 0.808377517900949
Arhgap4 4.09829059943058 0.887986054630452 0.924229286649309
Lmo2 4.08843103475238 0.728539657160125 0.845521615014846
Serinc3 4.08209648945852 0.774951914275069 0.592025219693449
Golm1 4.07609560958938 0.661215243179182 0.851048402158242
Pros1 4.07202530149254 0.797123954684872 0.914430728907859
Ier5 4.05572221186442 0.708779448281692 0.725367655209979
Bin1 4.05543843397846 -0.0685855456137422 -0.185722472897343
B2m 4.05535356672272 0.746665486811798 0.693890822352911
Ly96 4.05500416548639 0.854163451168535 0.871036695931788
Tubb6 4.04664274687646 0.873435826665997 0.91840370374215
Fcrl1 4.03808232199662 0.96197882332823 0.949256725062469
Uba7 4.03576548308558 0.904797571223772 0.915988327547634
Cd33 4.02659708377685 0.890447326434021 0.920270108484703
Mlxipl 4.02160052889679 0.703921121626911 0.577671099800586
Il10rb 4.01216551611144 0.814526281589717 0.866573122588682
Hcls1 4.00537806081127 0.864284734308675 0.787445490186754
Akna 4.00361095655916 0.70133233857209 0.909971376627676
Slc7a8 4.00234002954592 0.878968827813422 0.854463041146997
Adrb2 3.99909299257828 0.833318990403476 0.624636036762082
Cd177 3.99736285294651 0.920707550965392 0.829112849934504
Plcg2 3.99077881924855 0.853959926604519 0.842813275378987
Btk 3.98865985150736 0.875772298562622 0.768633505480556
Dock2 3.98740805589174 0.882441066471517 0.94036782944068
Edem1 3.98378404286794 0.821587233418533 0.767825289755816
Gna15 3.9797939429669 0.909545992739868 0.938158969025645
Tgfbi 3.97959797567807 0.718785362279387 0.774589280932775
Rnf19b 3.9767618559158 0.884471713680473 0.874358931625926
Mef2a 3.97532824335451 0.802361389943766 0.846156589889865
Pmaip1 3.96309229881381 0.900600832144895 0.804418722874454
Dhrs3 3.95354759021078 0.355161912672297 0.359647258867642
Ehd4 3.95160108640257 0.816962552482722 0.885115720118826
Glipr1 3.95159994192726 0.899328994814653 0.819714521013611
Trim47 3.93157800208801 0.844640827323802 0.873194349201134
Myo1g 3.93135119639302 0.91188348888882 0.86154336346691
Trpv2 3.93128711193709 0.837287566709068 0.897046436411625
Gcnt1 3.91526684141879 0.885141026393628 0.643018394891917
Lrrk1 3.91211424056703 0.804355386349868 0.511430366750257
Naalad2 3.91084733258484 0.840807218949017 0.787517495811876
Junb 3.9062165569376 0.6246150447376 0.710290375201287
Tmem140 3.89257258321482 0.92936748331637 0.85118124374637
Cebpb 3.89155045395542 0.775658230829407 0.539760878375809
Rab3il1 3.89042701889591 0.930591862353677 0.899366287506165
Tnf 3.884747280643 0.872924630731968 0.865047528398544
Plekho1 3.87189016857407 0.759553145203802 0.766574738988726
Tpp2 3.87073065089671 0.658133383467899 0.728044447837049
Gimap6 3.86769689257237 0.911539267222003 0.829050983232516
Gusb 3.85764231996057 0.757276000930432 0.783418768187215
Prkcd 3.85574981412917 0.538102212516697 0.688797133000079
Myo7a 3.83962755624423 0.845667263560154 0.767542905160505
Lyn 3.83632889907881 0.837622060915237 0.791995160148397
Ptger3 3.83550794173091 0.883098242004524 0.886644517016187
Tnfaip2 3.82890880896319 0.768790331457439 0.550482639713384
Slc39a8 3.82144361351416 0.729813119405829 0.764399149766711
Tmcc3 3.82082753141197 0.590474531256652 0.532731528637081
Ebi3 3.82049651237347 0.905839662097311 0.907305125447553
Vamp8 3.81477277963799 0.683305621620476 0.723031421900338
H2-Q7|H2-Q9 3.80113466144485 0.733739769245253 0.602814969382111
Dock8 3.79749190737595 0.79941225741078 0.509330180954815
Clic1 3.78956668370234 0.752270682962273 0.837285239945289
Hps4 3.78881843802576 0.815671660709893 0.75771234767342
Rac2 3.77187129410444 0.8652682356065 0.830815740019908
H2-Oa 3.76736304338595 0.933363504974796 0.908422118836744
Tapbp 3.7633499524222 0.691658442963368 0.607540332355504
Tbxas1 3.75469120810467 0.825792518233242 0.750219466543196
Arhgap9 3.75153827823331 0.89692286312058 0.893138744799812
Ncf1 3.75133769210903 0.919380919953807 0.826997131618452
Sult1a1 3.74477903605132 0.346850616699385 0.148153281074568
Ankrd44 3.7443625429919 0.648602647105352 0.77415610152197
Plcl2 3.74365797668552 0.797044880405099 0.78892315783237
Parp14 3.74291172644775 0.843966142175503 0.814433333465474
Myh9 3.73415458209691 0.81851827892613 0.821358407248178
Nfkbiz 3.73271063275014 0.589101088965264 0.492502796881339
D17H6S56E-5 3.73191640212248 0.823127815518095 0.302503885279231
Snx5 3.72269154233049 0.887339302387713 0.893627169134587
Tcirg1 3.7192366882923 0.733066819130871 0.753380931164687
Lgals3bp 3.71657957586717 0.439904056043032 0.455927707533835
Rreb1 3.70917663055317 0.565858880496906 0.786365423721425
Serpinf1 3.68751774456792 0.400768002355835 0.109349044563373
Ltc4s 3.68685646351861 0.836114510028233 0.644515959627779
Il4ra 3.67198383274791 0.925984971126173 0.872619581137936
H2-DMb2|H2-DMb1 3.66988240232965 0.885501479596074 0.790356290393216
Psmb9 3.66970830446052 0.846293370660433 0.758381652538506
Ucp2 3.66826865564577 0.753467297471867 0.292268969250385
Syngr2 3.66426561447197 0.628472465648091 0.678299428842201
Pik3cd 3.64795940508839 0.918790081849911 0.925367342623289
Tsc22d3 3.63958070765828 0.694883085543105 0.680043529261428
Tifa 3.6357823185973 0.624634280276025 0.776680824761768
BC028528 3.63081370426868 0.503551352402268 0.296370649208761
Arhgap17 3.6289515311495 0.847536007605461 0.814221950493466
Tgif1 3.62807604218409 0.887754761228734 0.903724423859691
Clec4a2|Clec4b1 3.6238397343703 0.893074873715669 0.846081958625682
Tcn2 3.62127837412362 0.600536530417011 0.817475256532993
Itga6 3.60980449746091 0.0983279354597325 -0.12839271730186
Lst1 3.60861783845595 0.848847578076043 0.568650753201121
Npnt 3.59988557195146 0.68077900687387 0.578921424938188
Ifi35 3.5949809730485 0.821853824259193 0.699822602480574
Man2b1 3.59008224427929 0.690634396064285 0.643239860085099
Acsl5 3.58873755105997 0.555184334316915 0.506703861673738
Klf10 3.58122101962282 0.778131017687577 0.76789905040251
Cd79b 3.5732088126414 0.910248647872927 0.902622699616597
Erap1 3.57033881616386 0.522288832343819 0.632822405285259
Pla2g4a 3.56136370780673 0.350748231009467 0.265785279023491
Tnfaip8 3.55550544174784 -0.01309228470569 -0.0685184420173606
Clec5a 3.55036790229807 0.937452817849663 0.937011458488821
Ier2 3.54311086811213 0.57140979331517 0.701222555409134
AW112010 3.53852353414661 0.928813168787348 0.94221965365335
Cep152 3.53383812998289 0.828200897039294 0.817184412170687
Ugt1a2|Ugt1a7c|Ugt1a6b|Ugt1a6a|Ugt1a9|Ugt1a1|Ugt1a10|Ugt1a5 3.53347365199717 0.604594605281622 0.856133470982493
Zfp36l1 3.52952819754948 0.204611648519024 0.319838572169749
Ifitm6 3.5153272267212 0.91639307375074 0.856621830969381
Plk3 3.50547991844985 0.379746242730587 0.315143668563012
Trim34a 3.50422825788998 0.765787047602914 0.682503995305586
Lgmn 3.49982324575073 0.733363769852561 0.754817110237683
Adrb1 3.49528716929722 0.654498357190895 0.827598558385828
Ceacam2|Ceacam1 3.49226117758661 0.849526446290852 0.85413626420427
Srgap2 3.48639674124791 0.810099929386513 0.875938657984414
Ifngr1 3.47468406057499 0.779779171655727 0.816843842666349
Dnajb1 3.47337885389171 0.767738888038195 0.318491678327982
Frrs1 3.47300234642509 0.702584770249327 0.674890511701124
Ets2 3.46860461099906 0.613847805247106 0.537307615802759
Gbp7 3.46451606307528 0.283513124350922 0.316936611536916
Slc46a1 3.45848247689629 0.269351146381231 0.558228677076438
Lrrfip1 3.45573175239129 0.690508033572389 0.616422108736201
Cited2 3.45188582210825 0.697957658785898 0.670382814627107
Gcnt2 3.43001837776222 0.696280428012067 0.66256892237912
Hp 3.40746093666869 0.823823095627754 0.458295886347923
Plekha2 3.40596614864879 -0.0268947631354362 0.150058165527655
Cebpa 3.39379980750833 0.803847665310181 0.874981085720788
Snx20 3.3753706248244 0.931264756882885 0.88175895236345
Grn 3.36750072367095 0.760093414291157 0.869353628448091
Cytip 3.36741286035742 0.749405158681838 0.722212051939729
Ctsb 3.36520504841744 0.693639361199262 0.866818471660327
Ugt1a1|Ugt1a10|Ugt1a5|Ugt1a6b|Ugt1a2|Ugt1a9|Ugt1a7c|Ugt1a6a 3.36091850163496 0.647613107293974 0.669671935068351
Ebf3 3.35463455677687 0.873734767243265 0.800548866055373
Camk1 3.35235245756837 0.460933362246591 0.476422974511083
Sirpa 3.34599821811501 0.291766323945017 0.673452449319169
Slc16a7 3.34507363017774 0.441483274537693 0.710082885291292
Tor4a 3.34262992295085 0.748055347803922 0.793995917849332
Il1b 3.33602293881545 0.743235561615661 0.280755403828803
Rnf128 3.33525190075788 0.328659551460316 0.79056640487554
Fpr2 3.33062811311396 0.810855382781191 0.149236727695193
Tpst2 3.33060917858933 0.7189224558474 0.81442471149183
Mrc2 3.3274081409877 0.877289533879964 0.847166936306999
Pdk1 3.3260863296621 0.78302372035266 0.854438815737014
Ntpcr 3.32476559312454 0.787882936659011 0.778447623378077
Ptbp3 3.32227080501612 0.690765045088166 0.777033795321898
Rp2 3.31041428715384 0.850820777720391 0.820189718788966
Rasa4 3.27945215217495 0.92124608754402 0.900375469002784
Zfx|Zfa-ps 3.25186146263121 0.80198847670687 0.79178098052844
Tgfb1 3.24629170906126 0.873100215598588 0.689974544354525
Naip6 3.23926446084067 0.878127279190845 0.886493614159597
Pf4 3.23244280685398 0.83171487029946 0.812953290836878
Ms4a6c 3.20132787320566 0.911877660759744 0.905186511119711
Smagp 3.18678438390428 0.880247147271234 0.818219846709647
Fam111a 3.1821039060953 0.662022709780784 0.698672050537225
Batf3 3.17934004517637 0.91382083456164 0.923494199077443
Was 3.17585096751193 0.823215021754902 0.553956515487573
Igha 3.16285500840088 0.755069856592534 0.605170941258019
Ifih1 3.15386537191482 0.764656821356024 0.705954631979613
Ugt1a2|Ugt1a9|Ugt1a10|Ugt1a1|Ugt1a6b|Ugt1a5|Ugt1a7c|Ugt1a6a 3.15343135887476 0.832667889592111 0.820414645493516
Nfam1 3.13457846481368 0.918974312179527 0.916353596349717
Zfa-ps|Zfx 3.12862343676957 0.84561929939278 0.820075310675393
Myo1b 3.09455213510903 0.659385913775273 0.231198814402822
Hlx 3.09220317075923 0.897259696898918 0.825855440719184
Vrk2 3.04610990947962 0.725326396055652 0.366420118981147
Irf9 3.04144423666789 0.792749188616823 0.791887882303619
Calhm2 3.01005378154253 0.890496618430903 0.864638789994067
Abcd2 2.98099762457299 0.287269519277887 0.128055140207547
Mpo 2.96979344949093 0.833021805849089 0.433826464733728
Gmfg 2.96842445498442 0.883190016521263 0.870911641026766
Cmtm8 2.92583078999459 0.867466807916994 0.723024877810586
Arsg 2.90810795306907 0.000461277607125256 -0.13508894310526
Nfkbie 2.87121589825363 0.760526149591524 0.708983678523823
Parp10 2.86873988565616 0.81530772040178 0.702273534713478
Ptprj 2.86496274571749 0.810331001795723 0.808971987528052
Calcrl 2.86358364316417 0.198870496785883 0.0898651710199407
Tnfsf13b 2.79001445737928 0.840944779372308 0.816781077149152
Tmc6 2.77962644983794 0.791631715664607 0.7598115818415
Sh3tc1 2.72419608797222 0.907830977134461 0.916217370929449
Stk26 2.71611970326325 0.729608518519292 0.753875437553896
Plaur 2.71379158333683 0.848234594715957 0.754456245044957
H2-Ab1 2.69444155873941 0.719244749366193 0.638511414524865
Irgm2 2.6744428879434 0.726186311942669 0.633894504256279
Emp3 2.65205204950867 0.831728470574798 0.736190145006484
Tfpi 2.64226919942309 0.834640560434561 0.698314069069683
Zfpm1 2.63308795529329 0.154452171527393 0.182178148726666
Rps4l 2.621829925584 0.452950772853197 0.652242436811353
Esyt1 2.50651784368711 0.71664342440328 0.786050876077104
Ifitm3 2.44685026113373 0.156414617869734 -0.118718646844368
Il21r 2.39789926851804 0.934617241739584 0.923100674294608
Ceacam1|Ceacam2 2.37776198101113 0.772831265758237 0.332484216455716
Ehbp1l1 2.36431770549368 0.643618887197563 0.746887548769812
Snord22 2.33565700776337 0.607921210214248 0.747003918737636
Dusp2 2.30340427833404 0.802855972377105 0.658113203393814
Tlcd2 2.03866734750866 0.8630467278061 0.856206285141979
