Slc1a3 8.22209950832618 0.65771104244354 0.215136120851033
Slco1c1 7.6735244996741 0.843673266977433 0.760559792547276
Vcam1 7.5892978758931 0.741734542906935 0.726011514594129
Dio2 7.41789630736202 0.720381093394346 0.545221280399009
Mlc1 7.24109249012774 0.680345298705939 0.570191559018631
Aqp4 7.10330358948605 0.60197724381011 0.609882603373067
Slc15a2 6.97755785273896 0.740681490888763 0.687420481068035
Bcan 6.84646578599097 0.771174072938983 0.587893323887757
F3 6.80933126879103 0.722233031780747 0.646049808158227
Atp1a2 6.75238574842895 0.508626068157178 0.446867983456497
Mertk 6.608534809946 0.800634767906106 0.023616097947432
Gjb6 6.51772400182949 0.726479302226276 0.519505922583608
Fgfr3 6.48194046618195 0.733835285203912 0.775379111267642
Tril 6.46952753665992 0.657170072962251 0.48004871131489
Ntsr2 6.45633416875785 0.697809330362418 0.672845623364372
Apoe 6.42422307696911 0.486121880553816 0.434411679522156
Acsbg1 6.39375663245986 0.773090121387231 0.507018331243973
Scara3 6.32974465716774 0.797803847474549 0.766653361929543
Ezr 6.32586561296572 0.806342762196947 0.585748970595218
Cyp4f15 6.3124612722418 0.895435902671439 0.840614428986309
Aldh1l1 6.27917483662613 0.765898176950714 0.596164060032025
AI464131 6.27896188555092 0.880433676717174 0.863218770369382
Tnfrsf19 6.2368649366726 0.809392179752449 0.841180265281879
Gpr37l1 6.11837162472899 0.442283386860985 0.0984024211050558
Slc7a10 6.10651067505657 0.808116948533701 0.7635425208713
Plpp3 6.10570055343592 0.559161958535597 0.371249800317856
Acss1 6.06495499468054 0.73295989179057 0.681042353164821
Cyp2j9 6.01860313112732 0.662096808004582 0.37231710328986
Xist 6.00337068430494 0.576861922087215 -0.163109063403822
Pla2g7 5.9371105697441 0.653563669873155 0.407724898629124
Lhx2 5.90246037966183 0.716133829641737 0.619305574917647
Igfbp2 5.89561120372958 0.805859461447615 0.408008926758902
Tlcd1 5.88693800736839 0.663495675858599 0.378126582538142
Eva1a 5.86310132540114 0.811647863741771 0.606401853285774
Adhfe1 5.85326275014555 0.793478245541671 0.743437967165181
Itih3 5.85165845533256 0.378189928511159 0.0557153787777716
Grin2c 5.85157927366963 0.802230835634346 0.691842181365567
Cldn10 5.84116924885789 0.807045345819671 0.188461641965044
Elovl2 5.80137275625527 0.73758869885207 -0.0166048838640354
Gpm6b 5.78664658818763 0.333877747369748 0.165072896683553
Fzd2 5.75838929595377 0.834545008552584 0.724579554681848
Tlr3 5.74650225535934 0.774871204507765 0.613259345282609
Mfge8 5.74182393143444 0.636066737837647 0.626661091435354
Pdgfrb 5.66723279865603 0.708857589371842 0.437108651725583
Zfp36l2 5.63141173198876 0.675589610184945 -0.0438182143146671
Slc9a3r1 5.59894577797715 0.607766580171948 0.652890691676742
Itih5 5.58975958960745 0.654458810912151 0.595354362094145
S1pr1 5.58453111170354 0.773850074882018 0.639142779831834
Cyr61 5.56782696903806 0.871945650751622 0.646597658350378
Pbxip1 5.5669518340735 0.795465823691672 0.721219446308713
Wwtr1 5.56193885113515 0.561805533359755 0.449259273718383
Cth 5.53926149707396 0.83210682804128 0.811269496275827
Pon2 5.53746270968009 0.49328523109177 0.554073495869538
Slc1a2 5.51534743490564 0.693921159805896 0.435342888414688
Fabp7 5.50140149841501 0.438940126725254 0.0708767326917909
Ccdc80 5.44637095614879 0.784172775705575 0.8137219097349
Cyp2d22 5.43795020775585 0.774650550009234 0.595025502584487
Myo6 5.3862940060603 0.613572701769478 0.318947648018798
Gldc 5.37550708563543 0.672354790568367 0.441957660318006
Prodh 5.35988995205758 0.838444050602712 0.767657275081613
Glul 5.35926545365927 0.510052892592356 0.301677158683562
Cxcl14 5.34711922468757 0.583976350543542 0.0103941846813673
Scrg1 5.34692080653787 0.584583147524738 -0.16509816396913
Selenbp1|Selenbp2 5.34437821632977 0.63849053391894 0.546099772776445
Oaf 5.34277703115308 0.846462104168269 0.781786736286091
Slc14a1 5.34209964105071 0.789013431360199 -0.0847351281960839
Ptprz1 5.32534649524591 0.491397072122157 0.13048181821311
Htra1 5.30331525751764 0.349432896506279 0.52839804587161
Emp2 5.27203634031016 0.771341416223064 -0.0867581219995684
Ttpa 5.2524058721192 0.763837904066741 0.401933095470111
Cyp4f14 5.24570911906083 0.844203360984339 0.788009834487215
Aldh1a1 5.23682203971857 0.222492211517266 0.0767382696853988
Kcnj10 5.23369363862372 0.369803913995785 0.200469019913239
Gja1 5.22915446260058 0.288340456365368 0.207930712714284
Pmp22 5.21405017996735 0.422162063251771 -0.0873266985122019
Smpdl3a 5.19410304313456 0.70750967728718 0.732733007928169
Mgst1 5.15937339033748 0.555807549932539 0.0715157206136194
Notch2 5.15173905217845 0.579318523167371 -0.0435635125582493
Itgb5 5.14662250287693 0.576734701522533 -0.10621937235529
Timp4 5.14487205553111 0.318703732887396 -0.0305473354805155
Zfp36l1 5.14245802997352 0.506491083066888 0.0104152085679018
Ctsc 5.14145770636284 0.693942925885351 -0.0406570279861941
Phkg1 5.05833676117211 0.882127376892293 0.820524570101042
Notch1 5.01499666918264 0.763519568054905 0.181182491720143
Lrig1 5.01391094775234 0.55561256707786 0.063690962823702
Slc38a3 5.01324998455791 0.777442924436866 0.725997510489504
Cd38 4.99521348143145 0.854346515853275 0.735113928405955
Rlbp1 4.97541730452349 0.735037617861851 0.174905803726923
Fmo1 4.9353596284317 0.75786510697058 0.732893383173691
Il33 4.92075564430923 0.395965766268256 -0.0905616103586932
Reep3 4.90598355446619 0.288528324730473 0.140999251489108
Tmbim1 4.90540417614173 0.364840648632721 -0.0886938913117814
Stk17b 4.9022615771526 0.278669155384264 -0.0324488707098534
Pdk4 4.9021445176648 0.65243450072954 0.398977284453797
Axl 4.90005623236854 0.808710744085783 0.640043100015651
Cyp7b1 4.87858319974121 0.708784243027934 0.648095119858015
Itga6 4.86944647171219 0.723025457424282 -0.12839271730186
Klf4 4.85681370750151 0.650491098951899 0.0719685530119964
Tnfaip8 4.84678017270201 0.663962737878896 -0.0685184420173606
Prom1 4.83912558578533 0.468257888363667 0.307573457768381
Ttyh1 4.8353345824236 0.392442917806125 0.276370800650606
Egfr 4.83299721275332 0.871950853659001 0.686437964462659
Hes5 4.82292057451904 0.488318213084959 0.390358989854658
Lcat 4.81945903664799 0.726579104053966 -0.102812231660918
Ssfa2 4.81696903222305 0.7359674118518 0.159445505663991
Id3 4.81404769279704 0.64141263349194 0.181799658607114
Hapln1 4.8069553871917 0.770695829249102 0.180691539861885
Sox2 4.80381137553311 0.372986925903717 -0.147500651551719
Crot 4.76332577158575 0.698458648064764 0.598034748457258
Cbs 4.75757642566845 0.818307958646959 0.725846175582477
Papss2 4.74843353294536 0.833538864508608 0.706548145015349
Abca1 4.74077082439266 0.67737273179315 0.131832799862662
Sept8 4.70556545319975 0.538902377713073 -0.0928975559802032
Pdlim5 4.67570824080593 0.619262778873919 0.656494441946823
Itpr2 4.6309627270234 0.723514312353552 0.125989773983375
Car8 4.60591535463948 0.0749521346406231 -0.162879434346565
Slc12a4 4.59340275567868 0.766882284649944 0.602511427657249
Gabrg1 4.59091105936316 0.59126492569476 0.674375188226294
Pdlim4 4.58950922991107 0.744246181516893 -0.107626616301089
Adgrg1 4.5660859793781 0.792176101412988 0.382063240950214
Antxr1 4.56570416788561 0.678120009647389 0.687641023928477
Nfe2l2 4.56435943042838 0.564133840105868 0.0899060831454191
Nrarp 4.55345336453813 0.745424116199936 0.55590335369525
Galnt4 4.55322604944745 0.772928168106467 -0.0862625467877269
Timp3 4.55009835395788 0.575971657050349 -0.0727266972251775
Ntrk2 4.54587085176354 0.634301040707855 0.584565236800886
Tmem100 4.54545602734117 0.718597432123047 0.134646414055406
Scd1 4.53423026906157 0.45972064969259 0.36907354531519
Asrgl1 4.50422382647958 0.462238531178388 0.201886004270216
Msmo1 4.49081739910078 0.58772128169182 0.491904682040201
Ppp1r3c 4.48146555784642 0.663419270385073 0.66374422336745
Prkd1 4.47897843194003 0.580739088917347 0.630283600760275
Hsd11b1 4.47753582396791 0.632099986202755 -0.0728375074942628
Cpq 4.44577216307951 0.581436328229521 0.641350640601116
Selenop 4.44312335281412 0.267892827319406 -0.0299910695984123
Cebpd 4.43849725992078 0.557335196582948 -0.169468632266885
Rapgef3 4.4359240133592 0.355138966557509 0.0483607062239172
Slc1a4 4.43133120979647 0.534523870169617 0.274922062415132
Cd9 4.42607231497255 0.429467878351879 -0.0522385767755224
Gstk1 4.42532154869501 0.531320876867285 -0.0664942935011353
Fads2 4.40799650589507 0.764435235216372 0.711203768732584
Lmcd1 4.40362286695456 0.688029505944549 0.415298894729828
Pttg1ip 4.40269477866954 0.495166807789496 0.0558812596933961
Trps1 4.39811171723066 0.59408824049258 0.597270325621286
Col4a5 4.3949987869867 0.74515240166668 0.444581471753062
Gdf10 4.38734276588204 0.545379139160143 0.0409519595889022
Abhd3 4.36967411397675 0.314464598103208 0.206933867096334
Soat1 4.36515662458905 0.685327671612311 0.0462246228246642
Psat1 4.36023006073736 0.34944146887987 -0.0397734823441066
Slc4a4 4.35757184487742 0.412071907797068 0.105251710085741
Olig1 4.35720843066734 0.152072512977025 0.504345474010218
Btbd17 4.35671160896401 0.793069261749166 0.289807172974173
Appl2 4.33983783723128 0.500766239299099 0.564247357501802
Entpd2 4.32222260133618 0.710828683699417 0.741201164181125
Ncan 4.31574538452558 0.546751276907415 0.561836548101587
Selenbp1|Selenbp2 4.31283347045185 0.717308623422886 0.599481845019573
Ndp 4.30358273813386 0.700188111026037 0.197783402790246
Fermt2 4.30040017930396 0.492388259254363 0.652310799715455
Nat8f4 4.29504510589675 0.785470756713242 0.448935804523992
Oplah 4.2943155451681 0.800688072905663 0.753238467644273
Sparc 4.29058700298669 -0.0331071459511066 -0.141663831788685
Rhbdf1 4.28757401540174 0.582512047079836 0.361775773681582
Amot 4.26755329407934 0.487510540900672 0.355073411298873
Acadl 4.26677443576396 0.504618295121948 0.471707250156975
Fgf1 4.26114272335244 0.334687961351102 -0.081565220656805
Txnip 4.24551000565742 0.674211702399302 -0.129754197830502
Add3 4.23868627061856 0.668917310964008 0.658506542486141
Gpld1 4.236396939623 0.581191412802255 0.528867177310337
Gli2 4.23356735554567 0.779757651665806 0.131969736584486
Dock1 4.23004043618939 0.567153319287952 0.299614041336489
Igfbp5 4.2282835386362 0.438165124955513 -0.202861467629242
Fjx1 4.22717264919016 0.749491702475292 0.83012426596378
Epb41l2 4.21447065558803 0.580949444731857 0.502574553225531
Phka1 4.20751262885725 0.601550570916002 0.596423836845545
Sdc4 4.19248004571442 0.663008875398353 -0.148992586198429
Mical1 4.19062839953772 0.637767158899891 -0.105471603556883
Fam181b 4.18292557942593 0.695438848744134 0.214148240598646
Gng12 4.16952861286255 0.485992593146989 0.0061630918253063
Kif1c 4.16520759929468 0.552470666430992 0.34081649418298
Smox 4.16062153391478 0.553669345769731 0.231170818693544
Tjp2 4.15740649953136 0.554855989505948 -0.0722185289236321
Lamp2 4.15382632337497 0.534799983711634 0.127384404431192
Efhd1 4.14788174016729 0.332499458860277 0.38457883995805
Dtna 4.1326599666303 0.574918282484693 0.23058592210167
Tmem51 4.12687316885937 0.642033919157843 -0.0829259498890753
Fkbp10 4.12343836455472 0.858377154116229 0.797764807789443
Clu 4.11571506541815 0.63195618685339 0.758429597646865
Cbr3 4.11519828963032 0.414403463953863 0.0875122571878651
Gna13 4.10708117003616 0.56351249203776 0.366104904727677
Rftn2 4.09949276334605 0.672106230339207 0.320563411306649
Cyp2j6 4.08814208130906 0.659974530574808 0.27520972436916
Zfyve21 4.08690243366614 0.493503211430317 -0.085737972986149
Heph 4.08509169007561 0.856476352753317 0.620743909084962
Cspg5 4.08347811841283 0.69902685384353 0.55895627415414
Wnt7a 4.08041543772033 0.63133992958928 -0.111180489697893
Id4 4.07590142107965 0.228455399251455 0.195701557026208
Foxg1 4.0738394894092 0.0610348735999473 -0.22374058169818
Qk 4.07255856236474 0.149808704295482 -0.108549548550546
Nde1 4.0719940026244 0.561066902769774 0.0131241160997526
Gas1 4.06430803798072 0.510606979038689 0.024356222968293
Jam2 4.06243672742999 0.59978409778994 -0.0542019180670954
Gpx8 4.04821083476293 0.659015765208542 0.0381440199153989
Mmd2 4.03757294703405 0.39022146365844 0.251977777843995
Mmp14 4.03404541159462 0.639335425421299 -0.0248073316814145
Lpp 4.02363384768994 0.818093358276416 0.496153388986173
Smpd2 3.99483039208367 0.715724791005174 0.685583295334889
Sox6 3.994451510973 0.367909839819029 -0.00855776960843892
Elovl5 3.99091575316706 0.595012513656503 0.614491549514496
Fxyd1 3.97353922156033 0.649754364071257 0.415973961976816
Pnpla7 3.97034467992614 0.689029934810765 0.454028729854378
Pdzph1 3.96524202065582 0.864347825813298 0.701429322446835
Slc41a1 3.95629325975066 0.74807593378581 0.753069352552747
Prdx6 3.95280559154988 0.673465137532302 0.67108289841059
Ppic 3.95100255849764 0.743379981266323 0.171371264468284
Il18 3.94242734140903 0.486030692992252 0.490976760061262
S100b 3.93922922907822 0.152110326382086 -0.0206622083179812
Atp1b2 3.93710517410399 0.462989683792423 0.402226548622266
Ptch1 3.93699091151895 0.376825387053377 0.0247203803407899
Smim3 3.92669923685527 0.735766056714698 -0.139425537719329
Tgfb2 3.92630602172166 0.315476422020731 -0.179238114242052
Hnrnpa2b1 3.92037827637419 0.495300543026389 0.0245561234797803
Srebf1 3.91711644341265 0.621977924014344 0.595153001720188
Ptn 3.91114129728683 0.30096721134811 -0.072364602098686
Cyp4v3 3.90730792123614 0.456235022249107 0.0420415419236722
Sash1 3.8916390104351 0.510776691587973 0.605776825182263
Myo10 3.88924597643013 0.476885274606668 -0.147499409394366
Sat1 3.88259598208227 0.417593631755674 -0.0924840264438666
Lgi4 3.87952853389395 0.740525969894949 -0.189898116693018
Stxbp3 3.87892185104559 0.382423125258563 -0.109895971118971
Itgav 3.87542494701748 0.517748909224142 0.525219416037941
Fgfr2 3.87482154437784 0.415694009260158 0.061133346766848
Lrp4 3.87474273511255 0.738161463529034 0.614554329813904
Aldh6a1 3.87326462025961 0.601245447321175 0.570361243819768
Fgfrl1 3.87210472256214 0.767103703135045 0.586093050525345
Serpine2 3.86950604879998 0.0486261073707574 -0.184725734219262
Ptpn13 3.86928486135462 0.64619940995524 0.498930459787997
Vcl 3.85973924165409 0.617889692913939 0.718877125795226
Pnp|Pnp2 3.84210246923242 0.519937576749065 0.662418833497212
Ednrb 3.83957948610177 0.703153399539562 0.301515655106866
Eps8 3.83048012120273 0.436281202117584 0.261229058543201
Klf15 3.82218729726446 0.682180077609521 0.0483229467763416
Slc13a3 3.81947857770333 0.432464276896762 -0.193296634448231
Aox1 3.81514722459042 0.815650826057073 0.46884480407337
Cmtm3 3.81164839728541 0.72596372996204 -0.192500910905091
Ndrg2 3.81135707295449 0.355393515914171 0.295978071105004
Car2 3.80454469435302 0.302391558491527 -0.117812481086699
Acaa2 3.79827496502298 0.750060992277188 0.759579913207556
Sspn 3.79794782303047 0.500844184555335 -0.0303016031693207
Smo 3.79789817882796 0.256052358130406 -0.127028548388963
Vegfa 3.78630571766177 0.787557573961911 0.587080536546193
Hacd2 3.78339569104125 0.715237842142171 0.704716415683473
Acsl6 3.7783916827472 0.629579166884215 0.676737931579474
Sorcs2 3.77531743053495 0.583120144667144 0.4909889637951
Slc6a1 3.74574524196352 0.253043374619476 -0.0126547440330303
Suclg2 3.7353807761615 0.772896999225578 0.160146644714179
Cdc42ep4 3.72773370284581 0.530057205588846 0.263175697052777
Pnp 3.7237374896159 0.541930615385259 0.451730005874043
Lpcat3 3.72284605774836 0.654549957774579 0.368487033446007
Kctd5 3.71924774985325 0.656265225812888 0.175644554571647
Pdgfc 3.71868394098064 0.551286287357417 0.355434135022451
Adam17 3.71227629555614 0.618636801270369 0.534874303227731
Ephx2 3.70631959103242 0.782530738382058 0.759359393806488
Prelp 3.69983996537521 0.845870101349264 -0.0474584875481167
Celsr1 3.69417380239765 0.850518156541072 0.608577181485044
Nhsl1 3.69267691199974 0.566691776229682 0.231162309736708
Gstm1 3.68727961363661 0.456697579968936 0.270718365191872
Gpr37 3.68574482047122 0.373795865679918 0.293238687811073
Naaa 3.68391139413014 0.737184980048173 0.706655046308821
Pygm 3.6788749978848 0.760725078838398 0.454056591637091
Adamts1 3.67634978348551 0.489601262230615 0.363789659080997
Sox9 3.66719349530818 0.772946755088499 0.424061626510638
Sema4a 3.6671291334674 0.59170595259786 0.0266948293765165
Aass 3.66532399351911 0.819015744104843 0.507604908214723
Klhl5 3.6468772232317 0.487008370482815 -0.0223078007606622
Ptger4 3.6281156878982 0.523093493096719 -0.098625333861336
Jun 3.62518874660553 0.518181495528372 0.212718164945405
Serpinh1 3.62179347638534 0.602547764653797 0.464784107773168
Dclk1 3.6216406712502 0.552593255487315 0.129876281939194
Glud1 3.61987723649111 0.559232186300258 0.457128299418617
Bcar3 3.60518442318434 0.569753193625453 -0.0900654796995564
Dennd4c 3.59481945409844 0.616666478479656 0.499747506016246
Prkd3 3.5912320187987 0.447425455081891 -0.0669490747401846
Fads1 3.58766953415953 0.558828342631723 0.572913809092681
Sox21 3.58686428179475 0.716259391203416 0.364633689656461
Retsat 3.5842020336372 0.771726882590583 0.735759756138319
Pygb 3.58395226569988 0.674982260322659 0.646615317198644
Mfrp|C1qtnf5 3.58313268687802 0.668304769333551 0.602602746314983
Rab31 3.577763444244 0.315740114442794 -0.04741725233832
Farp1 3.57310616662227 0.56924916639712 0.500234988558191
Serhl 3.56230331956853 0.667021203354613 0.61344637713836
Mt2 3.56126164996494 0.428954433862117 -0.158910626424698
Plekhb1 3.53749074430131 0.119344107264394 -0.130774741675777
Sparcl1 3.52634319042503 0.411012408814555 0.408640544052153
Metrn 3.50453731095784 0.495766484330697 0.185462474052548
Agt 3.49851364725042 0.751582316259139 0.112091425702482
2810459M11Rik 3.49817120889496 0.697276650696151 0.0448083444891847
Nkain4 3.49535063788332 0.65932870543937 0.321535817326863
Carmil1 3.48880383028596 0.656288295255958 0.503864559842338
Asph 3.4824943761617 0.227928163136252 0.204044268100301
Ppara 3.47962717459137 0.868928079041858 0.767116292756229
Fcgrt 3.47067109752603 0.657266260951968 -0.0875450334054097
Chst2 3.46696500313935 0.258679290655867 0.0111630060603632
Tspan7 3.46053947245942 0.3748369814407 0.0618357945199082
Gprc5b 3.45397190073295 0.104950481812056 -0.0810622447467477
Tmem176a 3.45260807351875 0.509707327784962 0.146756297097563
S100a16 3.44852402996883 0.318261366976893 0.00895674288148906
Limd1 3.44841158026708 0.52393753277087 0.00628868115828069
Ngef 3.44287130498554 0.159479160081274 -0.0756684055048798
Acot1 3.41375198710822 0.376912225790895 -0.111021729017794
Dusp1 3.40806666052851 0.580877895980865 -0.0759476561353733
Slc16a1 3.40388741307939 0.470117273192616 0.223397848843213
Fgd6 3.39846426935337 0.859699741376648 0.671167866514365
Tulp3 3.38906933656465 0.710757564364012 -0.0302225756821735
Plod1 3.38133415732255 0.622660918601316 -0.179184726275109
Itga7 3.36421252812199 0.791013872602618 0.548697910107461
Hspa1b 3.35698428097751 0.491574046281709 -0.0301625181974289
S100a1 3.34330040760706 0.418880095593671 -0.0472262402073189
Mdk 3.34237971690195 0.531874822536764 -0.124943779424115
Kcnn2 3.34030092415162 0.605530768208103 0.0867772902477134
Rb1 3.33560972574217 0.557557876950967 0.298226069357826
Mdfic 3.33504060683558 0.50126845568006 -0.150090868982357
Cnn3 3.32602115777173 0.303398042115148 0.322525443402661
Lap3 3.32417042794516 0.446550776227695 0.108300995357211
Sox5 3.29896302474461 0.404790003782211 0.168709437572177
Gfap 3.25319400455247 0.617994188223421 -0.0725074191854371
Tfcp2l1 3.22312017503587 0.814609901650921 0.647125827505079
Swap70 3.20004892785569 0.727743737488815 0.199442355226874
Elavl1 3.18891369143639 0.21982941474673 -0.190590295852722
Agl 3.12087305849349 0.590634474536245 0.287390696613677
Hmgcr 3.10713218413591 0.455867510554981 0.21639230001213
Rgs5 3.0868402670215 0.374585833965743 -0.0524906246062805
Inhbb 3.08557675158146 0.351771820289493 0.138580723648705
Tor3a 3.04825953897597 0.735290829992785 -0.189135329545833
Tnc 3.03750601557279 0.71328297750062 0.312686893301191
Lamb2 2.96799434855938 0.678520861936953 0.551369094148668
Rorb 2.9412391948648 0.71467115952827 0.48110128282642
Arhgap18 2.89035924971316 0.74427926067579 -0.161090717500903
Fzd4 2.87739946508258 0.580628046428679 0.191665869036815
Plin3 2.79357410252436 0.55514535562132 -0.063475583623518
Gdpd2 2.7677779852456 0.647238216415782 0.236810427831919
Adora2b 2.76385127046349 0.550432961582624 0.136078637328007
Tst 2.67063121198752 0.561256772491817 -0.153065311900533
Aldh1a7 2.63241969010755 0.532047262704872 -0.202290277901214
Rnft1 2.61674659282541 0.579502516269761 0.352563390412915
Clcn2 2.59008773104281 0.651952730775737 0.490375430343753
Pgghg 2.22971042687308 0.659595587069208 0.158516585470691
