Itih3 6.69088794138835 0.388247031185564 0.0557153787777716
Timp4 6.62022749492874 0.415314965445771 0.0947741948562905
Gdf10 6.58755026944229 0.627517761010136 -0.0820101064062651
Vim 6.55089242327632 0.430323108652187 -0.0508450771637311
Gabra6 6.37319964291671 0.582906967124579 0.267062064244014
Tlcd1 6.33794281085619 0.634996017159693 0.378126582538142
Aldh1a1 6.29086997390704 0.285392208644858 -0.231528301121358
Slc1a3 6.22739833737949 0.48409032193581 -0.151898197155048
Ttpa 6.08079766022954 0.752496846744547 0.401933095470111
Gpr37l1 6.02933940297975 0.375287129523292 0.0984024211050558
Mgst1 5.91450591113636 0.558797922068316 0.0715157206136194
Efhd1 5.80608896096914 0.443072203214219 -0.258845413868987
Wif1 5.75544463170888 0.750691511176335 0.0818304253964671
Fabp7 5.74530598034432 0.409247626962313 0.0180069034509017
Apoe 5.68864968874332 0.358456771844565 0.0771392243404767
Ntsr2 5.61371320790884 0.578389536491478 0.522913846452749
Hopx 5.53979231870663 0.365545577457108 0.506578797423852
Sparc 5.53008845838492 0.0926210347693089 -0.245266716173591
Elovl2 5.46304436492135 0.662618955689705 -0.0166048838640354
Cyp2j9 5.40609675825949 0.55084164456228 0.37231710328986
Cdc42ep4 5.38756996643972 0.632914830624378 0.541910789469113
Tril 5.37852615991908 0.513443034919023 0.101951439075333
S100b 5.35033545133775 0.314194505475163 0.269074096618736
Aqp4 5.3435888744993 0.395276820843556 0.0738927601728026
Gjb6 5.32501616780073 0.594373292503003 0.475855425952344
Mlc1 5.322337466022 0.486540193477827 0.369538108048318
Slc14a1 5.32210060172636 0.727869006860509 -0.0847351281960839
Scrg1 5.30892134119558 0.530054826908978 -0.16509816396913
F3 5.25146480455485 0.561652542245287 0.337666420279338
Fxyd1 5.24734524058451 0.708356261159502 0.415973961976816
Pltp 5.20042002887367 0.526398934765785 0.323026157713023
Hk2 5.15103218735952 0.728612482239244 0.173752438399486
Cldn10 5.11737744773707 0.717543594427986 0.188461641965044
Fam227b 5.11254371227627 0.754794388664163 0.628736078293779
Pdlim4 5.09940524580964 0.713246322413017 0.203533425599685
Itgb5 5.08668075801259 0.510060574068506 -0.0716815339831676
Dao 5.0585287070077 0.836729567476062 0.630598258775523
Cd70 5.05515408619082 0.848290886169311 0.678650957003347
Pmp22 5.04975026713384 0.356063614137861 -0.0022559051878342
Acsbg1 4.96603275241385 0.643366546702796 0.166632387354656
Cebpd 4.96455694384064 0.565568812681847 -0.0562800048512299
Gas1 4.94234770116661 0.536665919928308 0.0410401554508754
A2m 4.93570490110974 0.745244612372026 0.420151569809577
Tnfaip8 4.92721791448055 0.609058209572937 -0.00105770299201195
Gpm6b 4.9249408331399 0.189193867535593 -0.0314166098807398
Zic1 4.87612120351579 0.231864203531953 0.268864289764485
Cbln1 4.86456332682722 0.299469692716183 0.121836435304423
0610040J01Rik 4.86153337769066 0.70277705746159 0.317905413449888
Sept8 4.8486922446861 0.495551152766051 -0.0928975559802032
Sox2 4.84228472374863 0.320709715202502 -0.147500651551719
Lcat 4.83503364449503 0.670995176828012 -0.102812231660918
S100a6 4.82936070869176 0.444768899882834 -0.113710986072719
Wwtr1 4.82882341237531 0.424040138348831 0.356880425463925
Vamp8 4.81746077313346 0.583723303901758 0.545034566956676
Metrn 4.81707684274165 0.610364986658485 0.487189505898923
Mal 4.79802663450838 0.0756807818148052 0.189390803069695
Slc9a3r1 4.79087235960721 0.471615702918876 0.4458502934492
Cxcl14 4.78099492725286 0.481180982761678 0.17575472454559
Zfp36l1 4.75325537698511 0.408115850977252 0.0104152085679018
Gja1 4.69621219789101 0.159960752892903 -0.172594279496318
Cd9 4.68834942823512 0.395232275788508 -0.151540008634949
Fgfr3 4.67016200684338 0.534412084752056 0.496142442406339
Aard 4.66368842880064 0.60333752050311 0.602587158003758
Spag5 4.64447871606695 0.331002939275239 -0.274101211683306
Emp2 4.63202714680183 0.679882644329242 -0.0867581219995684
Hsd11b1 4.61477143254973 0.585749762104152 -0.0728375074942628
Mdk 4.61405517724782 0.651089275919363 0.215664808005395
Pla2g16 4.60430431465799 0.483552091332815 -0.113471375025412
Fam181b 4.60210511749744 0.673742545355783 0.214148240598646
Zic3 4.59269225879347 0.458230229810729 -0.147628576726358
Tmem30b 4.58104878472386 0.777376863107054 0.502989629874216
Id4 4.55950995936473 0.274445457851074 0.129781890020176
Atp1a2 4.54415692482604 0.216399146142702 -0.14734233266709
Cdc42ep1 4.51563443918566 0.628294391544042 0.418231326259958
Lrig1 4.49319239661192 0.435809613935406 0.063690962823702
Plpp3 4.48360449996114 0.326325613819482 -0.174557832098637
Rdh5 4.47883648915107 0.707096221497428 0.548517002895758
Pla2g7 4.46809646884955 0.482626530827096 0.16498387106143
En2 4.46680604421484 0.408132018968684 -0.0556005353813426
Evi2a 4.44607707226746 0.410333445735745 0.187660996671594
Kcnj10 4.43307470888581 0.205159881754626 -0.164750208969125
Selenop 4.42601137794892 0.211694799542789 0.00422970729638888
Lxn 4.36225657446583 0.495796175216384 0.526251126487406
Gstk1 4.34043598494598 0.467071029838561 -0.0664942935011353
Hpgd 4.33872214519997 0.71592771437941 0.715150768659891
Tesk2 4.32373557320405 0.587225916835457 0.262092771174724
Casp12 4.30446096500587 0.845162844202366 0.502722893904409
Ptch1 4.29429814467222 0.389099567607241 0.0247203803407899
Clic4 4.28995152958946 0.263242732756577 -0.179700477154923
Gramd3 4.28083475238588 0.610586611879542 0.253631658442238
Pon2 4.2361438068431 0.238116847207339 0.0689161579382196
Trip6 4.23576373576623 0.569265124926317 0.28726114265849
Gstm1 4.23035793276493 0.476335972869622 0.271356400869033
Sept4 4.22588002369121 0.309036147641926 -0.251124008287078
Mfge8 4.2193931877145 0.400094881068112 0.104222697059429
Mbp 4.19772219609413 -0.113380371550571 0.051257288266084
Vegfc 4.17788944244907 0.788236777658873 0.569951782115199
Efs 4.17665644235667 0.522631069551835 0.024002910978486
Cyp2d22 4.17035287958955 0.625383846695824 0.595025502584487
Sdc4 4.11982263405362 0.601324182779835 -0.148992586198429
S100a1 4.10677392537935 0.484454737169727 -0.187794279859085
Asrgl1 4.06877903328266 0.353772632410771 -0.0300420344221084
Rhoc 4.068329322123 0.512557147363096 0.199799147581397
Jam2 4.05276695468739 0.535714973887294 -0.0542019180670954
Plscr1 4.04778582993631 0.76949422671254 0.713314890568411
Hist1h4i 4.03125263318082 0.635380948476578 0.639352136095323
Mt2 4.02806586000986 0.467756108956858 -0.158910626424698
Ppp1r14a 3.99564551650002 0.291779223309337 0.403004506591759
E2f5 3.98534799975496 0.541172152172516 0.244173849948658
Hist1h2bc 3.97581947706799 0.239121451847021 0.403609528146015
Dio2 3.97383622492842 0.355319221157596 0.0105147838438432
Qk 3.96802463555042 0.0818255811227786 -0.179406195932711
Cnn2 3.94236145620315 0.665774908630393 0.00286820041680132
Ucp2 3.91910810278082 0.764902661041603 0.455810057455708
Htra3 3.90941544926323 0.644189287049923 0.384499285832843
Tmbim1 3.88960162344279 0.190444401995945 0.135515786379106
Tjp2 3.87178565170728 0.459101656060916 -0.0722185289236321
Dock1 3.86888373749543 0.460699224959628 0.299614041336489
Htra1 3.86508640864694 0.0641239441999123 -0.41462319568374
Baalc 3.86119017433966 0.68882604770418 0.667172231476194
Bcar3 3.85688596086001 0.556588515622228 -0.0900654796995564
Ptgds 3.85063923692723 0.12745816987177 -0.144694506057864
Rida 3.84843624446365 0.533535512988269 0.494442776595562
Lgi4 3.84561365264937 0.675115266196512 -0.189898116693018
Cryab 3.82927863973164 0.104563281209781 0.421522517237162
S100a16 3.82902135663254 0.325365738552923 -0.181860771735854
Plekhb1 3.82862082622147 0.103862776375974 -0.130822127089928
Gldc 3.82094911467559 0.496776466956418 0.136597981264491
Rhpn2 3.81463143063879 0.41123310509817 -0.0875400003269683
Acss1 3.8140825841221 0.453499859237938 0.151350168139776
Pttg1ip 3.81384770133725 0.349489157596638 0.238033207234821
Chpt1 3.81342797771311 0.447940163745508 0.102730251165805
Ntrk2 3.8080176435038 0.481038956308291 0.337376958611577
Gpd1 3.80434095977188 0.525225366038834 0.473095062674059
Smpdl3a 3.79929859353661 0.525157423374329 0.471858914427304
Nfe2l2 3.79632194600968 0.415261806242401 -0.0700305656434839
Rhoj 3.79579511059917 0.653597565800527 0.308722631044555
Prkd3 3.78815863734423 0.411241599653871 -0.202732027373347
Acot1 3.78309888560677 0.387457002754616 -0.0796922010533639
Soat1 3.77812054766556 0.56277745996926 0.0462246228246642
Tprkb 3.7781128866585 0.655555610006493 0.402162849359539
Slc7a10 3.77194905809493 0.603614098244215 0.628642716130829
Mmd2 3.75605732664491 0.292670810093961 0.0109472458434513
Chil1 3.75207474985053 0.705516876308965 0.541471312659521
Smo 3.74440906309177 0.180595438376807 -0.129580093223488
S100a11 3.74384514168332 0.525405724473174 0.291051006027827
Reep3 3.73743472664466 0.0883089313420725 -0.299879335829563
Aldh1l1 3.73042200815383 0.511788566696363 0.0348511919411654
Cyp4v3 3.7288004234669 0.374789988319638 0.0420415419236722
Tcf7l1 3.72713841615824 0.642160177722922 0.428245902095178
Msx2 3.71520982333155 0.884315201903511 0.782850915712753
Sat1 3.71066445113288 0.341555227578422 -0.0924840264438666
Cables1 3.70409865581416 0.672722935530498 0.115836321878105
Tulp3 3.67953820312275 0.682482043634818 -0.0302225756821735
Rras 3.67375151530214 0.587306432198971 0.383733549770654
Col9a3 3.6661071235699 0.462619085936808 -0.0809467593043464
S100a10 3.65083185878572 0.166715493811233 -0.0238452598492256
Plce1 3.64984376884221 0.499180102581465 0.395066144945911
Smox 3.64618764736511 0.435904861518799 -0.175723203857937
Irx3 3.64557381764153 0.631763686126492 0.420025143306013
Cacng5 3.63793799825851 0.385820840845883 0.0539897129600173
Gng5 3.63409286114167 0.302753207324134 -0.0143845675213117
Prrx1 3.63333964532835 0.593203481209171 0.0948237379061563
Trf 3.63057101767744 0.129042125246098 0.11006527366686
Cnn3 3.61644656057919 0.304340591679575 0.322525443402661
Mob3b 3.60727511998401 0.771556286638484 0.566884669879636
Atoh7 3.59932604225856 0.617908947140669 -0.106132777545523
Ttyh1 3.59488425327227 0.159373351553736 -0.151854199760129
Cmtm3 3.59303605292701 0.656955089717184 -0.192500910905091
Dbi 3.58114734767395 0.226762162091444 -0.162923657884077
Rab34 3.58086100726579 0.534506472915456 0.200479464403697
Slc13a3 3.57407414730617 0.338378947473535 -0.0145739157845762
Acadl 3.57006794632576 0.350828099499451 0.354912911730742
Mpp6 3.55061668656283 0.311737154804516 -0.131644183680726
Pxmp2 3.54843303354362 0.608485991494185 0.577004792096154
Gnb4 3.5394890968458 0.423050843161579 0.145236473875852
Ptgr1 3.51753071940565 0.615103102154099 0.36767030084141
Pxn 3.51472807903756 0.409289391735471 0.123439331285383
Plp1 3.50004011155522 -0.130290795846434 0.124203377865023
Spred1 3.4987068491039 0.252233696276343 0.431127132545813
Mt1 3.49774960942213 0.394215179120127 -0.132322055743146
Thrsp 3.49483499688093 0.297066675149182 0.177812971561378
Npy 3.47148662335804 0.407700976291131 -0.0737874040008649
Cbr3 3.45591192012195 0.27187807989796 -0.123058061601336
Llgl1 3.4384021886604 0.446000998176306 0.0807702481813345
Vamp5 3.43495849557821 0.63078172298296 0.311942883590883
Tsc22d4 3.4318975182403 0.474974261302834 0.0656391021182965
Rhbdf1 3.40645915192929 0.411111761180893 -0.0583749189120323
Neurod1 3.40274408138241 0.244959229114112 0.151806855765679
Thbs3 3.39810354902034 0.495364747541417 -0.188770455082922
Copz2 3.38993732192024 0.655182928264074 -0.0535501694653204
Abhd3 3.38189443275359 0.0724558144536161 -0.328642281962707
Tmem206 3.37826668643688 0.309400255780457 -0.0447897158657646
Rab31 3.3774125053506 0.234829439434015 -0.068933351108785
Scd1 3.37599703426246 0.242969709171288 -0.235859313517761
Atp1b2 3.37018757807483 0.312800775623783 0.0807775149890863
Klf15 3.36116406248413 0.576193734871651 0.0483229467763416
2810459M11Rik 3.35610961532663 0.616519725262003 0.0448083444891847
Slc4a4 3.35265560365063 0.169838142108547 -0.122475071160388
Rab29 3.34943481639799 0.601448837980195 0.614239943531762
S100a13 3.34321228339136 0.467998021073409 -0.203560787772639
Cib1 3.33007095769959 0.519105271461707 0.534311171367154
Car8 3.32818975975113 -0.0472466278743668 -0.0954046831141435
Krcc1 3.32781993356318 0.458345527652828 0.204251695442897
Abhd4 3.32727060706825 0.243037924360528 -0.404148245162014
Mthfsl|Mthfs 3.31616921330756 0.489531546267957 0.474675296806783
Calml4 3.27945649119272 0.724860793526048 0.0801868024914369
Kcne1l 3.25422504846719 0.827382965679734 0.222260329333494
Sncaip 3.21851721698914 0.575504850960953 0.229182431475603
A630072M18Rik 3.18058970671536 0.500421694215657 0.364756282260154
Gpr137b|Gpr137b-ps 3.12650962337547 0.393768947001288 0.030189425419851
Tmprss3 3.07365537893653 0.740304719138471 0.544360329837758
Rarres2 3.06689888614575 0.733696812931258 0.501273856457788
Pth1r 2.97321240627616 0.667656113292572 0.417573486257508
Tom1l1 2.97018091909283 0.701365033653172 -0.0987342561371303
Gjc1 2.90238762215455 0.559575768905413 0.0609351728639503
Eps15 2.87868041519249 0.385152375247505 0.0549792540084239
Nt5dc2 2.79819270763008 0.374587027868731 -0.112036918057763
Rgl1 2.78922544948406 0.442244896308347 -0.0620269662068832
Yes1 2.77664687507971 0.466553676993405 0.056791853146908
Kansl1l 2.59168720980133 0.450251707760694 0.00362219197114937
Gstt2 2.58245770090178 0.726451824574884 0.661947216220966
Stard5 2.44667516827731 0.387014587588704 0.154120061580086
Gli1 2.41252505179892 0.668604142629574 0.0641573281497894
Evc 2.40188775050857 0.711734426108712 0.377473963363978
Lppos 2.32650122080881 0.54078517071509 -0.162182911088939
Trdmt1 2.10047286775246 0.430500816974143 0.288836952733926
