Gabra6 8.59834718921811 0.690206375676393 0.487187656967854
Crtam 6.51282642961759 0.783798432971471 0.650667428494574
En2 6.14837609419921 0.580764684155 0.424850206596324
Neurod1 5.98972438870705 0.50883008163118 0.490062735257137
Cbln3 5.93498629380619 0.750702022475826 0.59486658461105
Cbln1 5.88001743687255 0.407859735002428 0.31256096967226
Zic1 5.24746067008835 0.266356834641477 -0.0435991877244145
Patj 5.19022267149774 0.63007731913641 0.504905297432875
Mab21l1 5.05455151977851 0.486995485627085 0.600872951634697
Chn2 4.98077170195711 0.443085058022092 0.494135118445013
Uncx 4.97271216515034 0.733374088948067 0.641247780046079
Car4 4.79068968733111 0.622359547763073 0.437376179173666
Irx3 4.37089641411213 0.676680000296272 0.419805510045079
Dleu2 4.36195423562594 0.647864839490217 0.594801227111159
Pax6 4.35293832129893 0.674945323049105 0.470587962063181
Calb2 4.28679408548897 0.404233444564873 0.364482858889717
Vamp8 4.27964059348923 0.526146038487575 0.340584409383982
Eomes 4.26970030140957 0.844057122467502 0.72153814073995
Pkib 4.15656628946758 0.401920778290214 0.424528773589657
Car8 4.14619431779871 0.0103520493629344 -0.162879434346565
Zfp521 4.04426940370552 0.296931843648685 -0.045924283532004
Tmem51 3.98271075909842 0.558724150411492 -0.0829259498890753
Meis1 3.97781778024179 0.400702416951089 0.115867874750443
Il16 3.92173457323426 0.788058055648326 0.778815300290026
Wnt7a 3.87122602203998 0.542751096020993 -0.111180489697893
Zic2 3.8453429039564 0.530890010014756 0.308361573959314
Atoh7 3.8261619222602 0.643335626544368 -0.106132777545523
Rps6ka1 3.80495760000972 0.678765524951603 0.594435614836231
Tmem163 3.78572923505667 0.372399518752637 -0.181043823748388
Trim62 3.75140589361811 0.562168531875294 0.535026725871649
Gabrd 3.66487039462343 0.155071258643801 -0.230875764001531
Sptssb 3.65091625139359 0.706595626599812 0.588840416084852
Cadps2 3.6150473078472 0.118015709241944 -0.178756017261541
Mapk12 3.54474845931798 0.585985670900017 0.590677529488151
Ak4 3.49263930314216 0.389813884440544 0.155912913967442
Grin2c 3.46362489002125 0.571826744242114 0.231576270894369
Gt(ROSA)26Sor 3.44640545942618 0.521420920061781 0.34012161881883
Shf 3.44348935420119 0.729878718656649 0.733862578451049
Etv1 3.43939131864444 0.337052825794472 -0.1122494069031
Thrsp 3.42548684352379 0.286917155452014 0.250927902613779
Slc9a3r1 3.41552681092314 0.279377586147316 -0.0056069255541352
Gas7 3.36065412282452 0.105357467650924 -0.0577992602206917
Tbata 3.15035499722873 0.845126744434913 0.838420021598557
Ccne2 2.89279468759757 0.33139731637849 -0.224075932931532
Rgl3 2.82050877094736 0.663210841621312 0.129537229626121
Boc 2.66588430978915 0.602800858007532 0.04697476458599
Clec10a 2.36589573306024 0.74585871800433 0.593935072357611
