Xist 8.79560995636699 0.600146243604582 -0.351921641660071
Dsp 8.3299541007319 0.90105143741843 0.75868458102757
Lct 5.90652190858127 0.912285608518585 0.852078781981304
C1ql3 5.77823730196533 0.487724371099891 0.310807841109627
Epha7 5.64315462134143 0.609900668446919 0.646355352418374
Lmo7 5.47734898090656 0.285579504288171 0.321200585018681
Npnt 5.42006177261638 0.620559564745903 -0.0376653242693636
Pkp2 5.34618759550459 0.670183970254099 0.57340453003728
C1qb 5.34337985801715 0.614029868282525 0.201134677867559
Ogn 5.28777789367145 0.773439727206784 0.199011224791515
Mcm6 5.27241794654396 0.663842345016342 0.536707054604483
Rreb1 5.2556615647123 0.279102311997379 -0.338670856228375
Neurod1 4.97897014946588 0.406472818863017 0.379447223707162
Bhlhe22 4.82630990021984 0.388050044511288 -0.262391626188145
Notch2 4.82326588694044 0.483953230793514 -0.00249168581301142
Pcdh20 4.77459788081877 0.536048324643575 0.51308610131763
Trpc6 4.71888480846697 0.616743630099429 0.00385000667284075
Sema5a 4.63568775172544 0.650342716974714 0.391217179600664
Kctd4 4.59945243258261 0.544030320836651 0.32080102502198
Npy2r 4.55746004644756 0.825580676085316 0.39888160392441
Kalrn 4.55626847472773 -0.0392906471430694 -0.19466615790538
Cebpd 4.5486223913414 0.528874920154782 -0.169468632266885
Pter 4.48980759874036 0.681519185002193 0.420808031137452
Rbm5 4.46174549041343 0.261060701865693 0.00145193999091063
Rab40b 4.4487012340791 0.262146001560151 -0.0852538149715886
Ptk2b 4.39973860617055 0.212929788123283 -0.195116374232269
Cdh9 4.35534509938555 0.564403756211682 0.141331151369576
Npy5r 4.33642822451191 0.670119588795414 0.497449585300579
Tdo2 4.32249207339546 0.729031094709928 0.419892175362141
Frmd4b 4.18338328317162 0.287042977417032 0.205254430576643
Rasl10a 4.17029105085399 0.495749300652977 0.131168758017157
Rnf112 4.15938203865084 0.565398415600227 0.608959447487195
Igfbp5 4.14733542352891 0.369732962193468 -0.278933224542932
Tgfb2 4.1446943814749 0.300321982824469 -0.179238114242052
Pcdh8 4.13539947122465 0.475106371408726 0.62606141687278
Zbtb20 4.13369635118875 0.556335602852561 0.329005205433035
Laptm5 4.1280670496621 0.327684920697274 -0.194257055379401
Itpka 4.04153065378931 -0.0987400836865613 -0.145097367172548
Nptx1 3.96225567558054 0.0583449342477618 -0.267349326112005
Ptgr1 3.94937235321348 0.657000792016892 0.0811863735181136
Nrp1 3.93952299247678 0.400246219605439 0.134125817164783
Spata13 3.92751889203345 0.377741730229972 0.325581369018804
Matn2 3.92526540309146 0.514318385677348 0.340665208938181
Cxcl12 3.92379699879618 0.440321934331558 0.0829908198061604
Ryr3 3.91275394781901 0.287072220200241 -0.412143281265117
Tanc1 3.9031115717964 0.429725686708561 -0.0768580812717963
Rpl41 3.89070217486022 0.537112748348602 -0.108003601124464
Slc4a4 3.82331853176126 0.264640662508225 -0.0688965602123872
Nfib 3.81342805862023 0.340557556596128 -0.299380203506123
Cyp7b1 3.77514785467515 0.559207370874013 0.643794740487513
Foxn2 3.75167691674961 0.335289138255185 0.276555542064159
Mbp 3.75047154521967 -0.162496461942874 -0.290190623120967
Ptprj 3.72724848891373 0.81358856273854 0.0129510782318837
Slc15a2 3.67748435793146 0.393203833745499 -0.0781474316464108
Lpl 3.65264276269229 0.0501821636557007 -0.129309542061125
Sfswap 3.64024928630217 0.396071925070878 -0.0505817282209131
Ryr2 3.63805502900843 0.548303711991585 0.560731156578761
B3galnt2 3.63472068267559 0.382542927423449 -0.201441484091508
Ptprk 3.61949460035154 0.335295419837766 0.261277216353241
Icam5 3.61919120572789 0.37767888485947 -0.0741711270654244
Dsg2 3.59253609537483 0.786776581054997 0.635262685184801
Csf1r 3.58637266602618 0.415394576192756 -0.153499349250983
Bcl6 3.57351445295067 0.383305605484825 0.387515913540903
Nfia 3.55334805860184 0.414279318139354 0.137766178842024
Epha4 3.54540832221958 0.375319608898667 0.134575444969395
Ackr3 3.50724328602585 0.453092054460801 -0.0451519768907711
Myh9 3.4963419816759 0.408482106272868 0.112950671751974
Ctss 3.47352342739277 0.231067337426099 -0.303889082657625
Slc4a7 3.46937281903219 0.471497449250012 0.0742448962032838
Plekha2 3.46249135855312 0.518177408796857 0.0431848614180077
Grhl1 3.45863342006145 0.551694316219056 0.066884111972418
Ccdc85a 3.43499072055107 0.518988646903147 0.583696039773529
Synpr 3.42074584312735 0.172783017528965 0.0408952497530986
Prkd1 3.3881011756687 0.318010594620904 0.340673850837309
Phf20l1 3.38513584109143 0.695647457940295 0.46451140620475
Golm1 3.3562694552668 0.450347608392641 0.192200191853051
Stxbp6 3.34370956172334 0.5065605460683 0.135196944594497
Mmd2 3.32392384000564 0.2201119411632 -0.166895976565127
Pkdcc 3.09839039713895 0.431880271403595 -0.141136387760987
Iigp1 2.93976892355652 0.732720642445695 0.464334043734093
Itsn1 2.80677121516632 0.431056777889487 -0.232355010720068
Anxa11 2.77158284250275 0.802635497797214 0.744399197759655
Nhsl2 2.74551657164284 0.375712247802975 0.175101056359603
B3galt6 2.67597947969457 0.233293614903584 -0.188393702256471
Rwdd3 2.66908232195847 0.481378476214467 0.568797267501766
Robo1 2.51010032967382 0.0697244130528 -0.171764986633967
C77370 2.31862248516151 0.62288072092436 0.393839094690726
Cpox 2.13354760473668 0.36061433490154 -0.229113437062351
