Slc6a3 6.47215772543112 0.878586498447956 0.591211770541448
Ddc 6.39646748752845 0.509648916669826 -0.272237606808387
Sparc 5.98227624219681 0.263381312989258 -0.218552111044524
Aldh1a1 5.49568898691273 0.487825540639512 -0.231528301121358
Th 5.41824397585947 0.580586062307912 -0.0741058802149248
Mbp 4.88501266766013 0.159600389063177 -0.236953772799062
Laptm5 4.60096597557344 0.42887889404885 -0.194257055379401
Sncg 4.56119954654016 0.43289889502255 -0.290662857410612
Itih3 4.53286205753381 0.284367346508245 0.0179590909303525
Neat1 4.29178737356086 0.732843699491173 0.202671542793846
Atp1a2 4.27862597208067 0.294688675028976 -0.117858567391827
Snhg11 4.20786569859795 0.0994985197444811 0.176864169387717
Plp1 4.13483689421251 0.161421580464052 0.265902479614432
Cacna2d2 4.10378331741099 0.0660113536895426 -0.0938052969963131
Mal 4.05324056612817 0.00160149854683249 -0.301458102628421
Ptgds 4.03032261464486 0.184507847887199 -0.224414279386681
Ndrg1 3.94799122347202 0.143022059474535 -0.202751515808678
Rapgef3 3.6722241338113 0.359600620677545 0.0158501818393584
Plekhb1 3.59393797343568 0.298524128052227 -0.130822127089928
Ebf3 3.56989289905409 0.377194073392638 -0.124481301708697
Serpine2 3.55608499540571 0.170424805558627 -0.184725734219262
Ahnak 3.53903695791733 0.526891426698215 -0.163784746797504
Nnat 3.50228400497499 0.147523516205637 -0.270803441769978
2900097C17Rik 3.46249344585419 0.0478302812232963 -0.503164002697489
Pltp 3.46044739582034 0.345370224989206 0.0449603497909044
Rreb1 3.41980260154684 0.430166599360689 -0.338670856228375
Slc1a4 3.3773433232861 0.419831575365899 -0.209819573911823
Ctss 3.34102913357999 0.346887381343806 -0.303889082657625
Gja1 3.33042288043653 0.0606519682407712 -0.246440135313825
Etnk1 2.97362238753219 0.144293513817916 -0.504574626871961
Caprin1 2.90021667643319 0.230545617536058 -0.297979158761358
Fto 2.83418320752997 0.162809428539557 -0.517995866962183
Slc3a1 2.73931290547178 0.200377110887851 -0.427090558675336
Uhmk1 2.66266163406704 0.124649562931805 -0.487435544608139
Plcb4 2.61146486618007 0.308242043750651 -0.516572981091816
Ncam2 2.44184291107445 0.164069701417341 -0.411989578025769
Akt3 2.31524493262714 0.0931346418914471 -0.453995981298045
