Vip 7.58513100298303 0.786940201815421 0.588847914839235
Npy 6.58963121107631 0.668947381307305 0.0739326762818236
Dlx1as 5.94644603812375 0.664654182505062 0.0715593219402025
Cxcl14 5.72058285255181 0.578936384131444 0.0291240982510786
Arx 5.59518638981671 0.395260556513044 0.273230387570437
Col19a1 5.52013333812184 0.636190397839213 -0.0976066977919323
Reln 5.46820459244724 0.500600616365198 0.00230284557686303
Tac2 5.46748765498397 0.838849680242654 0.376135618918547
Igf1 5.2386897111501 0.414203529385197 0.239858236098205
Kit 5.08135905195029 0.584432423019128 0.138025171655272
Lamp5 5.04995438884368 0.286657734545211 0.218061515056105
Pnoc 4.90077273323319 0.741480287755761 0.195706168775503
Cck 4.83845097364112 0.280089317445533 0.374336955698522
AF357355 4.79927942417409 0.0543810323051654 -0.104806562800083
Sst 4.77032387172954 0.509054139258729 -0.0519100498807884
Htr3a 4.63616474397874 0.765833222301616 0.710632252298516
Nov 4.62144781222475 0.486200417115739 -0.124840908964785
Dlx1 4.60130253972549 0.606414185055514 -0.0514268037646551
Gad2 4.51214316314139 0.17111698492288 -0.11900144872996
Grik1 4.44442536711441 0.20976450459124 -0.110440132378276
Wnt5a 4.30778040784978 0.736146149137689 0.584190395044957
Cadps2 4.12546074172798 0.212286521985944 -0.0880494459516091
Snhg11 4.1080448935807 -0.166412144264353 -0.235829529626446
Parm1 4.10148575950779 0.232611473586426 0.0216092445137414
Sln 4.02659001394471 0.694289465012702 0.0447152334979494
Cplx3 3.98427163484142 0.682526991673293 0.397211395966426
Col14a1 3.93558912687658 0.730419134731077 0.428937303840419
Kctd12 3.91904507040159 0.263129715104695 -0.255906413559383
Egln3 3.79755037062311 0.624897315960441 0.177018007438096
Bcl11b 3.79026414313785 0.159233556470067 -0.142104287974278
Slc32a1 3.76722020149247 -0.222547231411262 -0.224797441139873
Cntnap2 3.73846891963016 0.210223522708357 0.0806848675951915
Cnr1 3.6044504040001 0.548184460718845 0.162842687109703
Meg3 3.58270077301872 -0.0541229275216589 -0.160066349847183
Nectin3 3.5685377924728 0.526034566947455 0.414471512087264
Nfix 3.51110552823213 0.108168787189151 -0.0915205298269664
Sorcs3 3.47276764553141 0.535999260807264 0.160579787476408
Etl4 3.37878581224624 0.0920285689344843 0.0418808602789563
Npas1 3.34655589096376 0.78603039542367 0.47880248436001
Pitpnc1 3.34591268191868 0.384268595954047 0.042464159182143
Tenm1 3.34184808787043 0.2592295244432 -0.131320620423786
Crtac1 3.33606389662978 0.424869527393934 0.015951800917312
Plod2 3.11950371751453 0.420913450843311 0.198428247324735
Abca8a 2.35732180129348 0.331279725850816 -0.195045765628744
