Sst 6.88150525964664 0.646769865938169 0.384901528615102
Col19a1 6.10861689327929 0.637817668678371 -0.0976066977919323
Arx 6.06676464270775 0.406213857302561 -0.103820208069192
Npy 6.03535320941764 0.608255335567078 0.437218969196976
Moxd1 5.4386264362073 0.713011071328592 -0.118699512605783
Reln 5.27517831032181 0.450118185085673 -0.216741474656471
Lhx6 5.09864161808154 0.617529133829434 0.0403673609145215
Ctsc 4.86121416479764 0.616927237150261 -0.0406570279861941
Grpr 4.81019195989756 0.873903689789886 0.797323154004172
Timp3 4.79929505980452 0.535422745277138 -0.0727266972251775
Igfbp4 4.74010665901767 0.36027721771877 0.30673484012459
Pnoc 4.35658960668674 0.671028429974477 0.195706168775503
Lgals1 4.27839519174761 0.399731159912781 0.0950926673326743
Ptprt 4.21771796303063 0.593984691570467 -0.018214533902015
Kcnmb2 4.11503242774887 0.599747760004857 0.581317171145548
Dgkg 4.07421461563567 0.284605377184781 -0.172221128213188
Pvalb 4.04472925323348 -0.0394404776534924 -0.151819849377666
Klf5 3.98826516837391 0.452497090100985 -0.121277635863981
Slc32a1 3.98466022914536 -0.216285371281475 -0.330152340819629
Golm1 3.90142144244143 0.528013123886869 -0.231569855906864
Rpp25 3.79053259715681 0.269488047966657 -0.0486701261464952
Cacna2d2 3.76348125966176 -0.205616561983351 -0.175771614183859
Cdh13 3.73784101828027 0.391811053053984 -0.0233338301308646
Cort 3.73605966228865 0.623127285231447 0.211213845788306
Ramp3 3.71232233879538 0.598483280660776 0.406065942784125
Rab3b 3.68255520655094 0.3650531400855 -0.136310943895474
Gria1 3.6756576944186 0.293971201982771 0.0734953766775515
Meg3 3.65594467536814 -0.0715720092281179 -0.277916085755818
Gad2 3.64292330033029 -0.00803375765961159 -0.340945352026404
Tenm4 3.54554801724935 0.253187910159797 0.0432963809275587
Gp5 3.53037067824975 0.74965415997652 0.565181920721471
Kcnc1 3.49553132586964 0.426742850643949 -0.0838717813139521
Postn 3.37259033074153 0.743265417698411 0.448709535944036
Alk 2.96873628627778 0.482100569930166 0.207965812567986
Il34 2.47703667740874 0.526288837106938 0.147440298165058
