Ppp1r17 8.04068344043382 0.795366209910523 0.840478311261131
Il22|Iltifb 7.74400709642639 0.773001725124431 0.661896338044617
Car8 7.41592886481732 0.574764348307183 0.594493277350337
Pcp2 7.1170080315609 0.810527865590756 0.61976190940907
Nrk 6.87068819101704 0.794219855912488 0.507231410997563
Pvalb 6.30411449370607 0.455929223812225 0.0941537916132021
Stk17b 6.08091922872973 0.68443556751864 0.140749149355921
Slc1a6 5.98828474508853 0.782695670143735 0.577229034298946
Smpx 5.92038042816473 0.882760277473871 0.748934018363319
Ebf1 5.91656080204749 0.609936873720216 0.605849054749414
B3gnt5 5.51195673639299 0.72479712477969 0.174716325102946
Krt25 5.42526141149275 0.838326702306711 0.597205573915847
Lhx1 5.40987855910156 0.692954322360538 -0.0507878484729269
Itpka 5.28404149843477 0.329642157636151 -0.29275612531552
Atp2a3 5.10080610397629 0.687732054168328 0.610049913835617
Tpm2 5.05472295061989 0.42846331932014 0.122682670547467
Trpc3 4.9260362256861 0.682456254700994 0.11700449328281
Spag5 4.87703001876394 0.678450287031393 -0.274101211683306
Homer3 4.83210108327303 0.768121911991262 0.556549343911359
Asph 4.64920436733758 0.647151234593843 -0.181699182934762
Sycp1 4.62867747553406 0.903798036373589 0.776800005026687
Plxdc1 4.61023135931815 0.61139742900451 0.0646875814458077
Grik1 4.53497769981247 0.488767960964788 -0.192289109857715
Col18a1 4.51338493218903 0.650945040873188 0.299655980538268
Casq2 4.48404315606995 0.818683154163153 0.572954186691766
Prkcg 4.46964557926031 0.33661959909523 0.212242530006874
Tuba8 4.44156852216268 0.672735637051496 0.616792132516618
Ryr1 4.41431235849819 0.566778433619874 0.0239569086321923
Rgs8 4.37652881249551 0.507479408058525 0.437600011527267
Gng13 4.30093994902608 0.60638847348589 0.757739163517913
Washc2 4.2058656137967 0.666146988892878 0.527029682584268
Fam107b 4.16479186119287 0.49850985638758 0.663805170067201
Lhx5 4.13642513911788 0.811464414355861 0.705409112512941
Ptprr 4.12553500361439 0.76355987948182 0.722294977487794
Igfbp3 4.08584813056236 0.622756712109328 -0.201899259267834
Fam117a 4.07093596231992 0.642474565405274 0.545558387123231
Inpp5a 4.06799806480931 0.6469620726462 0.757844405054102
Cacna2d2 4.05289944407471 0.0891516797341331 -0.291501696972347
Calb1 4.01111214078267 0.257694983387556 0.124904292243211
Nptx1 3.9739736352157 0.365111483520818 -0.251448804165598
Slc5a1 3.9570989449656 0.863721815146519 0.803145882539594
Eps8l2 3.94123088575868 0.661243683336787 0.520614171031163
Doc2b 3.9218183371339 0.435636469121546 0.166691999577391
Tm6sf1 3.91154783830686 0.444491782531204 -0.00107162617038346
Car7 3.88951290396936 0.773674736180648 0.32897344589463
Hdc 3.82068494435918 0.695710816445344 0.122839832233292
Stac 3.81501347726866 0.750889821514282 0.0899044429360356
Icmt 3.78900913856428 0.814706084806472 0.747619055484996
Ebf2 3.7673911866884 0.748919803352346 0.572804334278577
Lmo7 3.75938550545896 0.252300017150778 -0.0319756358925369
Hopx 3.72336595041216 0.38032716023755 -0.210337079481824
Cox6b2 3.71904108045641 0.736962217812744 0.366876874417819
Ptpn2 3.65576911285855 0.740707376808058 0.472265007592917
Rora 3.65520737382084 0.490855301923585 0.0112755333902628
Grid2 3.61806473205674 0.650036464136016 0.37556445135737
Gprc5b 3.60007441926896 0.358864233726386 -0.0810622447467477
Pcsk6 3.59144211790465 0.537632722748858 -0.267402311657198
Scd3 3.58527090423959 0.63649889948845 0.37914067848243
Syt2 3.57668344003396 0.334768939467352 0.0494563352196435
Slc32a1 3.57393172916292 -0.00579883456554308 -0.330152340819629
Kcnip1 3.52175282410894 0.428626034768438 -0.0462720030113963
Kitl 3.49783822857759 0.466770951395956 -0.151880190436246
Dgkg 3.37778989527985 0.487359337620258 -0.225837081112463
Myo10 3.34096930927786 0.588958545032442 -0.226395871753975
Itpr1 3.32249796805218 0.285913783404274 0.285055048309086
Prkg1 3.23261253063767 0.601634602749443 -0.0770126166215673
Slc41a3 3.22858419162179 0.617802197239962 0.000314763096067643
Phactr2 2.9681487461013 0.573243987411709 -0.134361839745878
Atl2 2.80683379858562 0.363629251945192 -0.298637586791779
Rhod 2.66910989981377 0.707582813655762 0.342217004248914
Dlx4 2.38485424292791 0.606628613361851 0.232259032055008
Fgf7 2.3487021009705 0.651706199036045 -0.0907704507943022
Alpk2 2.29912968669343 0.53314444559597 -0.315197847315083
