Nov 7.00021887994575 0.640909261368609 0.586663231333792
Dcn 6.83458456834294 0.803846910631982 0.731468507023155
Grp 6.1058328981576 0.605173021940886 -0.0992189738712925
Crym 5.83590244177704 0.370506436434822 -0.191083334044651
Fezf2 5.49545741194329 0.688461153877215 -0.0300415926746519
Itpka 5.40501990397835 0.00997839568311735 -0.29275612531552
AF357355 5.32056957489593 0.0853315608178217 -0.277061697298941
Rspo2 4.74199695721406 0.461913603448796 0.132477618560578
Ryr3 4.59314447994037 0.383539529767388 -0.0743322208166109
Ldb2 4.56751113953058 0.536015342259158 -0.105150451101939
Man1a 4.50077314570752 0.523060821957449 -0.0777879088477185
Ptk2b 4.49022564369598 0.229681399761166 -0.0976953069379129
Icam5 4.46145048656729 0.467916618977518 -0.189083785719138
C1ql3 4.4505042913827 0.364124921907396 -0.138340817153857
Pou3f1 4.44437594398173 0.0660191954353337 0.0219632830646003
Pde1a 4.4170098838316 0.472687327593634 -0.203321052196105
Pkp2 4.38890557048286 0.588975796040165 0.57340453003728
St6galnac5 4.38304259760392 0.437035215250666 0.0367597760330211
Meg3 4.33131421251107 0.0217106677383883 -0.461315261316622
Pcdh20 4.27945230987417 0.480048429037731 0.252085084767508
Nr4a2 4.21016393347228 0.462591143084323 0.0859722159260444
Lpl 4.20248856244869 0.13144140281508 -0.0657910282435156
Bdnf 4.19252161934805 0.705865674049994 0.254588874893831
Col5a2 4.11376872324103 0.738485892483204 0.0138348379840446
Iqgap2 4.08357353004952 0.523823897859077 -0.155993334536555
Nrp1 4.08197376440335 0.417251984336088 -0.0540440915119254
Bcl11b 4.04212621072667 0.160935342867954 -0.219187019035683
Snhg11 4.03265564903992 -0.202319297871137 -0.320758392517344
Cpne6 4.03022701366284 0.496962010719842 -0.105230202751814
Cck 3.96228003024572 0.0689853595077861 0.203160546163511
Crim1 3.91668280271189 0.392502661274652 0.314599411308403
Epha4 3.86636820871848 0.42931538686918 0.134575444969395
Arhgef28 3.83888953395514 0.539862654891668 -0.244399918726595
Dgkg 3.79398689826187 0.245209956277399 -0.225837081112463
Dusp6 3.73427188713059 0.296886242026958 0.0425648336265999
Tgfb2 3.72414013037486 0.241082675215684 -0.101203329306504
Myo5b 3.71652034623975 0.179660302293259 -0.191838008264122
Tenm4 3.64749158991845 0.279241222292744 0.0432963809275587
Lmo7 3.63694287958493 -0.0753642878672505 -0.158794054368197
Ndrg1 3.63564821140024 -0.0133704337918337 -0.172739475783816
Cadps2 3.54891594052403 0.10917109754627 -0.16312235222143
Sorcs3 3.49278191447806 0.508686300037118 -0.00153556413802726
Ankrd33b 3.45593414216023 0.500386499335192 0.418016427188322
Nrgn 3.41881377358931 0.155404908785137 -0.198053166916335
Gria1 3.40335117930497 0.234455893352396 0.0734953766775515
Car12 3.18151584265696 0.381348842913457 -0.170525312349237
