Ptgds 7.25183069187899 0.443628381667833 0.0644623682362243
Fmod 6.79320671202732 0.618820573126511 -0.0204241316287781
Rbp1 6.28047114632173 0.707490009383181 0.588854276871307
Ogn 6.21700503686306 0.810851541092036 0.199011224791515
Neurod6 6.12705716537057 0.608124384706244 0.253445741350859
Mgp 5.99800212374837 0.780897357658374 0.515510618548049
Aldh1a2 5.92871073790328 0.841297161762587 0.615605604706096
Krt12 5.56553654141941 0.584195557467548 0.381943728506488
Spp1 5.42186110161362 0.634835059866301 0.455441187797646
Nupr1 5.41821325909109 0.579812137300903 0.497625789023182
Mpzl2 5.41013161099265 0.808411382028052 0.310238868746784
Crabp2 5.17014155775822 0.757344858440099 0.0752941561852217
Atp1a2 5.12571942051687 0.283411218852418 -0.10776599941262
Cxcl12 5.08678349997738 0.545019889607186 0.0426566722982652
Anxa1 4.96999132905424 0.679147267037146 -0.0950676257444688
Ifitm2 4.82758253544667 0.786776888344546 0.786541381954149
Lamp5 4.77050893927765 0.220799323629573 0.00643339142105512
Efemp1 4.76767480845324 0.601720735575827 0.0655327782465309
Itpka 4.75247809101278 -0.0595962427509658 -0.157557807734253
Nov 4.72232060506925 0.467638175598216 -0.124840908964785
Phldb2 4.68757415035083 0.583939594780434 0.224798231925185
Kalrn 4.66306077413297 -0.0178569216753743 -0.0905951096927717
Anxa3 4.60954076975037 0.804006756111055 0.732137605686159
Ifitm3 4.59438429484253 0.630815882211496 0.398474145629288
Pdzrn3 4.57259770825577 0.443621757846958 0.406076556863415
Foxc2 4.57101462442489 0.878689955578313 0.752664933679468
Igfbp2 4.56686264786471 0.677005785044762 0.408008926758902
Gjb6 4.54422440467474 0.534387161060832 0.430940497302826
Pcolce 4.47707846112194 0.79368697123458 0.670267283973508
Islr 4.45155362907816 0.767894167704721 0.268284894462981
Sphk1 4.44497468531836 0.636371448463609 0.69532257196492
Foxd1 4.4373131116716 0.866610968347107 0.564125750026323
Vtn 4.43693999467252 0.65868893338938 0.259183320660691
Tnnc1 4.42158476649835 0.708300063494178 0.698651070927801
S100a11 4.39877346708996 0.594399113240914 0.62937848271486
Igf2 4.35244953045572 0.703748419517027 0.214929319156232
Klf4 4.24345019879944 0.553859830164311 0.0719685530119964
Slc22a8 4.22316451039203 0.836133769825196 0.428285608990343
Ifitm1 4.21706173090719 0.800178350841203 0.620471514086455
Zic1 4.21076602082419 0.171732371758705 0.188426119565536
Aldh1a1 4.20329572507838 0.0974791301125044 -0.177483586148996
Cnn2 4.19373589165572 0.687033516482283 0.00286820041680132
Foxg1 4.16547991172082 0.0201945114316064 -0.233167850290775
Bmp6 4.15659929243777 0.742716758126286 0.61291983322811
Myl9 4.15479394152223 0.669760403306263 0.310611433254622
Apoe 4.12976712611142 0.169536373967285 -0.254102312443485
Coch 4.06979389505282 0.344464876771141 -0.219772782618392
Lgals1 4.03837673437855 0.372355680456941 0.0950926673326743
Anxa2 4.00343873736981 0.720546116113275 0.418143741077326
Bmp7 3.96797623512219 0.744045018229574 0.604630533627088
Slc13a3 3.96695170515124 0.388335588394419 -0.193296634448231
Tnfsf13|Tnfsfm13 3.95557043028209 0.718806535698682 0.609649825583078
Ddit4l 3.95190259968955 0.526818165925685 0.0150292875073884
Ctgf 3.93286811498266 0.512725752733205 0.214375874875532
Foxc1 3.9292656783591 0.93592777318811 0.87427163638684
Csrp2 3.87878084178625 0.603121869182718 -0.0102713190568477
Wwtr1 3.85456975109587 0.290025763190229 -0.176971847021265
Twist1 3.82781416994819 0.808026341170109 0.485599303220046
Vamp8 3.80585545658706 0.466679101926003 0.277219413880589
Gjb2 3.80223588876103 0.690666794148035 0.293386712255436
Apod 3.79207240685511 0.248694114697797 0.0365157954539243
Gstm2 3.77363778460586 0.858631485588506 0.639505464787604
Nrgn 3.76583837800718 0.210168298248061 -0.12981701656676
Dcn 3.71880179002354 0.591337412432086 -0.134897058306052
Nfe2l2 3.71164598971353 0.403942393762736 -0.0700305656434839
Osr1 3.70384673826471 0.842999006074316 0.534877459745152
Id3 3.63977532462249 0.477529274549268 0.155331747606994
Ngef 3.62322411834649 0.131019430963092 -0.116448824147467
S100a6 3.60635623530386 0.266463247030231 -0.0966499736238263
Myl4 3.56765174605032 0.715526985330128 0.121221899360205
Nnat 3.55426770382337 0.19883997705521 -0.0954402655944221
Copz2 3.53515812831816 0.669194100262896 -0.0535501694653204
Srgn 3.53149465555518 0.654557764843256 0.29643731795628
Slc6a13 3.52855734063445 0.631456123347203 0.229427154099283
Dtl 3.52832351209355 0.747538882547809 -0.159001682287663
Rasl11b 3.50475373305141 0.123782240492855 -0.220655680394737
Dusp14 3.49769934366396 0.510711094445508 -0.0746839874611187
Ptk2b 3.49499269309626 0.111027578694911 0.126322182054886
Arpp21 3.49049866614992 0.295787066764997 0.0108518459178515
Sult1a1 3.48448444506086 0.628596734985464 -0.0579019574464893
Crym 3.4738761302808 0.116115344662616 0.0202464200965163
Cck 3.39224701989856 -0.0581184509214695 -0.160550898224372
Clic4 3.38374782381013 0.130072786730039 -0.0851019266708389
Wnt4 3.34221486573053 0.559582439247931 0.100535674638874
Serping1 3.33668840740866 0.610747727462574 0.223250364054581
Slc47a1 3.31087195572251 0.698395132879496 0.0966064040399492
Igfbp6 3.27034422259957 0.256044889055461 -0.252851793925642
Bmp4 3.20971475070971 0.61963175460079 -0.129716085310898
Car13 3.17974862827562 0.720130581944251 0.407294851241169
Dab2 3.04792949510448 0.619095104424735 0.353854843722388
Tmod3 2.97934602716738 0.442001989560284 0.00753641022265219
Perp 2.93145399386345 0.461495607392932 0.213369679952444
Dkkl1 2.87243949202709 0.806783852837975 0.419183162741561
Emp3 2.71696621370852 0.803336515978587 -0.0572054114477647
Ifit3b|Ifit3 2.58315228725537 0.54537309826067 -0.0181621767297759
Vasn 2.47563529424517 0.307995063406329 -0.200570835690511
Inmt 2.40589141669618 0.749815233227198 0.32114269325141
