74211
67477
433256
216991
13733
100182
329154
11745
70719
216869
107350
12010
12267
12362
12370
20305
140497
12490
12493
23833
12514
12628
12655
23845
114584
12721
12960
13036
80281
13057
58861
26377
94176
50498
98878
13732
12495
16456
14129
229499
14159
23880
14537
14594
63986
78816
105348
106512
15001
171285
15163
15277
192232
15939
80719
16164
60504
16194
16197
27056
16414
16477
23849
16768
18826
16859
17001
17087
17096
17258
58805
17533
17886
17921
17948
17951
224109
27355
18591
56744
18707
192654
234779
67220
67448
269823
19128
19271
54354
226594
19696
56470
74131
26943
233186
20469
18173
20540
219140
20375
14270
192187
20852
70415
21356
21391
21803
21897
107769
217353
76681
94094
22368
74048
