73737
66952
239435
11423
75986
433855
12306
11746
14570
70317
65115
381356
12294
12310
116903
140904
27220
12404
215814
215707
24047
12484
13136
72269
104010
170677
69065
12652
246048
12716
74438
170571
66915
12891
73720
13056
13347
13829
226162
13483
15569
14077
14172
14226
57780
14406
14675
64337
14778
56541
15165
56016
15405
15413
15426
50786
15507
80888
16373
16392
107250
16511
211480
16527
16728
16852
22342
102747
23936
29857
70717
17395
56309
380684
18039
18040
54003
78688
18162
78593
80883
67405
12695
66425
64058
227733
78977
19132
19142
75668
19711
50782
228543
80515
19894
239405
20191
20194
20265
20346
50795
212531
140919
20508
243328
103098
66402
20618
20745
20750
76650
52331
20257
29859
71733
20980
20983
72148
57816
14356
19240
70551
21987
22045
24111
22317
69847
56418
