Astrocyte	Basket	Bergmann	BrainstemCholin	CerebGranule	DentateGranule	Dopaminergic	Ependymal	ForebrainCholin	GabaPV	GabaReln	GabaRelnCalb	GabaSSTReln	GabaVIPReln	Gluta	Golgi	Hypocretinergic	Microglia	Microglia_activation	Microglia_deactivation	Noradrenergic	Oligo	Purkinje	Pyramidal Thy1 Amyg	Pyramidal Thy1 Hipp	Pyramidal_Glt_25d2	Pyramidal_S100a10	PyramidalCorticoThalam	Serotonergic	SpinalCordCholinergic	Spiny	ThalamusCholin
225998	216233	214944	14172	65971	109620	13162	108000	12903	12862	21955	18159	14829	22353	228911	13143	12922	54673	18035	69922	12311	67102	13592	100040462		20671	50722	13848	74175	15405	18574	14369
75541		118452		66183	20356		57444	19217		21349		72413	15561		24053	15171	12655	547253	72560	17112	67801	28006	60367		66637	21924	75646	260298	17395	64378	22178
13527		22341		29857	239510		12316	63993		14409		14729	12818		11474	22045	16430	22323	246177	20538	14618	19051						20519	13711	23984	13808
20598		71660		13813	18168		29875	16875		14408		50706	22418		19395	12425	27056	14130	17305	17161	74559	20957						15567	67486	29863	21928
27360		21415		12351	13511		20677			109594			18142		14257	15372	192232	19766	319880	13166	14912	19255						22044	15426	73712	15564
23972		69786		18508	60440		50927			18424					239083	54140	14594	12524	15170	65255	70747	20537						15006	14675	108655	66042
29873		19301		668253	56720		20135									18548	210998	18787	140742	14867	17433	11854						12705	69847	218772	227929
76187		20130		54698	217517		108907									192199	94212	20308	68964	75352	20665	19279						19218		225870	212531
13998		11853		22255			21973									76770	170791	16172	56504	11859	68743	66106								56458	21414
52538		13142		56410			327762									18610	26377	19698	13709	52331	11484	53313								18143	53608
102644		59056		67525			73804										57259	17970	76088	12659	105439	16873								15930	56846
12759		232345					75426										58805	171531	30955		103743	53857									57257
30956		12364					13605										20397	11977	64099		338521	98845									22774
74013		24117					18140										26401	14455	54445		50915	13591									110834
11541		14872					12442										21356	11796	230787		17441	12822									18761
13110		13559					107995										12514	18037	56708		211945	12373									54352
210126		17702					170753										66552	69774	14960		100434	70810									620078
68801		21948					68014										329154	20321	16819		73940	215512									56066
12032		74055					20666										228839	12774	16155		17136	333182									16372
18679		319158					142682										54396	67742	53945		50913	27206									104271
70097		78558					66953										18783	13685	12489		14431	212111									319625
72014		22038					13392										15163	16193	105670		94226	20840									230899
16007		53620					20419										63986	16391	11629			64337									
104776		19228					215387										80281	22033	69178			20513									
107869		140765					70099										64209	12394	14998			57295									
67122		12654					74107										21452	21354	19141			26558									
29820		104445					93760										16197	15216	19650												
19249		80837					68612										233186	70110	21898												
26362		75823					217653										81910	26410	15985												
216190		238257					11481										16477	73656	100561												
54381		19682					74194										80898	20310	23871												
76892							19366										20375	12795	216445												
16779							12479										12752	17133	102545												
13618							17220										94094	72512	13713												
223227							229473										14961	228790	16154												
30937							12534										100182	80285	27060												
14366							17345										230257	22324	20148												
13649							229841										14159	66102	171207												
74114							14056										140497	74734	80877												
27494							20683										18591	17969	19253												
14230							27214										14129	16822	11727												
76257							12458										14537	20963	17159												
81879							67177										16164	65972	12488												
218952							232334										16414	12013	52855												
20498																	22022	74213	74096												
22329																	23880	65221	231871												
83925																	70719	23921	54613												
20787																	58861	74760	107373												
19125																	60504	16190	54486												
12411																	27355	17874	217333												
20917																	21391	170625	98365												
12830																	17948	14127	56644												
16870																	12721	22019	223433												
14221																	67776	12257	16970												
56473																	20305	15945	16331												
11758																	17096	19205	15242												
57265																	13036	53599	12335												
12494																	216991	24088	21810												
18682																	16768	14605	18805												
67442																	21803	170743	107321												
22330																	64138	20293	12506												
14766																	234779	21899	20430												
68607																	17951	71586	14247												
18596																	50498	20732	218203												
16404																	338467	17972	12796												
14661																	14824	16145	12229												
116701																	19025	16175	233328												
81840																	23845	15937	192193												
110078																	229499	12608	217303												
98396																	106512	108829	16912												
14405																	110006	208104	54153												
76267																	171285	21817	21815												
329828																	12628	80910	72691												
27273																	98878	12363	83433												
216739																	67477	207818	11555												
67111																	227612	68774	213002												
70757																	76681	15162	56485												
69239																	16194	99100	104759												
12496																	56744	671535	56857												
54635																	20469	60322	13448												
19013																	226594	20128	17002												
329877																	12267	15284	22379												
13850																	12633	12984	231931												
19771																	269823	21926	68487												
75475																	74131	13025	106952												
11761																	224109	58801	74153												
14261																	227696	20296	70497												
16173																	20852	14595	21938												
106648																	100127111	19697	11554												
14756																	216869	67951	107375												
64385																	18173	18626	12986												
69538																	17533	55942	381319												
66234																	12493	233571	68891												
228357																	225027	19332	56045												
																	19224		259277												
																	107350		27419												
																	74030		26888												
																	16859		12606												
																	77034		17095												
																	192654		21682												
																	54353		76408												
																	12960		11857												
																	66775		26382												
																	80719		14676												
																	114584		211550												
																	12490														
																	94176														
																	12495														
																	78816														
																	17872														
																	217353														
																	20540														
																	13057														
																	19696														
																	74211														
																	54354														
																	14972														
																	17087														
																	21897														
																	67220														
																	23833														
																	12370														
																	243771														
																	12362														
																	19128														
																	17698														
																	192187														
																	15979														
																	15001														
																	14231														
																	16456														
