Astrocyte	Microglia	Microglia_activation	Microglia_deactivation	Noradrenergic	Oligo
209378	110956	18035	70839	12311	21952
225998	12655	57444	69922	93843	67801
75541	27056	17210	72560	17957	66066
12406	192232	547253	16792	20974	17196
12444	14594	20491	246177	59093	71529
20682	14270	12259	17305	140723	69993
21859	74048	17534	15170	12484	56363
27360	170791	14130	68964	19417	14618
23972	26377	19766	76088	69908	74559
107747	15439	12524	30955	12554	14912
76187	107769	18787	64099	75745	70747
67896	58805	19073	54445	14528	17433
13998	105348	20308	50934	18549	17988
104174	12514	16172	14991	17755	14745
102644	18826	17970	17110	68567	20665
17304	23849	171531	230787	23964	66949
98660	12010	11796	56708	17263	17153
12759	329154	21928	14960	235281	68743
30956	54396	12260	16819	64242	227753
11541	15163	18037	70031	23969	11484
210126	18707	69774	21812	94332	192657
13175	67448	20321	16155	20194	53897
14184	63986	12774	53945	15569	240913
53896	80281	16978	12489	13723	67516
20511	64209	80859	224860	20450	105439
58807	16197	67742	17952	14706	103743
14813	233186	73690	12978	53886	72287
70097	15277	16176	11629	57740	22239
72014	17084	16193	66824	76917	338521
16007	16477	12394	69178	21823	50915
104776	17001	56706	14998	12653	227580
53412	20375	21354	19141	11928	29862
107869	94094	12702	21898	100503659	18417
14633	22177	12522	13051	11440	17441
29820	14961	15216	15985	16511	19215
18508	100182	22228	23871	108013	211945
18760	230257	70110	216445	20538	100434
22601	14159	26410	102545	17161	13643
26362	26943	73656	74039	14432	73940
14314	140497	20310	13713	229706	66124
18994	18591	19354	16154	103768	17136
19206	19079	72512	19735	13166	19337
21808	11906	80285	67865	114886	18991
16779	58809	22324	227929	72269	11815
13618	14129	12508	27060	12564	68458
56448	14537	66102	114249	26949	18088
97064	16164	74734	99543	20257	11565
54403	21788	15894	17476	20965	213019
16011	16414	56193	171207	56526	20408
20971	17258	17969	80877	170571	50913
13649	23880	16822	19253	56808	16979
56741	70719	20963	11576	66797	27219
13371	58861	65972	239217	65255	225341
55963	60504	65221	11727	16728	94226
229534	27355	23921	17159	20927	
27494	15936	74760	16988	12310	
56188	21391	24014	52855	78593	
14230	12262	16190	74096	80883	
20512	17948	17874	54613	246048	
12950	20305	14127	107373	20983	
108052	11690	22019	54486	19240	
14114	17096	13654	217333	14419	
192216	17886	14131	98365	20452	
76257	13036	15945	56644	13483	
20678	216991	67547	223433	22152	
81879	16768	24088	20202	14783	
11829	21803	21847	15212	14226	
74519	64138	14605	16970	14867	
68385	234779	170743	16331	56523	
58187	17951	20293	15242	75352	
13123	50498	21899	12335	11516	
22329	11656	20732	21810	229722	
83925	14824	22695	107321	100303646	
15483	23845	17972	20201	110876	
13004	108101	16145	17684	19662	
19125	229499	16175	231633	12294	
12411	106512	15937	12506	18082	
13731	110006	12608	14247	22342	
22350	219140	108829	218203	60597	
66873	171285	208104	16170	57775	
57738	12628	21817	12796	69574	
12830	67477	80910	16658	545192	
16870	227612	20303	13593	65254	
14221	76681	12363	12229	17758	
56473	16194	207818	20345	12652	
19038	56744	75234	233328	20908	
234356	16598	68774	192193	226180	
243914	15939	15162	217303	67451	
57265	20469	99100	16952	18481	
12494	13040	671535	16912	67295	
18682	226594	56437	19731	20618	
54326	54199	20128	16909	12933	
16816	12267	15284	54153	319317	
14623	17921	12984	14282	23934	
16206	269823	21926	21815	170677	
19283	74131	13025	72691	18548	
50500	19264	58801	83433	20254	
12505	224109	20296	11555	110058	
57319	227696	14595	18054	104886	
68607	20852	12475	213002	18616	
18596	13732	67951	17060	27220	
20255	100127111	18626	56485	17116	
81840	216869	55942	268903	13056	
110078	18173	233571	11513	11859	
98396	17533	19332	22320	11423	
22339	11745		104759	80334	
232146	12493		18753	14077	
14560	225027		56857	14778	
14405	21813		17002	380684	
116847	107350		22379	19275	
329828	16859		231931	13386	
16008	192654		15900	19711	
11932	54353		68487	83766	
22421	12960		106952	21419	
29815	11810		74153	12716	
27273	66775		70497	104010	
27226	105855		21938	243328	
216739	80719		11554	52331	
140492	114584		107375	50782	
69239	12490		67712	20733	
12496	94176		12986	18039	
19013	12495		23890	66815	
13850	78816		15446	71733	
219151	20302		381319	19894	
16525	17872		68891	23893	
170790	217353		259277	53870	
20893	20540		26888	20606	
26938	13057		12606	14570	
11761	19696		11910	53322	
14261	74211		17095	103098	
106648	54354		21682	12659	
13609	14972		20111	22065	
14756	17087		76408	13180	
64385	50778		11857		
94180	21897		26382		
69538	67220		14676		
14066	23833		104681		
13602	12370		211550		
19309	12362		24099		
	80891				
	19128				
	16854				
	17698				
	192187				
	15979				
	15001				
	16456				
