Astrocyte	Dopaminergic	Microglia	Microglia_activation	Microglia_deactivation	Oligo
209378	116811	110956	18035	70839	21952
225998	17957	12655	57444	69922	14618
75541	59093	27056	17210	72560	70747
13527	75745	17912	547253	246177	66949
12444	15569	192232	20491	17305	68743
23972	17470	14594	12259	319880	192657
29873	21823	14270	14130	15170	53897
107747	12653	74048	12524	68964	50915
76187	18227	26377	18787	76088	17441
67896	11440	15439	19073	30955	211945
13998	64085	107769	20308	64099	78303
104174	108013	58805	17970	54445	66124
102644	229706	105348	171531	50934	19337
12759	20603	12514	11796	14991	68458
210126	14406	18826	21928	17110	11565
14184	12889	23849	12260	230787	213019
53896	20265	67103	18037	56708	50913
12032	56808	329154	69774	14960	225341
58807	66797	15163	20321	16819	14431
14813	67792	18707	12774	21812	
72014	78593	67448	16978	16155	
16007	80883	63986	80859	53945	
53412	21338	80281	67742	12489	
107869	20983	64209	73690	224860	
17035	67260	21452	16176	11629	
14633	13483	70415	16193	66824	
29820	217340	16197	16391	69178	
18508	57138	233186	12394	14998	
18760	14783	15277	56706	19141	
67916	13821	17084	12702	21898	
56448	20745	16477	12522	13051	
97064	13162	80898	15216	15985	
30937	18752	17001	22228	23871	
13649	11516	20375	70110	216445	
68738	110876	94094	26410	102545	
229534	12570	22177	73656	74039	
14230	22342	14961	20310	13713	
20512	60597	100182	19354	16154	
108052	57775	14159	72512	67865	
76257	18197	140497	22324	227929	
81879	93688	18591	12508	27060	
11829	12652	81489	66102	99543	
74519	16498	19079	74734	17476	
68385	20618	58809	15894	171207	
58187	11941	14129	56193	80877	
13123	319317	14537	17969	19253	
22329	19713	16164	16822	11576	
83925	18548	16414	20963	239217	
15483	20254	17258	65972	11727	
19125	13807	23880	65221	17159	
12411	13056	70719	23921	16988	
13731	320405	58861	74760	52855	
22350	13386	60504	16190	74096	
66873	19711	27355	17874	54613	
57738	20733	15936	14127	107373	
12830	12308	21391	22019	54486	
16870	23963	12262	13654	217333	
14221	94229	17948	14131	98365	
18128		20305	15945	56644	
57265		11690	24088	223433	
12494		17096	21847	20202	
18682		13036	14605	15212	
66277		216991	170743	16970	
54326		16768	20293	16331	
16816		21803	21899	15242	
14623		64138	20732	12335	
22330		234779	22695	23894	
19283		17951	17972	21810	
50500		50498	16175	107321	
57319		11656	15937	20201	
106861		14824	12608	231633	
16404		23845	208104	12506	
20255		108101	80910	14247	
81840		229499	20303	218203	
98396		106512	12363	16170	
22339		110006	207818	12796	
232146		219140	74091	16658	
14560		171285	68774	12229	
116847		12628	15162	20345	
329828		67477	99100	233328	
16008		227612	671535	192193	
22421		76681	56437	217303	
27226		16194	20128	16912	
216739		56744	15284	16909	
140492		16598	18793	54153	
69239		15939	12984	14282	
12496		20469	21926	21815	
19013		13040	13025	72691	
13850		226594	58801	83433	
219151		54199	20296	11555	
11761		12267	14595	16985	
14261		17921	12475	18054	
106648		269823	67951	213002	
64385		74131	55942	17060	
94180		19264	233571	56485	
14066		224109	19332	268903	
17986		227696		22320	
18217		20852		104759	
		13732		18753	
		100127111		56857	
		216869		17002	
		13733		231931	
		18173		15900	
		17533		68487	
		11745		106952	
		12493		74153	
		225027		70497	
		21813		21938	
		19224		11554	
		107350		12986	
		16859		23890	
		192654		15446	
		12960		381319	
		105855		68891	
		80719		72324	
		114584		259277	
		12490		26888	
		94176		12606	
		56470		11910	
		12495		17095	
		78816		21682	
		20302		20111	
		17872		76408	
		217353		11857	
		20540		26382	
		13057		14676	
		19696		104681	
		74211		211550	
		54354		24099	
		14972			
		17087			
		50778			
		21897			
		67220			
		23833			
		12370			
		12362			
		80891			
		19128			
		16854			
		17698			
		192187			
		15979			
		15001			
		16456			
