Slc6a4 7.4221482098736 0.850674899325271 0.796628479973826
Fev 5.83022591381187 0.761386648093091 0.726790936618066
Hs6st2 5.6904150099282 0.435432302988391 0.63838527580632
Slc22a3 5.49971649549385 0.865284047042072 0.878145850967657
Gch1 5.04892071541787 0.111293093330001 0.0549064376313268
Tac1 4.81702425350459 0.533795841278973 0.6271358733595
Sncg 4.79965814997937 -0.0683300571374452 -0.0766331961365878
H2-Q1 4.6043801976051 0.824423410396313 0.757217043439751
2010204K13Rik 4.59030626347758 0.555955041194046 0.700306702605883
Klk1b27 4.41236439995862 0.600794853730997 0.175878996033416
Trh 4.3674874042808 0.603108905692179 0.577278928068732
Mal2 4.18050300469311 0.490581362183998 0.5794474184135
Ceacam10 4.17504219446138 0.874787188385211 0.885221190103189
Ctla2a 4.07826661591379 0.745657304179748 0.622823351952646
Gata3 4.04070672613932 0.872460069839201 0.836047891229256
Ttr 3.98943375852017 0.333256321487456 0.106881235135213
Kcnq2 3.94817507310979 -0.251363557470486 -0.252551572229718
Resp18 3.92762567639395 -0.134110979460238 -0.0300710948404703
Calb1 3.90800636436293 -0.19583931422195 -0.160695025508248
Cited1 3.84678936665587 0.746987222402587 0.737796798809706
Scg2 3.81299553661278 -0.0067407316847657 0.227890586261216
Sln 3.67789674824887 0.761238761767635 0.69076591993174
Chd3os 3.6747761168263 0.319401674709065 0.5484548145392
Ctla2a|Ctla2b 3.67456077759181 0.720887055112394 0.558559361873354
Myh7 3.6650404904447 0.445295636595231 0.261474515841367
Car10 3.627297027687 0.304762209069602 0.295729724530239
Ddc 3.576255491727 -0.207974772125604 -0.272237606808387
Htr5b 3.56938433386904 0.755395271715098 0.697214203190599
Ptger3 3.51868575414586 0.66599775210562 0.643651778574577
Gpx3 3.47345457325846 0.225579826734501 0.563972041225009
Stmn2 3.44952524365285 0.0663227160918231 -0.0869378593431667
Htr1a 3.41731192456273 0.670240035177904 0.575566609191451
Gata2 3.40530869082834 0.382296464711633 0.146632909485735
S100a10 3.39970022899298 0.186667184250744 -0.0482792800326085
Apol9a|Apol9b 3.39842537220074 0.799695256730195 0.808907539493572
Kcna5 3.3652035397085 0.524023977561871 0.0466385499484711
Rpp25 3.17375983999853 0.58702035007391 0.526775113687269
Crct1 3.00998086233701 0.868253486572912 0.880581907385841
Pcdhac1 2.70396053016115 0.760069351014492 0.680668310632606
Fxyd2 2.39421356095105 0.533141751410834 0.53342825058748
