Ctss 12.7993131212246 0.91709276401165 0.66544566774588
C1qb 12.2322731163769 0.91915869772032 0.66528220008539
P2ry12 12.0870952100483 0.870632003251094 0.66259716875651
Tyrobp 11.5052626851301 0.896537162707087 0.615527119032625
Fcer1g 11.0830107210162 0.934210855316925 0.662377270182917
Gpr34 10.9796713982566 0.909483622389601 0.665996407422583
Fcrls 10.9330134009656 0.94490338458238 0.663692407344995
Ly86 10.847405343372 0.946514157405035 0.664979601848684
Fcgr3 10.6132879415573 0.946449117944492 0.665060651591312
Olfml3 10.4598704496353 0.813444572183212 -0.117183260791506
Laptm5 10.3538323661692 0.899175112495862 0.263719274833202
Zfp36 10.3126094938447 0.734289997194482 0.448053973490709
Rnase4 10.0889535638428 0.799065207909502 0.239244481478756
C1qc 10.0820891860372 0.958705473054568 0.663187894205729
Sparc 10.0734877888011 0.630038616936075 0.408367467801438
Csf1r 9.96017496859814 0.951323185114473 0.664188871652306
Selenop 9.93565744558786 0.558124583430362 0.354211057064988
Cd53 9.86365002191966 0.936657319818228 0.665541670289706
P2ry13 9.68197125591223 0.928141259158408 0.664511247737576
Ccl4 9.58757663861669 0.963072695631499 0.660732622583895
Trem2 9.51071264762598 0.909544247709687 0.664405159034363
Susd3 9.48236402749282 0.957158644137069 0.666666666666667
Cx3cr1 9.47638618677058 0.944119437099588 0.638275394064188
Cyba 9.41970241792962 0.736915577394174 0.343772443002374
Aif1 9.41440490455681 0.911138784813922 0.661041610067672
Cd68 9.40428972546117 0.734897540681912 0.666666666666667
C1qa 9.1077069295382 0.958081894825464 0.666666666666667
Rgs1 9.070906841576 0.959710735048441 0.666666666666667
Arhgdib 9.06892746834772 0.643430353460232 0.272113290330773
Ltc4s 9.05513101268081 0.895620308171047 0.0146150471309362
Ccl3 9.04053901017212 0.946729848094405 0.666666666666667
Alox5ap 8.99308348636568 0.780401978940426 0.666666666666667
Pld4 8.97112242424722 0.953561128135298 0.666666666666667
Ccl12 8.91292609466956 0.940994611871404 0.666666666666667
Cfh 8.88720163739587 0.777402305316293 0.136229809815932
Tmem119 8.79463533243759 0.965357271493229 0.664729976711458
Siglech 8.78516251257121 0.930610558824296 0.642321662100945
Ecscr 8.71227675128687 0.77622627614747 0.252523939724192
Cd14 8.67494265931013 0.941358857634967 0.666666666666667
Selplg 8.62362584014065 0.938844531431418 0.639088836552816
Txnip 8.60926903535946 0.769871949788306 0.63597410470924
Atf3 8.49599061606012 0.902133710827237 0.451359240555924
Ctsh 8.40828986450964 0.699913632677812 -0.333333333333333
Lgals9 8.35856607762373 0.68721138009253 -0.302853463274859
Hexb 8.28713538808715 0.816142748997305 0.561474417465457
Rgs10 8.2765901752133 0.600053071728968 0.450607688770016
F11r 8.27597368882291 0.75295552923367 -0.270744746373824
Anxa3 8.12639943624024 0.683333821917823 -0.333333333333333
Vamp8 8.03501734685772 0.632288250260664 0.252821175425066
Gngt2 8.02845016217369 0.90768356668739 0.342111693638808
AF251705 8.01893964301698 0.928522742225394 0.646886717442572
Cd37 8.00393048901732 0.960451109941659 0.664285787591399
Unc93b1 7.90730551523433 0.855061234308737 0.657004697499133
Clec4a3 7.90481892843836 0.952905712481834 0.666666666666667
Adap2 7.89723504416233 0.867874494934648 -0.184406022176917
Ccl6 7.88754226348613 0.957674136547489 0.666666666666667
Tgfbr1 7.86446673783208 0.817354109043213 0.470079720590551
Lcp1 7.8416506354507 0.904153924386122 0.666056172628275
Cd52 7.83911663684815 0.889742847387107 0.666666666666667
Fermt3 7.8207659624274 0.934326806616655 0.615396568105335
Bcl2a1b 7.81408135713866 0.948436846455888 0.666666666666667
Evi2a 7.79338808851053 0.731605755591977 -1
Itgam 7.74622544753225 0.9586980664589 0.660126835645031
BC028528 7.69936842532278 0.65212543097863 -0.293716236894921
Hpgd 7.68220500498441 0.884935527714427 0.666666666666667
Fcgr2b 7.67265909678111 0.966221859059132 0.666666666666667
Trf 7.66891915916742 0.641798964028275 -1
Vsir 7.65893577058984 0.881391561816323 0.338510653572796
Ctsc 7.60315552848507 0.782286452828484 0.44971408953574
Fyb 7.59074609840875 0.963667117550448 0.666666666666667
Ang 7.58798684775035 0.822175682839033 -0.190998129754378
Fgd2 7.57672967823833 0.961851566692033 0.665571309750993
Adgre1 7.55535389222536 0.959840994930673 0.666412336119601
Phyhd1 7.47207691725447 0.816776662411378 0.400220776109989
Rab3il1 7.43942950722806 0.883379497503391 0.665749578116763
Ptgs1 7.42829590361172 0.678890231332377 0.555026546908306
Fli1 7.42103134788718 0.760515099586138 -0.333333333333333
P2ry6 7.414208605881 0.947295459412801 0.666666666666667
Lyz2 7.40325348446771 0.897452986542954 0.661213337415587
H2-DMa 7.37837306991356 0.639574121937528 0.61217749964734
Lyn 7.34239577893761 0.817965685015784 0.174674480347595
Hpgds 7.33570972168929 0.885904825841789 0.658392733454955
Cd48 7.32237482826923 0.96610775750322 0.664430295067011
Zfp36l1 7.31220242552699 0.642989274557024 0.584236146829128
Bco2 7.31120900008183 0.906860547009826 0.664526294075715
Pon3 7.30654242507807 0.89376733588359 0.274184084532107
Nckap1l 7.30315966794845 0.950686412200962 0.666666666666667
Sla 7.29187275928925 0.687839023186471 0.563083535646599
Dhrs3 7.24228309614197 0.364347267860858 -1
Cd86 7.23963372213634 0.964356886299942 0.664686912054245
Tnfaip8l2 7.2295922922068 0.947605143635914 0.666666666666667
C5ar1 7.19778355406597 0.965200683180445 0.665526412679718
Tmem37 7.19538446273405 0.718317125173051 -0.292020699729013
Fcgrt 7.17867460843012 0.606555258820129 -0.295808921554691
Ccr5 7.16859603884846 0.966270511740324 0.666666666666667
Lair1 7.14291583145432 0.857816674093403 0.66489842667141
Xlr 7.11859082685479 0.843867832408725 0.402113597768259
Plek 7.08577810653405 0.828549817928825 0.664742011763808
Tbxas1 7.07462421053724 0.95586569738627 0.665409357270955
Tmem173 7.05804694449175 0.907549305572213 0.173555586911762
Il10ra 7.0140610590189 0.955894772567008 0.666666666666667
Blnk 7.00606443885936 0.541047733020716 0.388652958764983
Lat2 7.00009694493827 0.860191014099862 0.666666666666667
Gm14023 6.97921518576489 0.931613751914024 0.666666666666667
Lpcat2 6.96297086030927 0.809500337020646 0.301068014055992
Ms4a6d 6.94256781902676 0.956589041906505 0.666666666666667
Slc2a5 6.93890648452713 0.92115461245142 0.665876934476205
Mertk 6.93452108627897 0.733893671378016 0.125826733996945
H2-K1 6.92794535282258 0.664811185998678 0.662145964411435
Grap 6.91883468455948 0.838212046646421 -0.234385894525121
Mpeg1 6.90232774310003 0.941655345320591 0.66518822279446
Havcr2 6.89039738337695 0.944451867235976 0.666248994514343
C3ar1 6.8902533607973 0.899111370266525 0.666440108222925
Gpr183 6.88064972965915 0.892927858853816 0.664812355225846
Entpd1 6.87167701391842 0.738416533574278 0.598916273321408
Golm1 6.86774322664701 0.725238279552051 0.411224927937554
Fam105a 6.86023660834504 0.78204235987422 0.300199166506936
Coro1a 6.84968325990556 0.12165039375261 0.559375652613686
Crybb1 6.84571812699273 0.965639101750372 0.666666666666667
Casp8 6.84081659580929 0.830608507554738 -0.333333333333333
Lcp2 6.83222662121067 0.950250824940864 0.666547798901185
Arhgap25 6.82791283396554 0.289102966600509 -0.125026221388538
Itgb5 6.8179641948537 0.833316742268527 0.344718499894184
Tagap 6.81643819504604 0.84807233293557 0.660846637644104
Ucp2 6.80939785492613 0.750430346832533 -0.307505935830775
Adrb2 6.80195728079843 0.805152110653208 0.380936525045506
Apbb1ip 6.79584102080261 0.912018594146833 0.666666666666667
Slco2b1 6.77462245904578 0.805781372789741 0.365094605079756
Gmfg 6.77029448206227 0.954564612337588 0.666666666666667
Itgb2 6.76815802056122 0.946417763101174 0.666666666666667
Srgn 6.7621154870549 0.666581867566177 -0.19155079456775
Hk2 6.75821009673072 0.872379855004652 0.665276633664832
Inpp5d 6.70879925156853 0.88469983221531 0.6661896374452
Gm10790 6.6831276816478 0.948346450150192 0.666177074551832
Cyth4 6.67740727526787 0.935509329685564 0.494931428472555
Il1a 6.66322168951377 0.931802708274499 0.666666666666667
Psmb8 6.64282777525733 0.877489703796708 -0.0116784403858199
Fcgr1 6.64280042884356 0.961344015481527 0.665635958758228
Mafb 6.63410396206325 0.614988813583351 0.43140791026329
Bst2 6.59601614233023 0.781331481695223 -0.228926646747866
Cst3 6.5756419652667 0.768837684716336 0.657922217570874
Skap2 6.56416285317271 0.670677413531893 0.283955119473592
Lmo2 6.55643623116912 0.731729788384949 -0.29925338961915
Msn 6.55474785642576 0.657742426634021 -0.333333333333333
Lst1 6.55130289826202 0.811131174574337 0.666666666666667
Ebi3 6.55016414967275 0.845190573233222 0.666666666666667
Hist1h2bg 6.52807531485204 0.9088186862787 0.656009655336234
1810011H11Rik 6.5230130002552 0.966568622987585 0.666666666666667
Ms4a6b 6.51221445377693 0.950387783342107 0.666666666666667
Rhog 6.48942351733677 0.677536858218316 -1
Cd33 6.47202479443343 0.943963155476581 0.664343167646708
Clec5a 6.43919244059019 0.959103867862653 0.666666666666667
Slc25a45 6.43673569559313 0.895269133443615 0.65395648683198
Tlr4 6.43529948110563 0.937745388657709 0.383553871443641
Sall1 6.42411409392663 0.872934912254709 0.537347077432894
Apobec1 6.3693875221917 0.965391717619858 0.663730151197694
Itpripl1 6.36911883282287 0.710558303374714 -0.271702000463906
Fcrl1 6.36534418865133 0.966400730042403 0.665161483143916
Dapp1 6.36251079747381 0.827142980502703 0.201275472755011
Ptprc 6.35108703138446 0.952091536185863 0.666666666666667
Gpr84 6.34744017732072 0.963051538528497 0.664356912744353
Ier5 6.31259108511133 0.585828098540634 0.291027403909281
Prkcd 6.30836290033903 0.808048871390688 -0.117400305971002
Syngr2 6.28810438877602 0.64454756648967 0.29135049571763
Dnase2a 6.27419202196044 0.728476978822156 -0.16763021304567
Gpr77 6.27052329149947 0.936609733721397 0.665643143379074
Sqrdl 6.24432273750005 0.731556297136589 -0.333333333333333
Abca9 6.23367695902613 0.864411391493653 0.160151917124674
Nfe2l2 6.23335330537022 0.577903218233488 -0.333333333333333
1700017B05Rik 6.21303152848514 0.871113682958596 0.663331264671491
Rgs2 6.18238338143479 0.634800427023433 0.666640262162658
Tgif1 6.16418471294079 0.867110225117631 -0.259333326659552
Cryba4 6.14932219155524 0.964129693351248 0.666666666666667
Arhgap4 6.11669817910552 0.901340801644321 0.369574396945777
Casp1 6.11590907852044 0.677895923358888 0.54481811934615
Samsn1 6.09167788021601 0.958581659412673 0.666666666666667
Klhl6 6.09088204688477 0.872359365939382 -0.130117228438913
Uba7 6.07630127876164 0.911235838962602 0.555393987285523
Ptpn6 6.06908222107233 0.920637419743277 0.666666666666667
Irf8 6.06386927739863 0.89693219856358 0.665402876847268
Icosl 6.04791083189003 0.866461587661072 0.34444675737355
Abi3 6.03306654341709 0.962826624708957 0.665871418963995
Renbp 6.02929211448765 0.699616697344771 0.497353724360833
Filip1l 6.02295958161798 0.748196686112506 -0.182212035730779
Gcnt1 6.01749060692698 0.959586777631253 0.598452229388896
Agmo 5.9981151041381 0.787514976699461 0.665398449966746
Sash3 5.9899440424305 0.941573221558164 0.665173304609825
Hcls1 5.98796160901485 0.965829925316506 0.666666666666667
Stab1 5.93240818011329 0.944410596126765 0.447570268319601
Fmnl3 5.92357426122144 0.778153546774258 0.0944476688072465
Rab43 5.92218561822482 0.849674201334257 0.610579260900876
Vrk2 5.91838866255185 0.702735291680297 -0.102137606534469
Tfpi 5.91502259359585 0.706530754705476 -0.28395075716889
Kctd12 5.8987087535981 0.750714989959589 0.462101720205517
Trim30d 5.89581001694608 0.907450365733747 0.103556127787496
Csf3r 5.88191672662433 0.938151031008899 0.638862786724269
Mfng 5.85945057968007 0.870853646618321 0.169504911882434
Tmem63a 5.85621216958973 0.752897548698349 -1
Klk8 5.83564557006573 0.870892226224002 0.0194122567951513
Nfam1 5.804553469162 0.876497195947654 -0.137070229757461
Ncf1 5.80257740404004 0.908175180945955 0.661001734421496
Clic1 5.79827357852392 0.615328642121122 -0.229257974682101
Zfhx3 5.79169129719454 0.751005101693055 -0.0579527357236327
2610203C22Rik 5.7893989131286 0.906452894849352 0.666137084005507
Rhoh 5.78210196162575 0.956285703071831 0.660126022160866
AW112010 5.7744396690362 0.678427147895957 -0.124286519818009
Hspb3 5.75988033969607 0.287036754205314 0.0690188212071952
BC046404 5.74005669723767 0.591820806508079 0.655373375865501
Rac2 5.73780492933143 0.936783136022436 0.63474794534869
Sft2d2 5.72747593759656 0.767452858179259 0.423604112608581
Mylip 5.71794177879974 0.663823525120276 -0.154506282487285
Lag3 5.71210843932387 0.924844599456442 0.666323728698896
Gal3st4 5.68853983142665 0.81728926726204 0.666666666666667
Hk3 5.68646829961929 0.966032188522095 0.665878887079944
Igsf6 5.67531252802062 0.925989007707067 0.664132301152884
Pde3b 5.67308397308143 0.8250619978796 0.665024262706598
Tmem140 5.66683124824267 0.708789077891361 0.202345246083906
Nrros 5.6564761849689 0.786938437098 -0.0305970392080812
Tnfrsf1a 5.65593616895077 0.622207375353172 -1
Capn3 5.65388079987095 0.836500807425954 0.666666666666667
Syk 5.65268510858626 0.954045062131462 0.664938625697691
Ncf4 5.64107304016217 0.959314497790364 0.666666666666667
Nfkbie 5.63984501584923 0.825112326316007 0.665526524781331
Ggta1 5.6389647432937 0.803814749337242 0.393443663303069
Lpar6 5.63175426183492 0.616933084084857 0.0523444797181588
Pla2g4a 5.63026846933155 0.72669533755756 -0.333333333333333
St3gal6 5.62904871875683 0.33161316251952 -0.333333333333333
Pros1 5.62236103635336 0.639404739996096 0.304033977446967
Tlr7 5.61700989787188 0.965545451161973 0.666666666666667
Rasgrp3 5.61523513728231 0.67505897539675 -0.333333333333333
Psmb9 5.61450908408415 0.809312402818279 -0.333333333333333
Myo1f 5.61197711113652 0.966480704095251 0.666666666666667
Cysltr1 5.60457007600631 0.966401221868037 0.666666666666667
Ccrl2 5.60187596672338 0.741944378962799 -0.233429376131342
B4galt1 5.59373012404912 0.693596648988325 0.601470009998148
Ets1 5.57552962230677 0.522649441802948 -0.168185107500958
Vav1 5.57022324356807 0.948507620096127 0.660265320586757
Rbm47 5.55370857371233 0.966517593427237 0.666172394938571
Tnf 5.55221496393348 0.962030358136399 0.666666666666667
Dock2 5.53771962924441 0.96662561414914 0.666666666666667
B2m 5.53209255067217 0.562245613876485 -0.267677313159037
Scamp2 5.51862773900571 0.626534185387625 -0.0721803829946715
Tnfaip3 5.51828024516983 0.803869979378393 -0.0372868982192561
Pld1 5.51626321030117 0.745890137972508 -0.145079440201588
Ikzf1 5.51581450397376 0.965450074371994 0.666666666666667
Slamf9 5.51504033364775 0.95246743307579 0.666666666666667
Stat6 5.5092480929986 0.627261690456059 0.566278985494943
Gm4902 5.49242131882446 0.965278275086724 0.655936671032739
Pon2 5.48840589646941 0.513085129412608 -1
1700110I01Rik 5.48221120471233 0.933885803277242 0.644988578356148
Bank1 5.47781145623836 0.931981434928157 0.666666666666667
Mlxipl 5.47740214104344 0.961290693651179 0.663137690103747
Hvcn1 5.4638178869822 0.952894978120715 0.666666666666667
BC035044 5.44401343701578 0.966430683333218 0.666666666666667
Gpr160 5.42878716186588 0.828303488110709 -0.333333333333333
Lrrc25 5.42798703007655 0.966455114295917 0.666666666666667
Ptpre 5.42565093599845 0.451897755538783 0.531263165718918
Glipr1 5.42026044547606 0.932430757382008 0.666666666666667
Arpc1b 5.40024132089923 0.669315746716869 0.507687275395897
Ceacam1 5.39938354818455 0.691589767481434 -0.333333333333333
Il16 5.39787387700957 0.93426291997108 0.570642175779864
Tm6sf1 5.39547850497014 0.39548964781945 -0.251676741644138
Pnpla7 5.3933079263493 0.699748490884807 0.456058317442875
Adora3 5.37829091438601 0.965919020556912 0.666666666666667
Tec 5.37437388983327 0.804143221996329 0.0380789763692216
Il10rb 5.36808787631235 0.584924342958472 -0.071289953120274
Slc40a1 5.36181584014342 0.616558016187953 -0.333333333333333
Lsp1 5.34268079994877 0.714543324889009 0.560634290106024
Tes 5.331187899415 0.793072055418814 -0.198622485215568
Ugt1a6b 5.30355409177283 0.890263036364683 0.666666666666667
Fam46c 5.2985583470899 0.915641009220421 0.666666666666667
Tspo 5.29790580187183 0.631561068717167 0.420576170947237
Gm3002 5.2926401710184 0.76923282706055 0.484412341478213
Nfatc1 5.28678727947203 0.82540865689322 -0.0770763340966377
Irf1 5.28323897341759 0.574317144730334 -0.333333333333333
Cmtm6 5.27656010485039 0.651611558855575 0.0150434834330339
Lgals3bp 5.27030958766338 0.525179511783992 0.121493476837194
Zfp59 5.26691373736992 0.686371704596634 0.600552284188464
Ncf2 5.26447496641684 0.742562739573187 -0.280372195603623
Tlr5 5.26227508074799 0.966137236210587 0.666666666666667
Arl11 5.25904988458703 0.935555913054246 0.666666666666667
Lrmp 5.25659898806174 0.966483659568306 0.666666666666667
Smpd5 5.25215927265284 0.846565914733478 -0.247847488384697
Gm4070 5.25209965274323 0.808926758434506 -0.227436191525862
Ifngr1 5.23528321592696 0.686731740338907 0.214848214173204
Maf 5.23487185518928 0.438991578645402 0.0887236665511222
Gna15 5.22364165365727 0.962319643313483 0.66366373331585
Arhgap30 5.22279332214005 0.946768503822808 0.658343917899123
X99384 5.22240488789881 0.778397174179176 0.35852338802984
Btg2 5.21048236741672 0.628325144815033 0.387180371505389
2900060B14Rik 5.2007830377136 0.743268874272888 -0.0265836280484364
Gimap6 5.18948344139583 0.680482668890934 -0.110070471566747
Lpxn 5.17855168514056 0.872073611586577 0.572885180896063
Btk 5.17376343425212 0.966050764616911 0.666666666666667
Snora41 5.17236386227365 0.763781323892325 0.666666666666667
Pdgfb 5.16559229716319 0.337683133572379 -0.167836339178049
Slc29a3 5.16434085244187 0.739360042558594 0.623492601282528
Nfkbia 5.16360578096415 0.618113186650643 0.0107154923597285
Srrd 5.16307215209387 0.751646147663817 0.648397495120603
Ifi30 5.15659274419798 0.687001450269583 -0.193972046928274
Cables1 5.14366795282749 0.713765974315862 0.665957387339007
Ccl9 5.14202542479924 0.932420226132331 0.603169831769306
Gp9 5.13647851834917 0.966457323700191 0.666666666666667
Frrs1 5.11741482097507 0.635193058442227 -0.168778560046914
Sult1a1 5.11379591814381 0.606996755275691 -0.333333333333333
Zfp90 5.10772265459724 0.762542299854561 0.658401458545975
Cyp4v3 5.09621440058496 0.751216313986775 -0.333333333333333
Tifab 5.0933430037231 0.966432629312768 0.666666666666667
Hist2h2aa1 5.09027336509142 0.645096088260213 0.23587656989896
Hhex 5.0889634866784 0.789035203638722 -0.297498666881831
Ubash3b 5.08492830806463 0.362195990542541 0.395628987128646
Emp3 5.08049375384273 0.773043771308678 -0.333333333333333
Epb41l2 5.08010673064304 0.709875187340152 0.22617219337391
Hcst 5.07118930217061 0.866114587141926 0.666666666666667
Gem 5.07081863753328 0.72412895174277 0.584266574791696
Tlr3 5.06997058951881 0.783997551082712 -1
Hist1h4c 5.06736102016287 0.784937517022965 0.649371922204369
Gmip 5.06051246261218 0.870265913278875 0.665311991447788
Rnaset2a 5.04680883677193 0.721246795274899 0.236003636274791
Tnfrsf13b 5.04423513593872 0.966666666666667 0.666666666666667
Cebpa 5.03909315221087 0.88150320450625 0.666666666666667
Lefty1 5.03889904176358 0.96579198366233 0.666666666666667
Arhgap45 5.03586380581102 0.966503197118959 0.666666666666667
Ccl2 5.03273617595352 0.848934205161055 -0.333333333333333
Cttnbp2nl 5.03156581924975 0.704724042708508 0.528145098558843
Tnfsf13 5.02585130928583 0.797855156259331 -0.0887086239709934
Itga6 5.01517755217066 0.663997602026674 -0.333333333333333
Cd82 5.00761628416457 0.742627351439065 -1
Rapsn 5.00206775694492 0.838868446146696 0.663473080571955
Tnfrsf1b 4.99071678343639 0.850636948982234 -0.290309838719248
Junb 4.98883431351952 0.709269674093794 0.205978858364472
Mrc1 4.98357406100235 0.962117454835926 0.666666666666667
Cd74 4.97421641096209 0.750659627786746 0.63510582805677
Tnfaip8 4.96513760744123 0.598606407083179 -0.305365262672579
Mgat4a 4.95168329317442 0.664558212516463 0.558948127566219
Tcn2 4.95120905876042 0.543931534861229 0.068093195177884
Cxcl16 4.9430662788401 0.925365334546697 0.663724135223298
Rassf5 4.94043288390571 0.648623996696511 0.665579612052497
Rps6ka1 4.93990791914486 0.754701534269428 0.157127908019683
Rnase6 4.9373871963764 0.966497523291173 0.666666666666667
Apobec3 4.92384129324698 0.74237986109362 -0.0349479585977613
Gm3264 4.91497778290802 0.52926229565751 0.613771903081807
Cd34 4.90319529223717 -0.331516160034707 -0.111544002186028
Rbl1 4.9014428996057 0.764014799976866 0.0800658582897484
A630033H20Rik 4.90003523852347 0.861035420891618 -0.100061435468548
Cd1d1 4.89200107016925 0.760427263818019 0.636749010295397
Sgk1 4.88092086279751 0.663039313811626 0.574709444919113
Plcg2 4.87451816447226 0.862967932242455 0.126545721490138
Tnfrsf17 4.86892915737321 0.965317752446559 0.666666666666667
Cd9 4.86840444932856 0.425608886413142 -1
Igtp 4.85550682344246 0.444969505072792 -0.333333333333333
9930111J21Rik2 4.84783750909302 0.966012920933297 0.660129209332969
Tlr1 4.84608297368897 0.966386797557072 0.666666666666667
H2-D1 4.84155234652306 0.519532001674836 -0.333333333333333
Aldh3b1 4.84055478705151 0.730518200164291 -1
A430071A18Rik 4.83844940564925 0.864554818295624 0.666666666666667
Cd83 4.83018777989189 0.561425946197614 0.098775148510479
Nlrp1c-ps 4.81569186068283 0.966507334871883 0.666666666666667
Plxdc2 4.8110498069918 0.659165629855838 0.0564156303298151
Lgmn 4.80924670527511 0.828190724859377 0.602042307061304
Dennd1c 4.80840845412341 0.956050298395575 0.666666666666667
Plxnb2 4.80827718339922 0.752105220026788 -0.0297766951781714
Rp2 4.80486876607554 0.802829883830509 0.0320149784454267
Rreb1 4.80107649621459 0.791055589487802 0.521895205380651
Tmem204 4.79850683057381 0.536328232548276 0.529763431262493
A630001G21Rik 4.79464294804727 0.944868177731504 0.661758478850491
Mvp 4.78640042963283 0.891715919448785 0.66566519765723
Akr1b10 4.77771338369037 0.42611175714551 0.185897416238902
H2-Ob 4.7679195858018 0.966628811166807 0.666666666666667
Traf3ip3 4.7679195858018 0.93676728809008 0.666666666666667
Ptpn18 4.75537411397688 0.936218403681668 0.37514579982417
G530011O06Rik 4.74932281143651 0.781417959978809 0.611786659577615
Ppcdc 4.7372804743004 0.795548901812925 0.614142439446255
Litaf 4.73615526215212 0.619236055128192 -1
Gm5086 4.735575135943 0.810266459260801 0.622738600465536
Irf5 4.72735118298526 0.933354212161821 0.666666666666667
Gvin1 4.7218117493688 0.838758911935899 0.603177534264761
Fblim1 4.72076731872136 0.859757855303819 -0.154923653258333
Snx29 4.72011755749971 0.715810359436358 0.611123239177442
Tln1 4.7169931010749 0.726691840928512 0.614693952015711
Irak4 4.69960168711585 0.699614003437468 -0.284739108014291
Gm3020 4.69091573004563 0.723638997203242 0.666666666666667
Mtus1 4.68019331175014 0.462532124916537 -0.304979548480097
mt_AF093677 4.67002144330611 0.588915059270887 0.564724746083086
Il13ra1 4.66886446118932 0.802559457143991 -0.204799935255254
Clec4a2 4.66807777295365 0.945937012590813 0.662272621814642
Hist2h4 4.6606519804582 0.643513512443231 -0.0289131502996121
Olfr1030 4.6515214204128 0.966666666666667 0.666666666666667
Hck 4.64503758967812 0.950318553840383 0.666666666666667
Smpdl3b 4.64081020151602 0.962823481120674 0.666666666666667
Slc11a1 4.64067090567513 0.876010624885097 0.280771019176946
Tspan14 4.63943661366036 0.439820223078179 -1
Spint1 4.63128951637023 0.966617261029141 0.666666666666667
Rcsd1 4.61231836622414 0.770093234053483 -0.333333333333333
Gm5129 4.60837225875785 0.82065594840833 -0.0836239907807808
Ctso 4.60505526044957 0.55602839879774 -1
Prkab1 4.60072360121672 0.632803803922949 -0.242307541519102
Eno3 4.5995985017879 0.695917652263385 0.440799080017829
Il4ra 4.59499420984627 0.771203062562916 0.080680323972173
Cpq 4.59306365969556 0.487093759647154 -1
Olfml2b 4.5881011502284 0.520499379304605 -0.126849930364619
Elk3 4.58717187767645 0.677937367693673 -0.216380030530891
Capg 4.58200851143568 0.750791415656471 -0.333333333333333
Rnase12 4.57580737445644 0.966666666666667 0.666666666666667
Siglece 4.57463576535168 0.958101850876831 0.646592502445076
Trim47 4.57435996583368 0.86863548645074 -0.295687839286929
Gm216 4.57030888679232 0.696532952478146 -0.333333333333333
Il6ra 4.56796480987232 0.806111947628986 -0.157610769366362
Rnf130 4.56699777379281 0.694989974836546 -0.0420405227975011
Cmtm7 4.56606788022549 0.954629736936491 0.666666666666667
Pik3cg 4.55635285127276 0.939336925133284 0.666526048880913
Nfkbiz 4.54257959584339 0.761957611181295 0.16406198573953
Cyp27a1 4.53930489153918 0.794673036555722 0.378815066282173
Slc15a3 4.53366703590798 0.959178803467611 0.665158783429743
2610020C07Rik 4.53229542912952 0.864213640043269 0.632867844950777
Camk1 4.52670890262652 0.648074605296575 0.283337045662829
Kcnj2 4.52619894536699 0.460073696827211 0.367429541411706
Tcirg1 4.52285320800633 0.571505984664058 -0.293145828181828
Hfe 4.52274708224393 0.730722148632904 -0.333333333333333
H2-DMb1 4.51842068933388 0.915936090623738 0.666666666666667
Gsdmd 4.50744869781652 0.69091242019297 -0.333333333333333
Ehd4 4.50612083742061 0.721975231605694 -0.244493344631953
Ripk3 4.50024321978544 0.947265365824749 0.484572330070117
Spata46 4.49996181974622 0.630568532176169 0.539699412637532
Icam1 4.49255241531617 0.780081097512721 -0.290707817767346
Zfp36l2 4.48423953158692 0.58044390622659 -0.0770204983420341
Adgre4 4.47897180503294 0.962493613435147 0.666666666666667
Fam212a 4.47799868902631 0.743140056478102 -0.333333333333333
Zfp710 4.46958248166752 0.772796623168841 0.381296791972319
Spata13 4.44968611593148 0.802337043510513 0.143574407425489
Cmtm3 4.4417676096158 0.567349547196183 -0.276644904681432
Nrm 4.43300390409575 0.615517337181515 -0.0789993029489967
Tifa 4.43097365274286 0.701793363655368 -0.280231572019127
Tspan4 4.42700641737537 0.552618934404376 -0.132792233874934
4933406I18Rik 4.42425630531253 0.81299106065715 0.666666666666667
Dcxr 4.41841768555654 0.79045712341967 0.666666666666667
Arl4c 4.41527399217384 0.391382471006552 0.560065351191658
Ninj1 4.41458668368775 0.54627156775293 0.638860081101494
BC049352 4.40520317141297 0.888850985439635 0.663630743308537
Hist1h1c 4.40294191437098 0.787454792568546 0.570276614754685
Eva1a 4.40245682219939 0.810557495093367 -1
Arap1 4.39915144296744 0.720012370182243 0.0540430879490616
Abcc3 4.39761629784987 0.964836890336982 0.666666666666667
Fez2 4.39281936756838 0.764111081727329 0.512760439974056
Ptgr1 4.38835676450252 0.794524608915558 0.265970763259431
Ivns1abp 4.38823327675453 0.825926201700393 0.589793420669965
Ctsz 4.38817506513171 0.562110743314289 0.312088343515648
Dok3 4.38731709127271 0.843864928485986 0.666666666666667
Tgfbr2 4.38715807193441 0.592461644445966 0.548846743328827
Thrsp 4.38675926192822 0.126112542274746 -1
Tmem106a 4.38340022555387 0.829580276823526 0.633354368107547
Slc9a3r1 4.38117898261334 0.721473235935599 -1
Sat1 4.37740261528265 0.677101610784047 -1
2610528A11Rik 4.37614512640145 0.926391527994833 0.666666666666667
Lrrc34 4.37293834691165 0.919271267182563 0.665935183735736
Upk1b 4.36648118014768 0.966666666666667 0.666666666666667
Rhob 4.36559525603498 0.650618052538211 0.467093009342317
Snx5 4.36179741929171 0.807603725610047 0.423499467173928
Oas1a 4.35438163211332 0.956557542466273 0.666666666666667
Pik3cd 4.34729943851007 0.734436047302375 0.664765267110365
Pycard 4.34380219284 0.815391056812897 0.412641850796898
Hps3 4.34352496486757 0.767992676198383 0.588801027699736
Gm10406 4.33995794177423 0.634340241415008 0.417903933228537
Whrn 4.33676597558007 0.482308146265234 0.356225607202351
Ndst2 4.3298680164969 0.705702688522263 0.568471032601703
Ttf2 4.32665273642522 0.925572693495295 0.492594266869437
Jun 4.31958828928624 0.606632668556414 -0.103448749890569
Zfp429 4.31735143964506 0.661504879411143 0.585786612954356
Gm15880 4.31053507203421 0.916961307570294 0.64063814717132
Pnp 4.31051234040211 0.561496059442266 0.0435003177272087
Grn 4.30997659732881 0.749454838224504 0.536187677450336
Trim12a 4.30882737424596 0.681817138802798 -0.333333333333333
Gm8348 4.30715909380766 0.609267236899227 0.394686865714176
Ier3 4.30606478359326 0.494482629998807 0.0692129743070933
Arap3 4.30476298312562 0.772833207957813 -0.333333333333333
Il6 4.29137584197913 0.96644328245931 0.666666666666667
Slc7a7 4.28996532988191 0.882193677758329 0.114920588335024
Egr1 4.28586703170084 0.443298940027681 0.488038961106631
Gm10052 4.28313235943734 0.542814044326029 0.358225196713347
Adamts1 4.28134804300761 0.628568398684794 -0.273533630245882
Cd84 4.2757934114626 0.859051490870655 0.486775282022218
Gpsm3 4.26961617857691 0.95836612350101 0.648869662031133
Pfkfb4 4.25862671293291 0.636042028721746 0.665350749030911
Dusp6 4.25800330059018 0.309058731830928 0.00536175440835697
Eif3f 4.24700843197629 0.56775014317264 -0.193557128695469
Rtn4rl1 4.24225939393319 0.12292577558505 0.0272526075795097
Rasl2-9-ps 4.23582806362848 0.91742025644695 0.659929183464079
Tom1l1 4.22251431727098 0.320391379296852 -1
Abcd1 4.21308380668691 0.711859124155146 0.614409388814447
Prcp 4.21079410058997 0.407182960605789 -0.333333333333333
Slc16a6 4.20925147747115 0.777383674113999 0.666666666666667
Asph 4.20758797937769 0.477834635565495 -0.192668831658427
Gm3383 4.20548125206568 0.731667387598646 0.650338802771194
Fam107b 4.20402513430379 0.699671909363776 -0.323246451063448
Parvg 4.20266704241584 0.934014957533476 0.666666666666667
Npl 4.20009382961281 0.513634944319694 0.532839114423912
E230029C05Rik 4.1960911693509 0.859993096943166 0.663423882418695
Pcsk7 4.1931397581313 0.638101598147886 0.583404735344372
Psd4 4.19279008569735 0.912175431609235 0.666666666666667
Adgrg1 4.19243023914999 0.558500880694695 -0.0294886309141808
Mir5129 4.19162007254163 0.893399527872571 0.666666666666667
Rcor1 4.18505059188571 0.69667695007247 0.511626509033967
Man2b1 4.18006429864706 0.720408528601418 0.425983682459486
Usp18 4.17916499549073 0.679499387199586 -0.0102993412683271
Nfkb1 4.17878425450291 0.736607680631845 0.595154344356402
Gbp2 4.17857531515326 0.701581604249876 0.467379184813233
Btg1 4.17165706357772 0.577115881839297 0.60504786382139
Il17ra 4.1701638823224 0.635924630322573 0.628652492939779
Tspan32 4.16419385714644 0.966506523292321 0.666666666666667
Hrh2 4.16173561213824 0.542935510418328 0.594189631166498
BC013712 4.16086153131131 0.944919426965597 0.662377787939932
Cish 4.16026998212243 0.610346254503304 0.64027669874623
Zfp658 4.15676753246543 0.727626195219054 -0.0505331311860937
A130040M12Rik 4.15385135809016 0.699524677354564 -0.326440252894717
Pik3r5 4.15346543929776 0.852760329154706 0.531743837588969
Abcg3 4.15119842990758 0.863312778730119 -0.215077530748567
Rab32 4.15033811548443 0.876692766952929 0.666666666666667
Galnt12 4.14974711950468 0.905194295651679 0.666666666666667
Zfp3 4.13926802090804 0.478803215650435 0.136182729470118
Spg21 4.13882481700802 0.681836435635251 0.0170939323419504
Ppp1r18 4.13709792137196 0.789985424305496 0.457221122383539
Ctc1 4.13494019887676 0.777652309895367 0.135649358897166
Map3k8 4.12450399601634 0.605100609037412 -0.333333333333333
4930594C11Rik 4.12066021568027 0.790791460135544 0.651921311611678
Tmem8c 4.1197334409839 0.758932849288555 0.621058828363332
Ppfia4 4.11792278367158 0.680574041513659 0.666666666666667
Cpt1a 4.11319412081956 0.572325209141513 -1
Prr14 4.11294346198148 0.641314341831861 0.567931784112131
Spi1 4.09515723304034 0.966490716883052 0.666666666666667
Card19 4.09203841092278 0.612235902981427 -1
H2-DMb2 4.0913921084297 0.920027352228805 0.666666666666667
Tgfbi 4.09052563132845 0.811825737874094 -0.333333333333333
Cd180 4.09027605219036 0.965625246538573 0.666666666666667
Bnip2 4.08930853173298 0.528136941443935 -0.240114780950575
Tuba1c 4.08668138448606 0.491592914602292 -0.328151868772578
Nhlrc1 4.07925742082868 0.693025451575478 0.666666666666667
Accs 4.07594561391565 0.6574689078564 0.4875448270517
Gbp3 4.06948482331265 0.682378223125549 -0.317718295083231
Fgd3 4.06633219809695 0.716718374085916 0.365828406160903
Rab27a 4.06482361935705 0.685527937994284 0.406862955368475
Klf4 4.05984186613728 0.64778337140281 0.455165929563265
Smad7 4.05786667081212 0.660295779809908 0.550401544677492
Cyp4f13 4.05485895563833 0.698637349622641 -1
Heca 4.05442417547125 0.676130934848083 0.627085694047364
Gm3317 4.04937312612261 0.764988905760322 0.532040940750253
Gm3494 4.04937312612261 0.764988905760322 0.532040940750253
Rrad 4.04574477153162 0.835073783247361 -0.148062915475578
Lrrk1 4.04444743499558 0.779039794576582 0.132299107900216
Lyz1 4.04372645400377 0.930992189416525 0.666666666666667
Snn 4.0436051930911 0.534531468599515 0.193006103948615
Nagpa 4.03506988351388 0.676942835422116 0.454156775352799
Vwa5a 4.02786613577222 0.657560034467761 -0.185849704167974
Pbxip1 4.02745686937404 0.634597349219086 -1
Tex12 4.02105410750627 0.803379663560223 0.594170306274993
Mob3a 4.02057139845896 0.690544063520477 0.433462620596828
Nrp1 4.01570150572113 0.0961305790589163 -0.333333333333333
Mir3101 4.01446618349977 0.72565674658551 -0.0985548196076351
Tnfsf12 4.01232162400238 0.616273337749634 0.110206414382584
Frmd4b 4.01156370297784 0.631027795943814 0.277586857725509
Siglecf 4.0065924959035 0.965712287109322 0.666666666666667
Tjap1 4.00570485098167 0.742954986731461 0.363494932390271
Fcgr4 3.99589560166726 0.966442682547118 0.666666666666667
Cib1 3.99459832696904 0.506750546319257 -1
Ltbr 3.99134705111024 0.59635591688007 -0.333333333333333
Rras 3.98615214332195 0.567481671754297 -0.138208655197517
Rnf135 3.98238432499009 0.606177288851605 -0.252204437654771
Gm20257 3.98176648840917 0.655222476386802 0.623795034478727
Socs3 3.98110788502212 0.834619234149389 -1
Trip6 3.97979004127147 0.733761010093786 0.12465240817517
Ntpcr 3.97843523379989 0.69011857164321 0.33229090188064
Mmp11 3.97827982086224 0.621790199638297 -0.333333333333333
Erap1 3.97584806449756 0.680274312907924 0.25075172125327
Tap2 3.97516145991746 0.814755523590942 0.660942881802079
Srpk3 3.95768614510055 0.512685042718888 -0.224544034544684
Mcur1 3.95658603475222 0.606016995325423 -1
Srgap2 3.95363633298483 0.776345995515001 0.252880344888664
Leng1 3.95224840477252 0.825973650397998 0.661760396551183
Naip5 3.94997668956243 0.87356120735812 0.617259142969794
Rel 3.94906199045927 0.780350872471383 0.629842983491068
Serpinf1 3.9468933851529 0.632592474981474 -0.333333333333333
Suclg2 3.94122323381092 0.55470570260459 0.428105410746734
Gng10 3.93615759623499 0.602804117716937 -0.150581733954876
Pik3r6 3.93393368415845 0.491167392256306 -0.333333333333333
Dock10 3.93368700345354 0.63867649256579 -1
4931431C16Rik 3.93100705548461 0.94220310412524 0.666666666666667
6530439I21 3.93082333768457 0.907770917355083 0.666666666666667
Stk40 3.9281375690288 0.698554542462279 0.647090961312748
Gpr146 3.92767075845813 0.609435432216129 -0.316445167137008
Creg1 3.92236577676419 0.603540760227017 0.328254522455855
Antxr2 3.91702371734409 0.734222021191254 -0.333333333333333
Gucd1 3.91518125674806 0.450418438908456 0.444649630485823
Serpine1 3.91344892417018 0.937687513444237 0.666666666666667
Tlcd2 3.91234905606194 0.816253931166505 -0.0534253422128051
Dusp1 3.90919604816966 0.578611661124285 0.334001650338234
Cd300a 3.90248075562248 0.867206597796847 0.656682059570572
5031414D18Rik 3.90135476023698 0.895081653742443 0.666666666666667
Snora81 3.89985950461743 0.712457262807833 0.360292626371305
Pag1 3.89883591842904 0.770552562618231 0.497809136897837
Inpp4b 3.89760085208713 0.497855656237796 0.323377906929849
Ttc7 3.89559648110934 0.803344560368817 0.665295229353931
Rfc5 3.89508371757437 0.601213614304365 0.173491563908932
Ncaph 3.89478877922171 0.76388154456065 -1
Gstk1 3.89341598094378 0.427133126047577 -1
Serinc3 3.89171851936749 0.676369807889768 -0.267430176431174
Sema4d 3.89097591604046 0.732027666082385 0.665945412621599
Myh9 3.88601784670781 0.56926903724148 0.422527858449313
Heatr5a 3.88137081406478 0.739438610368157 0.174583842502421
Tlr2 3.87863256984047 0.966349792183984 0.665924385977578
Pkib 3.87626831786512 0.551228997563173 0.407337816706564
Fes 3.87625934345744 0.816355437453061 0.408266722685116
Irak2 3.87502717683434 0.683714686389329 0.0122940026559137
Soga1 3.8717011611446 0.810988904346478 0.66048889305476
Lrrc3 3.87023201946989 0.807181883650502 0.658261947434187
Il7r 3.86646209905042 0.964709201134079 0.664685876077339
Gimap9 3.86408808836999 0.74926358529429 -0.333333333333333
Nubp1 3.8624913186139 0.688627165038937 0.554528394361916
Pyroxd2 3.85556226162772 0.726706596399243 -0.333333333333333
Cd79b 3.85286143506992 0.966048940187052 0.666666666666667
D11Wsu47e 3.84872306760637 0.564843576446326 0.566457737085634
Cradd 3.84315052695686 0.640801184656114 -0.0259900776556245
Idh2 3.84104065115544 0.689610067914574 0.614151193081362
Tmem176b 3.8350811580817 0.383916605310605 -1
Frmd4a 3.83450775095933 0.731582308461275 0.375270646367662
Hcar2 3.83270592649818 0.966603979344187 0.666666666666667
Gns 3.83054620139229 0.786580798460765 0.314768463016832
Arsg 3.83032935514974 0.558333402362027 -1
Plekho1 3.82932556258029 0.593355162944894 0.245091749932693
Spidr 3.82838173830358 0.684363705368897 0.106046807136458
Nat2 3.82699838815607 0.766591168737509 -1
Phf11 3.82523056684587 0.911229730773732 0.18489666758821
Cmtm8 3.82482371253276 0.784750088188703 -0.333333333333333
Galnt10 3.82409125046126 0.814608998014588 0.516183112794881
Gna12 3.82039360118807 0.744923997049813 0.664620616700598
Ccng2 3.81924088462315 0.540102808440416 0.565138479358139
Cklf 3.81781826807515 0.568034659120471 -0.0866319952336447
Pmepa1 3.81483831094383 0.498616454070361 -0.233276138019817
Ly96 3.80650809643115 0.569340293493943 -0.107340260489058
Bcl2a1d 3.80454173616611 0.964582046717872 0.666666666666667
Mr1 3.79473608826392 0.835717065565258 -0.0508280931094993
Mafk 3.79308700842972 0.806827180528577 0.557144487080603
Samhd1 3.79164187220269 0.635660632982036 0.536540122578993
Ly6e 3.79041587321069 0.271678661591818 -0.333333333333333
Myc 3.78560949764922 0.605611291601756 0.666666666666667
Dffb 3.78167085050682 0.50366451363631 0.419608256328747
Sp140 3.77862722379432 0.823097611343147 -0.333333333333333
6030468B19Rik 3.77429505297565 0.963330200466301 0.661256641715239
Csk 3.77340660546508 0.679847603066868 0.397877162146958
Card9 3.77152829669179 0.948879757200224 0.665650115377206
Xlr4b 3.76244546243974 0.879136657717775 0.666666666666667
Ctsd 3.75852821144245 0.783549275625763 0.61822958229222
Frmd8 3.75609535358924 0.603128164618185 -1
Ccnyl1 3.74520881320322 0.584004212487371 0.622571111377502
Gsap 3.73542693695189 0.614316149776417 -1
Sco2 3.73480195022048 0.500424426795027 0.666666666666667
Tmem219 3.7313714586614 0.630213343115979 -0.0657971397967454
Bin1 3.72604498999059 0.708489969924992 0.611134804515846
C1rl 3.72081162862888 0.899928773761005 0.591987936319751
Chst12 3.71313036108619 0.407239788116699 -0.129598066085936
S100a4 3.71182308374905 0.695608057399945 -1
Fkbp7 3.710953387599 0.410661943285463 0.422080381562261
Maml2 3.71054462558694 0.553117842600679 -1
Rfx1 3.70934290620927 0.646781159329585 -0.205485356920703
Reep4 3.70698385472206 0.868241349281438 0.663205166222769
Stk17b 3.70696556885423 0.440747311656647 -1
Ppp1r3b 3.70563541360257 0.908600878784685 0.666139081248498
March1 3.70456767690973 0.108896632198877 0.0408135650663383
Col27a1 3.69763001797548 0.883584099057941 0.0612786640712665
Kng2 3.69457632892173 0.96658244688412 0.666666666666667
Fgd4 3.69345378024192 0.477548241774857 0.584276924373748
Hspa1a 3.6801450672307 0.782393909146343 0.142422314543297
Cntd1 3.67660869317557 0.852669068592037 0.376961078434906
Elf1 3.67567345681331 0.712160490917499 -0.333333333333333
Hist1h1d 3.67530212256213 0.956099923883038 0.665719061213633
Qrfp 3.6721756051338 0.924469201684061 0.563938170105233
Det1 3.66993416623903 0.677236078766834 -0.152780311273993
Pds5a 3.66966008577012 0.691001327713866 0.618458121923677
c5_SSU-rRNA_Hsa 3.66838973819708 0.778610468049888 0.35420937402341
Tlr6 3.6648965163649 0.865600865887872 -0.333333333333333
Smad4 3.66312243749204 0.614350377941158 0.63546188094448
Trim65 3.64197313992369 0.777670981934318 -0.21062757330919
Heatr1 3.64168777721733 0.705841657862646 0.118956953242494
Arrdc1 3.64135155055181 0.504601020881244 -0.333333333333333
Snora31 3.63822775128029 0.489457383870504 0.0974733643260045
Uchl4 3.6367860436441 0.754670037775332 0.645141033566523
Gbp7 3.63249859494012 0.561145722748608 -0.0964949606256921
Slc25a37 3.62604475563535 0.599146043968011 0.61752397978519
Slmap 3.61867880870006 0.562767422802369 0.465298917014056
St5 3.61635726795306 0.651560821351868 -0.278200466759109
Sp100 3.61604753085072 0.649761440400223 0.14825957625983
0610039K10Rik 3.61355224924308 0.921774187969665 0.651548618910797
Sapcd1 3.61235249875266 0.81006659969625 0.586024537447322
Dhx58 3.60935713620187 0.708004395872529 -0.333333333333333
Ephx1 3.60472906306227 0.254624330704896 0.487443309491217
Mcat 3.60240484248713 0.575129609201257 0.487041164075994
Tubb6 3.60054801298221 0.604869957391453 -0.0887731721687024
Slc46a3 3.59980572346075 0.529699467785054 -0.333333333333333
Trp53bp2 3.59927262631798 0.633538561367762 0.090106626743086
Sirpa 3.58999208349337 0.548975130074935 0.663721449104001
Osbpl11 3.58910002478789 0.776445608791237 0.666666666666667
Zfp619 3.58720802436054 0.722565261092259 0.618325295128892
Fkbp9 3.58596816290785 0.527861655110162 -0.333333333333333
Man1c1 3.58298584079329 0.421787145825531 0.0703707458269268
Slc26a6 3.58009526754542 0.631083766042087 -1
Map3k14 3.57879629634418 0.737741189381442 0.578609607167139
Plxnb3 3.57732062751116 0.741809256773036 -1
Lyl1 3.57492717917064 0.901483299092828 0.0428406921839303
Tmem154 3.56875072982327 0.749604997435201 -0.333333333333333
Ptpro 3.5607154494764 0.539495760358224 0.602819042454574
Sfxn2 3.55841358570084 0.745852779677975 0.554764853621848
Arhgap17 3.55497156527182 0.681938619970747 0.092074380481019
Lrch4 3.55195506921381 0.759338211794283 0.0123616351609726
Bcat2 3.54989894165552 0.423703086370277 -1
2510039O18Rik 3.54905718026281 0.684677774915718 -0.00693780616214142
Evl 3.5449010312074 0.588549068739535 0.576521226980364
Atp8a2 3.54326628592268 0.645793467169389 0.582093710882138
Slc37a2 3.5417838997421 0.921515992265888 0.666666666666667
Pid1 3.53999407296981 0.408618687246337 -0.275075895726501
Dhtkd1 3.5398794773414 0.691537853559533 0.658274785040262
Tubgcp5 3.53984647514437 0.781076481381968 0.41971457072194
Calcrl 3.53157703565402 0.557194114545036 -1
Tmem86a 3.53100733822427 0.5436686742484 -0.333333333333333
2310040G24Rik 3.53078582709243 0.129685974483371 -0.0851664558263049
Il15 3.5278604216448 0.657210862595156 -0.321645235004631
Gm10248 3.5271499723381 0.966666666666667 0.666666666666667
Adam17 3.52138604915544 0.683823269546953 0.411250771392796
Tmem100 3.51854464598838 0.338069750699928 -1
C330013E15Rik 3.51805252814996 0.574220788241431 -0.108100089573527
Zdhhc14 3.51478620743631 0.650541241967353 0.661912923997836
Dock11 3.51312386615882 0.747807040473514 0.45325656089193
E130215H24Rik 3.51137123040508 0.773378619655621 0.666666666666667
Gm4013 3.50963826655511 0.697035575970698 -0.333333333333333
Arrb2 3.50866513509891 0.749188967801613 0.644871907659115
Abl1 3.50694395988264 0.681943190059286 -0.153034247288112
Batf3 3.50271248596606 0.787334690013094 0.666666666666667
Khk 3.5016146841345 0.666455205688909 0.25687007130853
Ifi35 3.50001843887529 0.457835973317979 0.0577085153839944
mt_BC128309 3.49954500936751 0.578847440576037 0.206937324530425
Fam102b 3.49811447640202 0.716752790358174 0.0402234846257541
Zbtb37 3.49012803233269 0.653904742452777 0.579423927907223
Eef2kmt 3.48801513460828 0.668148058200846 -0.105093580146554
Gm13139 3.48592420916988 0.613599625693175 0.508117579775776
Fhl3 3.4808999556132 0.755649505490221 -0.333333333333333
Ddah2 3.48038256672322 0.562567875786727 -1
Abhd1 3.47957727671308 0.515653581112734 -0.333333333333333
Cntrl 3.47913495393609 0.698071731779633 0.354261670786205
Slc1a3 3.47880664947663 0.453037463614147 -1
Ptafr 3.47844238644765 0.966614255672454 0.666666666666667
Ccnl1 3.47760188772673 0.7028977276534 0.0926957633334741
Itpr2 3.47682791447961 0.661308432077085 0.518083430219262
Zfp229 3.47444953400605 0.72583855627778 0.599388362821525
Fos 3.473913998615 0.531468572583444 -1
Nfatc2 3.47154795250821 0.705067850139307 0.501082850193355
Myl2 3.46466826700344 0.824967512750576 0.316505968255084
Neat1 3.46432666343209 0.512690948981343 -1
Dnase1 3.46286549903273 0.717796101654535 0.46863366881307
Borcs6 3.45687350129115 0.534759132725099 0.284097040739458
Cd80 3.45265259273887 0.941265449020474 0.657761547595961
Sh2d4b 3.44986146718653 0.902648586524548 0.666666666666667
Rrbp1 3.44836800906201 0.708258929911749 0.544584551337574
A830052D11Rik 3.44598893798396 0.675459383866882 0.652881008284213
Npnt 3.43868793856166 0.369986157426988 0.0427233657117345
Cep112 3.43656497905556 0.455440021584564 -0.333333333333333
Dnajc13 3.43240649049237 0.739089627697382 0.50025535015773
Mir24-2 3.42949423832916 0.950346990777832 0.666666666666667
M1ap 3.42870276971557 0.966523665022235 0.665732522851588
Fchsd2 3.42847014879825 0.577782761509264 -0.0709703796779427
Tgfa 3.42620802935613 0.608608921605578 -1
Fmnl1 3.42544708305542 -0.163999683987932 -0.263387131440807
Gm16861 3.41331399292601 0.753432227653197 0.630192410873025
Cotl1 3.41147361223456 0.692161588038731 0.651808514653296
Gm11545 3.40985111292253 0.964968698848761 0.666063494487395
Cd302 3.40721136289059 0.14473983147381 -1
Gm16523 3.40609886259289 0.619939053299992 -0.273035141860312
Ubtd1 3.4040312105916 0.74019344363544 0.664230193066572
Abca1 3.40401399375916 0.608747802794889 0.633034237725017
Slamf6 3.40283378248057 0.963473599782111 0.666666666666667
Notch2 3.40183002020281 0.619636465950884 -1
0610040J01Rik 3.39854016536603 0.541719482153013 -1
Gm9320 3.39657091439898 0.743421634344085 0.0762422987047397
Rin2 3.39635111125086 0.500608127459389 -0.220236588368674
9930111J21Rik1 3.3954159270651 0.692297470651586 -0.333333333333333
Scarb2 3.3938769999857 0.560146546529811 0.591786163953812
Lhfpl2 3.39297766160719 0.607093108617625 -0.333333333333333
Tmem17 3.38979678188135 0.252176147498383 0.352692632700067
Stambpl1 3.38570891268603 0.203505056421057 -0.272418433596522
Gm3500 3.38540145384437 0.598812606884808 0.297228665993206
Myo1g 3.38423823428069 0.965441303211941 0.666666666666667
mt_AJ409479 3.38082436470563 0.630514416044876 -0.333333333333333
Kcnrg 3.37670578856003 0.68968775836282 0.666000547153155
Mknk1 3.37650040363806 0.736980749588091 0.581181898428923
Sec16b 3.37573752309061 0.823985036607121 0.663072465849634
Tnfrsf22 3.3754563247503 0.766669799134599 -0.202825460669285
Engase 3.37189500291753 0.839162226433147 0.584332356658484
Zfp703 3.3684764814912 0.435487313604036 -0.145990667854249
Rps6ka4 3.36276539088177 0.710301656208224 0.3479050116702
Rras2 3.3605224673488 0.369017122481861 -0.333333333333333
mt_BC081549 3.35801988351008 0.47178159334913 -0.179823058889061
Gp49a 3.35486243964553 0.966562972886278 0.666666666666667
Sall3 3.35070398917051 0.634329258346333 -1
Gpn2 3.3495502988514 0.602119561486845 -0.169618997013205
Sh3tc1 3.34792330342031 0.785883428392735 0.181165603767789
Tpm3 3.34576756692163 0.743387979468035 0.231474931256771
Arhgap22 3.33971481455108 0.792217049144721 0.519631166479202
Fam72a 3.33839911627722 0.815716406103737 0.381344041382675
Gm10825 3.33813298287858 0.9436137628831 0.663516244853698
mt_AK131586 3.33006817022665 0.269432952423719 0.200965122474724
Lppos 3.32522504811717 0.600976360954349 0.400105098800739
Hacd4 3.32393726760956 0.64066045965931 0.254581989545843
Nr0b2 3.29785837374148 0.966666666666667 0.666666666666667
Clcf1 3.28405642115189 0.882177035134982 0.666666666666667
5730435O14Rik 3.22769907455696 0.814491921653263 0.666666666666667
c11_tRNA-Trp-TGG 3.21845374351251 0.802597953220624 0.666666666666667
Nlrp1b 3.19717020502459 0.957807402217642 0.666525693931033
Epsti1 3.17849736237172 0.966603661892762 0.666666666666667
Ankrd13d 3.17440840945295 -0.223246818866067 -0.102318819099501
Usp50 3.17054913809681 0.86044422510842 0.666666666666667
Ldlrap1 3.16876309044717 0.956700721175409 0.666666666666667
Chst14 3.16466258056725 0.803219991166685 0.587214835110987
1700011I03Rik 3.16240048433655 0.902337977039979 0.666666666666667
Plaur 3.14359503155768 0.406613221912509 -0.333333333333333
Plcb2 3.13399685499886 0.909848943006251 0.666666666666667
Kcnd1 3.10236954559846 0.727979643320445 0.506923390414582
Myo18b 3.0971300585077 0.934477437439932 0.666666666666667
Smo 3.0548257236236 0.845178335879094 0.635466680503658
Mir425 3.01881218574282 0.772381543475031 0.54035512641858
Runx1 3.01564261496611 0.89565007783751 0.127969575478427
Slc24a1 3.01217460754724 0.909800323571635 0.666590802701737
Cahm 3.0039680196062 0.900179800315555 0.666666666666667
Trim30a 2.99954382975258 0.825043162896067 -0.333333333333333
Fam78a 2.99372046512116 0.796303594438655 0.649413420911463
Rab19 2.9888912138702 0.956026747459584 0.666666666666667
Mir1894 2.95250300615388 0.897257574589428 0.666666666666667
Icos 2.947411136018 0.966509976949503 0.666666666666667
Rnu11 2.93340096038364 0.816875707116002 0.0422510707932709
Mir133a-2 2.92211133254729 0.965032262893071 0.666666666666667
Ccdc88b 2.89283255462102 0.961958009094503 0.666666666666667
Fgl2 2.88521937051115 0.920047470230374 0.665477179808068
Klrk1 2.86658709358033 0.929490538424646 0.666666666666667
Tslp 2.86447881938249 0.791330426620625 -0.333333333333333
Card6 2.85916517951422 0.789911296879358 -0.333333333333333
B430010I23Rik 2.82254930135918 0.778821737310729 -0.333333333333333
Nlrp3 2.81829259950793 0.96539215050744 0.665984478744846
Klrd1 2.78307561902204 0.966589910418346 0.666666666666667
Tlr9 2.78269448302064 0.956888324210773 0.666666666666667
Snord83b 2.78240856492737 0.892971703602543 0.666666666666667
Elf4 2.77474172330442 0.962920792269313 0.666666666666667
Gm10413 2.76199303917828 0.837561667167292 0.57994791002055
F9 2.73545689638442 0.964174962314686 0.664028040637223
c13_tRNA-Asp-GAY 2.72582047448798 0.859682802988712 0.610092407372317
c10_tRNA-Asp-GAY 2.71456971957228 0.933597638452157 0.637261942978451
Tnni2 2.70627937384763 0.966666666666667 0.666666666666667
Guca1a 2.70336250066899 0.964084022769656 0.666666666666667
Parp14 2.66230909316538 0.856285942406876 -0.333333333333333
Hist1h2ac 2.6576763974754 0.964069534722562 0.666666666666667
E130317F20Rik 2.63454967793968 0.85891048825539 0.664593620941517
Cnga2 2.62654533043634 0.717793921547622 0.253991245459293
Cmklr1 2.61721212024751 0.922293137307501 0.358300822352996
Fndc7 2.61602277698986 0.950281786467207 0.665182441886541
Mettl7a3 2.61121928316207 0.952110026669979 0.666666666666667
Mir142 2.55548153948763 0.966666666666667 0.666666666666667
Slco4a1 2.54473265593262 0.801465948663573 0.666666666666667
I830077J02Rik 2.54158241985718 0.934100022341829 0.666666666666667
B230378P21Rik 2.52829827973083 0.838792520821266 0.665836426027297
Scarf2 2.52144414070009 0.96031670232535 0.664637494094688
Cryba1 2.51417965688217 0.901020222075508 0.666666666666667
Rcc1l 2.49436340815264 0.364481241614422 0.217575102196366
Csf2rb 2.49380446677135 0.954061145523465 0.615727558837133
