Slc32a1 7.08855349540273 0.64843888974896 0.708867915652062
Cplx3 6.63716068377059 0.872550886008887 0.910627567909432
Otx2 6.32680958230318 0.731810140717798 0.862536704554554
Tal1 6.03696099571421 0.811637757650936 0.891343256489911
Cntnap2 5.9745798154634 0.547268526492004 0.629644825453119
Igf1 5.93012438474855 0.860471813725261 0.824949443077071
Cdhr1 5.92885063199227 0.844371177589808 0.909942402394055
Chrna6 5.92675200469643 0.927407659756196 0.954298421936519
Gabrr2 5.84508117689209 0.917558913201816 0.885947570696527
Reln 5.62779951859628 0.74529403054803 0.777301599637418
Meg3 5.60575048166027 0.740693896156878 0.766157481951044
Gad1 5.58051640772421 0.384583040773702 0.37256674885308
Hs6st2 5.43064091349546 0.512017730343298 0.61864308338168
AF357355 5.40256788412323 0.910231595844945 0.861956650569798
Snhg11 5.35753102338659 0.661277583423825 0.691129838055519
Frmd5 5.28684736914593 0.492106635517322 0.749275566929519
Gria1 5.16742367504841 0.597436198885887 0.743357109138046
Resp18 4.95733278187731 0.29603329180949 0.202395492442979
Nrip3 4.95135912161819 0.449463610432658 0.780249207798003
Amy1 4.94714022450194 0.470991051659502 0.171505883978833
Rgs8 4.88394121932855 0.604654953482233 0.828124488593738
Parm1 4.86596241372184 0.583578208687304 0.603946326879694
Lmo1 4.8416814400134 0.668229642572643 0.689578480267468
Slc4a10 4.75817483448965 0.555514126717925 0.561124916608526
Kcnc1 4.71460996842185 0.874825390751006 0.897182848664696
Hpca 4.64794889205252 0.356239868705722 0.267813429315959
Scg2 4.63068029031062 0.36174978386649 0.704007873955638
Slc6a17 4.53385016575356 0.615901704801166 0.757349418622397
Lhx1 4.53322845959683 0.921280668583376 0.870573282989972
Uncx 4.43938516205375 0.911362991119997 0.942621656271643
Napb 4.38740048282684 0.363758318262321 0.595735233744108
Cacna2d2 4.37051389047177 0.656591175105996 0.867227670575194
Fmn2 4.366126046727 0.303288737678489 0.13484011327453
Cntnap4 4.33091417871598 0.527305334730784 0.73623541742885
Rpp25 4.32433752446615 0.772456536587028 0.813852172330744
Tnnt1 4.31796461500112 0.736469480043479 0.65788596154749
Slc12a5 4.29919358904834 0.406778607686332 0.500504229654245
Pcdhac2|Pcdha7|Pcdhac1|Pcdha6|Pcdha5|Pcdha8|Pcdha12|Pcdha3|Pcdha1|Pcdha10|Pcdha2|Pcdha9|Pcdha11|Pcdha4 4.29696503731946 0.78619906965951 0.865509785123706
Ptprt 4.19366986319255 0.650494967259815 0.643311664811653
Gap43 4.19179652977009 0.37371615569272 0.544289930166508
Sptbn1 4.1524611898773 0.285860215868404 0.510791613236605
Syne1 4.1503963272802 0.333836835349692 0.376143897330162
Cda 4.1429123080316 0.772599447248451 0.737374440395578
Pacsin1 4.14169095008779 0.511569267634666 0.651634038618034
Meis2 4.12322442304374 0.365988885146257 0.548372223700235
Ryr3 4.11992998468567 0.870137515229841 0.794210513138909
Pcbp3 4.10440580714922 0.636134458633646 0.77040612484174
Chga 4.098796953581 0.561295154038794 0.653214993882954
Baiap3 4.0937298948281 0.508881201405022 -0.208845058472261
Chgb 4.06049401313495 0.339704885811342 0.586508338478323
Itpr1 4.05473062947598 0.54163119784493 0.36707178176986
Gata3 4.01441322141381 0.925478379124447 0.854386494120863
Nr2f2 4.00783944634574 0.75599660137909 0.665165003577241
Pcp4l1 3.96825643175001 0.450015228416922 0.00351859812906087
Gad2 3.96665241396424 0.869286785905757 0.787731245990836
Olfm3 3.95803884320731 0.281884619060024 -0.26139631173465
Syt9 3.95156252440947 0.378413087069118 0.874332412834328
Cdh8 3.95100081630843 0.581130615643563 -0.226683036818248
Spon1 3.94487411892696 0.414259918679633 0.616230953044321
Nsf 3.91143302981902 0.636405183518308 0.765496066167636
C1ql3 3.9043240498442 0.088008750683752 0.436595746637605
Apba2 3.89346187497806 0.425153243388796 0.483498202619772
Cacna1g 3.88742453052809 0.80707321288632 0.847191450527669
Slc2a3 3.86847637161246 0.584820748877591 0.603608942878066
Zfpm2 3.86506795168939 0.388381365116555 0.535521657209073
Pcdh20 3.85277328258214 0.653243353595387 0.690094099725825
Scgn 3.81602309869044 0.898912143490838 0.869234797463091
Sez6 3.81449672349006 0.867428773812702 0.895575692435374
Pclo 3.81429022219883 0.721240218762022 0.777586015356917
Ppargc1b 3.77154858444412 0.7879645880747 0.831824856384877
Adgrb1 3.76694510466317 0.780590486342796 0.849188441120148
Grb10 3.74342857631175 0.301564452462 -0.0777806566658898
Tacr3 3.72538236066678 0.815696065632704 0.714838365774928
Tenm2 3.71513269002075 0.737756492511605 0.84278345059468
Cacna1d 3.70927340939298 0.797439020911804 0.811144003432046
Nsg2 3.66974813924752 0.285366794942053 0.618176258199999
Arhgap20 3.66739847017128 0.627931260098545 0.70788371664261
6430548M08Rik 3.63102301804154 0.840009874211905 0.842397420002952
Cadm3 3.58601390253147 0.799180140777593 0.838557083895601
Cadps 3.57063253109951 0.388337338708699 0.661900476060551
Cacng2 3.5437480038795 0.772689953556579 0.801294532572673
Pdzrn3 3.53699347726394 0.187258601446736 0.17087609436555
Ssbp2 3.51233730836534 0.793417946364982 0.792748874018133
Pcdhb21 3.50950201576366 0.80269509864881 0.773067362082954
Ablim1 3.49540050078083 0.705729438108743 0.750008614743289
Ncam1 3.48771579656819 0.429387269063137 0.491962660709352
Hcn1 3.48136867717855 0.664712787068511 0.697723243803862
Camk2g 3.47044074935128 0.563046828699727 0.638557426320675
Slc38a1 3.46182663568849 0.771124729743623 0.750220612752075
Tacc2 3.45717949857027 0.486265004673685 0.443108370389327
Vstm2b 3.44821130805579 0.527327137001259 0.743481193855046
Syngr1 3.42823831567926 0.571984625847499 0.513537484571991
Cbarp 3.4236882050423 0.306911249058242 -0.178495291841325
Kcnh1 3.37441906844299 0.805925009766593 0.793419543266566
Sptan1 3.3433861780277 0.493820757130456 0.698639733572304
Ntm 3.3318740955582 0.289052558739431 0.44286288122019
Sept3 3.32411904590971 0.571448801676423 0.737426283761035
Arg2 3.2570680455251 0.850353044831447 0.816588529305917
Ovgp1 3.17206352241336 0.604221046002152 0.409887530345184
Pnoc 3.16929581864195 0.798400290141861 0.665602826872848
Kcnmb2 3.16708670743679 0.779606324400168 0.735763153273028
Dgkg 2.99291297158512 0.737706648450876 0.668950067287457
Gabrr1 2.98762498967915 0.892914238170319 0.865529479229628
Lgr5 2.92588419801493 0.833258396274051 0.763517897042782
Col4a2 2.92268894679406 0.424294816490966 0.115393404805197
Cdh4 2.82909980372854 0.570840359819313 0.585390949566036
Cemip2 2.74801266953101 0.387042657420726 0.108840979911999
Syt1 2.53149089038186 0.594779725587569 0.614402900992393
Sult2b1 2.45661763423091 0.724575605572587 0.59046683084052
Magi1 2.43514049813664 0.524616491543261 0.4582632248664
Trpc3 2.31322100042363 0.730362256467403 0.761733968431528
Slc1a6 2.29134890656184 0.619633893466821 0.377478071474156
Ryr2 2.07168419695922 0.402543070098903 0.193066056460815
Il20 2.06961817330941 0.841041724606203 0.83528320659748
Sfrp1 2.0589968968599 0.575381697397546 0.594323878520417
Gm15246 2.01917360876057 0.454890089959005 0.350335588741979
