Cbln1 7.94262198794064 0.730462549335236 0.869673999594264
Hcrt 7.850948591792 0.955956778924399 0.972271128325189
Calb1 6.97922541624648 0.552109140395503 0.554951496866013
Scg2 6.6893306445887 0.615686038989355 0.814378532094243
2010204K13Rik 6.34945189928417 0.613575828501756 0.757157966737872
Gpx3 6.13342626690235 0.842459328974832 0.841524163189233
Resp18 6.0268361792507 0.450762839975306 0.751234055298963
Slc17a6 5.74540003421792 0.606243559925087 0.188924315298468
Cckar 5.64099045478842 0.952205694519218 0.947660566344655
Trhr 5.50891043446486 0.917496922906344 0.933959714416412
Syt4 5.36663560277101 0.559811672917311 0.689569252161314
Lhx9 5.35307095100023 0.709632188236348 0.638182176651118
Elavl2 5.34793529329728 0.495447598105132 0.541280624998818
Rit2 5.28970513205103 0.303203382529581 0.348263937698832
C1ql3 5.27303121640378 0.418090203149618 0.755670309798204
Kcna5 5.20853507686473 0.773950319321433 0.740096952891909
Pcsk1 5.07833771043965 0.844115958141848 0.87813259045208
Mal2 5.07741816574993 0.538231585708205 0.471131234193146
Dlk1 4.91988204827845 0.893925952370575 0.829225959652249
Ngb 4.78209592809186 0.775875591715717 0.828380329344642
Gap43 4.75336485854654 0.497390150068358 0.544289930166508
Neto1 4.67295300994191 0.396718780163139 0.184139538769811
S100a10 4.66027802762758 0.697938796503239 0.699757077975221
Avpr1a 4.63157222963701 0.932267663824693 0.85887860533268
Tmsb10 4.56546301727969 0.498132748722173 0.739813853725937
Nnat 4.51347742661927 0.534379460536886 0.451362503870103
Arhgdig 4.50450795769 0.661327711765534 0.758536833241335
Stmn2 4.48583704528134 0.416101934007814 0.648203862600887
Nptx2 4.4600536621597 0.542322381267698 0.399878880933554
Snrpn|Snurf 4.34845316272045 0.456556981649361 -0.173157282143953
Igfbp3 4.33192208219516 0.577646371033958 0.365134848141423
Gng4 4.3252015991376 0.563620848449995 0.698284811518334
2010005H15Rik 4.30002854130331 0.934330610845263 0.892343083752016
Ddc 4.27509493284106 0.0237340398743604 -0.0538176148825942
Rrad 4.26226129289312 0.654841693204692 0.0132164602565095
Nts 4.24079279470759 0.890704551871698 0.898520657324077
Mcub 4.19908156792531 0.624143120448226 0.737613470581952
Pdyn 4.15750850426089 0.876663046858549 0.84974279374471
Ly6h 4.14674730109216 0.467335667100501 0.531740170042108
Baiap3 4.13062447869455 0.576802257968446 -0.208845058472261
Cyb561 4.12302569971916 0.51706230286489 0.611746174242102
Calb2 4.09647818031723 0.56794694592202 0.356777330024368
Thbs3 4.0955037748179 0.00920725209516774 -0.107641530738696
Tspan2 4.02246221461498 0.0274979810347552 0.793318508102799
Lor 4.00955587815664 0.550915301885164 0.620628682621749
Cdh22 3.99437348659651 0.566746666341046 0.332169740502888
Fxyd6 3.98933629809869 0.255397634728353 0.130150978859196
Spint2 3.97005312939547 0.616012869046177 0.526264324001147
Tmem158 3.90325249021229 0.214618331471929 0.315297291936307
Nrip3 3.89132641524638 0.388013339828568 0.719957132582904
Cgref1 3.8809897770786 0.620220130555326 0.785550871823105
Ghr 3.88002764079164 0.197720414226157 -0.020989542021132
Rspo1 3.84850624097335 0.83172278261086 0.744573956960875
Ptgds 3.8472205750867 0.00902616226891921 0.0679630471957271
Ache 3.83407222514484 0.5749314476102 0.517059083183056
Ttr 3.81951294252296 0.0707702677129742 0.0720814524885029
Doc2b 3.73557921323135 0.781107578280905 0.813638666907698
Slc32a1 3.73165219089679 0.220123748391478 0.232421373764156
Cacna2d3 3.73094667086666 0.524301476543537 0.385796870824396
Cntn6 3.72503570564726 0.511688266871442 0.361912782273674
Hmx2 3.71797298465491 0.933493230899034 0.90525525917951
Rab3b 3.7106458044961 0.791793980762133 0.843000805753533
Penk 3.70682854897741 0.505821031554932 0.244496262862616
Tppp3 3.6747951364089 0.0852845165549169 -0.0272264881167781
Hap1 3.65085429998599 0.663743773987987 0.637563917102698
Grb10 3.60416535424844 0.353169214357045 -0.0777806566658898
Cidea 3.60013742138764 0.803992188198155 0.712238689489587
Ptprn 3.58874691128864 0.548370792404102 0.294006393229748
Pcbd1 3.55822720739638 0.611594997172276 0.649815352706012
Mal 3.51890846200739 -0.00398589731070144 0.696179992245924
Ntng1 3.51234099376535 0.472894291667253 0.399362305862763
Rab27b 3.51059064948923 0.560041075001832 0.483896942330738
Rasgrf1 3.50402745446912 0.404541117217171 0.033368745336891
Vsnl1 3.49828127314415 0.0620587200256656 -0.145837534253011
Tmem114 3.472027926731 0.906026305714911 0.821609949261117
Tdrp 3.46782493979903 0.738864507825381 0.852711748441215
Cdkl2 3.46533969715851 0.346810519445669 0.501175649385219
Chn2 3.45698186062913 -0.041240178694485 0.62622586110245
S100a11 3.39891536966887 0.699874266183443 0.60112967491535
Cbarp 3.38699820350753 0.366559226042553 -0.178495291841325
Ntsr1 3.37655795502616 0.798969752723293 0.728424810566613
Slc6a3 3.37129850016719 0.900414523971828 0.85787717451442
Mbp 3.36712009514845 -0.0952800073007494 0.422379614554549
Tac1 3.36156080830565 0.0452211447718711 -0.169422636919979
Mobp 3.35826325548786 -0.0375862571366987 0.638917722315541
Gch1 3.35666755855021 0.858454345321515 0.891832772893106
Syngr3 3.35493350706716 0.490359188859377 0.617248792693124
Plagl1 3.33944495142087 0.32493424204296 0.704210387735025
Trf 3.33035669466455 -0.0692116042726663 0.368548910128309
Olig1 3.32831284661765 -0.0850012470394849 0.535635049223184
Cd59a|Cd59b 3.32575950056181 0.539257732818085 0.479167214364543
Gck 3.26817240774986 0.822136468934638 0.846899501932837
Rprm 3.24095695960414 0.137527202632003 -0.0713551663260765
Crhr2 3.20759389757198 0.930685523334462 0.898918540724859
Hspb3 3.20387635608227 0.692056104830403 0.602740053667571
Ctla2b|Ctla2a 2.97944432805711 0.635588203073313 0.127380704078194
Sult4a1 2.94233534974346 0.562218073044437 0.0470503226650689
Cdh9 2.87055498350419 0.743793950529276 0.64198194848102
Tnnc1 2.82813913318523 0.633308597133583 0.540116009853376
Ehbp1l1 2.81562359797921 0.482908827946341 0.100194309468587
Kcnip4 2.75482982388778 0.712645147706823 0.747613012612492
Stac 2.64204428743041 0.539314114043447 0.410574531413652
Gm5424|Ass1 2.61687249395801 0.640302993180417 0.659218350768343
Slc27a2 2.58931623552576 0.503376764511346 0.204632569252348
Fxyd2 2.57744040520863 0.7921198938245 0.789071093808861
Rhov 2.56208962299577 0.748040477640355 0.786922531898806
Rasl10a 2.53178954723225 0.410181683813884 0.151021140838073
Coa5 2.48650500770049 0.699089138371683 0.778806770630378
Cacng3 2.46106237566788 0.766876484370951 0.680976466265569
Tfr2 2.42129688408869 0.467858052128124 0.488747471084574
Hrasls 2.38872489582901 0.501262598455057 0.366363429890658
Creb3l1 2.27453796529869 0.638960605957178 0.605272665092537
Car12 2.2678465197276 0.704088696226792 0.606499589637067
Phactr2 2.22396143066361 0.775976742052628 0.790482502579181
