Tspan2 7.13490841040473 0.728937064960979 0.793318508102799
Ppp1r14a 6.86040597542598 0.764388827163541 0.776082375139504
Mog 6.83686234829 0.743399901730375 0.654552375171418
Mobp 6.80822416277456 0.716659776839296 0.73497626581373
Olig1 6.63253981385721 0.384276850156193 0.773403160142552
Ugt8a 6.49737490145929 0.69226272881971 0.701952835464516
Cldn11 6.31692760692068 0.709993881695012 0.618174266575422
Mal 6.25905149560266 0.709494566567202 0.886348738071123
Cryab 6.05843213549949 0.571561194357574 0.829493240945119
S1pr5 5.9811807015025 0.725250604058943 0.689239998602531
Gpr37 5.97537023269263 0.373309439174932 0.339781304561819
Efhd1 5.62011785231143 0.33448791771749 0.38748675074385
Trf 5.61779444304621 0.45068454279814 -0.09037688828102
Plekhb1 5.61594479906229 0.321726656014261 0.544142483318154
Aspa 5.60494659448508 0.649272563959354 0.602962586614671
S100b 5.57803862078753 0.22995600143944 0.122987472536489
Olig2 5.55193153101589 0.633521624384538 0.698661462896173
Mbp 5.49424326985307 0.605409753011529 0.819220409500646
Ndrg1 5.35610547191174 0.673004735458816 0.635827471620402
Chn2 5.25652296936461 0.608125372268097 0.684274289984058
Sox10 5.11148004599349 0.837323424636026 0.864369334662135
Ptgds 5.10559068747417 0.393364874283958 0.0679630471957271
Foxg1 5.08394829161619 0.00662475933989314 -0.0644363656892391
Timp4 5.07213725353545 0.0482980019092894 0.0283190598827433
Pdlim2 5.05273057468728 0.776362996785474 0.744082876887141
Plp1 5.04667315868852 0.528296069219311 0.80682601002219
Evi2a 4.99673634079231 0.532751075077787 0.123793673495937
Fa2h 4.97613644636662 0.738369102026288 0.636721651288832
Anln 4.97177580279525 0.699154719251507 0.490639237712517
Gsn 4.94433253064331 0.646002594466913 0.666851360972835
Pou3f1 4.83659109055953 0.603405863979006 -0.185857771138749
Ddc 4.74926393487985 0.566790370784866 -0.0538176148825942
Trim59 4.72980939559964 0.74151558606626 0.740383382720479
Slc44a1 4.72627378686326 0.720126054015979 0.821768590422807
Scrg1 4.69738889305797 0.227234253689687 0.112704087755725
Itih3 4.63310272469636 0.136521176890447 0.183021296056439
S100a16 4.58629892230098 0.269585061548054 0.145495965397372
Fabp7 4.54788406674647 0.0682972517772934 0.177649719014433
Nkx2-2 4.46277439528593 0.425367127142749 -0.0767341663780006
Gal3st1 4.36666952705867 0.799915359911708 0.699554935386305
Sept4 4.34942641486253 0.644587233285889 0.712658796202013
Reep3 4.30526390419769 0.0921117182129525 -0.118153589258345
Elovl7 4.301772883809 0.696409826678038 0.572155799374228
Gpm6b 4.30143316363845 0.194927024875358 0.327706582400241
Kcnj10 4.27940487340632 0.200247961273835 0.460499408511415
Apod 4.26230297459392 0.619661276111158 0.469142554173552
Mag 4.25701141804125 0.662426376391212 0.413701218266802
Rffl 4.25318414464264 0.580714108114807 -0.0514476373775014
Tmem163 4.2205890200365 0.622289362935873 0.301286017027292
Pllp 4.20702556934755 0.842671566108482 0.800708640741938
Slain1 4.20675170289978 0.65006801456389 0.743641393096063
Cd9 4.17038162857368 0.166238762816733 -0.198812014371934
Plpp3 4.16241606294361 0.17046938773398 0.368290512999333
Thbs3 4.12864008684548 0.346145219755644 -0.107641530738696
Lpar1 4.10541930381342 0.825245657505616 0.786444598196139
Tmem98 4.1026394224174 0.669715631756487 0.679720679822789
Josd2 4.03303525897022 0.696237447031579 0.531281460363548
Elovl1 4.0151551503224 0.483194176812055 0.269296156409433
Gng11 4.00353037284717 0.703930550816286 0.551279721172893
Nkx6-2 3.99748555350696 0.743730113401229 0.658636294894345
Sgk2 3.96576722972268 0.710367412936959 0.466012743528825
Lims2 3.93397920200464 0.820813489694895 0.73995268298742
Bcan 3.9076860848705 0.199803438868207 0.613900686886819
Clic4 3.90751577901819 0.384686102209626 0.515080522834173
Kcna1 3.88343892648319 0.484199845584953 -0.204032671076592
Adamts4 3.87149787205763 0.674572431572706 0.402190175873674
Carhsp1 3.80856422415259 0.540783091126873 0.58529766356601
Gpr37l1 3.78584133764779 0.194455388197912 0.585077737704823
Tmbim1 3.74879001126053 0.157516320872582 -0.0109066754384885
Tyro3 3.72500589040324 0.434411155632732 0.272629443633795
Asrgl1 3.70723116947048 0.196821518442991 0.290279942573485
Rab31 3.7013654477597 0.216675746607067 0.237256674681233
Sgk1 3.70069247866416 0.386928407592849 0.245624872193521
Litaf 3.70041326408601 0.524369041118428 0.446164633416549
Lrrn1 3.62003008598431 0.637779067151431 0.655715089409328
Plekhh1 3.60532402641005 0.629447671439992 0.296928313293316
Pdgfra 3.59971489073553 0.356471952423694 0.118634010777737
Gamt 3.59051558131872 0.730968536820244 0.532299603763831
Il33 3.5901964144471 -0.026035770012748 -0.0755759939006887
Gab1 3.58978446980979 0.372939376628306 0.415327320881204
S100a1 3.57747281806073 0.227851649038547 0.0427421537797832
S100a6 3.57713023189193 0.362364445930087 0.285058738959458
Nkain1 3.55268265666051 0.579909193932534 0.499918707503947
Prom1 3.53439266080249 0.147051877788628 0.280166162214014
Phldb1 3.49743237018606 0.724562531268632 0.647057868234379
Tnni1 3.49387873567609 0.790311974063496 0.653264129957624
Tnfaip6 3.46733469523707 0.544757793751904 0.443553559514261
Klhl2 3.43427922088664 0.708172642271217 0.700521570440216
Gstm7 3.41913947707973 0.52273179613257 0.138509645888492
Gltp 3.41347073483275 0.743825795855194 0.834556957417851
Edil3 3.41063965062102 0.463918718495057 0.190802868770487
Plat 3.40410150759427 0.144766285461954 -0.0281454455354547
Ninj2 3.36838620297656 0.818960258763597 0.723115752990069
Car14 3.33509755159478 0.678399571782288 0.379911461350564
Gpt2 3.33378973206924 0.151201356870955 0.153942685027975
Acot1 3.33169883472388 0.205449581575542 -0.0615653343210839
Hapln2 3.22742973656037 0.609349850778111 0.243642730828602
Csrp1 3.18139036531081 0.246296391661295 -0.0255311066201
Brca1 3.15019908513619 0.474332092863839 0.413117197003879
Pcolce2 3.11059141198983 0.389360505763042 -0.097268328693379
Gjb1 3.07646726660894 0.693664711958003 0.472044299924469
Kazn 2.91327204218111 0.771208219601193 0.755198398005804
Bmp4 2.70442546757388 0.684407457444114 0.426507992559065
Ezh2 2.69362286273664 0.18305893470152 0.12639536082665
Lad1 2.61584860438433 0.484572902318739 -0.0111273166455782
Lamp5 2.53616795117332 0.43408197913022 0.0446444907252177
Pex5l 2.49008222683145 0.570915546704379 0.369238804584642
Dock5 2.2157744579751 0.513412700026944 0.0892818712292175
