Calcb 8.18527608830272 0.894985434791044 0.88616924665076
Slc18a3 7.26905710958655 0.953501303581232 0.947731727719089
Calca 7.0542101032242 0.447276834087325 -0.0467999238210405
Spp1 6.48827895659233 0.672774262611036 0.652468273812853
Prph 6.18592404438909 0.870141969216699 0.884558237775102
Sh3bgr 5.7437039142723 0.802294117889746 0.779399651872549
Pcp4l1 5.74337482395681 0.741268292330136 0.75004318195167
Kcnj14 5.70741501044175 0.863948304841103 0.872281632297876
Sncg 5.63967987221692 0.0450836214787513 0.183220225068359
Isl1 5.51739669380247 0.85144412700175 0.828957543204347
Chodl 5.46193185115157 0.501541722412834 0.209936484462869
Hspb1 5.10939550432028 0.793666190669512 0.751518475782689
Lgals1 5.0833464542992 0.646810037634453 0.638314833362545
Irx3 5.0398518732302 0.792531224554627 0.71366877723459
Fxyd7 4.89974785410109 0.592749106253135 0.674416369052532
Hebp2 4.87578956060201 0.58048888855304 0.616789616632263
Nts 4.84827214472654 0.689734440434425 0.595388083845488
Caln1 4.80275440115723 0.352511823076546 0.424720034348097
Uts2 4.72034598739804 0.907817365788362 0.863540812603061
Lcp1 4.48033002302552 0.589972915645407 0.615312200763985
Cela1 4.44944844734343 0.603182398698382 0.75321368110366
Rspo2 4.42517537646686 0.62031827589148 0.558321110898771
Cda 4.31671187752046 0.486320930602637 0.136625105188424
Nefm 4.30628382379868 0.38051132946984 0.498241795049232
Nefh 4.25917477143182 0.462827920509047 0.707803384995871
Stmn2 4.25101993637552 0.200850913613642 0.266864732241161
Tesc 4.22509732686435 0.607937028455312 0.658381811812047
Medag 4.20487670038596 0.684254587544628 0.581428369688513
Vamp1 4.15729899963786 0.568013302815853 0.728192931894238
Cd24a 4.11007155794143 0.456587957091712 0.600971897114142
Slc29a4 4.0638231102661 0.50952062350824 0.345830546049088
Susd2 4.06003574132673 0.0627998380932764 0.320461688614653
Anxa2 4.05159323882275 0.802241898961273 0.772356387855809
1110008P14Rik 4.03705720979407 0.514895701107046 0.718414183264562
Prss12 3.92788571938627 0.507172426016865 0.695368721404231
Gng13 3.92740174392945 0.438460996065479 0.453275983799627
Hoxb5 3.92309892660136 0.729900052978934 0.350236105723001
Gabra1 3.88893525953997 -0.291478856500996 -0.286999357713514
Trhr 3.85658186352456 0.212550910265113 -0.124914712750761
Popdc3 3.83772904376909 0.609403361146241 0.674878805205623
Patj 3.78901500703017 0.650090986209008 0.783290436319864
Ykt6 3.78198159193678 0.602411974118184 0.819586352338522
Scn1a 3.72995034006569 -0.0929460704562102 -0.0138263099177445
Lxn 3.7178195299432 0.434011465366305 -0.00371265774157843
Kazald1 3.70644202061837 0.654599247842651 0.59871371589702
S100a10 3.70322255205624 0.2432515857854 0.310010191500081
Syt2 3.70162418250673 0.549380090089071 0.597455344585278
Nefl 3.69726099824633 0.119502411239301 0.426108037014951
Hs6st2 3.68956557196609 0.00568605130090075 -0.0313446811327017
Pvalb 3.64441414952323 0.301797780318683 0.196951574305019
Hspb8 3.62389806097643 0.580018941315259 0.763671460163835
Kcnq2 3.61674377831123 -0.264358622704587 -0.0420658338345463
Cbln1 3.59545050752314 0.12973241130364 -0.0290924074124078
Ifitm10 3.59062810905132 0.596226209518128 0.687570229853977
Htra1 3.56799866038744 0.129306240284544 -0.0422192820995088
Lrrc49 3.55087300285163 0.634744373239006 0.627569253026086
Ecel1 3.54931465146453 0.697363118336134 0.66836951654133
Anxa4 3.52237251154377 0.701533290443289 0.680759299110274
Rerg 3.514174802212 0.49874420192842 0.493304274883962
Dcn 3.51169645294808 0.485638229981729 0.390524291566906
Fkbp1b 3.51076808329056 0.0911720695488597 0.257273317470723
Ache 3.50337066454601 0.0935506481111961 0.354967167164857
Mcam 3.46206192070171 0.369492496275339 0.186166237904029
Slc17a6 3.44805386338326 0.0788649483457453 -0.126391271399945
Rnf227 3.37295841747495 0.241552620121325 0.548779803154195
Tppp3 3.36411555300547 0.208539961112891 0.0925087694972444
Clvs1 3.33484670246228 0.184451481365049 0.345923334301786
Elf5 3.3262526055684 0.617648169475082 0.0769207973225204
Cd55 3.09662028091097 0.614381493192107 0.671337028804111
Pip5kl1 3.06020174702646 0.701032996244327 0.696673722203627
Cabp1 3.04576747365403 0.760311166955783 0.762049141884627
Etl4 2.945254281157 0.0529152492835798 -0.175403707846779
Pctp 2.82536776230452 0.725103619068791 0.716902452300221
Fgf18 2.7435517147775 0.527277956249496 0.471761082805736
2310030G06Rik 2.63128143812248 0.643042633523482 0.655090976161732
Cidea 2.57550750469257 0.748050106788033 0.51798795090319
Hoxc4 2.55593663535537 0.559807520331539 0.442548009564066
Cyp39a1 2.45419027708333 0.675586454476151 0.600609344003931
L3hypdh 2.44230699913027 0.556702900141806 0.49356533575236
Tuba8 2.3906826192614 0.617008280241468 0.597092034583056
Vip 2.15607713870221 0.0177191112232416 -0.160147890078289
