Slc6a3 6.52204712272886 0.854016258286213 0.749001341302571
Mobp 5.95577246942684 0.367378449591177 0.024740385920358
Th 5.83372422401261 0.504724920196143 -0.0736640727548439
Snhg11 5.06757753128341 0.553624873156614 0.494362431456469
Prkcg 4.60361435140087 0.679141012199874 0.614737099886104
Sparc 4.39291420675068 0.413663284740728 -0.0595837855726374
Cadps2 4.10117990595667 0.693356732110794 0.703349953516204
Scn2a 4.10006038942709 0.583612245510077 0.737891678221809
Rian 4.04625238893768 0.372606479421175 -0.130687336554508
Aldh1a1 4.0418667982942 0.48416377199456 0.167415409964574
Calb1 4.03097087645009 0.490468240329104 -0.1621284345271
Cacna2d2 3.97889172657569 0.520797851343666 0.170272997705182
Mbp 3.83014447961101 0.278844511189921 0.127284333173968
Rreb1 3.73077938374651 0.499601016967122 -0.0103038808606938
Celsr2 3.71674533810821 0.548041549290148 0.295166458183747
Sptbn1 3.71287711419938 0.273471112727226 0.0667879329745926
Gabra1 3.70803567038479 0.414440713529268 -0.286999357713514
Pltp 3.69550241589142 0.505992280507734 0.193808017929686
Slc1a2 3.69151488887942 0.13257446013801 0.0350793132765562
Rapgef3 3.68898148994399 0.168784775867268 0.0419092030635153
Kalrn 3.68414989716461 0.267200259206691 -0.027468448799785
Kcnq2 3.66157497773142 0.454376050915669 -0.254365902831376
Amy1 3.6480896021047 0.291422636714409 0.105036935087768
Grb10 3.63463955699162 0.438069679435653 0.0889886723868291
Ahnak 3.63014196576274 0.399479936348668 -0.102337984359446
Slc32a1 3.61543738675351 0.361221339479146 -0.287566771878451
Cntnap2 3.57211973695494 0.414627089966787 0.0492394300444847
Tenm1 3.55178073551195 0.617002833427853 0.330306447896584
Neat1 3.52286648152341 0.516915740280268 0.202584972198239
Meg3 3.49540614860516 0.397746387339537 0.0974720094327102
Itih3 3.47890017610053 0.134919178542381 0.035553366351742
Mapk8ip2 3.44552330935315 0.467901372652437 -0.0954733087639633
Ubfd1 3.42668503020389 0.493253341508102 0.0657740127558355
Laptm5 3.4254486628432 0.267864452659536 -0.0312273172603521
Olfm3 3.42064473469807 0.580756617068606 0.272775356740354
Tacr3 3.40532507063773 0.416752492567841 0.0658505785890941
Nr4a2 3.39548185097538 0.713982106637957 0.586347456760827
Syt1 3.33500171251413 0.101628904410199 -0.276795059522487
Slc3a1 3.2030643838075 0.195404199055181 -0.426392238240995
Ntn1 3.18379292726928 0.624500530515175 0.46565659879659
Caprin1 3.13589922194963 0.421410355633563 0.04854186112482
Ebf3 3.0663120531776 0.551250681117476 -0.125458317850762
2900097C17Rik 3.02245210809102 0.18356860931586 -0.376749614590734
Plcb4 2.82127071984853 0.136391562568497 -0.494566565302668
Fto 2.79217279538385 0.213670320345402 -0.467188971294235
Etnk1 2.7594038062854 0.223914886456866 -0.460343518122416
Zim3 2.67264667445566 0.520825426950109 0.127160650974788
Akt3 2.6175961784484 0.206974076828918 -0.45246096681525
Coq8a 2.60807169285095 0.217267129326628 -0.321912182340536
Ntsr1 2.36006853464275 0.525508054753988 0.202386609418303
Ncam2 2.29885937200248 0.111778853569276 -0.381372757002063
Kcna2 2.16241586029208 0.583627721804382 0.284105474032524
