Aqp4 8.66219020527995 0.737882279833445 0.883821070039165
Gja1 8.55791440568019 0.377530202124339 0.552614598890637
Mlc1 8.17625283983883 0.72390850988906 0.825176295642938
Bcan 8.14709587536639 0.478930842431223 0.74587796908394
Fabp7 7.81060969429592 0.181009903841464 0.176965330793772
Dio2 7.78643806406923 0.72500996370407 0.787741905742206
Plpp3 7.54605853763857 0.512251221363495 0.811409116318443
Id4 7.46941499292242 0.483326502592059 0.51011396077996
Timp4 7.44253415794429 0.311002051329331 0.323149282830749
Slc6a1 7.37495748136018 0.406326064445697 0.798923159189307
Olig1 7.32364789085958 0.0888453517187145 0.776461144764042
Htra1 7.2842048673931 0.453978578832765 0.6221943064331
Tril 7.2436239069606 0.672352163386041 0.805661431824548
Gjb6 7.21443362728365 0.686218417212041 0.734174711121178
F3 7.19303074502219 0.707817925269603 0.722398737542403
Slc1a3 7.13202344234297 0.751093317018281 0.807227800093745
Slco1c1 7.1165663692057 0.864356304371389 0.872970173978193
Sox2 7.06128676178306 0.189704087128788 0.256502273046404
Atp1a2 7.0579113528382 0.742388639751517 0.869568149772906
Scara3 6.9357620441654 0.773337366881929 0.78826019010128
Ntsr2 6.87007215057201 0.659310969316651 0.728514178056241
Pla2g7 6.84051851827308 0.74693060865104 0.766755016443729
Acsbg1 6.59573728807781 0.813230872654323 0.847992649544217
Fgfr3 6.56253148803769 0.768357024803873 0.802643436225161
Vcam1 6.55983557090757 0.655781529861882 0.735209874280494
Cyp2j9 6.52221060596716 0.570049718440937 0.715988047172526
AI464131 6.49759641575931 0.8230569601482 0.873111388533711
Tnfrsf19 6.46730746311608 0.853272771351609 0.883137539903969
Gpm6b 6.45304392728637 0.212119084172493 0.32781385650888
Aldoc 6.4410008842056 0.330125438844925 0.520275377811629
Aldh1l1 6.38765916633124 0.809030257471054 0.846832595979502
Adhfe1 6.27168787225798 0.656737477586041 0.712392385421288
Tlcd1 6.24777426433293 0.726317110260912 0.744261110495016
Elovl2 6.20736204524511 0.865324066979057 0.869360761140378
Gpr37l1 6.20668809559524 0.413531500605256 0.732762038858991
Mertk 6.18920664450953 0.603645657176558 0.023616097947432
Lrig1 6.18458563879986 0.768767241652 0.851209719407513
Cyp4f15 6.1815501781371 0.904457674585346 0.894441564723772
Itih3 6.14805963043288 0.157003140095249 0.183031662938551
Ezr 6.11121955588459 0.834136234763467 0.88054974450058
Slc7a10 6.08658966567872 0.866373468801932 0.851797101965907
Slc15a2 6.05085414203218 0.834461375214075 0.920877267804802
Cxcl14 5.98237725492615 0.531665450003299 0.475071717175078
Fzd2 5.94885136007398 0.781042793773153 0.80244136315242
Ndrg2 5.91508978328583 0.4629890238419 0.507898133513764
Dtna 5.90793440241879 0.637722043452612 0.804306958227351
Aldh1a1 5.88162910444033 0.560442519671631 0.639269346929273
Cth 5.86183930847947 0.805454103430178 0.815472595985684
Kcnj10 5.8043742331709 0.120179516053504 0.458807731675594
Il33 5.76062380179499 0.267453996039739 0.108539584370652
Grin2c 5.73141654612695 0.891137273542236 0.884828872891386
Itih5 5.7019078141901 0.706948025432038 0.761088167317219
Cldn10 5.66501023203736 0.76288379492824 0.725824710776182
Car8 5.65490583019815 0.293390521824981 0.14790114510697
Id3 5.64626357197068 0.46090823683185 0.455377769249416
Smpdl3a 5.60906240967713 0.713957544281698 0.856410920592703
Pdgfrb 5.60244225854367 0.817862435024439 0.799965435605529
Ppp1r3c 5.57440553342263 0.650740126602841 0.735501062017654
Cnn3 5.57325180796301 0.141088517495816 0.409700713238245
Fjx1 5.56828973957557 0.780911313451328 0.891305715526312
Cyp2d22 5.56150907874119 0.867484118153622 0.859159500184344
Gprc5b 5.54432147592295 0.458812669524969 0.726771796754164
Abhd3 5.53837781399916 0.503585783027711 0.814921285035687
Mfge8 5.53616915596843 0.66688154919074 0.776453128209076
Apoe 5.53398323578238 0.370284861636529 0.666250258051978
Scrg1 5.52553287072839 0.0988487059170703 0.111733237102384
Wwtr1 5.51665901988954 0.741079810354729 0.756883370360999
Ttpa 5.51054370466463 0.766836589954603 0.772369804703734
Tlr3 5.48936388862353 0.671528946575242 0.858371459801115
Igfbp2 5.46339472076347 0.78423637337221 0.777587296242546
Pbxip1 5.45479552963946 0.707018296401292 0.721219446308713
Scd1 5.43999653587841 0.231228285945719 0.363425028609129
Rlbp1 5.43540042881833 0.271956708637139 0.15172412401797
Gldc 5.42321661682284 0.733584651596736 0.734069209013029
Hes5 5.41744677645835 0.373895916284732 0.269068118860258
Slc1a2 5.41187156830781 0.878295605008738 0.882902953600854
Cyp4f14 5.40167182980312 0.851936089153797 0.85868424702626
Fgf1 5.33845874032531 0.550671935916269 0.712627328718999
Cyr61 5.33643802053835 0.88877915111853 0.857814268177357
Eva1a 5.33494804496126 0.597459158920384 0.738089793192592
S1pr1 5.27393575635471 0.779500903986214 0.758084570794129
Cyp7b1 5.25595525856984 0.776030857277021 0.815459345245038
Emp2 5.24134959505343 0.837300181443999 0.831577988261558
Myo6 5.22760133525156 0.579130650744199 0.540338316099749
Slc14a1 5.20522758894334 0.827915374214846 0.814784058229655
Fermt2 5.18568847256966 0.225337212399516 0.811227120619852
Xist 5.17444996560168 0.245684227056246 0.043416087245151
Ccdc80 5.17171290206088 0.866103329893724 0.856081505706314
Pdk4 5.15397557252842 0.583188868942453 0.598105321891196
Acss1 5.15278808713946 0.537508702172308 0.681042353164821
Prodh 5.14892601813835 0.863469598070448 0.848381221215723
Klf15 5.12819166927942 0.501186576014093 0.617413540250173
Lcat 5.11671220648994 0.822982198280767 0.8586288051589
Asrgl1 5.07219821310861 0.129335892012254 0.287757514664353
Slc1a4 5.05813743547243 0.85489724253153 0.87532754628554
Itgb5 5.01780561071343 0.421965013457582 0.734332201174804
Elovl5 5.00911365018296 0.434024934872272 0.567131741370515
Ptch1 5.00373242393206 0.53151040166617 0.758969615693986
Igfbp5 5.00068826450896 0.803879875036141 0.822535469061064
Itga6 4.99709370611525 0.655406158278565 -0.12839271730186
Prkd1 4.97990848575858 0.62547010703313 0.678488085136365
Glul 4.9636706153619 0.313628469504974 0.48517509232173
Hapln1 4.95890264800444 0.786975882310834 0.758786598523242
Phkg1 4.93065203246699 0.841163418526919 0.813472871204969
Zfp521 4.92676762908533 0.215087194443653 0.265860020800069
Eps8 4.91960234009986 0.375954438855902 0.327457667331203
Egfr 4.90779736536222 0.925902032841719 0.891153014422226
Timp3 4.89644092249664 0.84765495004632 0.858483914208881
Mt2 4.89318818559257 0.349564733567405 0.308103218933042
Abat 4.89148547621908 0.643932269781218 0.801051902453973
Abca1 4.86989887817428 0.566863320774905 0.131832799862662
Axl 4.85297851511453 0.838377058887092 0.806905573283577
Cd38 4.83598412612567 0.84091275606466 0.780459374967831
Fam181b 4.82943160656268 0.478097831223057 0.512384561825193
Gstm1 4.80830073853268 0.538179155363329 0.549499653273446
Slc38a3 4.78354709907097 0.868934154313202 0.862929803572819
Trps1 4.77717057276821 0.6346050475527 0.731756000175544
Tmem47 4.74412136795463 0.710546064269241 0.733873812325582
Prom1 4.74065535306747 0.296127228540179 0.27979622418856
Ntrk2 4.72700939305333 0.591298263450964 0.728654270938923
Prdx6 4.72348929046775 0.554598788628467 0.656137061832776
Mgst1 4.7099036885589 0.533666838416698 0.570170569396731
Psat1 4.70063779561958 0.00701282616608918 0.0988967160612217
Antxr1 4.69827919075844 0.618875763287858 0.819471457279681
Selenbp1|Selenbp2 4.68721290189878 0.624407122605179 0.762541027264281
Sept8 4.6833272992975 0.294240530972373 0.25469801136639
Klf4 4.68023751914877 0.355337925019454 0.471143080807738
Cbs 4.67648875095629 0.871512314128246 0.872131668726798
Acaa2 4.67209286385759 0.78477222972625 0.882522679252495
Notch2 4.65450721428011 0.521434311470124 -0.0435635125582493
Gpr37 4.65385104465331 0.0346784281469705 0.340074477451517
Papss2 4.64758142000079 0.749517570355517 0.734481894347144
Acsl6 4.63715390403487 0.770400235584399 0.82995352342455
Btbd17 4.63506450739247 0.840114093476472 0.848505534586669
Nat8f4 4.62067640574486 0.725548403544171 0.7743439980923
Crot 4.60582712004932 0.523103972365134 0.598034748457258
Amot 4.58400311833774 0.836757423925722 0.891473950533681
Gabrg1 4.58045721579355 0.708418897580586 0.757034371575311
Hsd11b1 4.57662181165687 0.883386529098119 0.876291129722887
Lhx2 4.57508962707311 0.580357147002446 0.610056775433524
Oaf 4.55824982112176 0.704111508357843 0.798924010593506
Idi1 4.55235131022771 0.0223652360312114 0.00987942994435621
Cryab 4.55140352584031 0.158921578703294 0.831309103635395
Fmo1 4.54166204141913 0.848825202333929 0.874031878436956
Slc9a3r1 4.53288537177672 0.503147163700653 0.645781696983549
Slc13a3 4.53228605743956 0.606690705939323 0.790492803437858
Rapgef3 4.53156319845719 0.275476007520181 0.334656524905923
Vcl 4.52532642246221 0.669401045548334 0.850482647635368
Gpld1 4.49973006486022 0.752871624777427 0.808615650369874
Col4a5 4.478218205177 0.958594155654123 0.935771271306276
Sox6 4.47676194974364 0.24602840668146 0.118282586897786
Lmcd1 4.47444664207772 0.577504010923496 0.549617195775667
Pnp|Pnp2 4.46324097977278 0.371659440105794 0.716726873651538
Sparcl1 4.46075264887891 0.678952693541795 0.805372812462862
Pon2 4.45704724359721 0.334416410624907 0.558964520074876
S100b 4.45592030202483 -0.0519213442720315 0.124959396958816
Gdf10 4.44162162803784 0.843019775613683 0.811947621629343
Ephx2 4.43256212061691 0.767120389953456 0.775965356955259
Tmem51 4.42963602800882 0.709057225603151 0.657131822864043
Msmo1 4.41521317353896 0.441882725792874 0.409538333554596
Aldh6a1 4.40986211129772 0.45525090653542 0.766679105945631
Stk17b 4.39546225181454 0.525722057760084 -0.0324488707098534
Notch1 4.39466135989534 0.705749004598809 0.764811788641146
Slc4a4 4.39303802477736 0.771796149396915 0.744823847841027
Asph 4.38768424862797 0.441363572867275 0.204044268100301
Rftn2 4.37147797039094 0.522223606085705 0.580449122026446
Kcnk1 4.36852015985136 0.614719764900612 0.644915996151621
Scd2 4.35185674856445 0.265642986195507 0.192917895557564
Nrarp 4.34274023063561 0.551583528802266 0.482462120109468
Ptprz1 4.34066320477691 0.771590572509742 0.843857902814831
Fam213a 4.31774253415358 0.446598050732051 0.684709538506317
Clic4 4.31159614303425 0.014950239644348 0.517049759324162
Entpd2 4.29544149571936 0.856982128801153 0.863252696544903
Efemp1 4.28100442597813 0.505320623183373 0.399513458666335
Chst2 4.26701382256097 0.503347504234891 0.604751675516334
Ttyh1 4.26466075649841 0.51925086411809 0.680882169421705
Fads2 4.25990401297469 0.827060528533211 0.846335873009285
Gpx8 4.25558378091573 0.450218064306713 0.406774942759366
Clu 4.24354466062883 0.777176391994177 0.779868403562126
Gas1 4.24152508979954 0.521803297472108 0.433439958017736
Zfp36l2 4.23783933875423 0.323834306039006 -0.0438182143146671
Zfp36l1 4.23718051512168 0.166760157225737 0.240028076920446
Kcnn2 4.2311205664211 0.666979144297581 0.769152215451074
Efhd1 4.22079018850702 0.0423672874665152 0.388459360248184
Cdc42ep4 4.21292124465203 0.507135311587929 0.606510599114349
Wnt7a 4.19955717017745 0.675652305990109 0.632285444728108
Ndp 4.19499293432025 0.596049341215645 0.631657444709025
Tnfaip8 4.19420611056007 0.306155290249888 -0.0685184420173606
Adgrg1 4.19167234984607 0.592289394395704 0.382063240950214
Add3 4.18366907259333 0.611703894969093 0.705446716413169
Vim 4.18120702264841 0.391671864119224 0.0776505957231112
Cyp2j6 4.17782573389802 0.128922770741313 0.221059383223496
Adk 4.1658138104957 0.522596052484599 0.794913819142393
Sat1 4.15502657184787 0.333506771323966 0.00482646491164861
Fgfr1 4.14128869302418 0.777582425433811 0.769526742116459
Ptpn13 4.11227980366239 0.476973694518108 0.427017109987406
Car2 4.10666012840493 -0.013157624405182 0.0011712971800959
Heph 4.10058831793511 0.882610581113192 0.864165013509311
Sparc 4.09731291876966 0.378712951830861 0.570662457871484
Pygb 4.0762932951732 0.884762870772262 0.869417741520009
Selenop 4.06150167118421 0.00461327741113637 -0.0299910695984123
Gng12 4.03145133653201 0.0491444408257557 -0.00906727997896324
Lpp 4.03092530227333 0.777469978248138 0.688921781759529
Myo10 4.02273560464174 0.666929750213855 0.648946417759912
Gstk1 4.01938195840124 0.279658824667876 0.615561965897978
Pmp22 4.01837132974376 0.138774770208619 0.0997175273333405
Tjp2 4.01344114617339 0.156793784798653 0.297222025537208
Tgfb2 4.01201800936392 0.574714326124515 0.268956468513888
Tspan7 4.0112462179085 0.625836466283053 0.473046765482901
Sdc4 4.00779263372967 0.733410758340529 0.757350529451156
Appl2 4.00443861399305 0.735545114034629 0.872008996202771
Arx 3.99721985468351 0.538121648768213 0.485665082660312
Qk 3.99100283286007 -0.155436434797599 -0.0705133172709727
Cyp4v3 3.97074516363348 0.622777602243301 0.610527089597412
Cpq 3.96892353828339 0.680790314685549 0.802976538303522
Kcnk2 3.9679975692158 0.452297067943363 0.44207148021987
Nhsl1 3.96024676182831 0.72088844167177 0.724383815448443
Soat1 3.95650094743019 0.525090740099706 0.306291326413034
Pdlim4 3.93203023440548 0.409323088121191 -0.107626616301089
Acadl 3.92636932178475 0.553370110832002 0.815986165106032
Ptger4 3.91169238910365 0.587591200093802 -0.098625333861336
Galnt4 3.91083764512022 0.506905289869339 -0.0862625467877269
Gli2 3.90921268495728 0.780244639267163 0.73935320066791
Kctd5 3.9076166379252 0.367063302904425 0.539004667372079
Bcar3 3.90756465060515 0.806465005490579 0.8076786116458
Pdzph1 3.90717300142229 0.691856473569358 0.682707232270952
Plp1 3.90541166230962 0.144070091610158 0.624034359120894
Dmd 3.89852169356111 0.601731152636618 0.627199340565555
Fxyd1 3.8805146200837 0.704934550285854 0.660393183845603
Lgi4 3.87785563076029 0.887646046865552 0.841551906223464
Sox9 3.86713738272631 0.849832079714241 0.840781579976709
Ssfa2 3.86407910752326 0.496085175635398 0.159445505663991
Aox1 3.86082538018402 0.840989471519688 0.714661318684686
Glud1 3.85830518758505 0.807306913323399 0.851352797570304
Dclk1 3.84727570851102 0.579791654239491 0.697266334030634
Tenm3 3.84605408876766 0.794988840652282 0.830212455965871
Fkbp10 3.84009753860496 0.893939068422455 0.899460547772398
Phka1 3.83502964164796 0.834144977365906 0.875052914472279
Ctsc 3.83446547955749 0.284465599588899 0.529792225537126
Itpr2 3.83368610487812 0.28503064818606 0.125989773983375
Fstl1 3.83138387539146 0.590366278191971 0.229003057162492
Hmgcs1 3.82730276236853 0.107417132513529 0.0170396262840565
Ddr1 3.82617146607101 -0.0257319384236426 0.323341249518361
Vegfa 3.80231554453314 0.811259868537177 0.723658370490325
Capn2 3.80107259535025 0.730556588849744 0.82658358762175
Anxa5 3.80104762313935 0.35851528859394 0.458258372589895
Slc41a1 3.78869512521551 0.866716482815951 0.847688213537219
Cyp51 3.7855190308977 0.305299977617922 0.296820502928389
Igdcc4 3.7786098585174 0.700432355739422 0.742881987111353
Nfe2l2 3.76930288097448 0.308907083040396 0.452443442925438
Ppic 3.76886547394883 0.801991223823712 0.641332909329109
Meis2 3.76484035112009 0.293225663767166 0.173585437560221
Fgfr2 3.76165077875823 0.256938428955991 0.223740682976029
Rida 3.75986422910219 0.371607426095422 0.586254696708522
Txnip 3.75452101804757 0.423953456270723 0.534275457018026
Oplah 3.75234489797888 0.860504990351426 0.87251183449592
Celsr1 3.7514349814662 0.852246327679141 0.805610402024687
Mical1 3.75038473402019 0.365596020799156 0.015332084133546
Pdlim5 3.73985884692765 0.573873720100707 0.688432379194045
Ghr 3.73782868906037 0.737094409454152 0.710229176664688
Pygm 3.7350866191234 0.847996750552755 0.801660080404388
Hbegf 3.72113866070284 0.814182055027775 0.83717427558948
Pnp 3.71967144388627 0.421854396374044 0.710310418535471
Dbt 3.71238658537049 0.381663309354612 0.629642507706345
Cd44 3.71064221190599 0.780191650385748 0.687006323780837
S100a1 3.68777973903718 0.0258280140649514 0.0430599170682172
Prelp 3.68679122968954 0.805501035760839 0.625263395073292
Cds2 3.67837991402873 -0.0251128826111539 0.219176504231932
Selenbp1|Selenbp2 3.67074711202066 0.624407122605179 0.762541027264281
Chpt1 3.67008871976363 0.261045814566756 0.308123806543268
Slc12a4 3.66676802195424 0.699798881057567 0.703454226373437
Cebpd 3.66620043542403 0.171650464204033 0.298050786187937
Gna13 3.65917964444224 0.462499927129197 0.366104904727677
Nacc2 3.65890792319745 0.550405210778393 0.782359264227597
Hnrnpa2b1 3.65822342963807 0.531440160275784 0.0245561234797803
Itga7 3.65707546576523 0.866493798277184 0.859131203596166
Ctsz 3.65310667293056 0.0672825868024717 0.442141037013475
Rab34 3.64260339837676 0.328247498062947 0.451786583494386
Sept4 3.64223106743482 0.1544823926065 0.764913253155426
Pdpn 3.63657083244958 0.478501987250138 0.404509544599853
Mmp14 3.63376498210052 0.695486765379104 0.650674483266838
Scg3 3.62225511501798 0.78181068491633 0.93628832469588
Srebf1 3.61496736379403 0.820693900327276 0.838110186695692
Sorcs2 3.61461859227082 0.70145563281774 0.704849211599228
Pax6 3.61156577713877 0.75165500332276 0.744010544387134
Ncan 3.60113487816284 0.656316841025105 0.786289198106248
Reep3 3.60097468911701 -0.0356518628034901 0.158091132025556
Agt 3.5968231430953 0.769239270823479 0.718024162849326
Hopx 3.58806409822211 0.471603685563246 0.342252754966219
Pnpla7 3.56486462859479 0.563705627759036 0.454028729854378
Fgfrl1 3.56218257227704 0.588405068941078 0.592215900748409
Carmil1 3.56128172069773 0.483842275232467 0.508927099122729
Inhbb 3.55400335024431 0.436133044192131 0.321901698292856
Aass 3.54888132947146 0.856303505395783 0.804387807125301
Mt1 3.53797985092324 0.165041895923189 0.318888831654941
Fcgrt 3.53582926826916 0.534989518735694 -0.0875450334054097
Slc16a1 3.53003269166295 0.239152653085755 0.257896081475917
Gpt2 3.528719913646 0.144533312032069 0.154270668894739
Atp1b2 3.5282302625595 0.644426658545765 0.7656635668771
Dkk3 3.5116147926421 0.499696158992585 0.252440329062156
S100a16 3.496053809406 -0.000259493137640921 0.146090766335559
Btg1 3.48937705513836 0.221390042262409 0.640158044448576
Metrn 3.48583666206448 0.399893710738931 0.304457197700496
Sox21 3.48432554311882 0.52854347916591 0.428857404995959
Hadh 3.48195736373223 0.00360069491874143 0.0906209328632393
2810459M11Rik 3.46915642239738 0.438207670578696 0.318675143349665
Gfap 3.4690900511683 0.550809408456749 0.442514358704626
Ppara 3.45417010132179 0.815521109982543 0.79916449531982
Tmbim1 3.45126019874601 -0.0435757423440011 -0.0108646029168858
Dennd4c 3.4486716518563 0.46973063180761 0.51063246644156
Agl 3.43520487858306 0.60585170709429 0.561137590583546
F2r 3.43148013987204 0.245825417932664 0.175553868125142
Rora 3.42860481567021 0.815548127200265 0.831180533302165
Cspg5 3.4276379124434 0.561528332228607 0.593614008319116
Kif1c 3.42740428189147 0.513974556428808 0.589237223777541
Lamb2 3.42360999666793 0.769686625850048 0.771344664729871
Pdgfc 3.40603128659729 0.244746109472263 0.299537482334282
Trib2 3.40444594735857 0.263556203437506 0.143809522617503
Ednrb 3.39514152936455 0.605148810733352 0.520275299017579
Mdk 3.39417888381398 0.403816200820468 0.286298450696837
Mfn1 3.37856487157784 0.380332795747715 0.559652960681831
Lrrc58 3.3719324650186 0.419864922148003 0.586986980019859
Tulp3 3.3685490031059 0.678496013875037 0.744097873690904
Zfyve21 3.36395912823231 0.196180542048802 0.357722147528674
Rgs5 3.36262267739786 0.585618247008284 0.27064286941874
Pttg1ip 3.35494890734688 0.194584182888281 0.0558812596933961
Rhbdf1 3.35136423588885 0.746638274806338 0.744269208313966
Lrp4 3.34707569420937 0.730383914806175 0.804586806816943
Trim37 3.34375600040693 0.303912241177616 0.289627355598551
1190005I06Rik|Gm27021 3.33733839801807 0.239847127170391 0.193757943865992
Plekhb1 3.33379280786709 0.0175466535840488 0.542035858310577
Smo 3.327395831566 0.567092206737197 0.413257042442724
Sox5 3.32415585647591 0.431683288326524 0.168709437572177
Ddhd1 3.26892809914955 0.595187481069211 0.622313428554075
Serhl 3.25198019777541 0.63289619354126 0.748078323088421
Prrx1 3.23766833150549 0.374826998132327 0.200274669157894
Suclg2 3.2174136758236 0.486104441441746 0.160146644714179
Hsdl2 3.15718773118815 0.153030402131549 0.184827703275762
Tfcp2l1 3.11437028919664 0.849533036272195 0.774029784931965
Fgd6 3.1048820652371 0.791036348914051 0.738487421669635
Rdh5 3.09785597621822 0.768604822232638 0.737280952718919
Swap70 3.080214459567 0.614831225919338 0.199442355226874
Tnc 3.03621394789201 0.772617122001173 0.542755018017366
Itsn1 3.02906897323881 0.570068881419684 0.541580429036272
Hmgcr 3.00917288663015 0.34570533165761 0.202677882887582
Tor3a 2.90061820771711 0.544730776483483 -0.189135329545833
Prkcdbp 2.81707540676714 0.249243570155178 0.0881222362600027
Arhgap18 2.80343812349656 0.606593920969618 -0.161090717500903
Rnft1 2.77316265081843 0.5252072956019 0.586394659404335
Fzd4 2.75150995440496 0.706698621164595 0.546550058082081
Tst 2.75011624794607 0.578877765400755 0.532363258971928
Mvd 2.7392214522164 0.209249854991659 0.131634895373808
Rorb 2.70693648951541 0.761998670113028 0.702367649298209
Lss 2.68787258587096 0.257945855757765 0.212260976056971
Vasn 2.60831092586034 0.398444556224393 0.391389096458822
Aldh1a7 2.60500716239318 0.567223312235929 0.450146755960778
Hivep1 2.58572459316598 0.506928894344679 0.312670874136385
A2m 2.5761384946298 0.818000510333909 0.634237605016387
Gdpd2 2.546677112914 0.845980498114805 0.781283632969283
Plod2 2.53216016217265 0.42787344147762 0.337776777894664
Spag1 2.50935911598206 0.758676059746236 0.780068117182535
Pou3f4 2.40737681924249 0.786474778160918 0.706463697448645
Vav3 2.37280364109081 0.658514309350116 0.602496234758569
Gca 2.35107001861618 0.0566137058335607 -0.015257463439213
Lppos 2.29608737422774 0.625482541105971 0.580593616058742
P4ha2 2.10273636172891 0.480673775768534 -0.115753902295975
