Xist 8.70647702951995 0.675767458605268 0.0677478822814241
Dsp 8.36382402966556 0.955886277315982 0.953477349279728
C1ql3 6.30714318359437 0.426396049482263 0.00545035636359911
Pkp2 5.96347285130157 0.661429379057225 0.490462846444666
Epha7 5.94528709477878 0.564347119070223 0.665530007875746
Lct 5.90652190858127 0.922497533829635 0.852078781981304
Neurod1 5.88070625639547 0.744837429921519 0.451191023766636
Bhlhe22 5.85335660064021 0.518636479074788 0.416564665659019
Mbp 5.50369293389284 0.0339780223549266 0.419690436666508
Npnt 5.42006177261638 0.551070957159011 -0.0376653242693636
Pcdh20 5.38849090613217 0.578763002480926 0.223764538663685
Rab40b 5.38503727634666 -0.0574855641496181 -0.0852538149715886
Ogn 5.38034614774594 0.839120629941422 0.430624688254675
Nfib 5.34343004206266 0.352454335037267 0.22805513391498
C1qb 5.34337985801715 0.674975417613411 0.567797977309056
Gja1 5.34040827500296 0.137128860550383 -0.255135369694353
Rreb1 5.2556615647123 0.684485226855435 0.621365184091472
Lmo7 5.20963314486612 0.313636352401047 0.321200585018681
Cebpd 4.91087097642714 0.428737377289081 -0.169468632266885
Kctd4 4.88943630266254 0.46540820995794 0.32080102502198
Nptx1 4.88780046050375 0.397439567239462 0.239225386854873
Mcm6 4.84944802569462 0.686721255288532 0.439010402318175
Sema5a 4.80727347337859 0.632691813406676 0.161547424292515
Notch2 4.73170077935139 0.399901786936012 -0.00249168581301142
Laptm5 4.7086826045427 0.489980657918511 0.35280150784138
Igfbp5 4.68003836315001 0.481509197422404 -0.109309852495751
Rbm5 4.67634500490874 0.378160384123498 0.14247669821197
Trpc6 4.56264312558644 0.684429862598623 0.333379106535215
Pter 4.48980759874036 0.821397989872931 0.713709515333965
Foxn2 4.45353718465488 0.324334138525138 0.374789855276178
Tdo2 4.44832886107989 0.837364823259859 0.674860871487941
Npy2r 4.44235671006085 0.787463335169763 0.39888160392441
Tgfb2 4.42776634879047 0.510466382478201 -0.179238114242052
Kalrn 4.34533776741424 -0.178154622037013 -0.19466615790538
Rasl10a 4.34022778311592 0.383899105122439 0.353086912766468
Spata13 4.33864295020286 0.12727324068462 0.325581369018804
Npy5r 4.33642822451191 0.589367702759504 0.497449585300579
Nrp1 4.32479194861535 0.419897798229641 0.022371059593853
Rnf112 4.30629766130199 0.506297290874642 0.730453917600116
Cxcl12 4.3034831616695 0.581601845693573 -0.149195372241037
Cyp7b1 4.26282224293071 0.498716568940339 0.648095119858015
Tanc1 4.18139584085888 0.670649300616027 0.418585107360336
Ctss 4.14299644775414 0.438464915392451 0.234243047693798
Cald1 4.12864306810899 0.501648630057412 0.383017241537034
Plp1 4.12406243279874 -0.227090274375818 -0.132901290674533
Ccdc85a 4.04668287255501 0.581572014557111 0.406485378194261
Frmd4b 4.02483642173043 0.322254190598409 0.205254430576643
Bdnf 3.97899978545474 0.606473050293341 -0.012734676743544
Ryr3 3.97001446484057 0.247418591391362 -0.151604436805612
Ptgr1 3.95258444540372 0.644726418471839 0.0811863735181136
Lhx9 3.94721723698675 0.914761143359885 0.900682059242696
Ptprk 3.92123609920059 0.470650895627012 0.496234610092079
Zbtb20 3.91375229754721 0.566615020470726 0.329005205433035
Klhl2 3.89468868235109 -0.0696550097777435 -0.0271847156786416
Nfia 3.88573406713142 0.541694721775743 0.428188333970465
Ehd1 3.8798300774486 0.32925161910403 -0.0811755161332563
Myh9 3.86474622203684 0.359721818214777 0.112950671751974
B3galnt2 3.84835629111513 0.682348915818055 0.55628406697001
Slc4a4 3.81397359571365 0.199819668454263 0.105251710085741
Itpka 3.81099213223342 -0.229108121272554 -0.145097367172548
Mmd2 3.79420788747164 0.195515337802877 -0.0619813940666742
Ddr1 3.78296853020929 0.154524854594333 0.0446649918355418
Reep3 3.76267976025351 0.152798473352171 0.321975438011057
Iqgap2 3.73061869523296 0.325445437856909 0.276420431102035
Lrrtm1 3.70917765512236 0.357257632930579 0.379097854978111
Ntng1 3.61855760673144 0.437292375094382 0.106088134709482
Grhl1 3.58970942844147 0.3783240904326 0.066884111972418
Dsg2 3.58458799524534 0.725074110516436 0.649581243871551
Slc15a2 3.55094529377177 0.432457384012858 0.0921619896914243
Epha4 3.54540832221958 0.227370469363618 0.237581230126622
Qk 3.51765024692903 -0.214944407178491 0.0757192074947619
Pnrc2 3.5080538242734 0.326277186242831 0.458434890743972
Rpl41 3.47177474438011 0.683157933537504 0.658446232802938
Csf1r 3.47071223856764 0.592357794827045 0.273460518248
Bcl6 3.46655848613278 0.329073806163306 0.266420459118559
Cdhr1 3.45640485189133 0.766917358519419 0.814562391875865
Acp1 3.43184977614818 0.0287041985334174 -0.133557060336376
Synpr 3.42074584312735 0.0271338655678455 0.0408952497530986
Pkig 3.41764279492255 0.185319917714891 0.0178047451228563
Malat1 3.38529324010477 0.0553631133561104 -0.221054550071695
Sfswap 3.36381470829147 0.288753800259973 -0.0505817282209131
Ptprj 3.36062400598127 0.799359246928482 0.0129510782318837
Lrrn1 3.34767469582423 0.343375172490767 -0.186899927618851
Ackr3 3.18288008078523 0.523125365264626 0.107345935872791
Car12 3.15322398024303 0.0563648546387834 -0.179093121655276
Pkdcc 3.14219722153904 0.44917778681091 -0.141136387760987
Rwdd3 3.12653568997132 0.479475261639935 0.558907631242243
Ryr1 3.03244758956221 0.291028133799412 -0.0993562850045423
Syt17 2.9635014830241 0.577202116652217 0.271208712978268
Skp2 2.91074435795463 0.443743211615471 0.422427396465471
Stxbp6 2.87960503541947 0.491126580513379 0.0993352182674719
Itsn1 2.85926856648543 0.435058050684674 -0.0701147513802407
Slc29a4 2.82041883567032 0.666574493441901 -0.106252846704095
Anxa11 2.77486385337667 0.816300837204019 0.752427001979773
Iigp1 2.72302368362813 0.765070107986196 0.587396230185884
Prpf40a 2.67741984776396 0.495336660662131 0.428667702870463
Cpox 2.65058242254063 0.440694439041436 -0.152291704352676
Zik1 2.63418777032104 -0.0228298256603115 -0.23634024378798
Bcas2 2.57964269793977 -0.0342728695819045 -0.107360379176695
C77370 2.54349845572001 0.637320938865056 0.666930642944856
B3galt6 2.46645563819545 0.102395248557782 -0.188393702256471
Spag1 2.44072404654629 0.568004707112804 -0.159638904369319
2810002D19Rik 2.33938064414276 0.335969108655627 0.244667231324416
