Lhx8 7.98072991960722 0.822308267661692 0.815268067314626
Slc18a3 6.54194858897601 0.923267093348114 0.893440234031343
Sncg 6.18735183421877 0.799893522803578 0.41329429233184
Isl1 6.07330205562614 0.423274034165683 0.193374105974916
Ttr 5.79204049167019 0.356913315521632 -0.0580073023680453
Zic1 5.64536751222698 0.637463612987984 0.510934346855948
Cxcl14 5.43371948565664 0.412836156611588 0.0103941846813673
Ecel1 5.07512708677313 0.874150935010934 0.876971638374469
Zfp521 4.78443448127677 0.24933656388272 0.374864952537334
S100a10 4.76779037943533 0.332166003606605 0.412518051011297
Serpinb1b 4.76560332333697 0.67698908362631 0.643153146531656
Snurf|Snrpn 4.7137272183724 0.133020520149519 0.0345320311740176
Mme 4.70179990883815 0.138866641020706 0.148491652698017
Crabp2 4.55798155374378 0.772049087404026 0.492052493927066
Crabp1 4.49849310944556 0.406939211338769 0.145904556959886
Hspb1 4.42161508902121 0.720212531087759 0.408305145042156
Popdc3 4.33648492804648 0.790807857982318 0.614203196575033
Zic3 4.32395329636237 0.688344458193959 0.355040659659633
Ache 4.26516405383592 0.679666380957213 0.314837400674874
Gdnf 4.11605012800468 0.764884332909227 0.672708806131288
Trpc3 4.08690684107878 0.679653829992945 0.639040036811457
Tacr3 4.0746654344758 0.863881197214673 0.861057392035017
Hspb8 4.03756353356644 0.635331209814431 0.53411391115233
Cnot7 3.95288514058651 0.175138558126959 -0.162041490843219
Cd44 3.83986269765268 0.655863814776443 -0.0348962972964855
Rcn1 3.80357514141683 0.0383818868919635 0.027781986739195
Socs2 3.79097151199568 0.293896896039823 0.402171754632802
Cartpt 3.73699929850343 0.596475554116221 0.18521793033529
Rgs10 3.71442764577684 0.253230027808947 -0.122879540280261
Cbln1 3.68950511228886 0.365354563999041 0.0107795889340933
S100a11 3.67524629334477 0.71488838850723 0.406331063111402
Tppp3 3.67505621821154 0.464401606608689 0.151795118176939
Nhp2 3.58231784288653 0.0791329270926766 0.313990780085953
Mtfr1 3.51713627627108 0.365067373046575 0.217758732922124
Mcub 3.51644452221835 0.637547072202196 0.551600781656371
Ptger2 3.50279622590743 0.784239298762802 0.754696148289391
Sult4a1 3.48282033223923 0.42704920217542 0.450045366482493
Gpx3 3.47169252083755 0.738606239169147 0.775548812703282
Hopx 3.4366054971235 0.553229547526951 0.22307367471753
Mea1 3.43565695824822 0.355506197426154 0.128925060357868
Zbtb8os 3.4161990597027 0.46119613740885 0.480911242344209
Plp1 3.40817372234978 -0.238033052777766 -0.0690442079622907
Flywch2 3.40565983783821 0.497035520850058 0.258835329955728
Slc5a7 3.37875844925479 0.831736299056848 0.758014717659622
Mt3 3.32443158187762 0.553624949357303 0.256086268020609
Acadl 3.32365661569749 0.159390825265754 0.473443373430621
Rasd2 3.322627742205 -0.014535952556849 -0.0628753504782891
Rbp1 3.23729498452027 0.184723180018667 0.0830136703858487
Cda 3.23260460729866 0.822315174252127 0.756610834255228
Pkib 3.19225009646139 0.512533673449047 0.123343108317238
Coa5 3.13944627211646 0.295611386493022 -0.074857368780374
Gal 3.03207264777512 0.811754301020931 0.762072077253551
Racgap1 2.91015813285387 0.507152559964117 0.310296727963965
Qpct 2.82815169099675 0.193870082342907 0.000924965804624574
Zfp423 2.70247574532812 0.537600658818689 0.565239835560665
Ntsr1 2.70169247188051 0.610626769220193 0.500306926787832
Fxyd2 2.66865285962689 0.13106556674657 -0.0713039220573791
Mrps23 2.51102020487019 0.155722945786436 0.263129861601235
Sh3bgrl2 2.50750366155461 0.465989812390145 0.346496428798912
Ciapin1 2.49328285197593 0.424167874659958 0.304388134338823
Rpe 2.18291878420613 -0.0533218517855847 -0.0673991962088082
