Sst 6.42852992434164 0.569674945807234 0.488482129529501
Col19a1 6.269362572108 0.484851115702465 0.0227569105451434
Npy 6.10408848796103 0.463577488540598 0.0739326762818236
Reln 5.61353802409594 0.395757686733809 0.329032742961776
Moxd1 5.4896557623886 0.581847456970182 -0.118699512605783
Lgals1 5.22020757240784 0.453171380514379 0.450471679750129
Calb2 4.84726261029727 0.699017087731986 0.559271878357922
Grik1 4.77544227038779 0.315316882828774 -0.138382231477089
Slc32a1 4.76480203542064 -0.23643246341553 0.0887534231536145
Sox6 4.71147324325749 0.28657148672448 0.0491693500507052
Lhx6 4.69222756059902 0.385940918100553 0.0403673609145215
Igf1 4.3221867493679 0.560843807920213 0.402768976548089
Dlx1 4.23779421740081 0.447522998840877 -0.0514268037646551
Pde1a 4.21751884538153 0.312365349694249 -0.133206179563867
Arx 4.17166148004894 0.182426653083625 0.278232983821933
Slc8a1 3.90186117589315 0.270234944290407 -0.0539200570345294
Rpp25 3.9017621043539 0.086117952762585 0.0465395384577984
Rbp4 3.87163484368244 0.275635762950581 0.418817165910828
Mafb 3.83836359835044 0.607713381316157 0.614060178847301
Timp3 3.83230810727035 0.498250999515872 0.333223004183796
Pitpnc1 3.73442595719686 0.398484180389245 0.53787137221418
Utrn 3.71551177155794 0.128758422265638 0.144947110512916
Rab3b 3.71149744435381 0.257603943426169 -0.136310943895474
Gad2 3.69091148739933 -0.0657403780594837 -0.160190961285242
Etl4 3.58498992688322 0.00100223402586224 -0.0390504620083331
Dgkg 3.49184229615415 0.439574597174107 -0.0785979524946262
Man1a 3.48785992680816 0.414129516058997 0.0956786940178022
Serpini1 3.41748453650656 0.0667797340845256 0.0613108830870417
Nppc 3.41574371096345 0.842647213857549 0.877758487185799
Kcnip1 3.40612663480649 0.272978544648962 -0.143104468973202
Nnmt 3.20301106157141 0.659701755285553 0.0412318263032813
Pcsk5 2.91695344209208 0.721883533439756 0.328856621137856
