Grp 7.50210230585069 0.700144886591727 0.139956023077172
Lypd1 5.69405898265147 0.495878742399045 0.594564302084109
Rprm 5.43026020923745 0.512511388734434 0.424156191549554
Tshz2 4.70718102923987 0.802156731853836 0.739256597089388
Itpka 4.67850180300018 -0.143408972635457 -0.216288700464062
Icam5 4.64087938624544 0.306069684444672 0.261193398806381
Kctd4 4.53367558274264 0.402514807142271 0.32080102502198
Ldb2 4.43553835945593 0.354289736569965 -0.214901734742245
C1ql3 4.43138864537117 0.205890375712125 -0.237007016777225
Nov 4.31877645579122 0.232545329133076 0.00105486858014215
Bhlhe22 4.12306723698194 0.319488933629637 -0.33531519969478
Myh7 4.11001822956971 -0.0713940026572922 -0.0930867084056542
Slc17a6 3.89304538711624 0.443760889503435 0.174169833328814
Abi3bp 3.86919088801196 0.687180723508873 0.673985907762109
Krt12 3.79689123437092 0.166047388904776 -0.0574168735710479
Spint2 3.79264616160156 0.153171896146646 0.0309462840911147
Cdh22 3.64868480294214 0.485525809743732 0.521161643938024
Cadps2 3.60073604144029 0.0236027303203504 -0.0458012241067733
Nrgn 3.59625104951635 -0.134817215187854 0.00287169102299367
Crym 3.5892634948819 -0.232032492289612 -0.0357829127705312
Cmbl 3.55887934998316 0.36839513559859 -0.0598776891521777
Nptx1 3.40793724970938 0.165158782634505 -0.237467506654855
Kalrn 3.33007654265817 -0.293475298781031 -0.146222669609645
Rasal1 3.32645580474876 0.581944336837219 0.0972192723261731
Prkg2 3.18402933327191 0.320465485890951 -0.0871698980599762
Cdkn1c 3.08590061269547 0.407007201112447 -0.11916721687354
Myl4 2.81905655198578 0.554151006659582 -0.0916590076767067
