Neurod6 5.77778362609839 0.603272560661958 0.495984633544931
Nov 5.31211090807688 0.532549640397945 -0.0184963340542963
Fezf2 4.49018804087425 0.629605298719726 -0.00675272369520797
Itpka 4.36731002360326 0.00259056594403189 -0.216288700464062
Grp 4.32486913894761 0.646056553021526 0.0257307681025063
Crym 4.19056081047657 0.067484731509839 -0.0357829127705312
Cadps2 4.0242483910397 0.292427253830857 -0.0458012241067733
C1ql3 3.77464082663855 0.340929873189931 -0.237007016777225
Arpp21 3.75331544637368 0.273746324734057 -0.15609091707085
Rspo2 3.66187397319425 0.410337145230265 0.137217087703147
Pde1a 3.65255913075837 0.413351410954822 -0.133206179563867
Kalrn 3.64417848755138 -0.0880354869424342 -0.146222669609645
Cxcl12 3.64291526011164 0.660353434211276 -0.149195372241037
Dkk3 3.35571998155742 0.394937763839653 0.0270399251443675
Ldb2 3.33115197429398 0.321764001880871 -0.214901734742245
Bhlhe22 3.32822347850341 0.393776776696286 -0.33531519969478
Igfbp6 2.46787511140237 0.312528761645178 0.0483055194349909
Rai14 2.30883582714644 0.474866307375138 0.0609311749570039
