Gpr88 6.79662456437328 0.834280493187608 0.831743729272797
Meis2 5.90179378415867 0.574987362278395 0.736639263295058
Rab40b 5.58842267342741 0.430107631852261 -0.0852538149715886
Ppp1r1b 5.56620163034152 0.859017806972904 0.876529769247161
Tac1 5.56275906145864 0.321505149853709 -0.0894677807098644
Sowaha 5.5248643629973 0.632957132000504 0.121338571590886
Pou3f1 5.37373287342547 0.487130620229837 0.238546521154309
Ido1 5.21510457185616 0.874009613702508 0.840800175596424
Pcp4l1 4.74100230663613 0.509622827285254 0.331861986723199
Myh7 4.53455116759039 0.568838567007517 -0.0930867084056542
Ppp1r2-ps3|Ppp1r2 4.51965987223098 0.542686051757131 0.0164885348140337
Kctd1 4.43355798442533 0.665139345346501 0.564858115364553
Snurf|Snrpn 4.37890961688129 0.444817626475028 0.0345320311740176
Itpka 4.37521753760757 0.35046442662332 -0.145097367172548
Foxp1 4.35134599483169 0.652480932920613 0.716457995996359
Kcna5 4.30297611408899 0.63721493684585 0.263042489675244
Pde7b 4.27023982755611 0.755449255694551 0.530149817020734
Penk 4.21504682892519 0.517818140591402 0.223811696081734
Rin1 4.15842626490812 0.589458964641787 0.587120125333341
Rasd2 3.99985204254762 0.561112688836921 -0.0628753504782891
Arpp21 3.9848881801221 0.523460755449557 0.472635699577168
Gcnt2 3.9496459004994 0.532898215359846 -0.16524765436404
Lamp5 3.92504789429654 0.361507236542134 0.218061515056105
Carhsp1 3.89693522094367 0.413555226948024 0.296423099101445
Rerg 3.86913282838775 0.368228954809171 -0.214070794523809
Rarb 3.81475655068575 0.570508754199829 0.221556532739266
Lpl 3.78952297412339 0.231112894876737 -0.129309542061125
Id4 3.77964922839874 0.319695870519326 0.522632266430992
Isl1 3.76686716358011 0.581823663646684 0.193374105974916
Slc32a1 3.76549375681906 0.23991324493484 0.0887534231536145
Baiap2 3.74481330369627 0.46069805082231 0.208777878905301
Itgb1bp1 3.72697723123464 0.512975098561698 0.230309866135064
Tpm1 3.71512366992752 0.556995763681277 0.201953997768481
Pde10a 3.71134097982452 0.804549275334429 0.720488148683127
Prkch 3.67761494597793 0.750355122705631 0.0876861161197624
Dmkn 3.66942105055364 0.771652723796572 0.699936698387402
Mbp 3.65766077630349 0.152550264058407 0.00174040073027497
Chn1 3.65344896647641 0.460310814165957 0.19220599352526
Tomm70a 3.64356008601986 0.584467140497305 0.18562394007001
Pmepa1 3.63987316526254 0.554135628221655 -0.0998013380625923
Gabrd 3.61440574677407 0.360562290694386 -0.0014114830556331
Rxrg 3.60531780993811 0.654611106245572 0.456717581765277
Kcnip2 3.59919855478459 0.680945290783784 0.379215015086599
B3gnt2 3.59487600179427 0.622851975819728 0.28455458246175
Lmo7 3.57592858694506 0.313086532961449 -0.148307443286847
Klhl2 3.56786357654686 0.313415845468075 -0.0325756030672692
Tpbg 3.55607134416133 0.653925387524906 0.162804957642857
Coch 3.54670394757961 0.651207847527533 -0.214076856198207
Plp1 3.54138774126035 0.139519873149032 0.00776443335074158
Arpp19 3.52051065649362 0.530974565137676 0.514507695656992
Hpca 3.51674762726531 0.43252308607678 0.539818254010954
Rcn1 3.51432394609898 0.407863577074232 0.027781986739195
Camkv 3.50725039699364 0.421680163956616 0.421642543163762
Foxo1 3.48904107116775 0.64222270232111 0.535357150909961
Kalrn 3.48443933549247 0.271583383675348 -0.19466615790538
Npas2 3.47080411169432 0.778925965515497 0.789722523876892
Ppp3cb 3.4429451955894 0.594653136717613 0.27497291619675
Rasgrp1 3.42842821351522 0.602185371745832 0.180004501104565
Pde1b 3.41413364311967 0.743112173654493 0.825681295797735
Myh7|Myh6 3.40841706836984 0.568381560160896 0.18098538415468
Tyro3 3.40459666091832 0.257333076262071 0.124067563060088
Spata13 3.37667854615437 0.407865825115527 0.164917988291224
Gas7 3.36540286305348 0.597786346901143 0.219961515411686
Tesc 3.35411879542555 0.366910192355851 0.172228443135963
Cap1 3.23447500426822 0.62072550309393 0.171539655618342
Fbxl3 3.16068476053164 0.48534341886272 0.016856529936253
Ehbp1l1 3.1448828198013 0.553787808936311 0.369139217972573
Cacnb2 3.13502739478675 0.768721255609125 0.56394216664959
Chmp3 3.01825532723828 0.492563415213025 -0.0506291441949723
Arg2 3.01473702594958 0.796543820349129 0.781079114234095
Senp2 3.01170805023884 0.366312468105644 -0.163093339664567
Fbxo32 2.9719276436795 0.445247903160019 -0.283529113227692
Prkacb 2.92780455620442 0.443746086610759 -0.0817964355588536
Akap9 2.9156264416784 0.546172937643114 -0.0456135544575502
Homer1 2.87103025587589 0.576151093385781 0.213569823294025
Dlg4 2.79616677384789 0.528730932675118 -0.00110246422916094
Kcnq5 2.76009532376744 0.403870218489811 -0.026466746974326
Etnk1 2.74931777833948 0.566057457976101 0.0203776800758531
Rgs20 2.73454250217687 0.578539864785823 0.163522290350024
Cacng3 2.46460462181115 0.53130405321528 0.0549284693011331
Gpatch4 2.42321613100935 0.454625046003758 -0.0669672399562578
Otub1 2.40633443607904 0.505597047599977 -0.0438004563960375
Spin1 2.37981620427429 0.4702588665555 -0.128522371259671
Mtmr6 2.37885293530219 0.281342540912931 0.0562295482752968
Ung 2.36167847710103 0.26114454255248 0.171759024928925
Ptgr2 2.3571870193551 0.28055477887725 -0.0950362091503127
Srsf10 2.31869998425608 0.375463927238561 -0.12956827594247
Pcmtd1 2.26452299597475 0.534644101490396 0.0354618365395381
