Ccl3 8.63407933677652 0.886806124967574 0.874965583428724
S100a8 8.23302901488482 0.955957963728102 0.944772324906759
C1qb 8.09809851488117 0.692895592632823 0.625448023701326
Gpr34 8.01898238298112 0.939630479006506 0.93840741522315
Atf3 7.9990935032608 0.826265945748853 0.830764007673631
Ptprc 7.81277099105336 0.913433871307728 0.906751586052005
C1qc 7.63196248064473 0.838670467502661 0.855340219989704
Lcn2 7.51978496919568 0.9471822613408 0.907870360042973
Ly86 7.49230530998931 0.787613330106694 0.863415400313591
S100a9 7.48628564935134 0.924188296102171 0.908051279955081
Fcrls 7.43518926772461 0.798409443174287 0.865502415801178
Tmem119 7.43147938800172 0.831242829796989 0.840278328664666
Itgb2 7.33696705793725 0.908485094801734 0.91299437508211
Fcgr1 7.20792232242302 0.907424883588733 0.879315103712133
Mpeg1 7.19305309442597 0.847803313807483 0.865616310371509
Fermt3 7.19081802075826 0.845782207926886 0.854366273147326
Cd53 7.1749498438214 0.805863293152935 0.752022900548174
Anxa3 7.17196119994346 0.876676487073157 0.866445304725327
Chil3 7.16541661567215 0.86699316429909 0.853855290200827
Il10ra 7.15676960749382 0.954298199752898 0.946176356380483
Cfh 7.14688665720475 0.798885532662976 0.7120821647572
Fcgr3 7.13708496233927 0.893442405741614 0.888795118583215
Naip5 7.12916854620141 0.888277920778832 0.876749962801277
Il6ra 7.09832810435334 0.915339919634872 0.890239670156536
Klf2 7.08492440044917 0.849968540268823 0.769704468031332
Ccr5 7.06705661578393 0.93502867626803 0.925125227658584
Ptpn6 7.05834622099099 0.955556657797059 0.949719617140474
Cd68 7.05647350297264 0.928477420560417 0.911444553254431
Vsir 7.03501382794138 0.795060663381867 0.817506829988976
Olfml3 7.03381678988869 0.864597956081275 0.838912598831446
P2ry6 7.02495730338075 0.926257547538843 0.936625778482229
Tyrobp 7.0230035999233 0.858108913622018 0.864966131181277
Lyz1 7.02078856376913 0.815409740673569 0.78240518612454
Rnase4 7.01311279561526 0.821832954571041 0.807802047166032
Xist 6.99444565157239 0.418673107535123 0.043416087245151
Irf8 6.97837080186618 0.927567587519246 0.927774580816601
Fcgr2b 6.95257923173719 0.921369885850934 0.917100047487162
Adgre1 6.94477746951322 0.879850247321812 0.871430029769484
Lcp1 6.94105785038835 0.812380485990002 0.822778027882635
Cd14 6.92980841289903 0.841549806685248 0.823689483223966
Ms4a6d 6.92154485419344 0.94191038332771 0.933175492702546
Ngp 6.81760601348872 0.820882920001549 0.800372014038914
P2ry12 6.80395290065143 0.883136174601955 0.86236366443333
Cx3cr1 6.79940415956816 0.80212769335072 0.827990214610737
Nfkbiz 6.79418982607278 0.722356146475767 0.868946319052621
C1qa 6.79134018561425 0.83707284310451 0.849168808809551
Ccl9 6.77931724421078 0.898694045834684 0.887288761970235
Ctsh 6.76228613727947 0.856277888481522 0.835442795873443
Pld4 6.7521343196621 0.848467659291064 0.841224784584513
Fcer1g 6.75103138923978 0.816106037504342 0.824378069626441
Cd86 6.72996760523475 0.937641089950981 0.92605423006013
Plek 6.70418251114861 0.902395487735229 0.904785698167821
Adcy7 6.70168162675738 0.397826231433067 0.405243001777243
Hpgd 6.69226423214116 0.867557726812146 0.893971569612856
Hck 6.67654221790322 0.877154937004396 0.862904157286228
Cxcl2 6.67493648506948 0.902682669474655 0.887336454289424
Camp 6.65817843874781 0.85446543742789 0.801717620949601
Selplg 6.64108262598368 0.683262224226666 0.720484880074284
Ccl4 6.58804299199594 0.808348300916552 0.797155864425062
Rgs1 6.58466261875827 0.918600177833436 0.913704339101885
Aif1 6.58100367284181 0.83169779337494 0.762083871341622
Bcl2a1a|Bcl2a1b|Bcl2a1d 6.56871422920697 0.906393587763656 0.902488054227698
Itgb5 6.52601100154471 0.560793727882664 0.83172489091188
Ptgs1 6.5213732815304 0.732010941669903 0.5355030866188
Klf4 6.49976664445469 0.531547756377743 0.629645760718684
F11r 6.48626838607038 0.896122685045253 0.865816219399022
Vav1 6.45427510592155 0.944473108590179 0.933137916185804
Laptm5 6.42318043483711 0.440475856003341 0.430549918524157
Sla 6.41134078193182 0.925001921614196 0.917819961561887
Havcr2 6.40849720413404 0.945616174299748 0.94057437930772
Srgn 6.3980318427536 0.850969927271044 0.846318910816817
Icam1 6.38308560832166 0.878490018462091 0.889225151475047
Lyz2|Lyz1 6.35598245753309 0.794186619947699 0.776180382940758
Gpr84 6.35583007188819 0.914363878238319 0.900547097591268
Tlr7 6.34092865032676 0.896463058931313 0.883255991303354
Tlr2 6.33169462440422 0.85940663464692 0.827987801730742
Il1a 6.32370445219412 0.925071249200699 0.922041603079999
Ms4a6b 6.2998299647042 0.904453265828713 0.893598100563759
Naip2 6.29553651264389 0.947778893538878 0.943826557034747
Slc15a3 6.2689627745731 0.94876596458179 0.934309287413246
C3ar1 6.24033085919744 0.829251737247259 0.832886162480963
Cyba 6.22899625067052 0.845624403073377 0.836618912110019
Lpxn 6.21372892983708 0.86442879669966 0.853918087353126
Hba-a1|Hba-a2 6.20360430681804 0.750314580153788 0.741062847122194
Fosb 6.17491327632225 0.689186701931007 0.716156298176386
Fli1 6.17177868882392 0.923274813967163 0.902077507809344
Socs3 6.16772784668793 0.66848955747485 0.807427989730807
Ttr 6.15459052167918 0.54157159164254 0.316585366486108
Pycard 6.14802321523217 0.888679028634483 0.909516575575799
Txnip 6.13445825873702 0.654450768586122 0.534275457018026
Ccl12 6.1273263831767 0.953441428318926 0.950614433559972
H2-Aa 6.10904519703356 0.66795278311256 0.556747725940127
Alox5ap 6.10490143779877 0.87113721644576 0.862842233593254
Blnk 6.10053144009542 0.891606795835346 0.898756224741526
Fgd2 6.07768865226689 0.880767716718978 0.86045666469005
Cd83 6.07153330560479 0.801521860129115 0.845116563166817
Ccl6 6.05659616967562 0.928463950655251 0.942572953172218
Ctss 6.05016354123575 0.628117759756796 0.7516728920731
Slc11a1 6.03450829283941 0.654742678780271 0.651480734004567
Tgfbr2 6.00986492808003 0.856726151832048 0.844990245391401
Inpp5d 5.97138153813764 0.86777378336363 0.850213412572684
Rgs10 5.97030024167728 0.840379735057387 0.851420290159732
Lcp2 5.94161999288392 0.946310161437869 0.943598653963182
Ier3 5.90094889501982 0.723590022731028 0.829833737947902
Ier2 5.8841724121897 0.698626004282753 0.761547761270482
Nrros 5.82884329792503 0.760080124883888 0.791824786290472
Rcsd1 5.82634876384536 0.777624350134853 0.779921366909029
Rhoh 5.78847961784974 0.941466192668889 0.934738411208348
Ncf4 5.77867080036147 0.910783506833661 0.903441826522526
Nckap1l 5.77363684246621 0.732512866179173 0.771331195591793
Fyb 5.76445611581608 0.911509811588173 0.89362625909963
Pik3cg 5.75208416716931 0.913275495265886 0.898706137048291
Ctla2b 5.73731149430304 0.883379123108442 0.861360603158309
Crybb1 5.7372286960624 0.880449634462379 0.861028599659509
Cd48 5.73130296350701 0.918779887889026 0.913439246036274
Zfp36 5.73102746645539 0.780238630429396 0.794312073401642
Csf1r 5.72300366738718 0.438431712602674 0.627279481981655
Tnfrsf1b 5.72176505029116 0.732759071953777 0.737200235291426
Capn3 5.71941860505197 0.898767042638278 0.887626932035289
Stab1 5.70555002174436 0.886766160060572 0.863125347481778
Lair1 5.69355987066808 0.853887623784929 0.852488648155638
Map3k8 5.69297974657621 0.949059940007202 0.944719361425179
Tm6sf1 5.69290261966343 0.82000814949805 0.813661679650002
Arap3 5.66251868294165 0.917581207322632 0.910050006965717
Ccrl2 5.65171212343126 0.866705758017664 0.845923790259253
Sash3 5.63001772313847 0.636712738884075 0.642593539576984
1700017B05Rik 5.62638073122111 0.816141702322736 0.868393557699708
Slc7a7 5.61190237658393 0.912079530562913 0.897009388442755
Slc16a6 5.61029658545376 0.827788337918296 0.812988159030414
Tlr1 5.60707407674358 0.950786036678769 0.942935206661479
Fam105a 5.60532506984828 0.846544358557506 0.854696269896252
Egr2 5.58031811428855 0.820805714489145 0.854569551601761
Junb 5.5702265653579 0.687996945302745 0.710290375201287
Stat6 5.56692004442793 0.714678010756139 0.821312877864025
Mertk 5.54863128384773 0.469813870428111 0.023616097947432
Alas2 5.52901386473909 0.823197434492695 0.815797530274247
Tgfbr1 5.48949011955742 0.852498187329333 0.85794468421271
Entpd1 5.48772961301778 0.858111304834006 0.843395778658876
Kctd12 5.4856693739416 0.753332465094076 0.784972493366985
Hba-a2|Hba-a1 5.48292630632827 0.56642262532223 0.54582217957584
Dapp1 5.45646685218977 0.736932962232494 0.731428075918814
Ggta1 5.45113403032906 0.796098785962219 0.741996856720129
Adap2 5.44374998232106 0.87688800207775 0.89589017278028
Rassf5 5.43457406074514 0.866287514693953 0.849659248421446
Coro1a 5.43413170115767 0.635544964291389 0.609948706493806
Btg2 5.40195245636873 0.672728282138439 0.301508566656002
Zfhx3 5.39769863582282 0.103951082483923 0.14075291558806
Cd37 5.38592951006497 0.728295537547063 0.751376208913459
Ankrd44 5.38263671177936 0.712563024504763 0.77415610152197
Golm1 5.3681415909706 0.830312799199502 0.897175220415006
St3gal6 5.36156269679316 0.801155949617444 0.792268323049702
Cysltr1 5.34731501632633 0.92595992399288 0.924365373758827
Clec4a2 5.34721890605412 0.920121500996823 0.905481651875605
Rab20 5.3364139137653 0.87162709108551 0.822872062649342
H2-T23|H2-T-ps 5.33634706713108 0.73427660229801 0.755081915805705
Chil3|Chil4 5.31086889624827 0.785689283924968 0.740089297731431
Il16 5.3072789673619 0.866177431173241 0.834616772567236
Csf3r 5.30000111888325 0.725351634897953 0.660626059742128
Akna 5.29959741818348 0.840141159348698 0.909971376627676
Ets1 5.29121517907757 0.855420790494385 0.798717657551142
Mafb 5.26294011424459 0.909327839003769 0.898825051466887
Tmem173 5.25746457736065 0.795333184101997 0.749693963682884
Ncf2 5.24138611434715 0.86045851283735 0.821452301139409
H2-K1|H2-Q9|H2-Q7 5.22926682111228 0.816481374936593 0.795361355342317
Cmtm7 5.22859155158857 0.888164238839407 0.884859426902135
Ltf 5.22365945228848 0.660745065685886 0.688960431665638
Cd300c2 5.20644533660211 0.758115023327444 0.746221590022922
Casp4 5.18741819925627 0.851815104692948 0.841795920940869
Spata13 5.17833610087722 0.723441736658594 0.822541574232741
Hk2 5.17526217899463 0.842930377695196 0.836232522142562
Themis2 5.17338763834102 0.857745478268527 0.819645227217916
Arhgap45 5.15496207308075 0.813346990398344 0.789484953639823
Cd300a 5.15329249003946 0.808163253840755 0.797864357702
Slc40a1 5.13728571306699 0.815303800604516 0.866241131950816
Ctsc 5.10896018844419 0.565202290119499 0.741998073095641
Serpine1 5.10062797801216 0.746658880649254 0.772469276401093
Syk 5.09432512560371 0.869483075528146 0.843963002181993
Spint1 5.06955653085211 0.76936027415757 0.80546541886515
Cd34 5.06863980359702 0.780578305570964 0.780953852741404
H2-L|H2-D1 5.06784861628414 0.760453977981077 0.707632400494705
H2-D1|H2-L 5.06745247850897 0.776420564025934 0.741226369285981
Evi2a 5.0644730518754 0.370256143103625 0.122083941499024
Lyl1 5.05701728594172 0.902101736275563 0.901191051834884
Trem2 5.05398905728961 0.818736026198792 0.799454240283858
H2-D1|H2-L 5.04915633519592 0.776420564025934 0.741226369285981
H2-D1|H2-L 5.02515433928876 0.776420564025934 0.741226369285981
Hbb-b1|Hbb-b2|Hbb-bs|Hbb-bt 5.02053750228511 0.593347552463581 0.583030511225756
Hba-a2|Hba-a1 5.01903604208263 0.56642262532223 0.54582217957584
Hfe 5.00160154761782 0.74251179777516 0.69293487069271
Ugt1a2|Ugt1a7c|Ugt1a6b|Ugt1a6a|Ugt1a9|Ugt1a1|Ugt1a10|Ugt1a5 4.98085589593197 0.730366505669744 0.796235103085656
Unc93b1 4.97159278524514 0.824706532771692 0.784330861324893
Fes 4.96907718863315 0.916208735941792 0.918269745606731
Ier5 4.95392456814184 0.682898706412452 0.760044154980542
Hhex 4.94506495593755 0.763244562740128 0.76685197354372
Pdgfb 4.9404060967808 0.765692206806773 0.723711256011854
Ifi30 4.93957734181792 0.848716605592608 0.871854735508474
Ppp1r15a 4.93205125875046 0.760704587259854 0.770078535783624
Rps6ka1 4.92167798032582 0.695374841735639 0.678098710018846
Irf5 4.92038308587196 0.792472967799239 0.785552634359777
Sipa1 4.92033821309744 0.888289477091351 0.891727911367738
Clic1 4.91128339164148 0.811020685533749 0.837285239945289
H2-DMa 4.86642372034687 0.869067540656625 0.880014801228871
Casp8 4.85619987354436 0.832203374402845 0.794974407022506
Tpp2 4.84838309474103 0.808111053263524 0.733521750385064
Elk3 4.84446484493079 0.788344291959176 0.777284563967688
Dusp6 4.83791016984615 0.559716063438419 0.594778117435366
Xlr4b|Xlr4a|Xlr4c 4.83539088488081 0.868405342797312 0.808172600014734
Slamf9 4.81399873419455 0.603393570078495 0.600928466403318
Pon3 4.7944316918832 0.918069435223539 0.910653848974614
Csf2rb2 4.79397651063685 0.366875300708928 0.124213304372801
Sgk1 4.78404746571591 0.384661004072644 0.244141776976519
Trim47 4.775861379365 0.857486415687149 0.882931645007043
Hexb 4.77458209895323 0.698140970144866 0.646331328259275
Clcf1 4.76282293092811 0.923393276939038 0.915799032402818
Abcc3 4.76281886176619 0.800171191208023 0.803332271340281
Srsf7 4.76076915120894 0.708218707844307 0.668273534190973
Hvcn1 4.75066022742296 0.930850237760394 0.925556651974156
Cebpb 4.74739708260388 0.76220356602266 0.76060622536153
Klk8 4.73893579510046 0.901846298241946 0.894065317519132
Parvg 4.72454093814331 0.704475113709671 0.679543106513591
Arhgdib 4.72238731115106 0.598819755847007 0.629475821476247
Pros1 4.71675011362703 0.72776258368959 0.718331354149935
Mlxipl 4.71665944566112 0.606985160033539 0.618845271841796
Frrs1 4.70169493217381 0.631073483689221 0.589007455229009
Pla2g15 4.67969007030427 0.83598090250652 0.887885531793003
Grn 4.67378273511656 0.687036412901503 0.800431278605859
Anxa1 4.6489449936497 0.211742589121848 0.0909543148847759
Trim30a 4.59584688676832 0.892877335520976 0.88939019128995
Plk3 4.59475126993411 0.567665056957749 0.315143668563012
Ang 4.57556502263546 0.935566883759569 0.921005554800001
Lrmp 4.56186501510007 0.92859919328024 0.931019402762976
Samsn1 4.55192227487238 0.921790019909296 0.904502243785012
Cttnbp2nl 4.52962359571206 0.702070029640618 0.690201256423659
Siglecf 4.52584563364909 0.934715886272468 0.920658627604494
Igsf6 4.5197928939069 0.895991171171882 0.863104115575813
Rrad 4.51753242960081 0.885078168943987 0.86876722337327
Plxdc1 4.51446897043336 0.642222767247152 0.691131392598507
Afp 4.51275775831967 0.883004931641662 0.859020847583768
Arrb2 4.49347009505619 0.803393227593183 0.768142700133339
Birc3 4.48448151829574 0.852311223989247 0.827229757938838
Mylip 4.48217241565497 0.633120754965811 0.626098854921702
Abhd15 4.45009259182222 0.808818736382601 0.802681386589946
Il7r 4.44373688037241 0.698874521476084 0.666726681862827
Mfng 4.44192086415622 0.773369118017568 0.770860353498733
Il6 4.44133991284657 0.921584167429441 0.870682946136026
Spi1 4.43785511979371 0.885904687508 0.866156133409175
Lgals9 4.42992101824132 0.899575045233228 0.897232498563263
Tec 4.42959386381218 0.580892013377293 0.560546547178157
Lyn 4.42754660671823 0.840116662857308 0.88629697451669
Lrrfip1 4.42154012956173 0.72916001492999 0.768529682154086
Lag3 4.41421889240693 0.787818050840116 0.759580947955818
Mlph 4.39524625383281 0.688059373662158 0.648272789015794
Trim30d|Trim30e-ps1|Trim30a 4.39053950462845 0.327704441454161 0.174778373120494
H2-M3 4.38786691638096 0.526898574715713 0.614904651766623
Klf6 4.37862701289731 0.749334762843372 0.706257430098815
Tgfbi 4.37481351253834 0.671395071396789 0.661822243741346
Ctsz 4.37461709296031 0.546110859676811 0.828783034372294
Ccl2 4.37144229608385 0.902280944600253 0.892781839184554
Ctc1 4.3649066738251 0.810994874304294 0.754558352690748
Tlr4 4.35342788931715 0.845572368752235 0.833893243030771
Il10rb 4.34962827469372 0.755060478888538 0.743304353010071
Plxnb2 4.34879750324811 0.556707326373889 0.702560125132365
Rel 4.34773303429105 0.869319594767125 0.859346420377097
Prkcd 4.34011697869317 0.640211403289367 0.688797133000079
Runx1 4.33873847767436 0.898077463247491 0.867100937826771
Trim12a 4.33760230081953 0.919131739107222 0.903517231450121
Gmip 4.33610567808723 0.799745691440904 0.734001301317462
Cxcl10 4.32537464124482 0.796197510464382 0.698499428715145
Edem1 4.31546108161943 0.758399376618464 0.767825289755816
H2-K1|H2-D1 4.31498178867948 0.534566574193682 0.538659872599817
Rgs19 4.29796270758144 0.692828784565073 0.625340563496616
Tnfaip2 4.29771983980158 0.827434595775661 0.835036234614228
Sh2b2 4.29324570830346 0.872964656114918 0.834331520421962
Ccnl1 4.290881832347 0.585754898418809 0.60486701056394
Nrip1 4.28548260862093 0.753157462374121 0.855932538465098
Gpsm3 4.28173019525051 0.893500460052427 0.871617375702541
Ptpn18 4.2757097661079 0.792103477920376 0.777184579907332
Adrb1 4.27306825743414 0.715040356504765 0.795565561937144
Cd52 4.27215012011476 0.83295211890189 0.809218741559844
Ceacam2|Ceacam1 4.25751254045337 0.792572451881513 0.773097217974399
Tor4a 4.25692609193606 0.778708058909656 0.78791639529386
Asph 4.24791000570094 0.410024089690409 0.204044268100301
Ifngr1 4.2468261190569 0.802738953768476 0.809412371220857
Lgmn 4.24313112079966 0.639373099884219 0.754817110237683
Tcn2 4.242983051369 0.618542831309419 0.799068040794858
Clec7a 4.24013785451766 0.748715997043995 0.735975015961589
Casp1 4.2324246152784 0.910464157045482 0.90330128642279
Pald1 4.22614386828578 0.695366763156557 0.764589318597646
B4galt1 4.20955123688097 0.613924591685888 0.639633223908502
Npl 4.19705708370591 0.62581576912189 0.699653960707303
Plxdc2 4.18413272254772 0.579641100571456 0.59701178492877
Hpgds 4.17985660237244 0.793783976712375 0.793742852729496
Tgm2 4.17866363987665 0.549234042196995 0.462958915403081
Mrc1 4.15879326264955 0.800499120925163 0.75898732639586
Myd88 4.14883027630779 0.819604954580537 0.772782746862068
Rgs2 4.1487584305764 0.470754089647274 0.615812733993421
Cep152 4.13413125003867 0.833270760116633 0.817184412170687
Adamts1 4.13219875753006 0.581490696349706 0.720804605439319
Arpc1b 4.13107423420093 0.574890799188128 0.110343180367653
Lilr4b|Lilrb4a 4.1286177493795 0.871073024997423 0.856014239697847
Slc2a5 4.11526800823997 0.425966328919147 0.33520761825858
Arhgap4 4.09829059943058 0.852202323251347 0.803467151876557
Hcls1 4.09226311389605 0.931273699800212 0.92851267612329
Abca1 4.089109870346 0.414057676588936 0.131832799862662
Lmo2 4.08843103475238 0.728175397568552 0.803746816010765
Serinc3 4.08209648945852 0.537849649041719 0.369561885794836
H2-Q7|H2-Q9 4.07922376534955 0.766564568653537 0.68841466127215
Lrba 4.07633853797027 0.719364262730314 0.739039615167681
Lrrk1 4.07443967876849 0.881020753842666 0.855122280534779
Ly96 4.05500416548639 0.84970444290823 0.871036695931788
Pag1 4.04732654723158 0.60858438076256 0.83022630472362
Herpud1 4.04477132446654 0.726914646342714 0.882919188242223
Fcrl1 4.03808232199662 0.83098612611745 0.771777985312741
Uba7 4.03576548308558 0.877403317546991 0.851231420966414
Myo1g 4.03510375962495 0.801050993119145 0.759349955985263
Cd33 4.02659708377685 0.690591046748475 0.683178355535824
Slc7a8 4.00234002954592 0.727120732414298 0.735093127018211
Adrb2 3.99909299257828 0.743764374306883 0.672789668526366
Cd177 3.99736285294651 0.837732583438483 0.786387403267038
Cxcl16 3.99581724065178 0.893080036740845 0.873088105435554
Plcg2 3.99077881924855 0.530913367020674 0.527332368044548
Dusp1 3.98908663832897 0.453685448558909 0.348690815171587
Btk 3.98865985150736 0.718578296969669 0.694295153449904
Jun 3.98812195176625 0.420772562256337 0.404707302879475
Dock2 3.98740805589174 0.692061016946035 0.66457681384136
Rab3il1 3.98675038852017 0.693301535459541 0.586356515527939
Klf10 3.98196602632683 0.648366736839753 0.677137187719495
Gna15 3.9797939429669 0.851152338218523 0.799112144024648
Rnf19b 3.9767618559158 0.652349792478519 0.524342258006725
Mef2a 3.97532824335451 0.691745257899574 0.616496580668851
Tubb6 3.97150874150712 0.874198680762698 0.881782244265613
Pmaip1 3.96309229881381 0.929873770539113 0.922962302276302
Pnp|Pnp2 3.95926630690441 0.408233639425576 0.716726873651538
B2m 3.95776042606648 0.618395998852985 0.571264363349846
Ehd4 3.95160108640257 0.510070307329833 0.495792380353659
Glipr1 3.95159994192726 0.880758450978522 0.868174873750624
Cebpa 3.94731719186397 0.853656065668289 0.874981085720788
Itga6 3.94373919202417 0.405161707705516 -0.12839271730186
Il13ra1 3.92663665351423 0.603645171843308 0.550150294986224
Cks2 3.92643681880407 0.535034452056103 0.12605776689951
Arhgap17 3.92266483895432 0.71484712724202 0.814221950493466
Prkab1 3.92071240566194 0.768967650246754 0.713851449914471
Gcnt1 3.91526684141879 0.906514391443059 0.880168457430488
Naalad2 3.91084733258484 0.630235547864762 0.615196190387861
Msn 3.90887955841537 0.669729598084425 0.683825692490507
Plekho1 3.90756209576674 0.8073729277927 0.788066034580518
Nfkbia 3.90145946193899 0.731776375752675 0.740459639088568
H2-K1 3.90008974048242 0.742323914088829 0.570739190218655
Ebi3 3.89968208383414 0.787886131054855 0.717724066851372
Tmem140 3.89257258321482 0.780867685523759 0.691825622748171
Arhgap9 3.89223167914313 0.893791491301282 0.893138744799812
Tnf 3.884747280643 0.742092745632478 0.69840883232456
Trpv2 3.87696983172045 0.394215266275866 0.396873146323205
Hps4 3.87018687615982 0.734563904139974 0.692465691385308
Gimap6 3.86769689257237 0.856098217815187 0.821689227563879
Gusb 3.85764231996057 0.624216975541119 0.783418768187215
Gas5 3.84963868541593 0.530911982093142 0.579234766118862
Myo7a 3.83962755624423 0.728329889715489 0.704400388158652
Rnasel 3.83808856166866 0.352333555250522 0.256328314782655
Snx5 3.82844425737832 0.575104726483679 0.678193829488984
Slc25a45 3.82842118334223 0.420867546066159 0.321289122443169
Fos 3.82369531492014 0.213722762533346 0.396804145337738
Tgif1 3.81936888401005 0.876982435921008 0.853101032190137
Vamp8 3.81477277963799 0.645283207565144 0.723031421900338
Lgals3 3.80765682042665 0.713806020935657 0.480134285385581
Dock8 3.79749190737595 0.77407744571332 0.715525507824545
Pla2g4a 3.79114197745176 0.551386044594795 0.265785279023491
Tcirg1 3.78064360418 0.653193033609105 0.64319356575803
Ptgr1 3.7805769821253 0.673059148536669 0.775430537021147
Pnpla7 3.77723678948573 0.516580983860971 0.454028729854378
Rac2 3.77187129410444 0.433647063907054 0.340957548370832
D17H6S56E-5 3.76837623283374 0.839257515711168 0.779974211906259
Tifa 3.76275396605971 0.709709283472323 0.825687665070608
H2-Oa 3.76078748813956 0.874839136649942 0.841015664106886
Tbxas1 3.76054379425149 0.850639537158134 0.831930304133101
Ncf1 3.75433545229399 0.868045814385559 0.829339404471351
Man1a 3.75028228555986 0.497284094996008 0.248399879781027
Man2b1 3.74763618236096 0.745285338545641 0.676780720554934
Gem 3.74465048140829 0.491262330482837 -0.0434942884069334
Plcl2 3.74365797668552 0.685980562948338 0.786518169201566
Parp14 3.74291172644775 0.691755649206606 0.68207221075031
Ceacam2|Ceacam1 3.74050895019375 0.792572451881513 0.773097217974399
Myh9 3.73415458209691 0.537178501530802 0.407727954684007
Phyhd1 3.73130761147464 0.730463420940785 0.722037066712868
Zfp36l1 3.72045869654152 0.315971833457441 0.319838572169749
Slc25a37 3.71851656889813 0.608569107801813 0.512575958635036
Creg1 3.71719431608612 0.575872174486639 0.787802378852739
Ugt1a1|Ugt1a10|Ugt1a5|Ugt1a6b|Ugt1a2|Ugt1a9|Ugt1a7c|Ugt1a6a 3.70642312933554 0.628502306029327 0.669671935068351
Tsc22d3 3.69131411621926 0.619816487499199 0.687128799337793
Tmcc3 3.68949757135171 0.712895605313537 0.532731528637081
Ltc4s 3.68685646351861 0.61343323773015 0.55384325737814
Chst7 3.67428349913112 0.61991078134949 0.649147471830705
Clec4a2|Clec4b1 3.67408072154333 0.900734644835163 0.880812196435236
Il4ra 3.67198383274791 0.798425617425943 0.743863447282443
H2-DMb2|H2-DMb1 3.66988240232965 0.690619639421529 0.68408973554214
Psmb9 3.66970830446052 0.813689071446326 0.785911085142458
Ucp2 3.66826865564577 0.742531667423667 0.78778699927226
Syngr2 3.66426561447197 0.477126482147852 0.678299428842201
Hspa1a 3.65976443799455 0.574813451327214 0.582822142158588
Pik3cd 3.64795940508839 0.835722591683338 0.800002792911475
Cebpd 3.64690585196983 0.410248483043151 0.450852912095384
Cytip 3.64666185491652 0.677096667511409 0.658062850921678
Sertad1 3.64503410905696 0.725486396282975 0.759101918828126
Snord22 3.64424672149539 0.713556175466473 0.747003918737636
Zfx|Zfa-ps 3.62662242399827 0.758720682080209 0.78078571599338
Srgap2 3.62062505886541 0.838073849003391 0.808601195495113
Ripk1 3.61218593948307 0.61643814981995 0.610434377354206
Lst1 3.60861783845595 0.518452799824788 0.568588257391269
Dnajb1 3.60565269275809 0.744954542387084 0.832712978193851
Ifi35 3.5949809730485 0.675929036209974 0.643703193508148
Mlxip 3.59176298222072 0.811441219145483 0.808444740480553
Mcl1 3.57817423802707 0.66012782226777 0.754786911632478
Cd79b 3.5732088126414 0.852183444589737 0.838726608408507
Nfe2l2 3.57130669652827 0.442168178360396 0.452443442925438
Ugt1a2|Ugt1a9|Ugt1a10|Ugt1a1|Ugt1a6b|Ugt1a5|Ugt1a7c|Ugt1a6a 3.56420728474111 0.823718110007129 0.818998242257466
Phxr1 3.56314713594709 0.565104109859606 0.527893394217594
Dhrs3 3.56160956295636 0.54192146163615 0.359647258867642
Tnfaip8 3.55550544174784 0.281284369262562 -0.0685184420173606
Zfp90 3.54130349169897 0.757507510674981 0.764480234671576
Fam111a 3.54068983370083 0.808384174939359 0.698672050537225
AW112010 3.53852353414661 0.789895303671244 0.757552259875947
Asxl1 3.53268808915694 0.79455825060459 0.803429670627233
Tspan4 3.51992274639173 0.78566320193358 0.746016469306999
Slc37a2 3.50977648795526 0.81966522620099 0.825359681219632
Camk1 3.50849088000697 0.543663619306595 0.476422974511083
Gns 3.5018055197939 0.721699847513998 0.795173158734337
Atp7a 3.50155326563702 0.657262230007673 0.62920625807277
Per1 3.48720068969308 0.62960790010736 0.626357073886586
Stk17b 3.48688696550774 0.293709199495324 -0.0324488707098534
Ets2 3.46860461099906 0.567769496379594 0.537307615802759
Jmjd1c 3.46439761769444 0.713073457229554 0.753087598585713
Snx20 3.46185977799561 0.72618911991913 0.614475767547875
Litaf 3.45716677080067 0.332159052559495 0.443693772192225
Slc46a1 3.45591772026824 0.514937218049091 0.558228677076438
Cited2 3.45188582210825 0.547915478196486 0.442340438262975
Ifitm6 3.44991326843544 0.73639252629643 0.655387561575548
Gtf2h2 3.44714185445976 0.802902699941267 0.812374988844235
Parp9 3.44053541951991 0.60025166986055 0.55211870105345
Erap1 3.43441995499408 0.647013290905364 0.632822405285259
Rbm39 3.4312895475426 0.476673058497853 0.53294972185286
Gcnt2 3.43001837776222 0.601609695695408 0.565016789270568
Arid5b 3.41328722562808 0.582332846968389 0.68005401812096
Hp 3.40746093666869 0.843219549382158 0.819686806543862
Zfp36l2 3.4067062640171 0.358731321103785 -0.0438182143146671
Vasp 3.40071662543368 0.743801914388645 0.686884363228801
Slc29a3 3.39944059662265 0.541774882188289 0.543906506479103
Ntpcr 3.39774068454063 0.785125355365741 0.820640883130609
Tgif2 3.39533795999272 0.807838735142194 0.752820619625142
Pnp 3.39492272373038 0.415353410551704 0.710310418535471
Cmtm6 3.38421660592784 0.645926442229078 0.738285743793166
Clec5a 3.38391895667437 0.793406074271332 0.772113500751082
2810474O19Rik 3.38167620333585 0.566059741561137 0.513684938038155
Cdca4 3.37849108305672 0.552792289554876 0.453856139053857
Mknk1 3.36749762332097 0.565791341610922 0.473731405964001
Cdt1 3.3518472962402 0.542007751832386 0.166761776200299
Skap2 3.34894925796283 0.781565587450694 0.770185404238867
Lgals3bp 3.34381979805245 0.60768947771055 0.455927707533835
Fmnl3 3.33655250274669 0.820071120886861 0.777820302484474
Il1b 3.33602293881545 0.734647557376215 0.671381252538965
Fpr2 3.33062811311396 0.594871191176552 0.542174191785488
Tpst2 3.33060917858933 0.627596751479538 0.81442471149183
Pdk1 3.3260863296621 0.716151840538536 0.698730498033543
Ptbp3 3.32227080501612 0.635805256377496 0.723570813422266
Tgfb1 3.31573191364724 0.83020376861621 0.769073053211043
Rp2 3.31041428715384 0.827142639112943 0.820189718788966
Ptger3 3.30459464321281 0.791477758879677 0.740379842117463
Rasa4 3.27945215217495 0.771994092002166 0.737676473393572
Gbp3 3.25560623863552 0.553582234564588 0.196402495190063
Trim34a 3.24213311791512 0.650943875031809 0.610042855699969
Naip6 3.23926446084067 0.269546080750446 0.159942623967739
Traf5 3.22875549775634 0.799840616708502 0.751142426926196
Vrk2 3.21328158286246 0.705417134424469 0.695245171423605
Smagp 3.21030283820355 0.85177160069126 0.829073385783042
Ms4a6c 3.20132787320566 0.686656383477171 0.597419324161148
Batf3 3.17934004517637 0.592161205411715 0.471770311891831
Was 3.17585096751193 0.735621421594942 0.716487040509677
Arsg 3.16999428776877 0.332885364299221 -0.13508894310526
Nfam1 3.13457846481368 0.725305162572838 0.699468559586978
Zfa-ps|Zfx 3.12362596529263 0.762762354168055 0.770766723334918
1810011O10Rik 3.12097151451194 0.585480167791699 0.244803155184718
Myo1b 3.09455213510903 0.830844031103832 0.764825770678646
Hlx 3.09220317075923 0.662443473378995 0.58682189932979
Nfkbie 3.08522602310213 0.79534242896729 0.708983678523823
Tlr6 3.0825972923238 0.686996185861833 0.655492544244101
Irf9 3.04144423666789 0.769809738370684 0.791887882303619
Gbp7 3.0307680081713 0.551314739294422 0.316936611536916
H2-Ab1 3.01647131203234 0.744211739116458 0.638511414524865
Calhm2 3.01005378154253 0.849691184284951 0.822842449334667
Mrc2 2.97060593984714 0.416535107320964 0.279940576884981
Mpo 2.96979344949093 0.421692806303969 0.303245967034198
Gmfg 2.96842445498442 0.78295638912665 0.72200339405796
Cmtm8 2.92583078999459 0.300379493257021 0.177824846716912
Npnt 2.88939186459536 0.596096273595824 0.578921424938188
Parp10 2.86873988565616 0.731573567900502 0.680660726068902
Calcrl 2.86358364316417 0.450720038385377 0.0898651710199407
Pf4 2.85621893996042 0.831761195848842 0.826014167222435
Isg20 2.82100676567011 0.680131826086381 0.628061083503631
Tnfsf13b 2.79001445737928 0.756000412700909 0.736486029773587
Slc39a8 2.78440449884137 0.575753947216968 0.498678120717503
Tmc6 2.77962644983794 0.771747008739766 0.7598115818415
Plaur 2.76883207424721 0.577568197033403 0.539906492111756
Sh3tc1 2.72419608797222 0.506402849227029 0.424466684891794
Stk26 2.71611970326325 0.637758237549351 0.596469758920372
Zfpm1 2.71096332871273 0.425186162831093 0.182178148726666
Myc 2.66288505696282 0.748759532959955 0.836247106327214
Lsp1 2.65337509659658 0.744805338301002 0.685000880896343
Emp3 2.65205204950867 0.772946695251658 0.730206751194728
Tfpi 2.64226919942309 0.368757900672614 0.156561358013743
Rps4l 2.621829925584 0.457240909928714 0.652242436811353
Smpdl3b 2.57354691685619 0.644544843006452 0.791498206920445
Zfp472 2.55231818236595 0.463343431263727 0.18965423247681
Esyt1 2.50651784368711 0.593952017028788 0.627334134090753
Il21r 2.39789926851804 0.824029016709698 0.773828075405138
Ceacam1|Ceacam2 2.37776198101113 0.138595454835138 0.210112487536378
Ehbp1l1 2.36431770549368 0.405173198099499 0.234024368845043
Srpk3 2.32833908454466 0.598708161603591 0.304890720417605
Dusp2 2.30340427833404 0.112878382099235 -0.131941752934398
Irgm2 2.28097343097372 0.550707707711898 0.467802257357378
Tlcd2 2.21321464812959 0.334291987166108 0.182633930034186
