Tspan2 7.14126903709001 0.680804698889574 0.673027344309397
Ppp1r14a 6.86222721619779 0.733675739158658 0.708589820943823
Mog 6.83890259982553 0.750943839920689 0.768187869723883
Ugt8a 6.50591636621728 0.60934362753512 0.706232390063401
Cldn11 6.31803001120814 0.368586820300505 0.372965114685896
S1pr5 6.30760102357204 0.506569887637355 0.468673600073349
Mal 6.26006792291022 0.577477388776227 0.61206010785725
Mobp 6.19312299400078 0.631726632551726 0.548871125502933
Tmeff2 6.12508554353596 0.448154192369329 0.667700934026614
Grb14 5.98975498160398 0.69375633731708 0.818585921974054
Sh3gl3 5.70462403144798 0.44127615823941 0.647034471578922
Mbp 5.49346797131825 -0.109542835851619 0.127560251050697
Ndrg1 5.36075802751094 0.168669967104596 0.362875311520123
Fa2h 5.30973790294626 0.432790838635269 0.520851358845223
Dusp26 5.21966749724733 -0.1807471565548 0.1688755153887
Sox10 5.11286117616073 0.415668156554551 0.469695380397261
Ptgds 5.10539948726959 0.129291374076622 0.0913035656938119
Sez6l2 4.99326970563583 -0.111716562069687 0.4507355769091
Pdlim2 4.93630139611133 0.801802808332128 0.744524284168248
Stmn4 4.93188605084516 -0.0877484168979025 0.0921562310014837
Pou3f1 4.93095877195279 0.369734655913039 0.403848635949571
Gpr37 4.86783663328216 0.489284465214297 0.340074477451517
Ddc 4.7502900417772 -0.0106243391527424 0.319546295380962
Tmem163 4.73134896176071 0.489534996666839 0.471564529715438
Trim59 4.73081386688467 0.690104742152719 0.692833992675551
Olig2 4.48478541910308 0.664201169238688 0.698161855023154
Edil3 4.45734195140503 0.369341774480378 0.449918869574286
Pcbp4 4.39272072700884 0.586430001587384 0.471538979730696
Gal3st1 4.36844727233264 0.765874576722541 0.735404115889648
Rab33a 4.29596763910488 0.758109069284529 0.760979768744688
Pcp4 4.27599104451751 0.00143633530676542 0.426372351348272
Apod 4.26408240507788 0.151998936399122 0.237037783977293
Bcat1 4.24080944637044 -0.088728546754673 0.102368077347148
Anln 4.22871293163755 0.730754389959209 0.739568199514889
Ank3 4.22160726384265 -0.0878084138007316 0.322463956794065
Lims2 4.21091339526174 0.67325124226911 0.666503021976029
Pllp 4.20846999213783 0.498849268558933 0.561894389600455
Slain1 4.20716216570725 0.628093422367243 0.597950514326101
Prkcz 4.19511495268667 0.300659037845245 0.430186703867348
Kcna1 4.17193061499945 0.0988687631488678 0.222832699324879
Ell2 4.11185867171085 0.706046559226121 0.740723877750557
Sytl2 4.09810021046235 0.0498043747059157 0.159013082280105
Gamt 4.09221083497005 0.773141142438559 0.725366004236085
Josd2 4.07279259491097 0.820933905893421 0.795994630488052
Larp6 4.01680006109219 0.563482132202846 0.567351668491652
Sgk2 3.96742444273538 0.383023003841468 0.421945550298817
Efnb3 3.96250527887961 0.121464673465645 0.213919498358449
Nkx6-2 3.95472618541839 0.647018165698368 0.603494602044681
Lpar1 3.9267839603145 0.273333883684595 0.31761802397885
Olig1 3.90779184143463 0.590053705423197 0.776461144764042
Cacnb4 3.89182342264727 0.412887601351282 0.420952590117059
Adamts4 3.87098158838005 0.253756240693742 0.209320034966372
Tubb4a 3.83889243603807 -0.0421120581159903 0.0488742786468784
Plp1 3.82380003397054 0.155673250367022 0.502221720953419
Acot7 3.82263166025911 -0.0941230019694335 0.13424355846468
Lrrn1 3.79852254723662 0.526872157628744 0.51485144356405
Atp9a 3.78781857417475 -0.039375005215483 0.163353941491417
Nkain1 3.76929480481892 0.289288067404676 0.404551230207538
Adssl1 3.76905406016953 0.730696616173629 0.676174592070587
Scrg1 3.72574329281173 0.376892659797992 0.111733237102384
Mag 3.70748194119679 0.589006183417003 0.542118156611122
Evi2a 3.69766499265642 0.575285001633285 0.122083941499024
Efhd1 3.63546329768665 0.458974629826798 0.388459360248184
Gsn 3.63401343950487 0.606547974562812 0.58702953787809
Plekhh1 3.6054607109022 0.697320603585438 0.585794666954507
Aspa 3.57943993007839 0.682390798992167 0.68417747258489
Tnni1 3.55655395237259 0.688349986682571 0.698347882066649
Mfsd6 3.54572821168087 -0.0473055587758204 0.425952433346594
Sgk1 3.54551575024935 0.55094145688108 0.244141776976519
Sox2 3.51884008364948 0.263379666166355 0.256502273046404
Ninj2 3.5110786381297 0.649492245293104 0.598169820673733
Phldb1 3.49735066198504 0.637478878498729 0.614508105718084
Ggct 3.44800589327994 0.278403782820088 0.234744558724598
Tppp3 3.43780189952858 0.629172908297813 0.570716420218204
Thbs3 3.41994470434874 0.569308635311969 0.497067833057062
Chn2 3.39773325841748 0.396779545747418 0.46515914394627
Acot1 3.39524630432369 0.438825987908876 -0.061021936594642
Dnm1 3.38257670760972 0.12910452050436 0.640305102838024
Gjb1 3.35634992697623 0.708323632784346 0.60359080648688
Cdc42ep1 3.34200807218084 0.56901905984441 0.488490068273796
Frmd5 3.34120820473713 -0.0965203630599033 -0.032818034221397
Car14 3.33726180342308 0.435921662728294 0.439461257805919
Hapln2 3.22811564273253 0.196160036309709 0.21640709015202
Ctsk 3.21212854748976 0.617431746365198 0.551045902096914
Gpr85 3.16853401529037 0.527479977111111 0.449456291161304
Elovl7 3.16261465169409 0.595599702155948 0.537683238623876
Susd4 3.13659775801579 0.129298466274835 0.134054309697227
Pcolce2 3.10999230496569 0.186833709792184 0.179823723343086
Kazn 3.04735976572959 0.547734537194397 0.47724069373539
Hist3h2ba 3.02461671692347 0.669739514138462 0.660568932682243
Cdk18 3.00958970635887 0.135596308028541 0.298839356185691
Tspan17 2.9718468621838 -0.059787306746533 -0.0475290508654928
Brca1 2.89282153580406 0.556110293352272 0.413008014900029
Lrrtm1 2.85877568931057 0.0272181557897611 0.0200720917640038
Rhpn2 2.80469245724709 0.435256436881279 0.366601028299514
Wfdc18 2.64227186401343 0.0895721614304789 0.0330519959229341
Crtac1 2.57302906531397 0.0467799941125154 0.0682508646198257
Tnfaip6 2.55806736079397 0.621038245802538 0.443528880457223
Lad1 2.54314503612562 0.142584663092544 0.122567121159747
Oprl1 2.52542725738653 0.246723309358126 0.203484774960211
Synpr 2.51279844151562 0.22263890244141 0.189452408777998
Pex5l 2.49033519347345 0.421717732746818 0.326273949020631
Bmp4 2.4790210941871 0.481480990757714 0.393873170110389
Rab40b 2.36888169579219 0.433515868135827 0.384032579633452
