Gja1 10.7288285830038 0.756847128026417 0.476814381713918
Pla2g7 9.72158985777626 0.699646642531467 0.0708290111096955
Gjb6 9.7110457197596 0.786635431802867 -0.168418371594951
F3 9.58617946352015 0.799373637603836 -0.13693866099779
Slco1c1 9.31126670191412 0.712779936408283 -0.250425616470088
Mfge8 9.07083205027164 0.652630781636119 0.154567098383391
Cldn10 8.95176216958098 0.769256736090082 0.0330240024653034
Gpr37l1 8.78968541439956 0.81206788538956 -0.261583244917345
Acsbg1 8.37172756239289 0.837085982337976 0.275626533102702
Ntsr2 8.24721007451121 0.837653312348059 0.189631559832303
Gstm1 8.18279965051972 0.59219513698494 0.256876943421396
Fam107a 8.16560663524267 0.830950860470249 0.196376339782974
Slc39a12 8.14821467210306 0.887197534858901 0.396234411305466
S1pr1 8.13501361611483 0.712438100327343 0.114855287283906
Cmtm5 8.04108639233872 0.671801911099852 -0.333333333333333
Lcat 8.00997096834118 0.843862780425066 0.216058101816733
Plpp3 8.00451662634453 0.754750765768926 0.133017420550328
Aqp4 7.97277100487269 0.902542955475603 0.651576450145952
Fxyd1 7.86471332786217 0.687132878379233 -0.272392974860545
Tst 7.82550155280154 0.811933971010609 0.650517527261052
Nat8f5 7.7197365320795 0.949833904598438 0.664199462429988
Sdc4 7.57445910060125 0.757674459177811 -0.0961621941476802
Slc38a3 7.54127893529411 0.694682865770122 -0.139042731336779
Ppp1r3c 7.50891224813119 0.816009004956662 0.148584975505936
Slc25a18 7.49686876196918 0.887902272448393 0.485252450975496
Plcd4 7.40659981357551 0.876795849714127 0.663906950112403
Cbs 7.3244095537021 0.914577461279707 0.663639657447984
Cyp2j9 7.31716749416845 0.711331579020517 -0.312621406252115
Entpd2 7.31480033239492 0.90657661741868 0.665605615622405
Atp1a2 7.28377058050623 0.711505796079074 -0.322013106145826
Slc1a3 7.27943497422613 0.682080481973209 -0.0713517993272646
Dio2 7.19213382545381 0.87810039084585 0.442946243122594
Chrdl1 7.18949498195524 0.945197348714066 0.665275336585696
Aldoc 7.16532625736602 0.59866795821216 0.0404882102038162
Pdpn 7.15558567420913 0.731364851529054 -0.312986820653744
Aldh1l1 7.09616291180436 0.728552708984774 0.645265839108945
Prodh 7.0792750278541 0.839580298766833 -0.138870438686564
Mmd2 7.06818687431737 0.552801113083821 -0.184873223763938
Grm3 7.05586920424836 0.525150171902606 -0.170904757916377
Timp4 7.02491240829453 0.721044428204209 -0.326993213536327
Slc1a2 7.02264076170534 0.431810316720549 0.204653973181246
Sox9 6.97237804514131 0.741183197369416 0.618013138753041
Gabrb1 6.85929910118544 0.48507539445574 0.531773383016893
Cyp2d22 6.83933309295902 0.803511994912229 -0.132872242172202
Slc15a2 6.80782247511108 0.779262482452904 0.00583420425744054
Mgst1 6.77151573408484 0.704921472163419 -0.333333333333333
Slc6a1 6.72215203779592 0.138074586815755 -0.230635891381231
Mt2 6.71709971265099 0.691926179607703 -0.0808369035442695
Tlcd1 6.67888148867841 0.831086055062338 -0.227647409854864
Vcam1 6.62207640880823 0.652329320721401 -0.333333333333333
S100a16 6.62006259773758 0.468212151188639 0.0998924595228652
Acsl6 6.61737323182258 0.628237955948136 0.305162720318449
Olfml1 6.58186297009537 0.847676454666596 -0.333333333333333
Mlc1 6.46043328408287 0.926793598305057 0.663741672955969
Il33 6.45624500838858 0.785552909313305 -0.333333333333333
Gfap 6.4466958669719 0.951518137927736 0.664992628380927
Mertk 6.4370736691153 0.720156104130103 -1
Itih3 6.43279721476125 0.891736747411051 -0.0498379278595151
C030018K13Rik 6.36300496633895 0.92978660347205 0.664920711548153
Id3 6.33929632484886 0.540017185431138 -0.303318186076163
Htra1 6.3212843926127 0.699876890188321 0.171495889886139
Clu 6.30853071282693 0.763414967239364 0.0581058499390303
Rarres2 6.30799952500554 0.817015662159267 -0.333333333333333
Ednrb 6.29390069796107 0.678257195953959 -0.333333333333333
Slc9a3r1 6.24913846896829 0.774227624242192 -0.232522768465862
Fabp7 6.24069275041138 0.574651218209978 -0.333333333333333
Gdpd2 6.23807493235284 0.764229774453067 -0.247971652366354
Ndp 6.23367085947237 0.821905495515776 0.509691395980032
E130114P18Rik 6.22735861853264 0.747591086969668 -0.293829139408753
Eva1a 6.21934459549683 0.85693487119734 0.666053803838826
Scrg1 6.17594646303275 0.599439844104201 -0.333333333333333
Efemp1 6.15760640772327 0.686629870984395 -0.333333333333333
Fmo1 6.1338265372085 0.695134527614264 -0.333333333333333
Atp13a4 6.11872137621107 0.912288004711285 0.396670503456138
Dbx2 6.11462857888191 0.85682247672217 -0.0783808178819742
Gramd3 6.1020374414319 0.846079690842854 0.194126344981333
Hsd11b1 6.09361762749028 0.406606549612385 -0.18918164623133
Lix1 6.0712968500509 0.632179736181043 0.543452883202533
Fam163a 6.03470845341902 0.788306853128008 0.397572227513881
Smim3 5.9934650723054 0.768025495804967 0.327894563889514
Prdx6 5.95878463940515 0.817804873649999 0.529161899992563
Mfsd2a 5.95637964188799 0.667168787173724 -0.333333333333333
Fgfr3 5.93042482793887 0.854362861904446 0.347054803797516
Nkain4 5.92073913848613 0.636489784465033 -0.153320801433159
Ctso 5.8974875903855 0.669559773833906 0.430767013364785
Chil1 5.89226054017157 0.80026209332382 -0.0212334128380636
Cth 5.88431942326375 0.81388562555485 0.610484557737863
Dkk3 5.86984116340502 -0.280587102304275 -0.274376251495485
Tlr3 5.86556283156703 0.810496451259306 0.427921432358269
Id4 5.85687426317282 0.755598132265472 0.458832163734105
Slc7a10 5.84678575327323 0.89573471618655 0.586932121640117
Pdlim4 5.83356004273167 0.8666652055125 0.289799874903007
Car2 5.80196104412113 0.553667934154839 -0.333333333333333
Adhfe1 5.80131997201987 0.785101873266722 -0.200615724593062
Ptprz1 5.78906124502567 0.641912229121875 -0.333333333333333
Gldc 5.78251304407697 0.94822676589549 0.66567206030053
Cyp4f15 5.75738088003353 0.957432890276312 0.666110744080979
Agmo 5.73338641395625 0.768860284632302 -1
Plp1 5.72717069864772 0.589776072893419 -0.333333333333333
Appl2 5.71932659402019 0.664448770378965 0.227639536021707
Ezr 5.71009110398774 0.79280548429477 0.436731431098522
Gpc5 5.69776858472005 0.786352860943146 -0.333333333333333
Rorb 5.6743443292984 0.270209255948484 -0.0398478270763095
Cideb 5.66057909196568 0.834654824428561 0.610253323677441
Bcan 5.6529172220611 0.708216183626495 -0.333333333333333
Slc4a4 5.64105546973179 0.627205331972935 0.102697450187218
Mdk 5.62217351466772 0.684823627002952 -0.333333333333333
Mt3 5.611111368436 0.518237380420507 -0.0230511389089551
Tuba4a 5.60629295525506 -0.285112863084537 0.280945927621376
Slc14a1 5.60565191411627 0.964086104046018 0.665701316558697
Cml3 5.60240821632699 0.949908688734431 0.648074555435953
Maob 5.58827497116009 0.63102279392144 0.364256332054449
Luzp2 5.58606966031089 0.420439112505796 -0.283102127613364
Thrsp 5.58086160913582 0.372950696618484 -0.0744838997138067
Prelp 5.57660832278308 0.856390331544432 -0.325003782184299
Gabrg1 5.57438711798557 0.778784454382407 0.0631108453086074
3110082J24Rik 5.55319961969003 0.942316104679517 0.662077254483924
Rfx4 5.52981350481635 0.80291545916637 -0.290575595556025
Tril 5.52822492086877 0.702770177802432 -0.264415502252127
Pou3f2 5.50844604184521 0.240066779627861 -0.175718098252894
Kcnn2 5.5002934519732 0.408623839864705 0.421196101875958
Hapln1 5.49166709802292 0.638215613912896 0.0437143082827568
Ndrg2 5.46995960602709 0.367328299744606 -0.227094178596613
Kcnj16 5.46730121987615 0.663655735353098 -0.274515802428757
S100a13 5.45499118652585 0.476387852175818 -0.333333333333333
C030037D09Rik 5.4326254114323 0.905389327107589 0.666666666666667
Bmpr1b 5.41523845505783 0.817634926291049 0.555405563625314
Prex2 5.40927113962064 0.746070392150386 -0.241002730556059
Dhrs3 5.38118952592962 0.387248944361279 0.425707672888306
Elovl2 5.37942587106741 0.821890998787332 0.666666666666667
Acat3 5.37706911236281 0.915721162795778 0.663924781085552
Etnppl 5.35883097856299 0.927561684295823 0.665852401940435
Tagln3 5.33173124324972 -0.507272051473228 -0.163925238561659
Rftn2 5.28637685041264 0.754089069421301 0.168899362691541
AI464131 5.27892470943703 0.911700282856277 0.345808334856595
Ccdc141 5.27019947492424 0.661286639053313 -0.0789458167823746
Cyp7b1 5.26846796249655 0.580006712465495 0.515404429654007
Scara3 5.26735819983798 0.870731743643859 0.665669219494768
Hepacam 5.26238337349142 0.754455168932792 0.262434168322534
Gm11627 5.24803383147363 0.850077543287145 -0.135400456553074
Nat8f1 5.22579942165892 0.616375889589845 -0.124669102627384
Slc27a1 5.20360761176342 0.747552807831945 0.655566188144266
Cxcl14 5.20031893286536 0.819554093858837 0.455877190626763
Pamr1 5.19689365774079 -0.0263509412924133 -0.283933076301128
Timp3 5.19023899871046 0.50916477106734 -0.333333333333333
Psd2 5.18583192728927 0.764716070081174 0.607270527895677
Pxmp2 5.18553766376857 0.833759413522023 0.180983479032417
Hspb8 5.18201389455544 0.635181585180695 -0.333333333333333
Gm5089 5.18077946227463 0.773894446080545 -0.333333333333333
Enho 5.17943729807277 0.710130588853648 0.110297475629391
Daam2 5.17071220634045 0.812226326717262 -0.146854146270339
Gpm6a 5.15584592318102 -0.267566877646643 -0.254990936839367
Ugt1a6a 5.14566881756874 0.965276989200263 0.664800559855219
Echdc2 5.1169603245165 0.531144620844771 -0.252299618982972
Nat8 5.10612093503933 0.928879968169558 0.403669476783538
Hsd3b7 5.08669406215848 0.612025794467571 0.114807091224354
Cyp4f14 5.06269049365221 0.960920793835476 0.665015146491104
Phka1 5.04857388461398 0.732995830847878 -0.182880176783089
Emp2 5.03597762106938 0.705708983549915 -0.333333333333333
Grhl1 5.03543892350655 0.484921821375993 0.467251210300325
Fam20a 5.03407887900534 0.8218285878833 0.666059722552701
Cdh19 5.02538501664973 0.777120043692413 -0.333333333333333
Gpx8 5.02212048873204 0.64403471591619 -0.333333333333333
Nat1 5.01273135343512 0.944551511551332 0.666347856661785
Ephx2 4.9916920659592 0.528190532449635 0.0718564839617743
Abhd4 4.9873528478954 0.534781451582219 -0.333333333333333
Agt 4.98136416927703 0.816295627485574 0.665574746580348
Ttyh2 4.96706159318464 0.510879871318589 -0.333333333333333
2900052N01Rik 4.95148947773021 0.918556909518876 0.636077199619836
1700084C01Rik 4.93280055555618 0.8995567874859 0.607825524583097
Nat8f4 4.91340195255452 0.705724455996253 -0.196483229794426
Atp13a5 4.91014081985045 0.731796661378441 -0.333333333333333
Selenop 4.90927563200367 0.47580474511881 -1
cx_tRNA-Ala-GCG 4.89664513813139 0.759963547748835 0.265908595576053
AA387883 4.87941813893204 0.875595084199094 -0.116198019159342
Gm5083 4.86902130967955 0.927266193368103 0.664163936647529
St3gal4 4.85676701272598 0.742754086295658 0.371413784026847
Ppil6 4.85209581589741 0.689212513584669 0.31627535081506
Clybl 4.85066769353307 0.164977442013599 0.0592699702519829
Fermt2 4.84686228337225 0.620123838999077 0.383066924124663
Egfr 4.82562176980403 0.91346480704904 0.570137721084635
Ngef 4.8233256718309 -0.331431592659625 -0.455091341422803
Btd 4.81877523230888 0.484548058929219 -0.333333333333333
Fcgrt 4.80875018576535 0.555517413454798 -1
Dclk1 4.8077808177714 0.389180906216599 0.184910701721252
Psat1 4.80728101792878 0.358547175312471 -0.333333333333333
Serhl 4.78997130363253 0.813448066702785 -0.0900787364186409
Hopx 4.78328483305038 0.829358357999744 0.214697932125096
Slc7a11 4.76349802493311 0.802097156870929 -0.333333333333333
Lsamp 4.75200220624151 0.490612279389753 -0.0435146547787387
Megf10 4.74463306326601 0.715950860272841 -0.0337307266147836
Cst3 4.73544018655088 0.675947468640615 -1
Tubb2b 4.69707440962677 0.474448437329364 -0.22745166583302
Fam198a 4.68226670398263 0.917027399314142 0.647444727974456
Cdkn2c 4.6770798349267 0.668470589618999 -0.333333333333333
Pax6 4.67625249237161 0.757487045503277 0.422855554313159
Acaa2 4.65722033794724 0.482521797380454 -0.333333333333333
Cnp 4.65272350441443 0.488103333112016 -0.290081210173069
Kcnj10 4.65244303760953 0.646190223200529 -0.0890616278459622
Cyp4f13 4.64655203417143 0.73587475324266 0.45035360013125
Rlbp1 4.64355721354213 0.66232714417481 -0.333333333333333
Atp1b2 4.64230201287419 0.471719190927689 -0.219276074613828
Phgdh 4.6301866258086 0.460142552396378 -0.333333333333333
Retsat 4.6250422711971 0.670740098968734 0.433363510806525
Lhx2 4.62108271735374 0.48807860549442 -0.12181848426814
Apoe 4.61931001384335 0.653235277476096 0.482211575326108
Tm7sf2 4.6122320840515 0.0142191358290547 0.140400754421634
Pacrg 4.6111028455415 0.344896692715914 0.149143735014186
Aifm2 4.58320008546419 0.559235650397248 0.214900202173722
Gpt 4.5670892997322 0.674125978244465 -0.333333333333333
Elmod3 4.56261859413399 0.629917330859189 -0.123555893239642
Kank1 4.56062314836072 0.759051156578948 -0.333333333333333
Nudt7 4.56054718557317 0.564872237556456 0.453249709570121
Oaf 4.55094837679195 0.938169361612608 0.413527628548225
Fkbp10 4.54457452322108 0.9653385565701 0.665610285146214
Kirrel2 4.54405884201604 0.956213223202022 0.637503223662443
Tmem218 4.54369015354104 0.47724965261336 -0.0668407225860492
Steap3 4.52394620543485 0.858830118135422 -0.333333333333333
Arhgef26 4.51000796761729 0.856154283402482 0.561612983742806
Spata17 4.50331060494626 0.815034021750283 -0.333333333333333
Fjx1 4.4920867563721 0.578063526546605 0.542875268126917
Upp1 4.49061490428095 0.964921333476698 0.666666666666667
Kcnk1 4.49045651217998 0.307842543134192 -0.130299382982009
Gm10767 4.48944972446432 0.442728792166224 0.191264129486822
Gm973 4.46271957645101 0.959700921273015 0.666275171400132
Smpdl3a 4.46039136474749 0.550405177453113 -0.174732947921498
Egfl6 4.45377825557667 0.817363766680713 0.624203733935634
Eya1 4.44171772018285 0.591653406417554 -0.260869727311158
Igsf11 4.44153363666825 0.548043577447193 -0.122880532034796
Pnpla7 4.43776434392785 0.644617942466962 -1
1700080N15Rik 4.42996645493672 -0.249567205458727 0.084327173220339
Gpld1 4.42319802101647 0.673422976146616 -0.208137898161219
Celrr 4.41599827956216 0.858125264039469 -0.169912980644921
Sybu 4.41121851828408 0.509445575341162 -0.063747562254559
Gem 4.41093025569034 0.70806754066955 -1
9330179D12Rik 4.40840572040679 -0.249634381054846 -0.161215798351745
Sat1 4.40342665708575 0.682522951667308 0.514254641590447
Tnfsf13 4.40327026383988 0.779910756939355 -1
Acot11 4.40294832473061 0.889154802654935 0.624949805563309
Lpar4 4.39209106267167 0.796931157745537 0.487601489318765
Cmbl 4.37648956455395 0.416656370865783 -0.333333333333333
Tom1l1 4.37635225846555 0.481261781266374 -0.0925212667854247
Slc22a4 4.3712217434267 0.687475589199671 0.557400970486126
Id1 4.36646505356429 0.633475153090122 0.201285653458501
Paqr8 4.36249468852899 0.72391617697486 0.628508449648159
Sorbs3 4.35382643445535 0.586047560316884 -0.333333333333333
Sult1a1 4.34858599934024 0.576563270923136 -1
Nr1h3 4.33821805752928 0.82047763415992 0.215305832810932
Gas1 4.3270921654242 0.803469067692475 -0.10642559181109
Sfxn5 4.32584147672648 0.616291461008724 0.308138768639258
Zbtb20 4.32145787022848 0.588635388107907 0.0668296542806286
Abhd3 4.31951465059183 0.608713706209327 0.542326316699933
Klf15 4.31877031534779 0.737203302783391 0.459164232096368
Tmem98 4.31652228143241 0.503980009044251 -0.144215632267132
Tmem47 4.31618933455743 0.399175661579015 -0.152487731732481
Dcxr 4.31571635984862 0.789164588476849 -1
Pon2 4.3133546559552 0.566643411437518 -0.160720544253247
Ddit4l 4.30880121409435 0.257033804419718 -0.333333333333333
Ntrk2 4.30757474356999 0.533213638728474 -0.209157463804128
Naprt 4.30635457980424 0.917427960268388 0.524298917281037
Dhrs11 4.2979848877668 0.756586586021343 0.610237192922272
Zfyve21 4.29581535619242 0.593095820959573 -0.318727800088276
Rfx2 4.28993737883029 0.915271209365126 0.65218002886283
Akt2 4.28960084226465 0.620323469844455 0.266542499047329
Slc26a6 4.28681258233553 0.69748435626224 0.0709849428985996
Gpam 4.28446460543272 0.747738493097641 -0.20036128741104
Myo10 4.27272396512228 0.623090878781729 -0.333333333333333
A330048O09Rik 4.27008271410841 0.926540839326597 0.657220686114753
Phkg1 4.26892958474059 0.846195877854127 0.455827738672968
Msmo1 4.26877560868473 0.711877173145446 0.409068369602035
Vav3 4.26244537627831 0.780314980253959 -0.202974587934381
Cd38 4.26097573661493 0.716463948297145 -0.333333333333333
Pfkm 4.25164472702245 -0.640502271633617 -0.292241192039118
Hgf 4.24875315998881 0.829733137445454 0.66591321545997
Nfe2l2 4.24610020734556 0.563163051647787 -1
Rapgef3 4.2430453607018 0.601015972904845 0.165557071688438
Acsl3 4.24199524027942 0.643306735662373 0.151109607907203
Prkcd 4.22635940903954 0.750069107238512 -1
Fgfr2 4.22156559611548 0.652068197501908 -0.333333333333333
S100a1 4.21664317833098 0.369270767980464 -0.333333333333333
Pcsk6 4.21374513686657 0.88900816347627 0.419865169074936
Aass 4.20306461378039 0.930248786468937 0.611935069283407
Ttpa 4.19092718554923 0.921714466460864 0.666666666666667
Bcar3 4.18637877458793 0.42894611805314 -0.333333333333333
Cyp2j6 4.17996358666513 0.459982151795882 -0.333333333333333
Acss1 4.17107237707817 0.78988059547408 -0.203363681974838
Cd63 4.16966098975921 0.323709064338607 -0.283414309229543
Gstt3 4.15433926629432 0.877920768922689 0.231604626078148
Rnf182 4.15410766494553 0.466224702574853 -0.1718758608143
Slc6a11 4.14137312490908 0.821508206047564 0.528603364767909
Soat1 4.13313488377261 0.762500516304611 -0.0926930405556806
Sox2 4.13189248386717 0.544794647941713 -0.0162173410149297
Pax6os1 4.12807467334746 0.966113519709354 0.663467703496286
Rgs20 4.12550092470215 0.486304794870973 0.088501544282849
Sqle 4.12266370806558 0.528835828660599 0.170398361177584
Naaa 4.12002023914594 0.668502382493362 0.0756809686494689
S100b 4.11070877763799 0.310553095322486 -0.333333333333333
Plxnb1 4.10761459080579 0.78221334241447 0.204366451825331
Aldh1a1 4.09818008901637 0.293399529244068 -0.333333333333333
Loxl3 4.09717585942996 0.794575337513073 -0.333333333333333
Chst10 4.08946887185781 0.564642533113798 0.240212137330885
Hist1h4h 4.08842955770178 0.758462168544967 -0.328571063344567
Nr2e1 4.08831189319478 0.763806364086086 -0.0830355030094023
Lgr4 4.0863457353471 0.823584511078143 0.532297466448987
Lxn 4.08289612090934 0.488570792100155 -0.0786335234742067
Vim 4.07915246750182 0.600066119467946 -0.276904854655141
Snord8 4.07401945378454 0.637066380846645 0.636341821010037
Ifitm3 4.07200115663425 0.475408310130165 0.483614671241651
Bdh2 4.07110809982733 0.958652508746989 0.666666666666667
A330076C08Rik 4.06335311244586 0.892962045498416 0.664420006629382
Fndc4 4.06276274398414 0.558158325543846 -0.0743459606675081
Cnn3 4.06222654417801 0.436934410710993 -0.333333333333333
Fam234a 4.05031189359889 0.550800764135507 0.484459230791172
Hist1h2bc 4.04061652161208 0.408044792698556 -0.0951016801968354
4933407L21Rik 4.03881135017519 0.555372160183746 0.51792706586895
Fgd6 4.03334164583646 0.899713956747232 0.614354767212987
Snx33 4.03053355121043 0.743420763868393 -0.333333333333333
Gm13031 4.02898716124381 0.81154030084129 0.393831523613852
Hbegf 4.02825371833314 0.426601738359024 0.299856701391043
Nat2 4.02611725681209 0.771535052006825 -0.322105270433929
Ttyh1 4.02049521080496 0.689259635534218 0.465139955430019
Gstm5 4.02003768093624 0.800432805317768 0.47580101343187
Akr1b10 4.01659030532693 0.293492749143852 -1
Scg3 4.01474387844097 0.500637806876023 0.0709030417534935
Fas 4.00288214103279 0.668833868196015 -0.253454271530122
Apln 3.99118213595146 0.840752636990527 -0.326539495694154
Entpd6 3.98711803505938 -0.271274808896622 -0.145391709473641
Zfp389 3.97209416725358 0.644511642496806 0.538667325451958
Bmp1 3.97110781450436 0.43834720801468 0.227764255180203
Mcur1 3.96883072168693 0.640624432275755 -0.159085046522602
Lmcd1 3.9609229231725 0.534684538631461 -0.333333333333333
Ramp1 3.95750851968125 -0.253853260326713 -0.389166687265845
Bcat2 3.95652704590618 0.531399711251968 0.286951293534218
Zfp438 3.95520216960963 0.574554482635264 0.055973320016338
Mir22hg 3.95022579469509 -0.553394202858665 -0.229489182890942
Dapp1 3.94483831569472 0.737945564888153 -1
Tmem229a 3.9423136020767 0.608147832778639 -0.333333333333333
Clmn 3.94079730799923 0.72050241122272 -0.333333333333333
Ppargc1a 3.93979428351673 0.0765763899774713 -0.489682049873621
Mir99ahg 3.92813258625946 0.699771621967725 0.420660966812263
Alpl 3.92303051765845 0.767005435087249 -0.333333333333333
Cyba 3.92250668654557 0.510881574713034 -1
Hrh1 3.91816733716831 -0.017306998184961 -0.159803837387444
Paqr6 3.91547643214422 0.843218616019254 -0.248758710126857
Mettl11b 3.91456452349394 0.956618948698104 0.666666666666667
Sparcl1 3.91129841047881 0.126697169032832 -0.190955178786806
Trim12a 3.90883418661461 0.668155058605766 -1
Pdzph1 3.90198380782893 0.946140982053588 0.666666666666667
Tdo2 3.90194101245625 0.744885960555507 -0.260070036004847
Npas3 3.89719456742976 0.501248163974424 -0.289911589719017
Hist1h4i 3.89699589387908 0.71130983719469 0.642556417481869
Fpgs 3.88210037319418 0.729283720604152 0.639523178698787
Ddah1 3.87967290209315 0.225335062070044 -0.175682596501662
Gdf10 3.87558352091835 0.94051918112737 0.666666666666667
Crip2 3.87350155912221 -0.4056722457206 -0.390750534477003
Mog 3.8726870934214 0.756301866975503 -0.333333333333333
Csrp1 3.8705306860095 0.731671143781937 -0.333333333333333
Opalin 3.87015334962562 0.815297512673579 -0.333333333333333
Gstm6 3.86854051338412 0.55460964080444 -0.168302370455927
Gpr37 3.86813466429144 0.575371780575971 -0.333333333333333
Hdac4 3.86294810923294 0.395116942758317 0.155197756139813
Utp14b 3.85753514356297 0.653626470395019 0.273032138659601
Tnfrsf19 3.85681142483391 0.346445461802535 -0.333333333333333
Tmbim1 3.85408986217481 0.636331820250574 -0.333333333333333
Sema4a 3.85079459146143 0.338076333249068 0.362340366867463
Rmst 3.8499992594661 0.824293856340401 0.666666666666667
Pdk2 3.84048820810713 0.404231431780743 -0.18757626786329
Lrrc51 3.83035339895033 0.50206703679953 -0.0767115253296078
Mt1 3.81982299734869 0.545397378220604 0.141074534495187
Pou3f4 3.81211288627314 0.697571408857628 -0.333333333333333
Sycp2 3.81134183985648 0.865007488197253 0.635443724961965
Txnip 3.80910859184983 0.589780749457459 -1
Dok7 3.80841650706167 0.900894185777166 0.666666666666667
Adora2b 3.80564352271469 0.780393894322615 -0.333333333333333
Cyr61 3.80142983488015 0.300018022284808 -0.333333333333333
Notch2 3.79420353823242 0.63946406616251 -0.333333333333333
Tsc22d4 3.79129821438083 0.632275222400093 -0.333333333333333
Taf4b 3.78905237939885 0.807173396408907 0.666280708579886
Trf 3.7855254583818 0.593111862266104 -1
Nim1k 3.78274763466875 0.535421974445162 -0.0919221649861196
Grk3 3.78235873912851 0.497690552557592 0.118719713436339
Rab7b 3.77980659708197 0.861576566281652 -0.303531122311306
4932438H23Rik 3.77339604819056 0.959853963653903 0.665856943807059
Mro 3.77311727656125 0.47778097939554 -0.317305887252499
Fads2 3.76685062262833 0.712008917980635 0.304838377509556
Sema4b 3.76181297649238 0.802813871261679 0.372571931606805
Plekhb1 3.76034258256878 0.288577658353031 -0.11998290263138
Ddo 3.75551149427696 0.877229361557295 0.571880564088111
Asrgl1 3.74670567834409 0.549308953075687 -0.312410573214772
Elovl5 3.74666108264961 0.493343083711054 -0.152574601441003
Cdc42ep1 3.74591574310397 0.745580870619171 -0.24758639509627
Pantr1 3.74507340386308 0.0598774219048025 0.043351061172288
Apod 3.74421030393035 0.505730581197768 -0.333333333333333
Aqp9 3.74274165455629 0.965285773890074 0.665383808538678
E030003E18Rik 3.73970567842607 0.762738581407285 -0.165797560090643
Myo6 3.73891903908641 0.657760152111635 -0.333333333333333
Serpine2 3.73837300412386 0.175992423638489 -0.333333333333333
Tmem51 3.73267306829342 0.889940348346403 0.047054703525341
Sparc 3.73232682818663 0.369096996769927 -1
Slco1b2 3.73209247134691 0.964684105259861 0.666151562860279
Optn 3.73172875083759 0.418519385314559 0.290005596456435
Ppp1r1b 3.72992289646367 -0.0530774667884476 -0.342839640289905
Ccdc80 3.71870545288452 0.104800165189151 -0.200856351305962
Ldhd 3.71254412003783 0.335184190496478 0.0990353987331135
Tnfaip8 3.71062156222608 0.536729124617632 -1
Aox1 3.71011436999584 0.917377323788677 0.666234965605267
Pdk4 3.70595995398868 0.854756038288657 -0.130877728900589
Papss2 3.70487871634081 0.876455182046278 0.540165321347083
Lgals3bp 3.69872957903537 0.345894116019783 -1
Pygb 3.69354689373139 0.590980006225843 0.0432894597603933
Fgfr1 3.68863547807312 0.540804511202877 -0.186635489063778
Dock1 3.68809019883082 0.517174041642928 -0.333333333333333
Acy1 3.68151040246386 0.48613062223581 -0.318353264686636
Ugp2 3.68079996225618 0.70979787161035 0.537622585423052
Pacsin3 3.67824359213486 0.426149452310852 -0.333333333333333
Necab3 3.67451775864472 -0.39707560355822 -0.43376796444191
Eci1 3.67228589044691 0.537592072046984 -0.333333333333333
Tmem25 3.67187733436749 -0.293023897177081 0.308017830344966
G0s2 3.67142085128332 0.330802088060806 -0.333333333333333
A2m 3.66907951776445 0.876355359590028 -0.23574663731337
Nek3 3.66804032932179 0.750413594245221 0.426315938005553
Nmi 3.66779972867992 0.486718437104982 -0.333333333333333
Mir1192 3.66068650823055 0.490303542294833 0.422709885511917
Olfr287 3.65217937946036 0.930525203063598 0.61831211140747
Tspan7 3.65185526482322 0.35848003585169 0.00182101014638088
Ctsc 3.64608460114736 0.590800831554377 -1
Triqk 3.64369691396328 -0.481404188564803 -0.346482044029021
Vcl 3.64155485877594 0.510339061616216 0.599035148443179
Gcnt4 3.63978436766965 0.383396828581548 0.310167611558737
Parp3 3.63644446483347 0.694641467172083 -0.333333333333333
Icosl 3.633729787613 0.785355464432954 -1
Cpe 3.6296097836212 0.174217200058535 -0.0305757913815355
Paqr7 3.62658334945704 0.720879246250984 0.556407945118037
Ddhd1 3.62324566124429 0.735315954394912 0.340354584520244
Atp1b1 3.62145039533167 0.0672663256008168 -0.0919145207989565
Swap70 3.6192564897023 0.589078874934655 0.162202498737594
Chst2 3.61415215371103 0.644129738977108 -0.158891386020039
Gm10560 3.60723953689041 0.656676101938909 0.437464695106317
Rbp1 3.60651083368837 0.68717715568582 -0.333333333333333
Cd82 3.6029444523687 0.682361891757447 -1
Rhbdl1 3.60006586575806 0.363392821313102 0.388226824055187
Hist1h2bq 3.59975382519633 0.812390158127018 -0.0585650719001981
Hist1h2br 3.59975382519633 0.812390158127018 -0.0585650719001981
Nwd1 3.5977848407731 0.859599436685744 0.179380279785715
Sorcs2 3.58773023683799 0.440126784001783 0.239553082922325
Dbi 3.58579759148692 0.546260385411696 0.215491927418724
c2_tRNA-Ala-GCG 3.58507524080738 0.743005977352932 -0.00591300315347213
Cbr3 3.57296819166643 0.722693232759465 -0.312179153154296
Zfp783 3.56998229983427 0.780460868849509 -0.250352104370686
Znrf3 3.56905111253712 0.651613482250601 0.352422817624834
Rpe65 3.5653713010228 0.955226857263204 0.614595942074073
Rhou 3.56230921255113 0.337444684874962 -0.253980701604034
Trp63 3.55843851212304 0.966503231056509 0.666666666666667
Kctd14 3.55831822621731 0.915690131820763 0.489848010684668
2210417K05Rik 3.55141586177106 0.888793366629397 0.666666666666667
Smpd2 3.55042769526407 0.559325653436166 -0.28640989222092
Gsap 3.55003171644604 0.654524818929625 -0.25439175307325
Hspa2 3.54433113109686 0.339632016661742 -0.244396997406331
Mpzl1 3.54176421722412 0.386333864774443 -0.333333333333333
Gale 3.5412180485582 0.425547778878591 0.0786443023259917
Eps8 3.54116464593905 0.594592758702516 -0.214044120048355
Hist2h3c1 3.54110773674562 0.921395135608104 0.665680788495492
Gm216 3.53481811756834 0.659053119436251 -1
Btbd17 3.52921079847947 0.962411991641566 0.666666666666667
Fzd2 3.52504691693939 0.911919694335775 0.484744890957344
LOC433374 3.52426198196904 0.924881597690554 0.666666666666667
2900092D14Rik 3.5215477514555 0.180821061622236 -0.167905619946013
Hhatl 3.52150586855674 0.457311390728492 -0.112345917282853
4430402I18Rik 3.51827162501617 0.684914348018279 0.445246018700324
Calr4 3.51384325293005 0.966351411040288 0.666666666666667
2610203C20Rik 3.51123004853162 0.389636996980919 -0.305696007256158
Csgalnact1 3.50225199572501 0.29249559804707 -0.159766421623126
Zic5 3.500505635263 0.874045833616722 -0.258417455828087
Mvk 3.49331187418729 0.432854322762076 0.393244424362354
Tmem176b 3.48963802578042 0.330812836560678 -1
Ghr 3.48784548132514 0.608830045235908 -0.26496856257913
Sox21 3.48461474184383 0.840212830239696 -0.189526610217526
Gsdmd 3.48354646615019 0.663371367579885 -1
Farp1 3.4810266557239 0.661694974084724 -0.133827127061811
Tmem39a 3.47662280284236 0.543368198305717 -0.333333333333333
Aifm3 3.47562669560913 -0.096306374147473 -0.220995530350858
Selenbp1 3.47276334337588 0.568038941460583 -0.276137888051119
B930059L03Rik 3.46898579868081 0.518372274699576 0.464617494148034
Hdac8 3.46892739787422 0.5415351876097 0.248381335836865
Psph 3.46476493303786 0.361851478430654 -0.0441086457971488
Serpinh1 3.46442220368869 0.731970258349188 -0.317220063470881
Sema6d 3.46317278666298 0.562250642438249 -0.30983469230584
Sfrp1 3.46315916835423 0.74210176481344 -0.274051687765695
Itga7 3.46037809801531 0.756908866004273 0.242726033309772
Abcb9 3.45784605695793 0.712089123207541 0.572513059601812
Dera 3.44997774427388 0.689567361653214 0.0770128615251903
Wfdc1 3.44776249962553 0.623901467244233 0.541382374313831
Rwdd2a 3.44487795648188 -0.49177949761618 -0.412231253034862
Slc1a4 3.4448709905285 0.542475433706619 -0.15530075991709
Pla2g16 3.44466473697895 0.690317974133777 -0.333333333333333
Lonrf3 3.44294561064199 0.709355658315371 0.26210271688882
Lpin3 3.44293746714752 0.883811478778906 0.583085400314776
L3hypdh 3.44113755102545 0.619311474695161 0.523386064214174
Prr5 3.43723216860896 0.855095775134489 0.55626033556198
Dapk2 3.43559825109561 0.248539257122714 -0.333333333333333
Stard6 3.43373745958211 0.660210670638906 -0.333333333333333
Dgkb 3.43187229237784 0.0390001953428622 -0.190064546788952
Wnk2 3.43083809407904 0.550105281115969 0.578215106921884
Cldn34c1 3.43016591951058 0.545954848358954 0.0227428881805914
Kyat3 3.42379014510295 0.528352207644052 -0.168499275192651
Ccdc18 3.42316821201925 0.742394194399793 -0.293282119613237
Pafah2 3.42184759566776 0.494994888643051 0.501686675789652
C230035I16Rik 3.41611760432174 0.748336050209427 0.0950313062396471
mt_AF093677 3.41593467233129 0.49953127618878 -1
Ifitm2 3.41338151573688 0.162208973536523 0.172697327654701
1700003M07Rik 3.41064822061861 0.761646975200429 0.453614670100376
Gli3 3.40783593998704 0.941006175805623 0.666376129764756
Tex11 3.39904868547384 0.962045539847295 0.647082913932743
Rdh5 3.39299802645929 0.694528256951175 -0.333333333333333
Mtfp1 3.39214277990068 -0.221011583002601 -0.147261385775429
Nphp3 3.38937500829742 0.721376993533722 0.196899433605265
Trip6 3.38922684486909 0.675016645830185 -1
2210408F21Rik 3.38725337153097 -0.367544625835054 -0.262029562875761
Id2 3.38580009795164 0.0692082892085594 -0.195943682431846
Tox 3.3847782545573 -0.274680017710442 -0.364119843383609
Pde9a 3.38103952523019 0.0246852171057487 -0.132466621824608
9430041J12Rik 3.37746649184972 0.68786701969459 0.624504487491965
Tmprss7 3.37530752060343 0.0407809013222856 -0.186218981385485
Aldh6a1 3.37525698743751 0.664921477238239 -0.142270353480105
Serpina3n 3.37295359822688 0.247838100011987 -0.333333333333333
Pcdhgc5 3.3709489100234 -0.31319897726657 0.222089226703236
Cpq 3.35878869100215 0.52995413279162 -0.333333333333333
Sdc2 3.35424849439091 0.299727361219243 -0.333333333333333
Aif1l 3.35232496723697 0.625598222234982 -0.333333333333333
Rdh10 3.35128347181193 0.506160290861931 0.358388225361251
Trim9 3.3505112331999 -0.113073852387142 -0.196963569444031
Cox4i2 3.34720953752706 0.820864738841841 -0.333333333333333
Mfap3l 3.34408963245117 0.458734902344852 0.413121635427822
Abhd14b 3.34312828479727 0.542745348268462 -0.333333333333333
Lrp4 3.34264754608846 0.598246722031842 -0.333333333333333
Aldh7a1 3.34025439312285 0.509006921796357 -0.153154069127951
Tmem100 3.3401578408577 0.540329686650904 -0.333333333333333
Tusc3 3.33177908580576 -0.349370513282824 0.203902182064101
Gabbr2 3.33045120190862 0.0234291276918523 -0.0581471766958516
Lypd6 3.32880664293306 0.320247041085682 -0.384082227898083
Emx2 3.32641064520571 0.922971291534032 0.521350815585126
Tmem42 3.32568092691292 0.334569551432598 0.42533529064487
Grina 3.32360401560043 -0.504536414999499 -0.392805993279346
Plbd2 3.3007620578351 -0.308554915523224 -0.179170220239238
Ccdc65 3.29234650363841 -0.242627662025995 -0.251833244240554
Gm10658 3.26177569261663 0.81698746505391 0.666666666666667
Sftpc 3.22315219229358 0.39742778950574 0.141146571739226
Gm10731 3.22229995708108 0.907216865443967 0.387939352164744
Nckap5 3.21046595546014 0.827256989250606 -0.333333333333333
Mmp14 3.2058270698325 0.842723362913918 -0.333333333333333
Olfr288 3.20327401234334 0.952432199735919 0.666666666666667
1700028K03Rik 3.19988654040894 0.441857137116807 0.414859650425738
Lrrc9 3.19885958717301 0.845590407272863 0.564439866196547
Gprc5d 3.19670219008841 0.928388160426655 0.666666666666667
Glipr2 3.18726795821065 0.900439788126185 0.658455610550263
D630033O11Rik 3.18076959124652 0.961051781271273 0.666666666666667
2410004I01Rik 3.1787331673113 0.808183532649415 0.45132639357652
6720483E21Rik 3.16717471541996 0.776538434973189 0.646078533442583
A330093E20Rik 3.16322947349463 0.436754446088029 0.41170483748973
1700084J12Rik 3.15867821718336 0.963211322925578 0.663636840873401
Ptchd4 3.15542899766884 -0.152985443772715 -0.365073288380105
1700040N02Rik 3.14820160407234 0.840474736869195 -0.0450979788024031
Lgi4 3.13912523936892 0.855341521569033 0.666666666666667
Sox1 3.13265551183748 0.741199095841305 0.349999279387043
Sohlh2 3.12813223647378 0.966666666666667 0.666666666666667
Ugt1a2 3.12810640011242 0.954047235797788 0.664694082204251
Lama2 3.12453335733773 0.803077966174178 -0.333333333333333
Fezf2 3.12011394760904 0.0260815341861123 -0.329257956013328
Tekt5 3.10331918814214 0.122389031493931 -0.200584799720009
Tekt1 3.08746284125034 0.712736675810533 0.581794275282497
Gm17660 3.0764079563707 0.95997461890799 0.666666666666667
Frmpd1 3.06553760573866 0.603048004188587 -0.112440871780579
LOC626693 3.05875947862128 0.844667537638335 -0.333333333333333
Pcdhb14 3.04943191829798 0.17765248197423 0.136759401044351
Col9a3 3.04932927533798 0.817854412357443 -0.333333333333333
5033411D12Rik 3.04011765411146 0.853793533660367 0.666666666666667
Apoc1 3.03655253501791 0.858400962227069 -0.185697069340323
4930515L03Rik 3.03287993582247 0.961197676029146 0.666666666666667
Mgmt 3.02811680001036 0.804268720009943 0.626016812749635
Nudt12 3.02722152817456 0.379413767120303 0.162608108585004
Apoh 2.99899311729712 0.701396486173697 0.500891500953451
Dbndd1 2.99894101306466 -0.108652343222728 -0.251039517518166
Agbl2 2.99324370736447 0.754040097671827 -0.333333333333333
Klhl25 2.98739133686324 0.695479090958769 0.602591809447565
Wnt7b 2.98412887852665 0.701778409989163 0.00223941066926138
F2rl3 2.97576667022881 0.945157237849824 0.666666666666667
Slc13a3 2.9699622422396 0.831163048666113 -0.333333333333333
c11_tRNA-Leu-TTG 2.96149411435894 0.950548644919172 0.666666666666667
Trp53i13 2.95728168227065 0.725978592030806 0.547816899602018
Olfr57 2.95229021811191 0.856181052317368 0.666666666666667
Vmn2r-ps54 2.94378062330991 0.883632085417047 0.210073517122538
2010110P09Rik 2.93339696763178 0.966666666666667 0.666666666666667
Otx1 2.93088613023421 0.742128403150763 0.603794510167061
Raver2 2.91654130640648 0.334349353376713 0.0537721971128381
Gm12216 2.90981524644458 0.678248403417166 0.550036022975115
Fam188b 2.905708211359 0.287126709478134 0.17197928603904
Epo 2.9035315835186 0.966666666666667 0.666666666666667
Snora34 2.90119806899305 0.162039404038218 0.065208784666463
Fam181a 2.89601034584168 0.965717936661062 0.663505839089692
Ccdc37 2.89327292559912 0.729896848891794 -0.28814760429077
Stag3 2.89169692907073 0.852879152245992 0.484513937617195
Hpdl 2.8905598070838 0.721057236750999 0.395836459006408
Tspan33 2.87457801757757 0.326021444974516 0.120528694339454
Ube2t 2.8661399421277 0.309407406461239 -0.333333333333333
Acad12 2.85160227969643 0.838125866924007 0.664831937530115
Rnase1 2.84939418999676 0.966195718643587 0.666666666666667
Gjb2 2.84389038406443 0.861568355079136 -0.333333333333333
1600014C23Rik 2.83366677664403 0.945309171396198 0.666666666666667
Cdca3 2.82069631934669 0.695655130468675 -0.333333333333333
Syde2 2.81565851076088 0.880281970423292 0.665995619649213
Epx 2.81147103052984 0.966666666666667 0.666666666666667
5930403L14Rik 2.8087792311391 0.94254083486006 0.651451043342962
Tmem52 2.80692348694389 0.963145606522754 0.666666666666667
Insl6 2.7647450938852 0.755273670484379 0.462037236191343
Bglap 2.75717213400558 0.711705862052696 0.577040124106091
Ccdc69 2.72434569149801 0.871177192075073 0.545902214576444
Dcaf15 2.7173816262333 0.5000214789849 0.22949354766037
Slc25a2 2.71650604495575 0.54235070030683 0.374392197281158
Clec11a 2.71008476682055 0.434654278557046 0.403426298926901
Angptl4 2.69967841014234 0.747404182221045 -0.333333333333333
St6galnac5 2.69892753386464 -0.213033018507762 -0.319870373206034
Vnn1 2.69682199627896 0.966666666666667 0.666666666666667
Sctr 2.69148222737835 0.965436784938258 0.666666666666667
Snora69 2.68862277934415 0.744458059490752 0.662426332915749
2310022A10Rik 2.68279668593095 -0.377414036188843 -0.385639088719069
Gm2115 2.66315924255364 0.744005850453106 0.326476766715405
Fmo4 2.65481917398554 0.966666666666667 0.666666666666667
Ccnjl 2.65464599128454 0.529297838548484 -0.133464585132197
Sdsl 2.63340417460879 0.86058945802554 0.589006603733672
Baalc 2.63166464156058 0.322988755817559 0.229695538127592
Lrrc8c 2.63128170241829 0.504997503348321 0.4152669764937
Slc39a2 2.62435418690352 0.128835000246369 -0.026824748752041
Ucp3 2.61122729069698 0.95877138895305 0.666666666666667
Olfr688 2.6086992350472 0.887076304394984 0.666666666666667
Gm5475 2.60085137322452 0.633057836875011 0.551513482777836
Rad51b 2.59573849725311 0.852320754273801 -0.333333333333333
Apoc3 2.58457101872367 0.966666666666667 0.666666666666667
Alpk1 2.58410698761659 0.903202770317839 0.330117692493749
Exd1 2.58113515717415 0.890965244265357 0.664305911966701
Mipol1 2.57826595278497 -0.104504554681157 -0.185774204682914
6330545A04Rik 2.5779557116161 0.561768866672201 0.388859685036255
Dmp1 2.57705638090344 0.921072676136859 0.666666666666667
Fzd7 2.57375010815102 0.86918075642548 -0.184288846838808
Olfr461 2.56395269102763 0.966666666666667 0.666666666666667
Gpr21 2.5465194458095 -0.0569999416030387 -0.284553030848669
Dnase1l2 2.54360697844456 0.156419968972924 0.0822085900153264
Shpk 2.54243585489955 0.718143184345389 0.471196029340536
Mir1898 2.54130736358278 0.392366734874748 0.332758372236105
Fam151a 2.53865365314643 0.948151154039183 0.666666666666667
Efhd1 2.5347094812512 0.8431693067403 -0.333333333333333
Gramd1c 2.52685682113135 0.870441364455066 0.469882740251497
Snx21 2.52065648386074 -0.0337981232727746 -0.284598173822937
AB124611 2.51884978477849 0.883996977690534 0.653122523751152
Ropn1l 2.51019998122194 0.833688258746528 0.666666666666667
Lfng 2.50504011184154 0.964550700677891 0.666666666666667
Vit 2.4994222004432 0.891247033815114 0.663531033488668
Caskin2 2.49329959408665 0.803239758771168 -0.333333333333333
1700008J07Rik 2.45453044173898 0.871173523302895 0.642636877417416
2900093L17Rik 2.42635445805248 0.644204027480834 0.0514685392247146
