Gad1 9.45161364789677 0.86955437481917 0.7443980318385
Snap25 9.40661608796613 -0.260267543525254 0.11924847105023
Cplx1 8.28874263543373 0.159674871739457 0.438618342421141
Stmn2 8.01818008603976 -0.245660031311608 -0.000511206224377895
Vsnl1 7.91830989540235 -0.21189337586399 0.359386634827057
Pcp4l1 7.82363295221755 0.637937710175238 -0.271106979227571
Rab3b 7.67137160682453 0.322157773402986 0.366244193841504
Atp1a3 7.63172246842047 -0.0473846484099388 0.456399044764389
Syt1 7.49555085386543 -0.248068543405059 -0.0726786759967019
Ckmt1 7.45184693546314 -0.231570749847918 -0.11255824088313
Rit2 7.20868499510716 -0.210444724321102 -0.0064175523440868
Nrsn2 7.08283975896637 0.0398347444435664 0.139169541011597
Gabrg2 7.07407505985154 -0.203223997869887 0.212815595117307
Pvalb 7.01734535588074 0.785409527419674 0.333099311883606
Vstm2a 7.00142073827803 0.281987906522918 0.510245133453062
Scg2 6.86749550802109 0.112903701455411 0.341186249818298
Slc6a1 6.79365229377188 0.63307665491773 -0.230635891381231
Sult4a1 6.77841452772774 -0.253340238180195 0.0164316462670501
Bex2 6.76253170003173 -0.260139055742637 0.313134212772502
Fabp3 6.70891502992307 -0.190506951042582 0.383501626574403
Tmem130 6.7073890696451 -0.0602761139942917 0.304990468542089
Atp1b1 6.60123727087949 -0.00536624861225663 0.396671541365992
Npy 6.47301749967046 0.574119378036091 0.196101117696477
Clstn3 6.46404794459563 -0.100766045853892 0.395867041993269
Pnck 6.4622193492282 -0.192692827843094 0.0150343867282373
Cox6a2 6.44950661058622 0.740978007575661 0.316830787748911
Nrip3 6.43596608475228 0.214782723293626 0.218213710908641
Sncb 6.43099289350934 -0.177627378316775 0.0436391586544721
Fgf12 6.41712932459562 0.00740285802059897 0.517169304128758
Tmem59l 6.40769217908827 -0.259725786152075 -0.017975192265102
Gad2 6.38918233235373 0.931824159546033 0.768173986800154
Eno2 6.32761643408044 -0.238143444828951 -0.0569907575082162
Gng3 6.32637304133159 -0.284634862013667 -0.0408043985270289
Chd3os 6.31133560660322 -0.067189212533423 0.408369493325667
Galntl6 6.30780382919688 0.512219041702162 0.487354122736893
Ipw 6.26758380563154 -0.184172033676119 -0.016188636569271
Syt4 6.26407780847183 -0.144676217761492 0.417221625605089
Resp18 6.20456527679961 -0.185098705421856 0.131440067932881
Serpini1 6.16231936424827 0.0262940918670448 0.190670348305747
Gabra1 6.13827914852136 -0.0383277884237101 0.270771992315657
Stmn3 6.12343705996633 -0.16728748993577 0.280929432138548
Snhg11 6.11537204900208 -0.190870068566382 0.268719559298059
Meg3 6.10169985277011 -0.206137892315047 0.333545746358828
Dync1i1 6.08697863886857 -0.186392086390078 0.230860113674899
Acot7 6.07316613560143 -0.142212643164225 0.375495312014118
Kcnc2 6.04344172367373 0.531992835312941 0.512165048471447
Cpne6 6.0341558415821 -0.0734676092711587 -0.073439313502474
Tuba4a 6.03232382744369 -0.0769705416268986 0.280945927621376
Got1 6.00860991603497 -0.121258060514766 0.388050797073974
Atp6v1g2 5.99041385460885 -0.244365809388425 0.0626899818596898
B3galnt1 5.97768263197793 -0.200317270619866 0.27179433119116
2900055J20Rik 5.93928092278175 -0.133399111816073 -0.146715692012115
Tac1 5.91421978113018 0.643185464262724 -0.0313823156088863
Cacng3 5.90943378308347 -0.0968580615297211 0.325055743111996
Elavl2 5.88075985567683 0.3120936055567 0.553092697098647
Plcxd3 5.87289972969402 0.00834648012629206 0.0255662135208677
Nap1l5 5.76530244124715 0.224118128469616 0.571194687476717
Grin2b 5.73325651965798 -0.152497950367986 0.31457186765916
Zc2hc1a 5.72904329841523 -0.234508590209266 0.297160802736564
Rasgrf1 5.7280820655172 -0.143941399909314 -0.169611330613105
Nsg2 5.72005734394082 -0.201641330116839 -0.0169659184529409
Crhbp 5.71052330255147 0.764846508019019 0.270676135792944
Rab3a 5.67926863507889 -0.232978308524617 -0.0213617724184083
Rpp25 5.64182863197099 0.800429147140501 0.687407024180704
Scn2b 5.5540678688433 -0.233083787525109 0.17907973580082
Gabrb2 5.5486151640499 -0.111611886795854 0.318308847333955
Fam84a 5.54811601997304 0.228116179384053 0.118516420153551
Gm13629 5.54563187551348 0.487857593597728 0.430685204031524
Gm15881 5.54031276551116 0.537087088755433 0.499751617109795
Tuba8 5.49929246113895 0.462983974545248 0.388716968125615
Slc38a1 5.49485777245476 0.314815311542966 0.60904035638405
AI593442 5.48518217341124 -0.139763858352014 -0.102687758515534
Ephx4 5.44633296272752 -0.167275342884979 0.223110130607402
Nap1l2 5.44243607504022 -0.179002896621193 0.182823906369819
Tmem25 5.42918051718124 0.0830726671815428 0.48319557198152
Chgb 5.37539771065617 -0.125389293941015 0.042420054742813
Nxph1 5.36590747636305 0.583832755331754 0.263879324422368
Chga 5.36339278928013 -0.129900328824096 -0.0691184225336586
Golga7b 5.35954237704747 0.0342157452119365 0.55812751430878
Tubb3 5.34659100159505 -0.246647148401277 0.00869525221266509
Lin7b 5.33334366845302 -0.102232887997287 0.434456331315848
Clvs1 5.32840172797593 -0.0907620491398434 0.251005865794418
Slc2a3 5.32469148753616 -0.233562419124214 -0.0972902467041176
Etl4 5.29651642607648 0.281107334863522 0.323820467503731
Gria4 5.29596432924163 0.00637377904856102 0.0803539032159053
Cadps 5.28624489566171 0.0171442403035458 0.546549462472094
Spock1 5.2824437170945 -0.13868353800262 -0.096697616106129
Ndrg4 5.27683556413271 -0.16046680490761 0.378839733381481
Caly 5.24979792250208 -0.256834176142695 0.16028589562856
Ralyl 5.22923387572732 -0.164194757056164 0.12689773251094
Prkar1b 5.22741620584738 -0.259779819424711 -0.0354269294025366
Ankrd45 5.21871181733886 -0.191554929762454 0.218145253714518
Dlx5 5.21339151833101 0.979122916817734 0.809395501523393
Stau2 5.1979614264783 -0.181285842726625 0.136469821213842
Zfp385b 5.18243269473148 0.00751236465096241 0.286081537556017
Snrpn 5.15854166843607 -0.218761005116486 0.078235459261253
Syp 5.15390764458061 -0.237449722758037 0.0963117170367443
Nrsn1 5.14915642207543 -0.167327790538495 -0.0550013085514007
Bex1 5.11119685096574 -0.102310340207487 0.327734806283624
Dpp6 5.09311122605446 0.218583083763321 0.504781002983125
Tmem35a 5.09010078697912 -0.190700937652839 -0.00465182880040116
Ddx25 5.08402505604804 -0.225410555523783 -0.00180876545846759
Hpca 5.08308683087765 0.0210881829573386 0.385667166037364
Syngr3 5.07153120728159 -0.232135813828674 0.0894827272010981
Nrip2 5.06752754911711 0.551869588173392 0.500943818442805
Spryd7 5.0607574988499 -0.159994575046667 0.15711169415453
Gria1 5.05297542491069 0.21589395592695 0.477435664313244
Rbfox1 5.02702280205754 -0.164788694250351 0.0655762388094972
Opcml 5.01291486321708 -0.242110898769736 0.179188466993518
Gabra3 5.01268720099546 -0.0913101255231756 0.0406944228544839
Scn1a 5.00029825542979 0.194103429366448 0.337117519473233
Gdap1 4.99928206348693 -0.226796854478538 0.215154773387869
A330076H08Rik 4.99291167205499 -0.0275205516109242 0.166072810676878
Tmem179 4.98670238858092 -0.153735414047646 0.0972217036341437
Tspyl4 4.98500359808621 0.16171007579948 0.544036011470843
Dlx6os1 4.98383171315208 0.935182035370311 0.66942616442481
Gabrd 4.96490975902275 0.0838658206907904 0.247148819866487
Mtfp1 4.95528590126642 -0.112274529388711 0.130365832632872
Kcnip1 4.95108603679329 0.822851212896485 0.498140737819271
Kcnab1 4.94177551069063 0.106357481265202 0.116450893483798
Ncs1 4.92328195029106 -0.103929540235583 0.17725661076435
Zwint 4.89420240392582 -0.137551133765955 0.310378577046899
Akr1c18 4.87069374422729 0.734070097942131 0.00129250156786721
Btbd11 4.86154156524976 0.775614367410453 0.320327486807577
Syn2 4.84197414977587 -0.172634897469826 -0.0581675976096086
Gdap1l1 4.84028734227869 -0.143496184374073 0.207852433244506
Nrxn3 4.82557039532986 -0.0202499290409079 0.0664904673219552
Cort 4.80484494134511 0.747266737889145 0.298852316977059
Asns 4.7995768413082 0.0768566593621965 0.62809457529872
Atcay 4.79836381175468 -0.242794249731772 -0.103845015944365
Rnd2 4.77617971487419 0.630254520764538 0.474112492746284
Sv2a 4.77534898486214 0.0400227053925649 0.374069077497812
Snurf 4.77485548368699 -0.197739653867774 0.12523863829427
Gm9866 4.77439468070274 -0.178256527782004 -0.0248838449131622
Lgals1 4.77401636334314 0.581473564341862 -0.185750853543588
Bend6 4.75754730652647 0.0334212773646462 0.414003070801137
Kcnip4 4.75552792069454 -0.00595660384260698 0.221266087214729
Rab3c 4.75403570230305 -0.0437708126528401 0.00617345528276405
BC030500 4.74955713167126 0.465312775692538 0.429769237080024
Pnoc 4.74400465292816 0.860716152483478 0.566191434053288
Clvs2 4.74238239688869 -0.229444788850466 0.0628017841533019
Fam81a 4.7354794657152 -0.12207737551894 0.393008869617104
Slc4a10 4.72989412015498 0.00402469956810304 0.559149728853281
Spock3 4.71772036702213 0.131794531588655 0.248835942522152
Ptprn 4.70406793924369 -0.121444785180293 0.00129429556209505
Lmo3 4.70379168956796 -0.100807577071544 -0.0857232927073176
Tceal5 4.70145557647734 -0.18660151553457 0.171626653430996
Cygb 4.68911327990842 0.392705199403978 0.447117522990497
Bbs5 4.68052431930113 -0.219386938770954 0.0846116650628372
Mal2 4.67440278087335 -0.0234823305389808 0.505186358282724
Serp2 4.67028867079816 0.0485475393079825 0.345397724937408
Spryd3 4.63930646971927 -0.215765510246956 -0.0311022565345698
Ppfia2 4.62995579329659 -0.190782651798734 -0.0255483173473039
Mllt11 4.62720909337749 -0.224268484283001 0.176530842176862
Cyb561 4.62663199721707 -0.0633712874060189 0.457360164475127
Gpr22 4.62329947293232 -0.158625491542818 0.154757989929482
St8sia3 4.61871450797998 -0.133447752248875 0.475645502184845
Zcchc12 4.61053267291523 0.355525866159163 0.164918939443336
Fam19a2 4.60896523253055 0.0540984994935849 -0.0137555317923439
Rusc1 4.59516342206528 -0.248073686387812 -0.241275906235796
Cntnap4 4.59448776894528 0.549402051265668 0.494492767243624
Kcns3 4.58967244878087 0.693576116000138 0.429583359620371
Crmp1 4.56986976745273 -0.221388408906685 0.0515683813676743
Glrb 4.56525729389045 -0.147086695044919 0.314145349847471
Cacnb4 4.54925921412197 -0.216350616722949 -0.0579194646643286
Tceal6 4.54691930574455 -0.207192268114844 0.0550703108182553
Mir124a-1hg 4.52692720332423 -0.135700037335603 -0.0253274700848515
Rcan2 4.52143264878349 0.181639941748004 0.198055634196959
2700090O03Rik 4.51069390712387 -0.149005091839731 0.113559519404268
Rab27b 4.49911392503951 0.168378413324753 0.286826871016056
Nsg1 4.49340211676579 -0.0539746050047292 0.392097651695738
Stac2 4.49006624497009 0.41395794857363 0.400949508738342
Gpr83 4.48217974689914 0.326309881662394 0.236031272696706
Mapk10 4.46883671499625 -0.222845953701781 0.192092921725633
Vstm5 4.46189213702928 0.139925733435787 0.162272798334879
Pfkm 4.45400973033338 -0.235495255185492 -0.17940065452482
Kcnc1 4.44358926317866 0.592157542056353 0.600383902717334
Thy1 4.44147396444641 -0.202554602882102 -0.0421575733561516
Chac1 4.43633241427657 0.369077930068248 0.47465307617107
Ina 4.42631360941764 -0.161474918302815 -0.0500384598768411
Ackr1 4.42302443768416 -0.162258748808396 -0.0989882907474655
Cnr1 4.42116409958512 0.0556250780368573 -0.333578305241851
Ube2ql1 4.41662506090791 -0.175135901912052 0.13224824501407
A530058N18Rik 4.41527669882185 0.845914605747945 0.761943160397621
Camk1g 4.41151746843966 -0.0703075239835563 0.0557362492801753
Uchl1 4.40293755858452 -0.10910703621836 0.565858692013991
Syt13 4.38042279502229 -0.138871188903972 -0.104044365337444
Reep1 4.37509294144707 -0.196064360788935 0.0434926842525241
Efna5 4.35218715479245 -0.0543719733917513 0.333574320072859
Lrp11 4.33918187156602 -0.205868731619277 0.122989321441942
Grm5 4.33896462172606 -0.204890139910789 -0.00274883211834868
Tubg2 4.33818118383651 -0.197406920208278 0.116625172218119
Camk2b 4.33392539230826 -0.0557023969969116 0.663772813110723
Dlgap2 4.33071471732385 -0.0468404117712509 0.37121937802958
Rian 4.32868180818567 -0.119413978803439 0.356266238029862
Dnm1 4.32739735117216 -0.184417491298809 0.0832015600857995
Cdh9 4.32421122700874 0.489174806748755 0.384108134574182
5330434G04Rik 4.31436327992623 0.306987565934856 0.509059397536388
Pak3 4.30021381773194 -0.125904765629702 0.0507298778012432
Kcnk3 4.28878921460575 0.434982368456092 0.26137426460413
Rbms3 4.28618297972002 0.855283312859807 0.557658299540223
Slc24a2 4.27126860886053 0.0792682195208506 0.06788868713915
Stxbp1 4.26773204666072 -0.22195383474948 0.125473998961964
Vamp2 4.2658025758899 -0.228656993939061 0.0851934560919695
Fgf9 4.2648352251297 0.325585337834626 0.327878415879068
Rph3a 4.25319281833897 -0.0916662046850107 0.133146694152755
Slitrk4 4.24791826693762 -0.188791965612997 0.13432258358515
Prmt8 4.23319860843816 -0.150553279586978 0.0457412175221821
Rufy3 4.23053101928003 -0.0831669467532663 0.448121850572237
Kcnab3 4.22872847584641 0.219141450090105 0.132227748792881
Kcna1 4.20727195402425 0.0751865885663303 -0.0571017939913867
Mef2c 4.2010787247022 -0.206455198605594 -0.222620084300335
Rnf157 4.19527495681508 -0.184961434381847 0.0753370203735674
Kif5c 4.18709235686415 -0.134590471894001 0.0932487771053924
Disp2 4.17881414620134 -0.0309373272237551 0.270478035406528
Bcat1 4.16537198259282 0.342461716446321 0.416514993475541
Ypel4 4.15855269142947 0.0796550493663824 0.33796317765326
Slc6a17 4.15296756262092 -0.138026034603502 -0.0431686300942681
Ubash3b 4.15131104937073 0.673064002259129 0.384407058113599
Lhx6 4.14273614739092 0.789954638480556 0.260284561228396
Dgkg 4.14182078176244 -0.085142595464539 0.0454555525691387
Ggct 4.14142207854869 -0.104456040610008 0.302060760980634
Cenpa 4.13100671875474 0.730398427067415 0.435953036279468
Rbp4 4.12288032981814 0.414764245794166 0.0383561602358418
Lhfpl5 4.10392453173513 0.569820749779855 0.492736594918681
Pthlh 4.09478679917108 0.457867773798446 -0.136981003860505
Cgref1 4.0897116671734 0.405471017215497 0.306931461028181
Atp2b2 4.08842227286979 -0.0659939455278683 0.577967762551041
Gm1604b 4.08229401073074 0.657941879804316 0.408721684720829
Prkcz 4.08073034134155 -0.132309354842587 0.349385038311222
Actl6b 4.07290286264461 -0.202941744267065 0.157237046771734
Gpr176 4.06974672932406 0.700808199900655 0.551428252052599
Rtn1 4.06303070626998 -0.112925449456946 0.540952241726155
Elmod1 4.06188580987389 0.0941717108371305 0.288064393631729
Cntn1 4.05563690674965 -0.266176704480586 -0.0672047291514136
Zfp239 4.05458330769154 -0.096267539718906 0.425969608980215
2900011O08Rik 4.05345421448633 -0.248622635373241 0.0153397508558435
Elavl4 4.03273157010163 -0.227037136203329 -0.0446962300869649
Gng13 4.03055714077832 -0.12861355282257 0.211306502768095
Jazf1 4.03032317174782 -0.128449738636367 0.397886735034189
Col19a1 4.02450446993578 0.624341250730023 0.594753772468813
Slc45a1 4.02111397194715 -0.000260260688086215 0.249370917160226
Fkbp1b 4.01209214619318 0.00177626036669153 0.0742532884094533
Dzank1 4.01010855856394 -0.00995601604922475 0.424631959435141
Sntg1 4.00811688400583 0.137687359706368 0.22313558783247
Synpr 4.00354115580724 0.144892253463233 -0.326627250364325
Pnma2 4.00013524959187 -0.115060514177636 -0.0519437012538086
Cep19 3.99963447278022 -0.2454233875129 -0.0740821002293317
Snca 3.99415037503585 0.133881139825779 -0.0689912540276694
Triqk 3.99254546194945 -0.103970363471817 -0.138969524579133
Homer1 3.98681457200622 -0.0150557374161029 0.392839945150852
Ube2d1 3.98591378730352 -0.123021371402735 -0.0676766125995675
Tagln3 3.98497589935292 0.0854705477647101 0.32513781086116
Car7 3.98262915961738 -0.150525328926869 0.0949249622295258
Pcdhac2 3.97907560864341 0.241185093546342 0.463864533231463
Kcnmb2 3.97084382181898 0.845656682751527 0.436433532302155
Arhgap15 3.96551463843151 -0.0320877894906714 -0.0711310584473112
Lynx1 3.96456008702822 -0.0370294469156872 -0.08264498374864
Ppm1e 3.96340988493602 -0.169605717488005 -0.000702562787456022
Tmem151b 3.9581870798787 0.0767586349279609 0.20840577794542
Fam169a 3.95805877717991 -0.163279584153235 0.0668171504670809
Dlx1as 3.94354685742883 0.929421390061468 0.62902831918104
Kcnj3 3.93942163617294 -0.0869028837358096 0.0807232393901624
Reps2 3.93718574613823 -0.083652265135224 0.0864932612016947
Immp2l 3.93715043055487 0.0778735192988343 0.247544646579796
Ywhag 3.93534979627089 -0.234304248901226 -0.0429023604484992
Nefl 3.9222468836867 0.00812026675520055 0.334324309927621
Clstn2 3.92067387996071 -0.102058916285222 -0.0057188338543261
Dpp10 3.92028063751685 0.0613867069562896 0.227692417331456
Zmat4 3.90190633032354 -0.0135657954337077 -0.0871699534644378
Cntnap2 3.89492853570383 0.534945778078986 0.608584769184224
Cartpt 3.89453506869975 0.722945721987104 0.0918494802909928
Tmem132c 3.87911354254611 0.688955294219518 0.150910437727078
Dusp26 3.87871567792409 -0.134037244343486 0.198422627486258
Apbb1 3.87399399013477 -0.0135552118974051 0.163235671842435
Snap91 3.87059844795867 -0.21388257799408 -0.102406970027093
Trpc4 3.86881026614093 0.223697234414186 0.222990875194328
Rab6b 3.8676535325952 -0.208886739261831 0.0338024089542965
Phyhip 3.86111454108116 0.126496372835298 0.68500190691173
Amph 3.85489684362314 -0.229137623135236 0.131065136093507
Erbb4 3.84533713032849 0.811710930104866 0.302128607900378
Coro1a 3.84163454094526 0.218897482296002 0.406909724241297
1700080N15Rik 3.83818471935746 -0.189355063741628 -0.0578325078327851
Spin2c 3.8343640970963 -0.158502039476844 -0.0246265444163541
Mir22hg 3.83049173701156 -0.204294505921025 -0.229489182890942
Bcl11a 3.82974130699216 -0.0195162940074401 0.387905272321412
A230073K19Rik 3.82768692758975 -0.172605052286959 0.00565004337873242
Hcn1 3.8255267200553 0.3872351811639 0.402113182136114
Olfm2 3.8178984263683 -0.185248591790245 0.0450621149631121
9330179D12Rik 3.81219189648064 -0.122188719184859 -0.150272968840164
1700037H04Rik 3.80959571727358 -0.204156419817697 -0.0566875025042349
Edil3 3.80679412927903 -0.14386818952832 -0.113308670686206
Syn1 3.8039390788313 -0.128286615012428 0.251239533334721
Kcnab2 3.79820972615861 0.0707931884918495 0.254454724849836
Mpped1 3.796966462697 -0.132064098192604 0.20122939269296
Cnnm1 3.78829806633185 -0.114875511313246 0.104144621926261
Armcx1 3.78447392847498 -0.0850891863771438 0.275815505009126
Rpusd1 3.7680948310185 -0.218015927872019 0.0776320502002432
Tmem178 3.76741476023905 -0.0928489987776008 0.00458644515236214
Sez6l2 3.76337688143325 -0.226489139622553 -0.0893660811569196
Sh3gl2 3.76138401620707 -0.00419237415483876 0.42640012472609
Pacsin1 3.76083309640387 -0.194485683945935 -0.0951426734652148
Maf 3.75182569748426 0.60634939037753 0.466859508282179
Crtac1 3.75115850706893 -0.0308890186505543 0.00433775063058974
Dner 3.75031558997836 0.481512704771326 0.20658572088245
Slc7a4 3.74908495297187 0.182960551234919 0.479857361509516
Fn3k 3.73790505065205 -0.0825605091384598 0.23581700909363
Dusp14 3.73537709531652 -0.023580750339467 0.323772610536763
Cck 3.73355407598205 -0.0642542798089519 0.169284503061297
Svop 3.71643233561215 -0.11810943810824 0.336974847759167
Cntn4 3.71608422153196 0.0585663196434474 0.0842214988052954
Chn1 3.70736897736478 0.0504360836981167 0.70686357630448
Dlg2 3.70680990871328 -0.223422324557328 0.159654780847101
Sms 3.70490854922456 -0.104570185927099 0.205430093083343
Ank3 3.69519493609123 -0.254427642361523 -0.0957774787043887
Nrep 3.69493129704912 -0.118669899893889 -0.1629504737493
AF357425 3.69378884983663 -0.12058077951175 0.0320418255345599
Csrnp3 3.68914457442928 -0.171695142517679 0.0114911356790414
Ntrk3 3.68795961369846 -0.105823926418043 -0.133460965728071
Samd10 3.67686895382742 0.240369772810083 0.386386081076254
Lrrc4 3.67638131405712 -0.0184375887020178 0.0844328994331279
Nme5 3.67492800712381 -0.0366607440891284 0.321675152657953
Mdh1 3.67148033655135 0.0779622172451247 0.423063513458228
Nipsnap1 3.6702493608263 -0.270416801413076 0.164318656471594
Cend1 3.66595908403699 -0.00158871241088873 0.400544806959724
Fstl5 3.66385239372234 0.351874899107461 0.156865766932107
Zfp941 3.65785038725277 -0.0140142306862879 -0.0412272082978957
Slc12a5 3.65781108799912 -0.142758149028149 -0.0225128036559298
Srsf12 3.65371376547903 -0.12339232464631 0.0220871767666955
Fndc5 3.65075027364193 0.309907514374706 0.0718326258020473
Clybl 3.64736383601442 -0.0591000140750203 0.182009460601197
Tnfrsf12a 3.63821941318268 0.395838926613436 0.169545999175321
Adam22 3.63792225919034 -0.281044835663902 -0.141999941286222
Samd12 3.63735386173354 -0.133753147660106 0.256962552812284
Trmt10c 3.63288444433629 -0.2244629002065 -0.0505949263931316
Ccdc184 3.62996846378187 0.507858372021565 0.54225235236421
Cds1 3.62912571056848 -0.143865645148248 -0.186071097703817
Ankrd55 3.62681727781548 0.758278476396458 -0.0086874471843215
Slc30a3 3.61617852687477 -0.0544938061968991 -0.0515938912835695
Tro 3.61322486102266 -0.235092796001008 0.124845941976897
Fam69b 3.61305772887171 -0.0901426201490033 0.123716407612268
Galnt9 3.6113769409198 -0.0344322607843786 0.36678499880403
Lrrtm4 3.6101595616168 -0.135819849730093 -0.0556907590366157
Enox1 3.60425557194155 0.419685721965869 0.0666366650460729
Sel1l3 3.60208287305398 -0.11844741503652 -0.100593727382967
Susd4 3.59737796604458 -0.169995502911843 0.112332596584844
Faim2 3.59666153459385 -0.146212134359342 0.270640547738531
Nell1 3.59261714640342 0.157819243638867 0.0329345118698827
Arhgap44 3.59119814134889 -0.189887022626775 -0.113098408595826
Map1b 3.5860800717279 -0.244594731423394 -0.0299323526580341
Slc25a11 3.57599248769567 -0.0537122390772292 0.0591473896373085
Abcg4 3.57387707722108 0.0567766995491479 0.161184452681264
Fam155a 3.56780890506495 -0.156463912000182 0.162892784361294
Khdrbs3 3.56728451905802 0.101804358189036 -0.475408954955111
Dusp10 3.56209038626416 0.671137566367632 -0.0818083315920453
Prepl 3.55452349230364 -0.0853168147267138 0.235723404980779
Vamp1 3.55344663128333 0.482865576287884 0.283269131962508
Cdc42ep2 3.54960458596947 -0.0186272232574505 0.0319190434595346
Usp29 3.54907509220715 0.172276404646086 0.16372619395321
Tmeff2 3.54082371025642 -0.103326245228765 0.155012445346854
Ncald 3.53771418794607 -0.12557837380538 -0.211746985270432
2210408F21Rik 3.53488338347742 -0.187648832668059 -0.262029562875761
Nsf 3.53121087302609 -0.207423775858761 -0.110563396626342
Bbs4 3.53032713385922 -0.210580106327062 0.109653707486851
Rnf208 3.52619289295561 -0.0951850438395862 0.186791651033266
Ndn 3.52609203378326 -0.221578093463727 -0.0826761535850831
Myt1l 3.51194559594689 -0.136882506173161 0.316181659191444
Thrb 3.50657412113453 -0.230889480698438 -0.116603730156897
Ap3m2 3.50346982808029 -0.188265217719911 0.167157561378064
Ptprn2 3.50071814668005 -0.173366796211066 0.0424187584617994
Pdlim3 3.49122842545205 0.515758878356371 -0.242864402398194
Mrm3 3.48758178450146 -0.186418490034468 -0.0338831316245482
Bend4 3.48548619432031 0.418596985669009 0.0527512747092336
Fbxw7 3.48428636103402 0.0392493531845737 0.62015920349781
Arl4c 3.48075891575316 0.667046322421942 0.55164774873116
Gria3 3.47663623228702 -0.155711450638422 0.00886481263570731
Snx16 3.47606630776783 -0.224050197272575 0.0832311679451248
Sept6 3.47597537060144 -0.171107573390887 0.0217609445657091
Tceal3 3.47575264223423 -0.252728576348111 0.101646043337425
Htatip2 3.47348697147121 -0.165815361968806 -0.226919369706132
Syndig1 3.46946809081706 -0.0420663823959316 0.169882207286071
Lrrtm3 3.46874581166313 -0.155548603116749 0.0106243957861485
Arhgef3 3.46174965130916 0.166190122678967 -0.044413740401762
Nmnat2 3.45682428019932 -0.26080504241176 -0.0158716640332111
Gnb5 3.45504710348571 -0.256980530056253 0.0457156111858897
Clec2l 3.45355276938154 0.14781614174381 0.307743076231318
Cyfip2 3.45126215078473 -0.0615754848035818 0.610199114618329
Eef1a2 3.45063980096279 -0.158376676483892 0.229575075193536
Gabra4 3.45038887041369 -0.158611428161905 -0.160864609870919
Chchd6 3.44708535008497 -0.225833141638904 0.171125931900975
Cdr1 3.43543891372221 -0.124917923750044 0.0770168673257002
Nalcn 3.43505381282417 -0.167515995940053 -0.0389171416842228
Adap1 3.43398289467036 -0.156498124100725 0.0519115643989498
Prkacb 3.42032822195946 -0.221166811477943 0.181996768716686
Lrrc3b 3.41826420559402 -0.131392257027964 -0.0688561891752297
Nefh 3.41746047545467 0.405980518834025 0.380519999554888
Atp6v1b2 3.41094848251543 -0.242778542899281 -0.0028805548619015
Gm3264 3.40695808770661 0.229408157716016 0.351558031245986
Gpm6a 3.40580156905696 -0.144257755240032 0.406682315618869
AI504432 3.40491244890831 0.159896167704056 0.159733855670548
Dnajc12 3.40175745731066 0.305084925888447 0.150151980275931
Flywch2 3.39055274007183 -0.127810000439129 -0.10666329994292
Ramp3 3.38937502660733 -0.0223864620470794 -0.106303793369978
Pgm2l1 3.38924103293892 0.183776022234089 0.525922037481247
2810029C07Rik 3.38724740883921 -0.128746409048136 -0.0325789905688885
Inpp5f 3.38411361481436 0.483463122820781 0.548999144519954
Pdxp 3.38117553810403 -0.174917566302651 0.0752145775124942
Igf1 3.37878171956006 0.587930294356701 -0.0491662932911018
Gabrg3 3.36859693729846 0.315593496748574 -0.202418260785451
Tmem91 3.36713043957898 0.0306363556407661 -0.0462948033732534
Rwdd2a 3.36695847406979 -0.140241655454949 -0.412231253034862
Hsp90aa1 3.36522851925984 -0.275157894825283 0.0276120685965036
Atp6v1a 3.3646562670535 -0.224214352089978 -0.0951435392332675
Csdc2 3.36240616389136 0.2062767680233 -0.379562474958278
Rnf11 3.36084534137855 -0.156713566786922 0.0648617905602697
A830010M20Rik 3.36056118573095 -0.130084948880081 0.282749917132461
Grip1 3.35945993642841 0.463540541133692 0.455506780169793
Kcnq2 3.34711442156842 -0.0621014709867695 0.312927022046336
Rasgrf2 3.34533288256065 0.086973680459242 0.043443585485135
Sept5 3.34513454330902 0.132894041486145 0.331196057688478
Emb 3.34203530079361 -0.165383466275994 -0.0603840828128048
Thsd7a 3.33540809396392 0.338984959686249 0.00411709534124454
Diras1 3.33355848316104 0.479940114877648 0.529745537670654
Gap43 3.33062594486588 0.0221666556491764 0.0028852062577166
Ngf 3.32586474911696 0.639225365335078 0.102671131038093
Snap47 3.32473534474988 -0.252093598986452 0.0359628293845345
Fosl2 3.31497159714269 0.0348660395286215 0.0101598170313868
Cd164l2 3.31464064210122 0.466768274963083 0.3250845833742
A330102I10Rik 3.30899172427167 -0.0019831354692686 0.0903964493037134
Slc35f3 3.30896874638964 0.0649401066135347 0.145391263538011
Rai2 3.30169009194642 0.147687121276022 0.0937768689305023
Lysmd4 3.27670243199267 -0.119768210278709 -0.00105680967342737
Zfp804a 3.27235335826637 0.483423086962031 0.235433555176572
Kcnip2 3.24347781577237 0.362983892591496 0.154992078751493
Rerg 3.21178743211191 0.831362488703492 0.351156576867081
Mkx 3.20947382960508 0.238112753360847 0.209232520327788
Mir344g 3.20745911912599 0.12791967240737 0.158523500257943
Pcdha5 3.18386994144959 -0.152801865339048 -0.0326869646344563
Wif1 3.1633279195621 0.821380946100651 0.206096629333834
Akain1 3.14217287317895 0.795150521071267 0.368644585728873
Camk2n2 3.13875326986506 0.198791392166118 0.183272314760733
Esrrg 3.13592111790408 0.192676050090278 -0.0972901348243672
Mgat4c 3.1337906373623 0.33382384855752 0.249663197899366
Lancl3 3.12233199776005 0.662474793500927 0.306197063231266
Cdh7 3.11963353313094 0.375416174098393 0.0516341071210392
Eme2 3.11733374398739 -0.065928270870369 0.10406744698235
Lurap1l 3.11379903838864 -0.123302007689128 -0.0505560636585702
Tmem41a 3.10007835336464 0.0302617288059549 0.0873353477228457
Gpr12 3.07485272924444 -0.0281727918146549 -0.00224251144602624
Fam174b 3.07478459046169 0.115133291282178 0.173823522019846
Amigo1 3.04480879232365 -0.0157445242280584 0.028760888350282
Kcnj11 3.02239788657978 -0.0686004842705998 -0.117354505904505
Sh3yl1 3.02067571536629 -0.0544030668099569 0.0102372123648219
Pip5kl1 3.0159952802138 0.230732526465195 0.195610609986765
Aldh1b1 3.01213787524001 0.121354899205479 -0.000303735857243213
Dlx1 3.00248846247078 0.927451361294005 0.610311128208523
Kctd16 2.98949718742722 -0.0680584842859403 -0.0996130988201299
Glrx5 2.98800206304579 0.217519331181414 0.280878425295272
Sh3bgrl2 2.98099011014259 0.0902910000717759 0.12715750935747
Tmem74 2.95583905829393 0.0995519665063635 -0.112734275454718
Cited2 2.94140103098862 0.345291570811832 0.327377771566544
Sertad4 2.91775149288932 -0.0283514398176234 0.137350795790099
Cgn 2.90735913106362 0.425682426871554 0.372031797305993
Ankrd34b 2.90311552457303 0.524228240123346 0.448904962701783
Lrrc38 2.87872005893644 0.795991412856049 0.143511557117097
Rell2 2.85943177159462 0.130727383696465 0.18103789109525
Vwc2 2.8497887720813 0.898726067093607 0.58697976662624
Mme 2.8492569002265 0.777584377212316 0.378200356963352
Gm16596 2.8361677471743 0.195069914857103 0.206010320456848
Pcdhb9 2.82031656254798 -0.0817385108241089 -0.0489869505282497
Gfod1 2.82007862111097 -0.018640060709892 0.161222315200451
Nxph2 2.82005863357415 0.632420870337874 0.21004745582554
Grhl3 2.80773601300274 0.803986799176313 0.597137568704207
Cntnap5c 2.79496578629658 0.853352070807256 0.508581206814348
B230217O12Rik 2.77717503844605 0.170765444877995 0.190508543851238
Syt17 2.77347203762806 0.164537151303836 0.0346311827178652
Srrm4 2.76737071108239 0.265853231469137 0.302692511206579
Slc32a1 2.76702038319669 0.957354774545832 0.723812894349989
Plvap 2.74799685427404 -0.00729611139960937 0.0333445994886586
Xkr4 2.74573797678297 0.259959642697478 -0.0277959994300515
Vgf 2.7441296346499 0.0746290287758327 0.131657002561745
Ccdc149 2.73423109597638 -0.0973688139051814 0.141352788970262
Klhl8 2.73330539255454 0.0461039736315841 0.138961788045727
Lgi2 2.73201642169311 0.344631136316505 0.267903269798607
Cdh18 2.70083022998754 -0.0310519994916425 -0.0636783523391366
Mirg 2.69913047759336 0.327278820504727 0.396989837318201
Ostn 2.69855999849931 0.738777639868654 -0.101357813261076
Fkbp11 2.6915801798429 0.449962761777717 0.0662574352516807
Mycn 2.68941795901984 0.216041516012686 0.235346287418755
Nnmt 2.65746569778413 0.611362971439578 -0.200019993749566
Gls2 2.64160114074131 -0.134037027663035 -0.141894474990596
Cntnap3 2.63639436850245 0.96232341319258 0.742105528120627
Abhd11os 2.63093525799561 0.685884336629618 0.0892440007662506
Syt3 2.62804810678746 0.211409363395177 0.30937853185653
Adamts3 2.62227493394352 -0.0370710682567952 -0.0837630991523935
Tcap 2.60526136046216 0.517822038293619 0.095727253791435
6530411M01Rik 2.59905176052945 0.690120227157794 0.23186973718715
Inpp5j 2.59273347370653 0.501993920112416 0.183865000380125
Kctd8 2.58427426109813 0.650365774859541 0.211891912082358
Mcf2 2.56574625926813 0.495238081786627 0.306389155453689
Arx 2.55387148625827 0.795047052085465 -0.244021872684642
AI854703 2.55258523805441 0.192375099756462 0.285923191144519
Btn2a2 2.5450451893146 0.771236954856246 0.24055034214
1190002N15Rik 2.54393405202945 0.0351704111210252 -0.225313400241385
2610318N02Rik 2.53520092701762 0.7669475960804 0.372856068325394
Aff3 2.5293029453031 0.106289062359141 0.190892443650337
Tigar 2.52500422516319 0.11263039298943 0.164864664311343
Gpr75 2.51976154155747 -0.0367182294981377 -0.0431590959779473
Calb1 2.51565970639869 0.0533164353746243 -0.149829342084747
Dcx 2.50056812835765 -0.151180544002555 -0.112519302952607
Atrnl1 2.48605023461365 0.0207423897148344 0.208370896032664
Mtus2 2.47515415550979 0.00640726973540618 0.0609942838978546
Eepd1 2.4184763655487 0.116418743315591 0.0886392022689415
