Snap25 9.74879476562218 0.369193686878661 0.11924847105023
Vsnl1 8.47551407015197 0.393474347197935 0.359386634827057
Stmn2 8.23599847598673 0.355903962791168 -0.000511206224377895
Nrn1 7.92194833630914 0.826157470797935 0.741362294356844
Ckmt1 7.74331464718686 0.319608511196071 -0.11255824088313
Snca 7.63282569134069 0.592253697962633 0.572350802335081
Cacng3 7.50785716730792 0.44093297153596 0.325055743111996
Syt1 7.46679327342658 0.374120385330472 -0.0726786759967019
Golga7b 7.37814182311038 0.497064022233011 0.55812751430878
Syt4 7.22185185131806 0.420157139266495 0.417221625605089
Hpca 7.19892863517636 0.422805516066674 0.385667166037364
Tuba4a 7.17578269314366 0.427816991961042 0.724073367843804
Gabrg2 6.96348903624083 0.375205707579882 0.212815595117307
Rit2 6.88328345193171 0.287462870677865 -0.0064175523440868
Sult4a1 6.88185275655289 0.367579319981562 0.0164316462670501
Bex2 6.87394780298532 0.371544663827279 0.313134212772502
Dync1i1 6.73164390385334 0.364354627397132 0.230860113674899
Atp1a3 6.69831012786331 0.375120974741399 0.456399044764389
B3galnt1 6.6739886677564 0.368581261601203 0.27179433119116
Tmem59l 6.59933745092822 0.311779652805803 -0.017975192265102
Coro1a 6.56533774774586 0.548048307903425 0.671862155698297
Grin2b 6.5349734339414 0.390084975102929 0.31457186765916
Pnck 6.53401435175025 0.297067978417711 0.0150343867282373
Syt5 6.50581524519674 0.683326669645458 0.656344210314232
Sv2b 6.47894470665191 0.940937394737728 0.89899389675
Ctxn1 6.36274064125384 0.763371922520211 0.758707624908308
Nell2 6.35315283836731 0.599930824613759 0.616096222153286
Ephx4 6.34400498767235 0.386110954726621 0.223110130607402
Cplx1 6.33414916505976 0.296672924458797 0.438618342421141
Gabra1 6.31362755261915 0.399034435729678 0.335342947129903
Pcp4 6.27735175463829 0.348167639741015 0.228727753885658
Mal2 6.27516815704138 0.500250459892663 0.505186358282724
Neurod6 6.24911888032244 0.759260281495281 0.567509938074731
Eno2 6.2219594334818 0.345750928943054 -0.0569907575082162
Gng3 6.2129458220496 0.310454946908968 -0.0408043985270289
Fabp3 6.20624916137497 0.363884786614284 0.383501626574403
Nrgn 6.1921564824492 0.804229733033102 0.789346553229582
Dkk3 6.13413863310256 0.642513716294403 -0.274376251495485
Lin7b 6.13195583863176 0.411007629892723 0.434456331315848
Gap43 6.0937562487964 0.490445358123993 0.39572951443063
Sncb 6.07147364032637 0.344076259406593 0.0436391586544721
Arpp21 6.05738391755481 0.744182138445453 0.76444670264
Zc2hc1a 6.02828904576214 0.371324002341555 0.297160802736564
Rab3a 6.01230340257661 0.359231879654157 -0.0213617724184083
Slc7a4 6.01155266727971 0.616377914699084 0.725812016334208
Ralyl 5.99364368375812 0.367543000418413 0.12689773251094
Slc4a10 5.9916969550666 0.473736518574754 0.703823291663064
Efna5 5.92973106041066 0.440747605292434 0.333574320072859
Gm11549 5.90193485328649 0.886436785614839 0.767424116154271
Ano3 5.89878948840693 0.697211937714702 0.667767867161808
Chgb 5.89474253342577 0.219513146633878 0.042420054742813
Nsg2 5.89309499277373 0.315042858538428 -0.0169659184529409
Nefl 5.88903302903855 0.452751376274006 0.38597268564213
Tmem130 5.86614634370578 0.366475453752875 0.304990468542089
Dusp14 5.84537994939111 0.421827831955345 0.323772610536763
Ipw 5.83866270820587 0.273983192729479 -0.016188636569271
Lamp5 5.83620050372413 0.468705462228133 0.197911458303883
Cyb561 5.83249781077084 0.426842689912417 0.457360164475127
Resp18 5.8305924181991 0.304267637629669 0.131440067932881
Clstn3 5.82644986946468 0.34620005941647 0.395867041993269
Tagln3 5.81762356696489 0.456668297339865 0.128173014749043
Atp6v1g2 5.80205746318367 0.356325127920033 0.0626899818596898
Meg3 5.78525732129579 0.352538012282395 0.333545746358828
2900055J20Rik 5.71681317131218 0.150761379285011 -0.146715692012115
Snhg11 5.7094299282537 0.342570949723514 0.268719559298059
Rasgrp1 5.70081374936703 0.655745395919986 0.68485348282315
Fam81a 5.69469704226706 0.391846042231072 0.393008869617104
Dpp10 5.68289995287078 0.502827336729257 0.542267079438267
Nrsn2 5.65820878226761 0.256660564374193 0.139169541011597
Phyhip 5.65048281760872 0.561901176968555 0.68500190691173
3110035E14Rik 5.64294925367494 0.672577371757881 0.508545654053655
Ptchd1 5.62245930538368 0.589273256307406 0.571613865965207
Stmn3 5.5774258929579 0.321936242714043 0.280929432138548
Ptk2b 5.56993959907773 0.900421671616377 0.852135685443438
Chd3os 5.54059567978209 0.359354707245776 0.408369493325667
Fam131a 5.53188387239212 0.767607277638159 0.827441371697885
Atp1b1 5.51734673613698 0.318191612376701 0.396671541365992
Homer1 5.50555606854422 0.468935082649737 0.392839945150852
Ptprn 5.50436062100696 0.378790850184286 0.342047782117113
Caly 5.45697339889281 0.316455410549733 0.16028589562856
Pcsk2 5.44535957034523 0.685468708361041 0.763040594359493
Acot7 5.43966770382076 0.296647486286162 0.375495312014118
Got1 5.43752385477732 0.350808539373414 0.388050797073974
Fgf12 5.43694215268941 0.350221164576591 0.517169304128758
Stx1a 5.43648049628176 0.674426847438489 0.711737190282774
Syp 5.42602065316253 0.365745054362171 0.0963117170367443
Scn2b 5.42494211057099 0.332941667943362 0.17907973580082
Nrsn1 5.39816515717821 0.239548194736179 -0.0550013085514007
Slc2a3 5.36487465481625 0.294282027880243 -0.0972902467041176
Cpne6 5.35541604565221 0.190474729741249 -0.073439313502474
Pgm2l1 5.33062493031021 0.6001640727813 0.747953481108481
Uchl1 5.32765164921949 0.431850935822928 0.565858692013991
Chn1 5.32683581865242 0.511513051418185 0.70686357630448
Pde1a 5.3252961318767 0.503238055501465 0.520098079410352
Camk2b 5.29152182048937 0.48542167965979 0.663772813110723
Opcml 5.28027455029191 0.338020987598141 0.179188466993518
Sh3gl2 5.27802683985182 0.436478611138519 0.432970858438067
Prkar1b 5.26970700187477 0.314828866674466 -0.0354269294025366
Bcl11a 5.26939612078409 0.504908854189935 0.45199548155046
St8sia3 5.26646965582643 0.394267659436345 0.475645502184845
Gabrb2 5.23454704802085 0.326079149665926 0.318308847333955
Tubb3 5.22102952665849 0.298307340617618 0.00869525221266509
9130024F11Rik 5.20039827570421 0.86621315684649 0.795571382989237
Gpr22 5.18797118751025 0.366811223580355 0.154757989929482
Hpcal4 5.17811835075488 0.564235067650877 0.499987202189501
Atp2b2 5.16735191156503 0.420056604576322 0.577967762551041
Rbfox1 5.1510290961813 0.32297409028868 0.0655762388094972
Chga 5.1460682134026 0.225870470907387 -0.0691184225336586
Caln1 5.13942430276016 0.609762021448485 0.555816287158456
Necab3 5.13633090054219 0.410234086026118 -0.0761642393539393
AI593442 5.11445268498566 0.200156533293676 -0.102687758515534
Sept5 5.1022876600962 0.567237018333774 0.67912746912745
Rasgrf1 5.10117139920649 0.121663799565026 -0.169611330613105
Mlip 5.08793789784356 0.650385964570534 0.567883401844375
Ddx25 5.08557446655442 0.29038173537961 -0.00180876545846759
Rgs4 5.07185612761334 0.38997756194976 0.276244103081038
Galnt9 5.0687170232138 0.471324024997735 0.36678499880403
Apbb1 5.06779265837304 0.421421534748705 0.623188536625834
Cck 5.05860497582122 0.350898081720883 0.169284503061297
Bex1 5.02346106870114 0.361550643746055 0.327734806283624
Khdrbs3 5.01822790142843 0.538282619226332 0.731989082146407
Rtn1 5.0134913445964 0.396736084864557 0.540952241726155
Brinp1 5.00260829671005 0.478471136637978 0.561662988782081
Ankrd45 5.00198910727519 0.373084593152186 0.218145253714518
Fhl2 4.99980050360611 0.687079601920316 0.676053151558866
Nap1l2 4.99737805497751 0.332080323644753 0.182823906369819
Atp6ap1l 4.9952387020456 0.740170473366539 0.485093429296877
Scg2 4.9880499137964 0.260128785175751 0.341186249818298
Cckbr 4.98060684554335 0.617704964137421 0.614305952749974
Gm9866 4.97989506431218 0.323349613093886 -0.0248838449131622
Zfp239 4.9724517871431 0.431634694978703 0.425969608980215
Crmp1 4.96864048385414 0.309473331894332 0.0515683813676743
Syndig1 4.96323985240736 0.278344948462047 0.169882207286071
Gas7 4.95553580891311 0.576432761355636 0.685262896909995
Gdap1 4.95490079133897 0.387740499677997 0.215154773387869
Enc1 4.95104931519814 0.472180505200761 0.213746640086664
Kcnip4 4.93162307604298 0.346668943863602 0.221266087214729
Gda 4.92735378312575 0.823880775653165 0.779512361081919
Sult2b1 4.92336652828519 0.558729791953434 0.465958032790475
Stau2 4.9134447308684 0.278030976971819 0.136469821213842
Mllt11 4.90389182387892 0.348307373467909 0.176530842176862
Syngr3 4.8905177297048 0.333440604570421 0.0894827272010981
Cd34 4.88998283065194 0.523173793942129 -0.111544002186028
Pcsk1 4.88992956165954 0.524714546957756 0.433381728963981
Mef2c 4.88657585402203 0.307805252078684 0.195773727901918
Ppfia2 4.86791190493174 0.285514765682692 -0.0255483173473039
Fbxw7 4.86656356685174 0.498178828592682 0.62015920349781
Snrpn 4.85324253198549 0.31785385229092 0.078235459261253
Spock1 4.84420567821897 0.16326381631725 -0.096697616106129
Vstm2a 4.83767768293391 0.278072368706087 0.510245133453062
Rab15 4.83206310367226 0.554771107328947 0.461843522707998
Clvs2 4.8306605695593 0.304360919225691 0.0628017841533019
2700090O03Rik 4.81905513006843 0.35589574494194 0.113559519404268
Prmt8 4.81891300851567 0.332740554966544 0.0457412175221821
Igfbp6 4.81455309230556 0.571887213725861 0.355812186795202
Mapk10 4.80840267481778 0.338338678220013 0.192092921725633
Camkv 4.80716043357315 0.601918118387383 0.615431405311808
Spryd3 4.80048048955453 0.358741215768848 -0.0311022565345698
Kcnv1 4.79905717068813 0.761673917850021 0.612814078033131
Nme5 4.78672913263803 0.459728627193599 0.469615341672235
Syt16 4.78358787471665 0.595765310825541 0.615060777312598
Scn2a 4.7776761147758 0.61848674314765 0.69434044690863
Olfm1 4.77725631120606 0.414980169651527 0.384304752420519
Plppr4 4.76581302349246 0.552944507890443 0.732271728526303
Mpped1 4.762136142417 0.394224262037612 0.20122939269296
Lmo3 4.7555480669749 0.0787319441048119 -0.0857232927073176
Rab3b 4.75290814071454 0.211311201939596 0.366244193841504
Plcxd3 4.74822905142352 0.133276651985691 0.0255662135208677
Atcay 4.74717654841275 0.311445531155873 -0.103845015944365
Clvs1 4.73932066560182 0.320755203434946 0.251005865794418
Bbs5 4.73043907219666 0.324408711828449 0.0846116650628372
Ndrg4 4.7255697820863 0.350804686029572 0.378839733381481
6330403K07Rik 4.724856047158 0.511153134017312 0.488607816894221
Fxyd7 4.7217947217184 0.634600975514402 0.624320875765889
Jazf1 4.72026973819804 0.379188968095532 0.397886735034189
Serpini1 4.71682415974678 0.199722282075965 0.190670348305747
Slitrk4 4.71676981678468 0.386393197672821 0.13432258358515
Tmem35a 4.70326014930407 0.263445541731005 -0.00465182880040116
Cacnb4 4.69911267660494 0.21387567733217 -0.0579194646643286
Spryd7 4.68866335782916 0.301231275403475 0.15711169415453
Ngef 4.68813754336994 0.712818194309141 -0.455091341422803
Erc2 4.67622392775831 0.476046719501163 0.472642594462336
Gng13 4.64176239962231 0.397841523365149 0.211306502768095
Prkcz 4.64124531159226 0.326650287396891 0.349385038311222
Rasgef1a 4.63790450827623 0.548619987502087 0.703912037427491
Stxbp1 4.63753433128307 0.353726251971964 0.125473998961964
Rusc1 4.63707719798038 0.208828021652083 -0.300847266481864
Tubg2 4.63575732350627 0.327932126429829 0.116625172218119
Lrp11 4.63243869058939 0.305966659906739 0.122989321441942
Syn2 4.6283674665379 0.268948565592973 -0.0581675976096086
Gdap1l1 4.62730441502145 0.372294086533311 0.207852433244506
Vamp2 4.62685372336553 0.34434429874554 0.0851934560919695
Camk1g 4.60455699732561 0.202130621555596 0.0634761311563638
Rph3a 4.60241360371922 0.250639130809236 0.133146694152755
Ube2ql1 4.59026971729713 0.356794479584857 0.13224824501407
Gabrd 4.58804410608991 0.320487396037854 0.247148819866487
Baiap2 4.58053709766177 0.711403490911826 0.77052637157249
Dusp26 4.57118907043197 0.267337026699354 0.198422627486258
Phf24 4.55917059946468 0.697905219329652 0.692483974929153
Ackr1 4.5473830460731 0.238472370007719 -0.0989882907474655
Ncald 4.52852697887163 0.222528658240425 0.0821454772154793
Tmem179 4.52334351563847 0.281653194194881 0.0972217036341437
Snurf 4.485218416066 0.34056247973579 0.12523863829427
Tceal5 4.47970692832471 0.344996256603645 0.171626653430996
Ak5 4.47878130988851 0.521978633792035 0.427989184488749
Ipcef1 4.4718016153416 0.835769121041491 0.710211528499625
Fam19a1 4.47145635705095 0.323174092300886 -0.0261896629906945
2900011O08Rik 4.46901359602859 0.286605959289679 0.0153397508558435
Gabra3 4.45793347553734 0.20563379717507 0.0406944228544839
Grm5 4.45727858090697 0.272673098215692 -0.00274883211834868
Ywhah 4.45138697086978 0.480233648448887 0.658026147879323
Reep1 4.45043568049858 0.329742200298493 0.0434926842525241
Cadps 4.45020831388895 0.392437349466339 0.546549462472094
Svop 4.44247223121581 0.428760069236694 0.336974847759167
Zwint 4.43518375275228 0.343639700496778 0.310378577046899
Bdnf 4.43510581991528 0.582871546879279 0.446167830324486
Tceal6 4.43348266452291 0.348821021787669 0.0550703108182553
Acta1 4.423204017453 0.580618974075138 0.598997159634008
Gabrb3 4.41905902952277 0.589568072937886 0.800800166155027
Actl6b 4.41869059928413 0.373756924752445 0.157237046771734
Sprn 4.41441500063121 0.562887138301588 0.646598723920337
Cyfip2 4.40141572182731 0.441545949159549 0.610199114618329
Kcnq2 4.39902657720952 0.456496614258521 0.414388903104487
Syt13 4.39202877192272 0.244398884341563 -0.104044365337444
Tmem25 4.38953351526833 0.325778133871783 0.308017830344966
Itpka 4.3881415534248 0.818552695627425 0.65518039184934
Cacna2d1 4.3671440886252 0.800550824631555 0.760306314873323
Syn1 4.36565927032293 0.382562407138053 0.251239533334721
Ina 4.35913543336368 0.249858692641726 -0.0500384598768411
Thy1 4.35446036620004 0.303965973911419 -0.0421575733561516
Mtfp1 4.34652621544918 0.250299657206572 0.130365832632872
Car7 4.33991311562981 0.341484610600964 0.0949249622295258
Dkkl1 4.33080163293756 0.519659867423927 0.191966058399186
Pcdhgc5 4.3303485813525 0.640547074299005 0.222089226703236
Nefm 4.32907608642841 0.453073349985797 0.300584978504638
Pfkm 4.32784340112552 0.286502465355529 -0.292241192039118
Rab3c 4.3263027481484 0.184219006733104 0.00617345528276405
Olfm2 4.32563635013575 0.243065865410828 0.0450621149631121
Rgs11 4.3240940125262 0.467114426926742 0.483238806629552
Glrb 4.32331598161901 0.309048436391543 0.314145349847471
Rbfox3 4.31964731122909 0.621332317277731 0.637434140089872
Gpm6a 4.3180929417669 0.309043058077154 0.436543508002563
Satb2 4.31213181943524 0.871613409888669 0.742895999580632
Amph 4.29427563499789 0.263974959601257 0.131065136093507
Myt1l 4.29136308972469 0.366268965320159 0.316181659191444
Kcnmb4 4.29054053162458 0.520650704462019 0.454042809420223
Ccl27a 4.28811944185812 0.346917549431812 0.281192324291543
Samd12 4.2826540980562 0.361694060081711 0.256962552812284
Mir22hg 4.28230357422262 0.296447311283912 -0.149318507816593
Stmn4 4.27773081141553 0.451412554732229 0.584472029785525
Faim2 4.27460638520351 0.348757079659696 0.35480582073469
Fmnl1 4.2698788316098 0.37112695505626 -0.263387131440807
Kcnma1 4.269050197406 0.423853794624142 0.384124238568782
Dnm1 4.26864960207731 0.314198943664474 0.0832015600857995
Nptx1 4.26397256047957 0.648790610060609 0.518599483908529
Cdh8 4.26159760304044 0.320777196907648 0.197093288027223
Zfp385b 4.261155103634 0.265447612484228 0.286081537556017
Ncs1 4.25793465897151 0.254575916872067 0.17725661076435
Ldb2 4.25567166733593 0.577740368902406 0.539407908188935
Ctxn2 4.25299196152318 0.483842050975285 0.357799942512042
Slc2a6 4.25081929353913 0.420021513874678 0.286018518020233
Ccl27b 4.24352333643638 0.402914594497807 0.218977936038968
Gm13306 4.24352333643638 0.402914594497807 0.218977936038968
Gm2506 4.24352333643638 0.402914594497807 0.218977936038968
Cnksr2 4.23695043419833 0.599950550686353 0.570649091350606
Elavl4 4.22464251343428 0.297631548773327 -0.0446962300869649
Cntn1 4.20049870520419 0.249640900581682 -0.0672047291514136
Glt8d2 4.19997668345312 0.687261573275179 0.579419035534791
Mapk11 4.19884534848608 0.743250790528279 0.668752473056863
Nrip3 4.19344790931042 0.16924840769523 0.218213710908641
Tusc3 4.1924890970608 0.637657820622014 0.476824575966109
Cds1 4.18712788146468 0.309235111233534 0.115492585663855
Necab1 4.18369691694867 0.44614408293421 0.387375894198647
Gria4 4.16941964637887 0.118793365592427 0.0480893854358509
Mir124a-1hg 4.16619732691818 0.240607740655956 -0.0253274700848515
Dbpht2 4.1542537101832 0.310168981039049 0.265450883060597
A830010M20Rik 4.15346853739957 0.39507972907867 0.282749917132461
Pdlim7 4.15244018314436 0.396164828816745 0.346977694254457
Slc24a2 4.14549821064492 0.356399486495923 0.414704548971631
Gemin6 4.13613838052568 0.331473338534986 0.230804232295935
Prrt2 4.13236913573852 0.628000370493643 0.677548329058259
Tubb4a 4.13071121317694 0.339647405784924 0.451235855217027
Slc17a7 4.13013994139193 0.911663325376852 0.835062460793684
A330076H08Rik 4.12703470898952 0.273610982440154 0.166072810676878
Atl1 4.1255882195902 0.54272042848865 0.733575848184977
Cacna1e 4.12514066607473 0.714028770509183 0.730177969657421
Vopp1 4.12374167225479 0.464861610735971 0.494479895166315
Cep19 4.1183904376539 0.301587190193383 -0.0740821002293317
Cx3cl1 4.11609958747058 0.415472235019095 0.399567336363443
Tiam2 4.11406700825845 0.635938353216718 0.610143511922547
Ap3m2 4.10806404363198 0.341501635702856 0.167157561378064
Lrrtm4 4.08229665837376 0.126173599980196 -0.0556907590366157
Nap1l5 4.081792347067 0.32034057197206 0.591356986124406
Fam163b 4.07081311449557 0.375183634566997 0.182135394918449
Map6 4.06978460355018 0.400334455401251 0.379219739901544
Add2 4.06840059302388 0.419587533108646 0.466488846612696
Gabra4 4.06555004177175 0.327382300784289 0.197559467436997
B230209E15Rik 4.04840564493003 0.452110680196468 0.584201992508962
Car10 4.04734556778836 0.355017108573294 0.275644546700727
1700001L19Rik 4.04235865642425 0.691847427391361 0.626420344643036
Hecw1 4.04055845315984 0.497498127304984 0.477188841212337
Dlg2 4.03904321700557 0.332321350883752 0.159654780847101
Rab26 4.03846760737608 0.548146570564648 0.41213994039548
2210408F21Rik 4.03396562998052 0.339306492565054 0.15809350072816
Slc25a22 4.03164037332867 0.339156769381376 0.220792352624343
Gm1976 4.03053187803531 0.470089667107855 0.455289384059285
Slc30a3 4.02704408844549 0.132776406945752 -0.0515938912835695
Arc 4.02120502893972 0.559431293894005 0.435753596414484
Lgi1 4.01947159676836 0.499407749175432 0.5191517469777
Pak3 4.01220099341217 0.225448541587915 0.0507298778012432
Ppp2r2c 4.00602299075253 0.362674854386808 0.257034158597506
Prkcg 4.00437279387835 0.481754228138094 0.414611675289793
Ankrd33b 4.00382095829394 0.545101818355533 0.492536927261177
Susd4 3.99129677007001 0.291402851747807 0.112332596584844
Basp1 3.98817098259952 0.509837355249945 0.557647413174975
Rab6b 3.98524749988806 0.332578238715391 0.0338024089542965
Hsph1 3.98351059510342 0.461970226445154 0.614814375199708
Fbxl16 3.97953424346114 0.409286590721597 0.330606682921138
Frrs1l 3.96961894117015 0.498559473824454 0.564272253059715
1110008P14Rik 3.96785367195269 0.677788697172258 0.67798313038175
Rnf208 3.96518913184044 0.345824567874718 0.240533497055964
Adap1 3.9585965040983 0.316739708511738 0.0519115643989498
Rnf157 3.95600276966171 0.321628510193301 0.0753370203735674
Elavl2 3.95224601560836 0.30405517657927 0.553092697098647
Ywhag 3.94576562160966 0.32672481764956 -0.0429023604484992
Gria3 3.9456966894249 0.175133383674842 0.00886481263570731
C230004F18Rik 3.94554852687717 0.470048122008078 0.463510196949573
St8sia5 3.94349729390967 0.344050604752647 0.155570538699751
Ptprn2 3.94345083139646 0.343419425137856 0.0424187584617994
Pak1 3.94324060501181 0.492991523740281 0.524528243105319
Slc38a1 3.94120721591678 0.345522794999058 0.463060378408531
Pak7 3.93930125598782 0.516834905375196 0.0356536258651167
Rwdd2a 3.93332247524841 0.307961894382585 -0.263672980917861
Lingo1 3.93245737725157 0.66342338303592 0.397436270139291
Dnajb5 3.9286519943482 0.584623885178323 0.51717566765387
Reep2 3.90875777275825 0.293567562620432 0.259769245261881
Crym 3.90728869998355 0.39020021416395 -0.0656681072830908
Pacsin1 3.90200880730481 0.260376145500693 -0.0951426734652148
Npcd 3.89758401423936 0.377164921923626 0.239628574241072
Rpusd1 3.89733570176124 0.294332345927255 0.0776320502002432
Nipsnap1 3.89209379587156 0.325398823542749 0.164318656471594
Spin2c 3.89182334145014 0.22224558112022 -0.0246265444163541
Pdp1 3.89043966607754 0.386452406913572 0.290323638028292
Arhgap32 3.88667905244442 0.687045376635507 0.711010759955062
Sema3a 3.87433209301496 0.340440045417538 0.203213610513385
Ndrg3 3.86875591606363 0.422266793810805 0.423565801554296
Anks1b 3.8679826671685 0.288858897091032 0.32306267339898
Bend6 3.86562940321289 0.360244114954495 0.414003070801137
Rian 3.85735635960718 0.341306918277202 0.356266238029862
Asns 3.85539894283332 0.370603840655236 0.635034318734529
Lrrtm3 3.85404137134985 0.202817853902624 0.0106243957861485
Slc6a17 3.85231094601463 0.207339748972808 -0.0431686300942681
Dgkg 3.84738426127342 0.260816054183505 0.0454555525691387
Phactr1 3.84359904048063 0.642030692081301 0.786641649759574
Serp2 3.83802231896447 0.313917828904036 0.345397724937408
Fam155a 3.83359584321603 0.357829207866197 0.162892784361294
Myl4 3.82938313101623 0.371857079185645 0.0559192832507672
Adam22 3.8147048521213 0.246688718184392 0.0128327932576731
Gnb5 3.81045695019727 0.272184064605327 0.0457156111858897
Galnt18 3.80804759583576 0.551992936628397 0.346838381081245
Sez6l2 3.80541871156071 0.241967739986387 -0.0893660811569196
Snap91 3.80046398007779 0.269159036852963 -0.102406970027093
Pdlim1 3.79514698796668 0.300407531155451 0.0211001973158901
Chchd6 3.79316240441438 0.318937737775502 0.171125931900975
Dlgap2 3.79297493209511 0.363472752244643 0.37121937802958
Nrxn3 3.7891065514516 0.191954057636782 0.0664904673219552
Nsg1 3.78657444807418 0.291246083081927 0.392097651695738
Clstn2 3.78428960797226 0.249926210670036 -0.0057188338543261
Hrasls 3.78312556230853 0.22995634908469 0.0439733321381204
Faah 3.78120453263074 0.46411177727954 0.511844184887672
Ank3 3.78049478429791 0.19166217576474 -0.124812119574697
Kif5c 3.77821540199122 0.29197622593026 0.0932487771053924
Kcnf1 3.77686820081738 0.561483020147096 0.450357128241002
Gabrb1 3.77484059740514 0.476022029031682 0.507775312091925
Tspyl4 3.7726649569676 0.31661770339933 0.544036011470843
Rnf112 3.77092997905118 0.669838967154706 0.65924659635796
Sphkap 3.76436909801593 0.322269782741889 0.167143976933302
Slc12a5 3.76333516040016 0.279195564641339 -0.0225128036559298
Kcnj3 3.76283813210277 0.277461878672768 0.0807232393901624
Ccdc28a 3.75721452723246 0.310039694437043 0.066104820483522
Adgrb3 3.74924794212255 0.363101156138514 0.277956259638119
Ppm1e 3.74239598649766 0.256374008898083 -0.000702562787456022
D430041D05Rik 3.73466385487241 0.547087216224005 0.502159963564819
Adcy1 3.72804816981731 0.346762533991873 0.172987229664468
1700037H04Rik 3.72695485859856 0.24395173685429 -0.0566875025042349
Sept6 3.71862254204737 0.267690007620928 0.0217609445657091
Cdh12 3.7171284935831 0.222406616524255 0.00452731568224812
Arhgdig 3.7102437879096 0.479316278912564 0.388622999611812
Kcnt2 3.70982033812993 0.673661491650674 0.599671031777824
Sv2a 3.70278083389164 0.278079903052043 0.374069077497812
Pamr1 3.70002566589106 0.26565202320124 -0.283933076301128
Tmem178 3.69782693086935 0.271065528682958 0.00458644515236214
Prkacb 3.69652010997109 0.33568528280651 0.181996768716686
Eef1a2 3.69345473181153 0.353278738368536 0.229575075193536
Kcnh7 3.68843582686726 0.365388548524344 0.13899785166285
Fam169a 3.68572804057266 0.300136673553021 0.0668171504670809
1700080N15Rik 3.68543109884485 0.231373940545995 -0.0578325078327851
Napb 3.68428683502649 0.364000997713264 0.270670991232699
Trmt10c 3.68362073339408 0.226435157693439 -0.0505949263931316
Mical2 3.68312563367447 0.406712843117419 0.224088747565714
Crip2 3.67287045698146 0.400168377779124 -0.390750534477003
Pnma2 3.67222368228939 0.253915288885704 -0.0519437012538086
Epha7 3.67119048387676 0.270034252517135 0.258367049611996
Map1b 3.66763499317846 0.310342828741617 -0.0299323526580341
Ttc9b 3.65366321399659 0.619905690167215 0.534377968896583
Sh2d5 3.65119465461752 0.437374001997972 0.315107993610564
Lrrc4c 3.65033635714881 0.301140825059414 0.192597193589609
Ndn 3.64944863145448 0.195088671133002 -0.0826761535850831
A230073K19Rik 3.64844245727286 0.318163778557584 0.00565004337873242
Scn3b 3.64620648471644 0.427345174529311 0.334876747481265
Ntm 3.64407574546957 0.228972406337509 0.0777033551090848
Mctp1 3.64232586252834 0.285677777259617 -0.365421359900511
Rufy3 3.64221383052511 0.299773064181874 0.448121850572237
Pgbd5 3.64023055309594 0.365627407316628 0.249049072351294
Nmnat2 3.63929862016923 0.263744616588937 -0.0158716640332111
Gpr158 3.6344963954311 0.249737316401176 -0.0297535539120791
9330179D12Rik 3.62406059799141 0.118412991699571 -0.161215798351745
Arhgap44 3.62115089852231 0.234196233717404 -0.113098408595826
Htatip2 3.6182316507539 0.251839238742653 -0.227175716979303
Lpcat4 3.61173587155522 0.404345898028991 0.263096517367518
Runx1t1 3.61001501606898 0.265837593354871 0.18077220067872
Hspa12a 3.60770924573924 0.274644365146336 0.148756990590391
Pdxp 3.60588573475266 0.302929747024552 0.0752145775124942
Efna1 3.60415403896025 0.306894538862446 -0.324767384789461
Syt7 3.60117112429121 0.479468270451874 0.500311173548119
Neu2 3.60088463764991 0.562109633368362 -0.128875301249019
Miat 3.59559136231508 0.672826602011936 0.595588614924395
Coq4 3.5940556506234 0.434005405880698 0.317627717912925
B4galt2 3.59073993326735 0.310013777786381 0.157275023771941
Flrt2 3.58846799148415 0.234094715528962 0.0429364904973499
Tceal3 3.58734249097372 0.292059750377237 0.101646043337425
Fam26e 3.58276531613714 0.452600399353025 0.402489263267382
Celf5 3.58080259830589 0.664859679806752 0.711818828483992
Ggct 3.57956645651686 0.319874811999918 0.302060760980634
5330417C22Rik 3.57523092190692 0.32241963210757 0.0906915557791798
Tub 3.57010664254897 0.36010120519346 0.34246617715292
Gria1 3.56919057469527 0.300900876370681 0.477435664313244
Bsn 3.56822668868308 0.395331393996832 0.228834890001584
Dtl 3.56443830018654 0.653897377067678 0.393824530411398
Ubald1 3.56419210480826 0.301792090673412 0.105101865214604
Fam135b 3.56002789275662 0.381304804947398 0.256744157188125
Cobl 3.55998965062884 0.642564888293518 0.0502091308366374
Car4 3.55837649624121 0.127325908011435 -0.0245384293214945
Sstr2 3.55765398579063 0.519663666577241 0.384838192983896
Cnih3 3.55447017612607 0.312753155127933 0.180304232242259
Asb11 3.55019730570081 0.533490408022604 0.391689268812354
Prkce 3.54941626299593 0.331862111432565 0.16132968718664
Triqk 3.54520109267705 0.228105248235651 -0.346482044029021
Rims1 3.54311905438137 0.396094003992618 0.248328756000246
Disp2 3.54187756856457 0.267724497887493 0.270478035406528
Rbfox2 3.5389057983653 0.377636727284097 0.362115490748854
Trank1 3.53392960057443 0.369837219710254 0.261794054575346
Grin1 3.53222669524079 0.39470595499736 0.194183516761833
Kcnc4 3.53167978542674 0.770499345822215 0.492037542430876
Sel1l3 3.51639113741084 0.227176925901006 -0.100593727382967
Thrb 3.51494125394838 0.20760998384468 -0.116603730156897
Emb 3.51483824780665 0.195929321082396 -0.0603840828128048
Hivep2 3.51324959758362 0.581833281132888 0.694246782716633
Cacna2d3 3.50791637209474 0.226760247300779 0.0814386425763454
Ube2d1 3.50748212294212 0.107650554119349 -0.215493456008203
Tro 3.50734654503293 0.287910145605447 0.124845941976897
Dpp6 3.50683067795291 0.289424562835277 0.504781002983125
Camk2a 3.50673684967426 0.631107976480624 0.630903096856545
Neto1 3.50604922551407 0.221586919721533 0.0738561270638061
Plcxd2 3.50486204269635 0.221505427733214 0.0631262329521242
Cyp46a1 3.49768375296232 0.278664463000499 0.0605684795244622
Neurl1b 3.49511293380202 0.706453425621958 0.557632021969385
Cap2 3.49158978827708 0.372614821704255 0.408520909944716
Atp6v1b2 3.49034734603491 0.366416882261795 -0.0028805548619015
Maneal 3.48600198846425 0.355369265691133 0.248210731884233
Dzank1 3.47889095190561 0.316148485350653 0.424631959435141
Arhgef3 3.47760859257191 0.302553988266491 0.195003385910829
Tmeff2 3.47651123335629 0.264237587229413 0.248610081138537
Cdkl2 3.47291096505507 0.366687587798721 0.238681661842111
Cnnm1 3.47252665758049 0.324599016685296 0.104144621926261
Gabra5 3.46860597278386 0.315366592011758 0.16892521840703
Il34 3.46698805931664 0.351215605330418 0.256868250173817
Arhgap15 3.46552670794837 0.124211150567374 -0.0711310584473112
Entpd6 3.46480096484994 0.264011771808324 -0.145391709473641
Btbd10 3.46455082116899 0.773256513106905 0.79870288886038
Clstn1 3.46344582612193 0.486867960798586 0.549841722446181
Cadps2 3.46062553273197 0.530662198984779 0.292312032998715
Kcnj9 3.45949201924226 0.345041444837052 0.1003973384071
Fam19a2 3.45545102762883 0.0218740667235571 -0.0137555317923439
Akap5 3.44876645068291 0.245549338835352 0.0550621293807124
Efcab10 3.44742666940203 0.647131546906248 0.603455659562876
Rab33a 3.44741195215302 0.373820578104288 0.459195337020337
Csrnp3 3.44384252601107 0.276921909218602 0.0114911356790414
Prps1 3.44317371677423 0.327658179764889 0.14811720212427
Diras2 3.44266100498779 0.503752382397245 0.46056178215872
Map2k4 3.43837850117081 0.341624094992963 0.181235389291674
Reps2 3.43761717969193 0.27433178729284 0.0864932612016947
2810029C07Rik 3.43605051438953 0.255437919448034 -0.0325789905688885
Dcaf12l1 3.43208102693063 0.32869106781656 0.224932122260927
Lrrc6 3.43099406280322 0.621449794328038 0.527112681919671
Nsf 3.43041834945484 0.304759597761223 -0.110563396626342
Jakmip2 3.42983517996521 0.375190217518445 0.466921400724546
Gpr85 3.42152673107052 0.3228635498427 0.356906182572612
Zmat4 3.42022058150154 0.0725617001171492 -0.0871699534644378
Cnr1 3.41725418098423 0.122852231629105 -0.258482238091754
Ccsap 3.4079514318243 0.400164937909107 0.302327044923965
R3hdm2 3.40161213341926 0.633185165916832 0.628015202825247
Klf10 3.40002408088844 0.563526433011243 0.400944242737877
Map9 3.39750086756745 0.368480055502206 0.25123958918446
Kcna1 3.39713366050156 0.227059537868541 0.244015046691646
Snx16 3.39231186839157 0.294303837394452 0.0832311679451248
Tyro3 3.39064514305861 0.672756163589844 0.551086900058216
Doc2a 3.39051382190973 0.689321721245015 0.60610874273722
Kalrn 3.38822776778734 0.625682366827801 0.652882998369897
Atp6v1a 3.38739206308984 0.304990310917222 -0.0951435392332675
Rasl11b 3.38639246150027 0.437392618882625 0.0252857902662562
Ppme1 3.38108591308565 0.368557314316763 0.246507527564027
Grm7 3.37919615390428 0.432471135546467 0.340323455151238
Plcb1 3.37771799091378 0.431638610206995 0.340872363872581
Brinp2 3.37657032284989 0.338753747587983 0.188834524492751
L1cam 3.36971962790033 0.336812077380798 0.0857637063785001
Cdr1 3.36780946329946 0.286169079082887 0.0770168673257002
Hsp90aa1 3.36535849235437 0.252550812777098 0.0276120685965036
1700019D03Rik 3.35548195856224 0.158703435759288 -0.0804634802319998
Stk25 3.35524221647848 0.34162169611179 0.344686594838577
Moap1 3.35470877303523 0.335431979616232 0.115358629925219
Sept3 3.35246907184861 0.252630358838465 -0.0849414514929694
Ppp3r1 3.34610430357819 0.587412770187263 0.713627966604685
Mb21d2 3.34037504360521 0.111805073454504 -0.0970713850850747
Slc25a11 3.33998540143352 0.212111722305938 -0.153359884467844
Ap2s1 3.3393541417458 0.304831795779009 0.199691973002403
Stxbp5l 3.33664688472266 0.330945447974366 0.124526538167459
Cenpw 3.33613988378822 0.389726307544932 0.392216535824528
Nrep 3.33437687082033 0.018429150259752 -0.253147796196912
Mas1 3.32953717354529 0.485554575715522 0.10218410115379
Cdkl5 3.32603579977793 0.416264653781146 0.462156967464687
Camkk1 3.3096041028474 0.459606808855724 0.292795396553226
Lrfn5 3.30243087814423 0.305023684528755 0.113833304714247
C730002L08Rik 3.30023822513375 0.54883818706959 -0.00609175415692935
Stx1b 3.29637408877197 0.381141986913939 0.226348020570272
Krt12 3.29596584041915 0.327142367364693 0.15093311426084
Dck 3.2755303772082 0.325336797204045 0.208344271141881
Cbln2 3.26391657195275 0.461522268657459 0.323784635176735
Synpo 3.25605855281496 0.708716649326906 0.663193685798172
Odz2 3.25474387998427 0.354093034319174 0.238206311683158
Otub2 3.24915768266193 0.292093561953919 0.137618021132629
Spag6l 3.24750482970629 0.631852323101924 0.525666093981621
Wipf3 3.24015382702053 0.227409385175868 0.0393225270394076
Gm20604 3.23756149361051 0.277031262697227 0.10010552138154
Tbr1 3.23661624541764 0.655502272615634 0.504974569269576
Cdkl4 3.23178102733019 0.581211045009071 0.461421850243297
Lrrtm1 3.21904960952334 0.174704940878932 0.0483596765791528
Rps6kl1 3.21887097106505 0.243297746931943 -0.0280737994628771
Cabyr 3.19050834082658 0.310802516503273 -0.18036856398868
Rhof 3.15921810643897 0.413954035017197 0.236757830447323
A330009N23Rik 3.15525091275047 0.548884827743706 0.278590739217773
Hmgcll1 3.15083169272929 0.295226991279226 0.0626116064546486
Cdkl1 3.14863859339788 0.444965464796718 0.287055570875515
Dgat2 3.1347433362734 0.450098244471915 0.333593235897637
Cpne4 3.12893736612319 0.299334743218807 0.121179512323424
Neurod1 3.10400321042297 0.562617340461111 0.23190230710887
Fbxo16 3.09856465447221 0.32293305257807 0.171179177874168
Ephb6 3.09389621927767 0.28723543053696 0.037740175658413
Ryr2 3.0922129322511 0.49601300766625 0.458559467578503
Tmem191c 3.08639092815115 0.27197988615135 -0.00945874559760511
Khdrbs2 3.05100748386034 0.419253570943879 0.375162022731655
Tarsl2 3.04341647668017 0.331148113319423 0.203735330117849
Tmsb15b2 3.02873961495026 0.251675226036824 0.0894267185584955
Kcnj6 3.01926125223517 0.324414119242807 0.0823528270768453
Ccne1 3.00881608321723 0.416505719947815 0.324305286194802
Sidt1 3.00540869403033 0.288774656479673 0.153028145084781
Tmem267 2.98079742746362 0.272485655430506 0.115248119138794
Shisa7 2.97633228244818 0.424568638678813 0.374002821318789
Grm8 2.94392453649702 0.378025078279328 0.216132510973341
Pcdhb20 2.9433050777154 0.237654399195586 0.0735801981786964
Magee2 2.94002024535355 0.318953316817251 0.155761038478819
Ubxn11 2.92907406519228 0.505221883898944 0.261734482361233
Ajap1 2.92673050437655 0.242126016253221 0.142777631666061
Gm20063 2.92631275442127 0.400738781314448 0.134600601466966
Nrg3 2.91384236634073 0.431927019913415 0.245737399882932
Zfyve28 2.89983416874553 0.500855171122803 0.388124140233384
Prkaa2 2.89376455131409 0.445709586097853 0.334310362682601
Jakmip1 2.89194709917747 0.496810048479437 0.425544195917535
Hook1 2.8917035996038 0.529719815885127 0.486275797447291
Rgs14 2.89096233942857 0.715628349105039 0.478336758122791
Extl1 2.86576067043211 0.625541230107793 0.552544682420767
Palm2 2.85571129875157 0.478114286944558 0.356409233258461
2010300C02Rik 2.84938753203319 0.701267573596333 0.506753037159797
Slc5a5 2.84800644147516 0.155782583727732 0.0279619741392433
Slc6a7 2.84666537453733 0.198427397396765 -0.0401457131501576
Dbn1 2.8312982609383 0.485227283583511 0.383188862253316
Tmem169 2.82826273764244 0.337626727483638 0.148721753676354
Hs3st2 2.80577460485489 0.350307114023821 0.107301285079723
Rprm 2.80246579493212 0.340675993098129 0.0367851689065218
Gspt2 2.79871828289505 0.31921315433195 0.145293628704437
Kcnh1 2.79765887052179 0.22590921046746 0.0824415117765613
Cep170b 2.79461253059781 0.325920843040893 0.0252798696083132
Mchr1 2.77618785522007 0.493438941788061 0.380224003347296
Atp9b 2.77379818817944 0.313164791090346 -0.371069147694611
Rprml 2.76617537154836 0.860117526286297 0.734073461954613
Lmo7 2.76322737855313 0.601182687994944 -0.0348472630243717
Ica1l 2.76258898509612 0.558736068705258 0.497746728143838
Lingo2 2.75818202125687 0.407550374240179 0.272062350802223
Frmpd4 2.73627944187311 0.372101693576541 0.153118577848614
Faxc 2.73137881137221 0.30179591072525 -0.11651365621286
Cpne5 2.73109104022897 0.278645882592811 0.138449454438276
Slc17a6 2.71828872344671 0.304501315343524 -0.175412875401489
2900079G21Rik 2.70044527594716 0.708589124968132 0.552404765381858
4933412E12Rik 2.70005273646454 0.790993878086518 0.718315899165329
Il12a 2.6982944398444 0.355633746662665 -0.0299610239936513
Zfp821 2.6944346268486 0.397108470964156 0.17819747663725
Unc5d 2.68624562295262 0.0934386875768204 -0.0483311061889164
Rab40c 2.67931792605236 0.290407784141576 0.120618121963363
Plpp6 2.67771893627282 0.283269562936984 0.0901544495945483
Pcdhb12 2.66206628866149 0.260925532996126 0.0162895967395301
Jakmip3 2.65118001463118 0.153543518368491 -0.0881248046173911
BC048546 2.63441923796226 0.634702888559184 0.500347263989976
Gm16894 2.63129346273416 0.156862483095116 -0.0404017301514483
Wdr31 2.62286279084386 0.277883917466065 0.0412698443446983
Cadm3 2.61502519123967 0.200371956148323 -0.0340202640612145
Iars2 2.60893501015402 0.338136600665659 0.123699025633232
Cd7 2.60418906472424 0.610824763259582 0.294486899176367
Neurl1a 2.59808137059087 0.310167946495394 -0.282377489119675
2010107G23Rik 2.57995484795382 0.30705993906674 0.0561239285421587
Kcnq5 2.57707394093895 0.34768205592278 0.194082240072903
Mamld1 2.57325590621802 0.301825463676988 0.166206884803767
Cecr6 2.5654312106164 0.733522158623823 0.657834004827336
5730522E02Rik 2.56194825542279 0.463765119223219 0.314111442903062
Unc13a 2.53228728218719 0.416479458956875 0.289286983462572
Abcb6 2.53217223760093 0.313489956118064 0.119593570626388
Tnnc1 2.51975724838406 0.353386289437133 0.143657257015457
Ankrd34a 2.51749450735867 0.316390038027273 0.0484620806854524
Pde1b 2.50957493071126 0.191940806787546 -0.0753295946738695
Lrrc24 2.50956419659158 0.309679174457551 0.25212891995489
St6galnac6 2.50750883346097 0.319599045787405 0.113983342820911
Bmp3 2.49519582054212 0.235597225259811 -0.227072649152854
Cplx3 2.47005226586325 0.143014243497555 -0.385883446792661
