209378
225998
75541
13527
17387
56376
20598
214359
77559
23972
29873
107747
76187
67896
13998
104174
52538
102644
14164
114874
17304
98660
12759
30956
210126
14184
53896
18679
20511
58807
14813
72014
16007
53412
107869
14633
29820
18508
26362
17909
54381
16779
56448
97064
17920
18212
20971
30937
13649
56741
13371
20351
55963
27494
56188
14230
20512
12950
108052
192216
76257
81879
11829
74519
68385
58187
20498
22329
83925
15483
19125
12411
13731
22350
66873
57738
12830
16870
14221
56473
18128
19038
243914
57265
12494
18682
66277
54326
16816
14623
16206
19283
50500
12505
14766
57319
68607
18596
106861
16404
14661
20255
116701
81840
98396
22339
232146
14560
12654
14405
116847
329828
16008
11932
29815
27273
27226
216739
140492
69239
12496
19013
13850
219151
170790
75475
11761
14261
106648
13609
14756
64385
94180
69538
14066
17986
19309
18217
19682
228357
