110956
54673
12655
27056
17912
14594
210998
14270
74048
170791
26377
15439
107769
58805
21356
105348
12514
18826
23849
12010
329154
54396
15163
114601
18707
67448
63986
80281
64209
21452
16197
233186
15277
17084
16477
20375
94094
22177
14961
100182
230257
14159
26943
140497
18591
81489
11906
58809
14129
14537
16164
21788
16414
17258
110355
23880
70719
58861
60504
27355
15936
21391
12262
17948
20305
11690
17096
17886
13036
216991
16768
21803
64138
234779
17951
50498
11656
14824
23845
108101
229499
106512
110006
171285
12628
98878
67477
227612
76681
16194
56744
16598
15939
20469
226594
54199
12267
269823
22368
74131
19264
224109
227696
20852
75612
13732
100127111
216869
13733
18173
17533
11745
12493
225027
21813
19224
107350
16859
192654
54353
12960
105855
20195
80719
114584
12490
94176
56470
12495
78816
20302
17872
217353
20540
13057
19696
74211
54354
14972
17087
50778
21897
67220
23833
12370
22751
12362
80891
19128
16854
17698
192187
15979
15001
16456
