18035
57444
17210
547253
20491
12259
17534
14538
22323
14130
12524
18787
19073
20308
106326
17970
171531
11977
11796
21928
12260
18037
69774
20321
12774
16978
80859
67742
16176
16193
16391
12394
12702
12522
15216
22228
70110
26410
20310
17133
72512
22324
12508
66102
74734
15894
56193
17969
16822
20963
65972
65221
23921
74760
24014
16190
17874
54720
14127
22019
12257
13654
14131
15945
67547
24088
170743
20293
21899
71586
20732
22695
17972
16175
15937
12608
108829
21817
80910
20303
12363
207818
75234
68774
15162
99100
671535
56437
20128
15284
12984
21926
13025
58801
20296
17869
14595
12475
67951
233571
19332
59010
