209378
225998
75541
214359
21859
23972
107747
76187
67896
104174
14164
19737
98660
12759
30956
210126
14600
14184
53896
20511
14182
58807
14813
72014
16007
107869
14633
29820
26362
21808
210044
16779
56448
97064
54403
142980
13649
56741
57257
13371
50781
55963
14230
20512
12950
108052
192216
76257
81879
11829
195733
74519
11606
14619
68385
58187
13123
22329
15483
19125
12411
14400
13731
66873
57738
12830
16870
14221
56473
19038
57265
12494
18682
54326
16816
14623
16206
22330
50500
57319
18596
13405
16404
20255
81840
110078
98396
22339
14560
14405
116847
329828
16008
11932
27226
216739
140492
69239
12496
19013
13850
219151
16525
170790
11761
14261
106648
13609
14756
64385
94180
14066
19309
18217
66725
