Dio2 8.02286686125773 0.735031278006072 0.787741905742206
Atp1a2 7.6006114557762 0.728538348013484 0.869568149772906
Mlc1 7.5907033569738 0.745377963210218 0.825176295642938
Slco1c1 7.37176224920371 0.863035148455759 0.872970173978193
Slc1a3 7.23350877859313 0.764731247083137 0.807227800093745
Plpp3 7.15506310433134 0.540258332891101 0.811409116318443
Aqp4 7.14127646378285 0.750491897373775 0.883821070039165
Scara3 7.13651411975984 0.77289803705785 0.78826019010128
Timp4 7.11242104116802 0.329240765294665 0.323149282830749
Gjb6 7.1068133215593 0.686051919604827 0.734174711121178
Bcan 7.08698166222387 0.531573565290396 0.74587796908394
Ntsr2 6.83526535392563 0.665357151285089 0.728514178056241
Tril 6.82878082167669 0.686292713399126 0.805661431824548
Slc15a2 6.70348627007859 0.82110017577059 0.920877267804802
Fgfr3 6.64312250989343 0.76658193702488 0.802643436225161
Acsbg1 6.51188706409564 0.830902703867533 0.847992649544217
Pla2g7 6.39301083554487 0.746077710295677 0.766755016443729
AI464131 6.30051109723356 0.828535878167824 0.873111388533711
Grin2c 6.25566563769577 0.890375469254549 0.873927707131398
Foxg1 6.23192585210179 0.123086184246013 0.100317791044696
Sparcl1 6.20400092185631 0.643239387041155 0.805372812462862
Aldh1l1 6.20303360714184 0.816059994163537 0.846832595979502
Gpr37l1 6.19611586500577 0.421714580839287 0.732762038858991
Slc7a10 6.16185495997833 0.856304807278381 0.851797101965907
Gpm6b 6.15286313096912 0.247894088839715 0.32781385650888
Cyp4f15 6.09708758354298 0.910643341852024 0.889268591172634
Cxcl14 6.05259462302487 0.528826012157294 0.475071717175078
Slc1a2 6.02933484601828 0.872621227949235 0.882902953600854
Cyp2j9 6.01860313112732 0.5951996483699 0.715988047172526
Tlcd1 6.00702009102824 0.724174261155993 0.744261110495016
Xist 5.97091176599406 0.311225475142945 0.043416087245151
Mertk 5.95046678002871 0.639330532678928 0.023616097947432
Adhfe1 5.89830170108609 0.669261074746513 0.712392385421288
Vcam1 5.87908479336106 0.669492832210433 0.735209874280494
Itih3 5.86856243466317 0.196682157409232 0.183031662938551
Cldn10 5.84975662304757 0.75887132633563 0.725824710776182
Gja1 5.84580289753573 0.390271134574226 0.552614598890637
F3 5.81094767475926 0.720827021324298 0.722398737542403
Fabp7 5.76422652378908 0.222573509907365 0.176965330793772
Cyr61 5.72109264372676 0.878873917372904 0.857814268177357
Ezr 5.6544329284077 0.842506581610517 0.88054974450058
Scrg1 5.56040068421993 0.147868462443679 0.111733237102384
Fjx1 5.55540102507015 0.811594096354113 0.905520759202425
Gstm1 5.54692566952752 0.517708707170979 0.549499653273446
Pdgfrb 5.53765171843132 0.816193117912516 0.769700784118578
Dkk3 5.52416870007624 0.656488752526279 0.744198902268391
Ttyh1 5.51188284577726 0.491589706696133 0.680882169421705
Gldc 5.47461386643214 0.738680986050329 0.734069209013029
Cyp2d22 5.46998792902279 0.870253710234432 0.859159500184344
Slc38a3 5.4536561613122 0.861922119523951 0.862929803572819
Elovl2 5.44777253137211 0.795195988526 0.867362290987084
Htra1 5.43211365814418 0.491835904969131 0.6221943064331
Fzd2 5.4313309841746 0.79286930146062 0.80244136315242
S1pr1 5.42160477766502 0.777153249987889 0.758084570794129
Tnfrsf19 5.4052764330177 0.855390693391905 0.883137539903969
Car8 5.39969290705451 0.199453163220839 0.14790114510697
Mfge8 5.39760360537715 0.680452221015291 0.776453128209076
S100b 5.36472137074044 -0.00502637704134307 0.124959396958816
Wwtr1 5.33559122205583 0.744234799118818 0.756883370360999
Ndrg2 5.33099946975204 0.468975943622567 0.507898133513764
Ncan 5.32540681009428 0.787437750026357 0.819650601018293
Ptprz1 5.32534649524591 0.841834805897318 0.861614423135459
Cyp4f14 5.27502834269938 0.857727547644105 0.85868424702626
Tlr3 5.26783976748474 0.706937567384713 0.858371459801115
Ttpa 5.2524058721192 0.777040895768688 0.772369804703734
Oaf 5.19958031377771 0.700906617099445 0.798924010593506
Kcnj10 5.1702781765459 0.157493417240201 0.458807731675594
Itih5 5.16922482801828 0.717541163409968 0.761088167317219
Rlbp1 5.13044503421798 0.297865563741416 0.15172412401797
Myo6 5.12813602543524 0.615593669517453 0.540338316099749
Ak4 5.12613045984022 0.555788548888713 0.632820423649998
Fmo1 5.12264425664913 0.87222497551987 0.883170428191991
Gprc5b 5.11932215552815 0.475735855279518 0.726771796754164
Ccdc80 5.11178763163272 0.861067418318667 0.856081505706314
Acss1 5.08231605715168 0.554847470009309 0.681042353164821
Slc14a1 5.0712349723995 0.830900329433369 0.814784058229655
Il33 5.04496674422859 0.215587916159433 0.108539584370652
Itga6 5.04227516011287 0.687144707027251 -0.12839271730186
Cdh11 5.00997895717876 0.257864156865403 0.336881919291606
Prom1 5.00237895873393 0.314334325857164 0.27979622418856
Lrig1 4.99230057074144 0.789442077063658 0.851209719407513
Prodh 4.98048266878002 0.864867718638437 0.848381221215723
Pbxip1 4.97971629318611 0.735478443773979 0.721219446308713
Hapln1 4.93907151206096 0.801036986422322 0.758786598523242
Gabrb1 4.91536956704481 0.62682218231668 0.82096406115791
Igfbp2 4.914681945537 0.787748614779221 0.777587296242546
Pon2 4.90505281429188 0.348902380026406 0.558964520074876
Pdk4 4.9021445176648 0.611207711492477 0.598105321891196
Axl 4.89533213727719 0.835079749985906 0.806905573283577
Emp2 4.88800151492718 0.851139837111704 0.831577988261558
Eva1a 4.88223981720471 0.620305634972884 0.738089793192592
Papss2 4.86996018079127 0.745937107431602 0.734481894347144
Notch1 4.86025659722411 0.695663667016555 0.764811788641146
Phkg1 4.85092214062107 0.841268328476321 0.813472871204969
Vcl 4.83877475029317 0.686652572759295 0.850482647635368
Egfr 4.83299721275332 0.922582824597424 0.879547192001132
Nhsl1 4.81512414859042 0.703518789587885 0.724383815448443
Id3 4.81404769279704 0.512856989018942 0.455377769249416
Lcat 4.78728450724139 0.85230412588326 0.8586288051589
Dtna 4.78719221842302 0.690664695111486 0.804306958227351
Notch2 4.7820920695741 0.542773312233649 -0.0435635125582493
Slc4a4 4.78099119238789 0.858906963619438 0.872828874576434
Hsd11b1 4.77984757403254 0.879751098749092 0.876291129722887
Aldh1a1 4.77673677354621 0.544401092056763 0.530691668025537
Cth 4.74854564565444 0.817261581770752 0.815472595985684
Zfp36l2 4.72498316627711 0.363267452388103 -0.0438182143146671
Gdf10 4.71663090198117 0.871514539645428 0.86238014952221
Reep3 4.71365893822778 0.0246735775050548 0.158091132025556
Crot 4.70625990644756 0.562621023808043 0.598034748457258
Slc1a4 4.69478581417349 0.844214040220882 0.874768543947898
Antxr1 4.69213303157842 0.594178610492966 0.819471457279681
Olig1 4.69135617260909 -0.00347248084603858 0.536271700812051
Asrgl1 4.6883759336418 0.171566471579123 0.287757514664353
Plekhb1 4.6840945742708 0.010737468407197 0.542035858310577
Fam181b 4.66994687170523 0.516852946764773 0.512384561825193
Slc9a3r1 4.66413936237765 0.505817637481494 0.645781696983549
Nrarp 4.66147649799048 0.580669672999481 0.482462120109468
Dclk1 4.65478072530388 0.675795217242229 0.697266334030634
Cyp7b1 4.64318018223333 0.754862218718215 0.815459345245038
Itgav 4.62597745684078 0.443813895279625 0.753446233044037
Entpd2 4.60976561027753 0.878947433523676 0.883812071814786
Cd38 4.60927885470555 0.85676899345801 0.780459374967831
Amot 4.57971902107132 0.853357792930808 0.891958421261625
Hes5 4.54675923706864 0.419886361427761 0.269068118860258
Zfp36l1 4.54370362500736 0.22902686030334 0.240028076920446
Scd2 4.54090604811829 0.302389787557565 0.192917895557564
Gabrg1 4.51688283274419 0.662167777032422 0.757034371575311
Col4a5 4.51291921044566 0.950905226427611 0.928882556923613
Wnt7a 4.49534025646304 0.692749336306562 0.632285444728108
Itpr2 4.48519956472426 0.349788059421957 0.125989773983375
Glul 4.48288859428458 0.366344504244904 0.48517509232173
Acsl6 4.48044373663583 0.750210530499264 0.82995352342455
Lmcd1 4.4640470928183 0.599120992751401 0.549617195775667
Gli2 4.45703726884238 0.789246359333009 0.758762905145804
Trps1 4.45182419694596 0.653232435225283 0.731756000175544
Klf4 4.45090876150837 0.405310229661123 0.471143080807738
Timp3 4.44993879205671 0.756861756785229 0.693532350536849
Cbs 4.44254181858792 0.860750350950976 0.872131668726798
Fgfr1 4.42827652026558 0.799130840916473 0.779791774004056
Ntrk2 4.42773560964727 0.59610539449345 0.728654270938923
Clu 4.40975890008498 0.675979264352084 0.779868403562126
Nfib 4.3928876952906 0.541032126047068 0.707717201294448
Igfbp5 4.39214402620789 0.788065676002745 0.822535469061064
Galnt4 4.37614898504346 0.53084125183123 -0.0862625467877269
Gas1 4.34163407414125 0.541465489477303 0.433439958017736
Smpdl3a 4.33209068443657 0.733454226872036 0.856410920592703
Stk17b 4.30828929778473 0.553679211919248 -0.0324488707098534
Serpinh1 4.30207132862991 0.664863074950843 0.609302292534063
Msmo1 4.29163013470514 0.419878137437596 0.409538333554596
Rftn2 4.26858597811589 0.557403860904098 0.580449122026446
Apoe 4.25706680529079 0.472768980207537 0.666250258051978
Oplah 4.24954129705752 0.825131975559862 0.864776553817
Ctsc 4.2430434105349 0.331966400215075 0.529792225537126
Ptn 4.22470107559326 0.184110631377976 -0.072364602098686
Sept8 4.22188941233336 0.353357471153436 0.25469801136639
Efhd1 4.22050693206398 0.0085867617397275 0.388459360248184
Abca1 4.21715137773922 0.582637407130114 0.131832799862662
Selenbp1|Selenbp2 4.20821577866074 0.634572398780636 0.762541027264281
Slc12a4 4.20571747917262 0.664088107242862 0.703454226373437
Csgalnact1 4.20091866457269 0.594604494532777 0.589925504380433
Jun 4.1929293713212 0.294666241411011 0.404707302879475
Itgb5 4.17927554310648 0.470237215115215 0.734332201174804
Add3 4.15691836441811 0.599465779577143 0.705446716413169
Ephx2 4.15254208004303 0.743903557936244 0.775965356955259
Pdlim5 4.13386130645781 0.586377420606365 0.688432379194045
Cbr3 4.13132229469194 0.355445637300781 0.284774660080897
Tmem51 4.12687316885937 0.736570999567409 0.657131822864043
Fkbp10 4.12686891217105 0.896722289721976 0.899460547772398
Acadl 4.12315975729645 0.558666381404145 0.815986165106032
Epb41l2 4.11224382702924 0.157740075815585 0.344604669055416
Ptger4 4.09830486712167 0.591628328062534 -0.098625333861336
Soat1 4.08727516810182 0.574653256514916 0.306291326413034
Sdc4 4.08408602391525 0.736285088979087 0.757350529451156
Pygb 4.07660950816832 0.862854771229141 0.869417741520009
Dag1 4.06393899203518 0.753939904842284 0.66709573056165
Farp1 4.06344970549015 0.746295216842039 0.687749406305262
Tmem47 4.05272438162091 0.611943391043239 0.733873812325582
Ppic 4.04649088432385 0.800452164897285 0.641332909329109
Sox21 4.04428730150896 0.549602590177133 0.428857404995959
Pmp22 4.04248708027684 0.229426869076178 0.0997175273333405
Txnip 4.01465526675476 0.455705469584484 0.534275457018026
Heph 4.01000901138184 0.857265968985094 0.825811920227566
Btbd17 4.00706612964954 0.84399412560206 0.848505534586669
Aox1 4.00434266054826 0.738511593594052 0.46884480407337
Fermt2 4.00147419424528 0.263436641931914 0.811227120619852
Fgfr2 3.99403762827982 0.303494816704723 0.223740682976029
Lpp 3.98562086514149 0.784056440680216 0.688921781759529
Efemp1 3.982615728311 0.519461578674541 0.399513458666335
Prkd1 3.97652489697093 0.564143709640756 0.678488085136365
Fxyd1 3.97353922156033 0.697008071946428 0.660393183845603
Macf1 3.96666511350433 0.466769031898417 0.435328931003112
Pdzph1 3.96524202065582 0.710910811447786 0.682707232270952
Ednrb 3.94235691850737 0.640901049393601 0.520275299017579
Ccnd2 3.93543732623134 0.602489979518451 0.592529320250839
S100a16 3.9234919764656 0.0354144017811623 0.146090766335559
Arx 3.92202256998915 0.56015060013545 0.485665082660312
Gpld1 3.91575865881089 0.759703606006616 0.808615650369874
Lhx2 3.91092367661952 0.525780463494634 0.610056775433524
Gpr37 3.9052822854126 -0.0295177631236962 0.340074477451517
Ndp 3.90417697924041 0.609275282328608 0.631657444709025
Gstk1 3.90319036284016 0.337882745496212 0.615561965897978
Slc41a1 3.89128841771267 0.84653709798351 0.847688213537219
Ssfa2 3.88855290505031 0.507284302819294 0.159445505663991
Sorcs2 3.88211930048422 0.837448339060647 0.826232630541868
Nfe2l2 3.87911642002637 0.365365174612976 0.452443442925438
Acaa2 3.87470806829002 0.812444342016833 0.882522679252495
Limch1 3.87336560699952 0.388922504672778 0.394008338193257
Ccdc88a 3.87326049704633 0.719926787853724 0.774538670815979
Cspg5 3.833073022659 0.599948403303045 0.593614008319116
Klf15 3.82218729726446 0.571115655260795 0.617413540250173
Tgfb2 3.81465802969059 0.589256627423788 0.345828475521704
Dock1 3.80729150399144 0.336884342072026 0.699517549977258
Rapgef3 3.80137423391153 0.321154375225565 0.334656524905923
Ghr 3.79013972440409 0.465368386485058 -0.0216114497984391
Mmd2 3.78893895630261 0.192410666824753 0.523779668369458
Pdlim4 3.7865404440105 0.444878165282131 -0.107626616301089
Vegfa 3.78630571766177 0.825876524823978 0.745952868251685
Tmem100 3.77325354049542 0.184351063717837 0.0977067168494742
Psat1 3.76939998832339 0.0540491175444339 0.0988967160612217
Tjp1 3.76831069155959 0.19460261931497 0.0953296299341309
Ptpn13 3.76748554110611 0.512269033685007 0.427017109987406
Sash1 3.76182085051367 0.602930185013148 0.787113228992318
Lgi4 3.76109707017361 0.893331525933215 0.841551906223464
Fstl1 3.75953403507147 0.560174905013439 0.552140225694217
Slc6a1 3.74574524196352 0.366768318307446 0.462848216290445
Smim3 3.7456073498752 0.315532579923517 -0.139425537719329
Kif1c 3.74397244123517 0.539682332645136 0.589237223777541
2810459M11Rik 3.74341267229274 0.474917154344633 0.318675143349665
Phka1 3.72269334752934 0.825357928472958 0.875052914472279
Scg3 3.72245257806448 0.595689219653136 0.850091676694976
Selenbp1|Selenbp2 3.7165071523052 0.634572398780636 0.762541027264281
Mgst1 3.70523081661819 0.559605139089599 0.570170569396731
Tmbim1 3.70353956112273 0.0043201154699962 -0.0108646029168858
C4a|C4b 3.70240198330411 0.757822593503314 0.549558079338088
Cyp2j6 3.70098709744672 0.178238160152165 0.221059383223496
Id4 3.70020586562269 0.441004789968137 0.51011396077996
Nkain4 3.69662475817379 0.607800666926277 0.57779170699844
Fads2 3.69363299200659 0.828657459653229 0.846335873009285
Sox6 3.6814154255502 0.212317493320081 0.118282586897786
Gng12 3.6804116242783 0.109781143410669 -0.00906727997896324
Mfrp|C1qtnf5 3.67213770265669 0.666561988798326 0.602602746314983
Sox9 3.66719349530818 0.861917365385476 0.840781579976709
Lrp1 3.66062986006433 0.507122509163097 -0.154154108627708
Fmn2 3.6558307913074 0.552918922167382 0.135399603245159
Thrsp 3.65533091178086 0.349368258134987 0.486202749725675
Lrp4 3.65398563304505 0.74025518798342 0.804586806816943
Myo10 3.64784262590407 0.682384098333147 0.648946417759912
Gpx8 3.63538975176609 0.504912147590545 0.406774942759366
Pygm 3.62594035737178 0.781924561239899 0.635236820188031
Cyp4v3 3.62329954174184 0.518849811955883 0.610527089597412
Smpd2 3.62240681612974 0.723227586871483 0.795710071452218
Cnn3 3.62126118505973 0.241562041351933 0.409700713238245
Igdcc4 3.6194284495508 0.667410736067309 0.742881987111353
Cd44 3.61417894164938 0.615400964421722 0.264806929374485
Prdx6 3.61230900580628 0.598078059125778 0.656137061832776
Ppp1r3c 3.60612114652021 0.672000210191152 0.735501062017654
Elovl5 3.60223769572639 0.478358591289829 0.567131741370515
Celsr1 3.60176246138103 0.861845393723945 0.796825244070932
Fgfrl1 3.58603570018536 0.603644731219167 0.592215900748409
Chst2 3.57276703154109 0.398618425700485 0.0323252700582307
Smox 3.56658506165357 0.172332445333377 0.497026410068514
Kctd5 3.56622358063605 0.412963710821224 0.539004667372079
Nat8f4 3.55862671608565 0.758997803090484 0.7743439980923
Aass 3.5577890699678 0.865609258471253 0.804387807125301
Hnrnpa2b1 3.55134543414224 0.523874472114266 0.0245561234797803
Inhbb 3.54990966944819 0.477530046828511 0.321901698292856
Rgs5 3.54521760624208 0.625163980453347 0.389964752859763
Prelp 3.54431690401055 0.801047323525242 0.599618944437675
Lpcat3 3.52933807700985 0.439918578467079 0.368487033446007
Appl2 3.52664125720193 0.742408996902568 0.855257462894242
Adcy2 3.51443031989982 0.650085178093822 0.763151678426877
Bcar3 3.51088141731597 0.797340336037522 0.8076786116458
Crym 3.51086356874485 0.24658732435952 0.0961690429542336
Adamts1 3.50937958999366 0.498925439656631 0.76246675632599
Dennd4c 3.5078681529817 0.526517216890113 0.51063246644156
Atp1b2 3.50536520587923 0.589606046829731 0.7656635668771
Kcnn2 3.50532960142021 0.787977662339405 0.798795988448945
Ptch1 3.50263159490504 0.685748569827025 0.758969615693986
Hrh1 3.48860088989678 0.711885064032795 0.705973771099583
Lxn 3.47649986353147 0.561784912883387 0.5819732157194
Gna13 3.47203233099253 0.489934918511279 0.366104904727677
Abhd3 3.46535216902781 0.595011609381925 0.808426961286701
Kcnk1 3.4627078136144 0.580974575162083 0.644915996151621
Aldh6a1 3.45344846726536 0.507626068841023 0.766679105945631
Mmp14 3.45316678166913 0.678678770615499 0.650674483266838
Dusp1 3.44884262914676 0.481142626027552 0.348690815171587
Adam17 3.44104509081362 0.24061286051932 0.393438399123837
Hip1 3.43620416339036 0.200792339079107 0.329985589461602
Tenm3 3.42489853922385 0.558078743515343 0.106503027301557
Mt2 3.42129385610209 0.387187184191284 0.308103218933042
Hacd2 3.4203784156493 0.653161922912798 0.733421499657462
Acot1 3.41375198710822 0.0480725229021489 -0.061021936594642
Adgrg1 3.40673563968202 0.655755778101325 0.382063240950214
Ppara 3.40561586805928 0.818274801479615 0.79916449531982
Tjp2 3.39841823116694 0.2349365941798 0.297222025537208
Fcgrt 3.39186056858901 0.591056465874866 -0.0875450334054097
Asph 3.38127283367785 0.497060255049904 0.204044268100301
Naaa 3.37665776082621 0.732711510215486 0.692796287597442
Tspan7 3.37175674930206 0.570468144046748 0.300034699511918
Lamp2 3.36475273178761 0.0845740516595845 0.127384404431192
Itga7 3.36421252812199 0.860186905201592 0.799590023884932
Wnt7b 3.34860296958579 0.718072421570972 0.689053865861508
Hey1 3.34698733989728 0.379436683414378 0.270118868197988
Rab31 3.34344778682049 -0.0486191798492557 0.236261379575026
Snord47 3.29893573108674 0.342534834914777 -0.175710667643384
Serhl 3.27940261354827 0.663748196935584 0.748078323088421
Tnc 3.27578069802824 0.852330368827845 0.668290508220264
Fgd6 3.26715600127084 0.804924083021976 0.771131705161557
Plod2 3.26316407975939 0.455959227713075 0.337776777894664
Swap70 3.20004892785569 0.642968837282791 0.199442355226874
Tfcp2l1 3.18699412841942 0.868862690459294 0.857321486633184
Ddit4l 3.18049006498438 0.47063942161636 0.335282366034117
Pax6 3.16841832425469 0.767084448804521 0.744010544387134
Sox5 3.11558098690818 0.611515681521563 0.594333789117626
Gfap 3.10254148854478 0.580374763989733 0.395343678979273
Prrx1 3.01421405830585 0.430545206900422 0.200274669157894
Zfyve21 2.97534359733232 0.281689936578004 0.357722147528674
Vim 2.95648928147366 0.248882118426098 0.0542637935622268
Fbln1 2.95474292266481 0.851730983476677 0.8405280874101
Fzd4 2.95331513842602 0.7327660392158 0.546550058082081
Agl 2.90068617558059 0.659589661943049 0.561137590583546
Elavl1 2.89137389818845 0.259394159039224 -0.190590295852722
Adora2b 2.88178831897041 0.65975607130526 0.501009163254624
Lamb2 2.86563961056281 0.791057292818568 0.771344664729871
Suclg2 2.86086836991833 0.531378682397142 0.160146644714179
Gjb2 2.79852609856256 0.819071655649994 0.751407322760891
Rorb 2.79009622846242 0.613681518635032 0.48110128282642
Tst 2.77665634131804 0.607124502297979 0.532363258971928
Clcn2 2.76611523357951 0.537693008130163 0.462834049063183
Arhgap18 2.75227407805004 0.53254273810161 -0.161090717500903
P4ha2 2.69440018597714 0.326597926736083 -0.163043597622089
Gdpd2 2.5795245499207 0.747174397180705 0.62431735063854
Bmpr1a 2.57394242961883 0.711814836911174 0.608158792228702
Aldh1a7 2.49568455736078 0.572145630693405 0.450146755960778
Slc16a2 2.49249113184006 0.636151750792911 0.439005693998102
Itsn1 2.47505934969533 0.623667382483454 0.541580429036272
Lrrk2 2.47464415171335 0.594104519512025 0.37101564952121
Tor3a 2.46603763972064 0.587080056954555 -0.189135329545833
A2m 2.41337952148996 0.796251640395886 0.634237605016387
Rnft1 2.40694138110709 0.554032204332214 0.586394659404335
Pou3f4 2.38971760322485 0.684646991107816 0.472241254878425
Pgghg 2.29366739951292 0.576009103590956 0.496771009450636
Vasn 2.17838191309142 0.268262728027592 0.270204461212173
