Tspan2 7.14126903709001 0.72901208917416 0.792529929450222
Ppp1r14a 6.86222721619779 0.764525093347391 0.77636524262012
Mog 6.83890259982553 0.7434904453366 0.654746702738432
Olig1 6.63864595800666 0.385881013930062 0.776461144764042
Ugt8a 6.50591636621728 0.692299216724397 0.700727031795763
Cldn11 6.31803001120814 0.710080298095831 0.618524355307663
Mal 6.26006792291022 0.708853596548466 0.882765205876584
Mobp 6.19312299400078 0.796133920953173 0.66531843811741
Cryab 6.05948025288524 0.572403755011175 0.831639960149979
S1pr5 5.9822233682767 0.725374626703179 0.689310168020535
Gpr37 5.98060533097787 0.373773283349515 0.340074477451517
Trf 5.62270888630832 0.450712925163867 -0.0912677242073283
Efhd1 5.62181869453132 0.334874569362991 0.388459360248184
Plekhb1 5.61991577108758 0.321785165216684 0.542035858310577
Aspa 5.60809745435061 0.64917331551471 0.602803520402906
S100b 5.5813549657035 0.230197524788866 0.124959396958816
Olig2 5.55366609881739 0.633289765362424 0.698161855023154
Mbp 5.49346797131825 0.60544994744797 0.819232194677574
Ndrg1 5.36075802751094 0.673336817673961 0.637084933027272
Chn2 5.25923960334493 0.608523308661125 0.684950256627591
Sox10 5.11286117616073 0.837554547673823 0.864738773268202
Ptgds 5.10539948726959 0.393611461188499 0.0690691108790809
Foxg1 5.08557729927798 0.00670335756771974 -0.0642610439970067
Timp4 5.07473284594593 0.0480736614311745 0.0281353959014889
Pdlim2 5.05447492376607 0.776608116200293 0.744524284168248
Plp1 5.05014300291354 0.528002764899213 0.805286679492453
Evi2a 4.99744018363389 0.532876473521072 0.122083941499024
Fa2h 4.97855451434716 0.738516091723104 0.636999834888813
Anln 4.97363701663857 0.699184704058652 0.490599016847296
Gsn 4.95326157958486 0.646127737476886 0.666446424282181
Pou3f1 4.83772610727492 0.603463010866871 -0.187109509532714
Ddc 4.7502900417772 0.56686221901581 -0.0537196119022266
Trim59 4.73081386688467 0.741488184097644 0.740278829399116
Slc44a1 4.73030232110486 0.720080462316291 0.821301697050406
Scrg1 4.69785009526065 0.227180401479564 0.111733237102384
Itih3 4.6339922490606 0.136511694662632 0.183031662938551
S100a16 4.5856575816897 0.269755916496583 0.146090766335559
Fabp7 4.54821479029329 0.0682579241856423 0.176965330793772
Nkx2-2 4.46230297313695 0.425351016007265 -0.0768152530837381
Gal3st1 4.36844727233264 0.79997046931454 0.699585094326979
Sept4 4.35641819370388 0.644708796974832 0.711478472520368
Reep3 4.30708358704199 0.0921340033623084 -0.119268836499372
Gpm6b 4.30256098920008 0.195034884021604 0.32781385650888
Elovl7 4.30220576422664 0.696454681573342 0.572300445749425
Kcnj10 4.28352903091572 0.200263996590757 0.458807731675594
Apod 4.26408240507788 0.619719821377114 0.46901739036233
Mag 4.26137653077053 0.662331093266976 0.412975215379707
Rffl 4.25356877387882 0.580798644996244 -0.0512880321046809
Tmem163 4.2217013407782 0.622490203488881 0.302105133748767
Pllp 4.20846999213783 0.842788018198922 0.800844826439127
Slain1 4.20716216570725 0.650264562848086 0.743917821142959
Cd9 4.17352101295205 0.16663233960351 -0.20040857485584
Plpp3 4.16518815297124 0.170347916563212 0.368159143922413
Thbs3 4.12919536697829 0.345933870800188 -0.107361490638862
Lpar1 4.10699476674696 0.82527116094973 0.78662356218896
Tmem98 4.10433821764155 0.669396314991753 0.679330416811213
Josd2 4.03435795914265 0.696394279478648 0.531613232206846
Elovl1 4.02051486846658 0.483955593990693 0.268788881262009
Gng11 4.00528078143072 0.703845749556858 0.551247642531164
Nkx6-2 3.99818673999324 0.743777768779011 0.658633437537186
Sgk2 3.96742444273538 0.710431784352593 0.465989558824671
Lims2 3.93703810304461 0.820836760349851 0.739840882765051
Clic4 3.91355295790115 0.385571152425471 0.517049759324162
Bcan 3.90959745365271 0.199825925246894 0.613902525927911
Kcna1 3.88441051918747 0.484186582146079 -0.204022251220974
Adamts4 3.87098158838005 0.674511848475097 0.4021267907323
Carhsp1 3.81210881520796 0.540913665802428 0.585812836476302
Gpr37l1 3.78845598297772 0.194383483750967 0.584984736144952
Tmbim1 3.75162613432012 0.157917204049935 -0.0108646029168858
Tyro3 3.72464023065745 0.434398625290665 0.272206982843187
Asrgl1 3.71003043389004 0.196718604923055 0.287757514664353
Litaf 3.70211704203787 0.524726767172392 0.443693772192225
Rab31 3.70134721231451 0.217000465329262 0.236261379575026
Sgk1 3.70019110140336 0.387132334489685 0.244141776976519
Lrrn1 3.62220522025284 0.637849338504777 0.656105739065579
Plekhh1 3.6054607109022 0.629693212110269 0.297217994565653
Pdgfra 3.60035648739356 0.356365262113388 0.11844955132188
Gamt 3.59230817975527 0.730975386922799 0.532635090497729
Gab1 3.59170780489474 0.373766475295954 0.417306326483263
Il33 3.59130715683789 -0.0260135249388553 -0.0756038169028996
S100a6 3.57856778944392 0.362260493974649 0.284979304560157
S100a1 3.57553180896777 0.228006788211042 0.0430599170682172
Nkain1 3.55537112131788 0.580381017074989 0.501666730608002
Prom1 3.53470909366296 0.14702392056666 0.27979622418856
Phldb1 3.49735066198504 0.724839579897017 0.648171077193144
Tnni1 3.49447562250622 0.790336491576653 0.653353937119845
Tnfaip6 3.46763556498437 0.544826627867067 0.443528880457223
Klhl2 3.43909924442472 0.708195633071888 0.700632291618244
Gstm7 3.42005502348078 0.522676911750399 0.138010147091193
Gltp 3.41650184669853 0.74375380054547 0.83378201570028
Edil3 3.41209602758587 0.463986491956302 0.190783614883981
Plat 3.40461266417147 0.144724995842616 -0.028072673042912
Ninj2 3.36860518730825 0.818951282277932 0.722917164516194
Car14 3.33726180342308 0.678438748525275 0.380018474575523
Gpt2 3.33583446130726 0.151397223933097 0.154270668894739
Acot1 3.33202047845692 0.205430652951139 -0.061021936594642
Hapln2 3.22811564273253 0.609440127328048 0.243546072716089
Csrp1 3.1823729555923 0.246281017999342 -0.0257095964613683
Brca1 3.15067165599317 0.474210805289228 0.413008014900029
Pcolce2 3.10999230496569 0.389295050746238 -0.0967857347037035
Gjb1 3.07716085587153 0.693920855029387 0.472505224709867
Kazn 2.91366805017709 0.771426126841693 0.755639643600238
Bmp4 2.70546819987956 0.684454828403248 0.426762060206156
Ezh2 2.69349407307655 0.182693168411108 0.125771425490792
Lad1 2.61596505901245 0.48457223145077 -0.0112561125203931
Lamp5 2.53671123984558 0.434288075722102 0.044823972740309
Pex5l 2.49033519347345 0.571429327991143 0.36997441547524
Dock5 2.21555732366713 0.513455748213972 0.0893000808181227
