Tac2 7.02356657079296 0.853146850020688 0.801429838106236
Htr5b 6.30067308801465 0.93769635295197 0.900723452907799
Zic1 6.27437213278191 0.644852495378784 0.758646889524281
Necab3 6.27053041844294 0.849957261225055 0.855495889716729
Syt9 6.03283500092511 0.592299021783063 0.922628300567642
Slc17a6 6.01121173514783 0.559258512133203 0.188721356224852
Lhx9 5.97523193880253 0.661993335121163 0.637741782124294
Irx3 5.96364480195692 0.91834496401168 0.890043320537418
Slc18a3 5.77519676939268 0.942535950337617 0.910864192922122
Nppa 5.71109432013614 0.955645549167251 0.955550031713776
Rit2 5.67320941062712 0.286763046916024 0.380047188074251
Neurod1 5.61144782120287 0.845407138349223 0.797913085073223
Sncg 5.40881582026967 0.882230196810486 0.864753397346075
Mcub 5.27808948431805 0.62645202272907 0.737461745318887
Tnfaip2 5.14930098951588 0.64403153700414 0.418044252948909
Irx2 5.04255025303468 0.881060686678709 0.862557607858004
Lrrc3b 5.02709213320325 0.67372284491117 0.856055571333546
Cytip 5.02298979901935 0.714290952049402 0.84869431932949
Tesc 4.92107499099008 0.549900796156843 0.703399184087748
Cbln1 4.88404434301242 0.426191278902722 0.724684769060007
Cadps2 4.84866960036105 0.618889512379036 0.663974486912745
Nptx1 4.83598851566344 0.36839525284553 0.201620700556739
Cxcl11 4.83437405038308 0.937097020025559 0.935759058937843
Pou3f1 4.75157069138788 0.00615941396354596 -0.187109509532714
Necab2 4.72847001866418 0.555424855624699 0.736627292173261
Irx5 4.71963702196702 0.876052181191177 0.88161458624985
Mme 4.71659418515528 0.861118282889859 0.761286915109686
Nr4a2 4.6474620764943 0.826768698141388 0.810355726768068
Mab21l1 4.64012866100533 0.768571725349327 0.61639412524702
Chrna3 4.57169949130866 0.717003688060014 0.474905136565148
2010204K13Rik 4.56044343467828 0.373053143335788 0.591961640250189
Zic4 4.52291775843584 0.879876971975926 0.817176650283961
Kcnip1 4.4942261936416 0.610694008065564 0.657594760561708
Resp18 4.48220305153844 0.260009392423765 0.203762408792881
Hs6st2 4.34351963350137 0.403644137842677 0.617450673569823
Tyrp1 4.33669115529159 0.923489939692166 0.853574924243405
Sh3bgrl2 4.26964890067639 0.847687675303384 0.868752735126796
Cygb 4.21991082543041 0.576857937259086 0.517429883376797
Synpr 4.19389403981502 0.526105816437019 0.822469280868574
Snurf|Snrpn 4.1866589301531 0.372607554419171 -0.173836057956976
Pkib 4.18485687466124 0.446744959521312 0.526223388080368
Sstr2 4.16162846195165 0.809352333826368 0.809642575989128
Rab40b 4.11125225123506 0.183775446138291 0.191316234075741
Cacnb3 4.0780497325795 0.62587083340708 0.768908239670093
C130026I21Rik 4.07114088843885 0.91196039319381 0.942053653534497
Tac1 4.037151060508 0.107582795319163 -0.0142179979730058
Olfm3 4.0289911038752 0.294146733438963 -0.264108554500725
Cxx1c 4.02308330072955 0.576558663542152 0.434291180020678
Pde2a 4.0180487900601 0.63263705746871 0.748859679785759
Kcnma1 3.99563606442794 0.71179825926759 0.754222042124819
Grb10 3.98577554915164 0.329241907066411 0.0705763085277679
Calb1 3.95258619901952 0.0932367048883997 -0.0382570105686916
Ebf1 3.91144905679663 0.836148706329731 0.7675033399612
2310030G06Rik 3.8774447541615 0.737725365244925 0.646357539411176
Vav3 3.82191815285663 0.625302357018482 0.765469242638773
Sostdc1 3.80919829512484 0.673480602128157 0.777546996974542
Fgf14 3.77954512460621 0.336860997367005 0.389135128169549
Epha7 3.76066014869714 0.449873428203517 0.391052526154241
Cabp1 3.7445191591589 0.724920717472148 0.698531800552452
Car10 3.65954309397023 0.360817434172969 0.499963567055488
Myh7 3.64530437587181 0.586826889218078 0.727741744093719
Map3k6 3.63213677962022 0.900692838764911 0.872128425641591
Kitl 3.61776153602829 0.594302430979644 0.744502428870514
Nptx2 3.5995871657846 0.354974397438579 0.400993295169029
Socs2 3.55289830866539 0.748771933599246 0.811168258398385
Calb2 3.54653268852587 0.43708922895407 0.357402209526741
Tmem158 3.5369074717884 0.076136202153297 0.091635265325285
Myh7|Myh6 3.52478435026329 0.644275769388454 0.795966175557261
Rgs10 3.50581450977226 0.416138284072203 0.821729068539482
Sema5a 3.50105831427034 0.100314009022538 -0.000294218779246047
Cplx1 3.49986560313388 0.299064489807404 0.584893079785802
Cdh22 3.49454703130833 0.439521630864339 0.333067038470093
Tspan13 3.49265753553851 0.557920744979801 0.71543807243066
Sema3e 3.42250766041245 0.757410995427459 0.828713350881188
Copz2 3.41961709407303 0.663401104112855 0.805597625401136
Kcnd2 3.4117567238305 0.539695720560302 0.491225617336728
Prkcq 3.37021157329447 0.23474004734469 0.266542601326373
Nrgn 3.36752928438285 0.471846337324262 0.350320975233958
Tmem56 3.35130811768741 0.391009059910846 0.585362745478674
Tex15 3.34785817952755 0.883939774127877 0.864417349546418
Spa17 3.3420889128323 0.681135635664278 0.759981869664962
Fzd7 3.26118561357865 0.401992294386594 0.525044935132225
Zic3 3.25599030864891 0.296739660484706 0.00097201739596596
Tcf7 3.24304576027611 0.874346527473884 0.891639410131937
Cartpt 3.17978144272331 0.588690012188267 0.67585876269448
Gpx2-ps1|Gpx2 3.1420782477044 0.886580082093607 0.849877580982308
Shroom3 3.13812303215094 0.423701197809134 0.255788945023481
Galm 3.02052856758444 0.524398763651968 0.478087385969834
Klhl1 2.91917618462188 0.563106740023979 0.0447061014894277
Ifit1 2.8664193461375 0.794624385901027 0.714135787832046
Syt17 2.77363381696555 0.61753689158879 0.348450256834197
C1d 2.68925795778556 0.400598298011647 0.438882929261848
Pcgf1 2.6304310396681 0.476019366090354 0.431855554421623
Gabrb3 2.55577482709585 0.544455399384082 0.694286584698581
Stk39 2.54855149904053 0.10333812304997 0.102386138321872
Grip1 2.53344320194084 0.627722830199974 0.657553547590701
Chrnb4 2.5136058241708 0.860061709033477 0.799393213009815
Ung 2.49825031305758 0.3381479069451 -0.0168247168540409
Adcyap1 2.48529068710653 0.722003723268392 0.655890144847542
Robo1 2.4599967254624 0.253276903215076 0.548421755628411
Tspan12 2.38403809201264 -0.0496565653500546 0.0804914886910991
Trim62 2.21981577763377 0.462973365652147 0.253749996244396
