Slc6a3 6.80556724893521 0.874798558221556 0.818387626032101
Snhg11 6.78203021872155 0.838342996997581 0.82844258200605
Th 6.46050251454278 0.854665040138251 0.779228463829035
Nefl 6.40239888947047 0.529372363985431 0.40658484577409
Elavl2 6.39640617883413 0.7832835270649 0.807365902353375
Ddc 6.34589631096482 0.3699754230867 0.319546295380962
Eno2 6.3392060177598 0.70970311974586 0.743602804167566
Pcp4 5.90528933491279 0.524960750790016 0.514720928150839
Lin7b 5.88915102801437 0.637397775199352 0.599965782375264
Sez6l2 5.8831992646168 0.456873525933223 0.4507355769091
Chgb 5.81774027022383 0.721127061418718 0.741845144192385
Resp18 5.7910313515437 0.65850557508476 0.610951319231836
Vsnl1 5.7710959907022 0.576722468021732 0.599271713319271
Snap25 5.75272591892408 0.474244975898998 0.384706570561364
Cplx1 5.70586736875245 0.70311404513261 0.734872896715668
Cacna2d2 5.59805924653771 0.810290828025328 0.885146383776438
Rian 5.56269174854883 0.715483087710034 0.653946928680354
Kcnq2 5.52681398696782 0.588787021200618 0.534036601217289
Scn1a 5.51574959973704 0.688082792298788 0.651733617798489
Syp 5.48265679830735 0.584125489127338 0.49495450102852
Dusp26 5.43954402447652 0.386400702079522 0.1688755153887
Grb10 5.42569034985302 0.869729642942383 0.87118520857039
Uchl1 5.40626979669181 0.455820630670339 0.358012485648535
Scn2a 5.33088532395237 0.846950719262864 0.851074068332455
Hpca 5.32415304160869 0.513377248938783 0.379500294861157
Slc12a5 5.2875766058036 0.673158816539316 0.693563728952341
Cd200 5.27417777058822 0.708631370014345 0.7744395998056
Syt4 5.25068136447728 0.74980842629542 0.740757265580269
Rnf112 5.23712865106809 0.295744854309521 0.0310722940605721
Calb1 5.22969666194126 0.554578295412485 0.452396848835144
Dnm1 5.15391196198965 0.594051201511318 0.640305102838024
Ank3 5.12229181298306 0.412971018943041 0.322463956794065
Mbp 5.09465652990107 0.290500711064693 0.127560251050697
Rit2 5.08572429055129 0.530783453498361 0.441310193629344
Gng3 5.05394555878641 0.636504250010804 0.727297903269429
Gabra1 5.01713688722566 0.527974994203072 0.50422715517775
Nefm 4.99935243574158 0.394284270958886 0.202400412102561
Celf4 4.9740545159863 0.708177204482352 0.705018888842014
Atp1a3 4.95859454540749 0.213332497728846 -0.0209521488708905
Map4 4.89816182969686 0.53507811859378 0.591653148074079
Dync1i1 4.89341709682713 0.626776860700858 0.605097201214184
Sncg 4.87145980826855 0.59238008311063 0.356685567133225
Gap43 4.85276085279326 0.481329069702387 0.397169425540431
Nap1l2 4.84223772400732 0.533148534543866 0.480546544367536
Stmn4 4.81394375318952 0.29344131195021 0.0921562310014837
Serpini1 4.80808316143195 0.521602949643074 0.443369824644497
Scn3b 4.80723045892639 0.538723347114713 0.459205306827121
Scg2 4.78461454017203 0.678478198168704 0.645739961183754
Snap91 4.77933718143761 0.551773436605952 0.638809895235823
Cntnap2 4.7719806991669 0.749904402072 0.740218312131685
Chga 4.72338090184258 0.753549318919828 0.775094469348692
Map1b 4.70530825013704 0.532572053194401 0.460805795450701
Bcat1 4.681595320563 0.278835995948128 0.102368077347148
Nsg2 4.67813599563358 0.615300597466487 0.607845180311367
Ina 4.64523480475948 0.495391391610145 0.414141042546196
Mfsd6 4.64462314404478 0.461709616884001 0.425952433346594
Mapk8ip2 4.63694333841221 0.841019469359027 0.846820078324622
Stmn2 4.60676657718617 0.400470612225152 0.267662525373801
Cadps2 4.60126069987501 0.699000979877847 0.703682950236938
Nptx1 4.58386646418997 0.292783885472005 0.116523822396977
Prkcg 4.58193926130817 0.687746152199441 0.61465402259485
Napb 4.56447259084073 0.703663488830574 0.67933065084801
Stmn3 4.51445683044031 0.463618644947518 0.461307289309206
Ptgds 4.51076914885099 0.114888377377079 0.0913035656938119
Slc32a1 4.49592379700613 0.441496780951306 0.32257142516516
Nrip3 4.4729324098804 0.624175054789459 0.546932758224092
Dpp6 4.44043943006305 0.689939749041193 0.685358537809506
Cdk5r2 4.44027282577912 0.706319643439514 0.666796990221867
Rbfox1 4.42990285926314 0.482003366758574 0.365957388058278
Ndrg1 4.41641819232726 0.30334099689179 0.362875311520123
Bex1 4.3970076748181 0.457366540253835 0.403876855895543
Usp29 4.35495061339515 0.600142461485672 0.496931749662381
Stx3 4.30621795025194 0.622476477993052 0.533873743666678
Ckmt1 4.2845708271846 0.382968887937417 0.221527911160677
Snurf|Snrpn 4.28415343039008 0.0115803077228831 -0.451015519010326
Kalrn 4.2817728035861 0.207180667035629 0.0440064646116217
Slc8a1 4.28164260977194 0.630386736262647 0.564098977577643
Tubb4a 4.24432517256643 0.254544602788559 0.0488742786468784
L1cam 4.23726187253084 0.669221585565034 0.595013715897043
Klc1 4.23286785880321 0.567097008180049 0.690881466015753
Tubb3 4.22355830321564 0.149399868813496 -0.0140837111582387
Rnf157 4.19924017190162 0.659767648338602 0.714658962364015
Asns 4.19825226874677 0.15845004901119 -0.0399288256983596
Plppr4 4.15768458942491 0.579553109337689 0.523284660141373
Tceal3|Tceal6|Tceal5 4.14551640217003 0.475772528197526 0.388089360510886
Pcdhac1|Pcdha1|Pcdha4|Pcdha11|Pcdha9|Pcdha8|Pcdha7|Pcdha2|Pcdha10|Pcdha5|Pcdhac2|Pcdha6|Pcdha3|Pcdha12 4.13473485021342 0.512638421426006 0.421968249740879
Parm1 4.12503103173098 0.527035678315472 0.423447444237882
Slc4a10 4.12144461813929 0.637938063070283 0.58147849578894
Lypd1 4.10394133273907 0.553424224407565 0.509219187682529
Tenm1 4.0963693526427 0.819816847454091 0.748071430056022
Cyb561 4.07372376129609 0.677464594240593 0.634277323934247
Tub 4.0663611453547 0.563224729738949 0.505331842876708
Tmsb10 4.06417982351343 0.50142280484746 0.466851898041861
Ncdn 4.05681355834875 0.503784813266245 0.395966264330742
Rab3c 4.05278367208973 0.097719628998362 -0.00968080306702864
Nrsn1 4.0417655340697 0.581094975461517 0.551871540694047
Arhgdig 4.02784456508906 0.51393078391856 0.435494510906618
Tacr3 4.02336219632505 0.652012021986431 0.513540067873265
2900011O08Rik 3.98490463712808 0.543020976356174 0.502675813683002
Sh3gl2 3.97829012015872 0.556429306682146 0.663681897271379
Gdap1 3.9770316678063 0.441030562453296 0.366185068416324
Tmeff2 3.96737762323845 0.34736576187616 0.667700934026614
Spock1 3.96136242211456 0.60766386635426 0.524417867109902
Cyfip2 3.94820189556228 0.40651389252892 0.350699791865506
Stmn1 3.9368953744689 0.0862434086244312 -0.105345651459487
Syt1 3.93605802560168 0.21317920740751 -0.10678065879951
Cbln1 3.93126653462451 0.44061499874477 0.311777363092298
Acot7 3.93083643394407 0.312841972477958 0.13424355846468
Mllt11 3.92029416277043 0.513565206621866 0.525025092096641
Stxbp1 3.90962542385555 0.639800489189917 0.592759205139644
Kif5c 3.90396558642154 0.501012527847543 0.408599576037771
Atp2b2 3.90143481464234 0.672852147436415 0.768808329529506
Chd3os 3.85191723328107 0.460131833513768 0.390634849411714
Epb41l1 3.83815395629447 0.748065384226097 0.790887344556867
Ptbp2 3.82504145140813 0.6078950212242 0.573646506743443
Gria3 3.81908747243987 0.500846883590606 0.354018264078392
Slc6a17 3.81829974970192 0.644447862805026 0.549974803345633
Pcbp3 3.79754067995574 0.666231987657455 0.655172571021876
Celsr2 3.79013456137496 0.525133907014611 0.295499772070754
Bex2 3.77378092349881 0.634501458621425 0.686976475038809
Atp6v1g2 3.77167031452684 0.3108242924926 0.0460897365619847
Slc17a6 3.76072175200391 0.506952763818023 0.360975689802676
Cacna2d3 3.75751811027663 0.553620690174283 0.461761622659315
Tmem158 3.74707482554638 0.486467968386825 0.395918732825749
Aldh1a1 3.74141309576169 0.455844563706921 0.168623529108253
AF357355 3.74058036418269 0.642043073688876 0.454561071505903
Sema4f 3.72463814994577 0.560108169858071 0.506974738703325
Ly6h 3.70882171213218 0.493786706204346 0.357657665099607
Fabp3 3.70724115720027 0.36494876288236 0.271936318026146
Pcsk2 3.70088732352259 0.4580985399723 0.35707630618327
Sept6 3.70058313803884 0.642121279370514 0.604774998350726
Kcnab2 3.6797184729214 0.617928037277907 0.579540026375299
Tmem191c 3.67918804777639 0.627973140377656 0.643817571044678
Cers4 3.66525578568584 0.576379314403222 0.485718395587297
Chrna6 3.66321224770716 0.666633960553923 0.488651687588783
Ebf3 3.65897335113062 0.545447217080338 -0.124481301708697
Grp 3.65843470138812 0.430985243303853 0.261380637687145
Calb2 3.65558317857205 0.666001108106584 0.610444974816654
Slc1a4 3.64079792766312 0.334535597545085 0.274922062415132
Slc1a1 3.63953916608159 0.37684348448069 0.236948068621666
Sptbn1 3.63752466531087 0.442694884182885 0.238097706428284
Diras1 3.63312473882104 0.545572485116014 0.443019589552582
Meg3 3.63304640611284 0.608536101697863 0.543236765849123
Rgs8 3.62696454072533 0.665228478555466 0.615178637223014
Amy1 3.62664504829015 0.369511457977402 0.151469827256267
Sms 3.62372132265114 0.818146685396407 0.824336877108728
Ret 3.61902465234791 0.482698598323263 0.235350063674869
Cdkl2 3.60955961512573 0.317020004302321 0.0903699926933268
Dlk1 3.59054290455045 0.72045597377534 0.613122589210187
Klhl1 3.58397306854686 0.640463056494844 0.509612355023014
3632451O06Rik 3.57505888476796 0.281550352960556 0.151662160811565
Nr4a2 3.55124494225838 0.684488875661266 0.624314090539047
Ubfd1 3.52423361456833 0.528053537068676 0.351868603533795
Apod 3.51537475359361 0.199792454163183 0.237037783977293
Brinp1 3.51333238940412 0.223446128973076 0.0482328043898319
Pak3 3.48546464914426 0.491102989320713 0.407263404106189
Msi2 3.48404017242735 0.34363215403014 0.060761959158909
Olfm3 3.48291021783827 0.71847566410535 0.70582282805022
Prkar1b 3.48270425673434 0.412239473563147 0.330464675289098
Rab3a 3.47165560363768 0.628614417252116 0.61418835547416
Atp1b1 3.46746333555339 0.512794785705464 0.470122689193926
Cacna2d1 3.45246108764986 0.737594068562481 0.695734149699027
Cntnap4 3.44768200163366 0.594084641735049 0.479511806507579
Fbxw7 3.44718887086478 0.627050306075456 0.543698144272073
Ghr 3.44183324066123 0.283719256061897 -0.0686713877697754
Rgs4 3.42268570239694 0.45566178078186 0.371420403875443
Pcdha12|Pcdha4|Pcdha6|Pcdha7|Pcdha11|Pcdhac1|Pcdhac2|Pcdha5|Pcdha9|Pcdha1|Pcdha10|Pcdha8|Pcdha2|Pcdha3 3.41917474115543 0.433550759198922 0.323965536189677
Gad2 3.41009136869946 0.469316906266899 0.25975726452859
Tro 3.40463807445093 0.709925444561073 0.681661000368166
Plcb4 3.39825259336119 0.0162488258185712 -0.49454231028465
Mal 3.39180084658206 0.241695840893335 0.33277247340791
Slc3a1 3.37545121119978 0.155330434047309 -0.193831345584037
Tenm2 3.36937915190894 0.241884218484811 -0.0792936679045819
Nsg1 3.36642680491372 0.547292023715713 0.464796300480617
St8sia3 3.36603382530396 0.265462909588209 -0.00863163631567397
Ntng1 3.36586706043263 0.696153896860094 0.652266794694745
Klhdc8a 3.35984937986298 0.535991845514949 0.427057103808276
Eef1a2 3.34950522076774 0.485560936036412 0.362318885413242
Cck 3.3485033705604 0.414042576022041 0.26293039450682
Etl4 3.34517078409068 0.351812086327039 0.181781739455132
Sv2a 3.34245098654166 0.453647584431955 0.369898115199626
Ptprn 3.33396068742443 0.750999431867158 0.738722182890178
Cadm3 3.33104166971575 0.735964542423628 0.696754577673714
Fmn2 3.3220527152958 0.370745380023634 0.159910240905516
Gng13 3.30722049548552 0.185672674579914 -0.0723533012568577
Myt1l 3.27359198642645 0.423279063953914 0.33006213998826
Adcyap1 3.27199961350136 0.604062872595904 0.459102952300933
Hs6st2 3.2584160975804 0.47321608966714 0.346583460187218
Ntn1 3.20356300461723 0.558658810460589 0.465179214767383
2010107G23Rik 3.18486992168878 0.377484333263416 0.235588078815796
Myh7 3.17627438650934 0.277224890104107 0.0909577309271722
Fmod 3.12342079692125 0.133234470714819 -0.148467579963815
Caprin1 3.1057712179098 0.301447915129755 0.0486224382066513
Grem2 3.0988560155467 0.797504560054043 0.757292575683453
Cdh8 3.08211285714905 0.500062905825691 0.36576430954585
Arhgap20 3.05548334344616 0.278791799977816 0.0968090303896421
Spint2 3.01418625525853 0.662106996513127 0.629838006435298
Uhmk1 3.00724475183793 0.0413797521664579 -0.428040546046429
2900097C17Rik 2.97385048776212 0.0452244602595137 -0.293677191487937
Pcsk1 2.95939338594422 0.646105603490001 0.513403457944834
Kif5a 2.90905531321967 0.0669261223384188 -0.36694759837267
Etnk1 2.88542178574582 0.0667807211597446 -0.46038659770524
Cartpt 2.87389850398218 0.335259723927112 0.0813214603601492
Gabrg2 2.84216416098919 0.578297893724953 0.480531373302026
Arhgef7 2.84190191400939 0.225231704799752 0.019498425815338
Baiap3 2.83572392448849 0.659019847894914 0.555404397007733
Fto 2.83418320752997 0.0496377981904037 -0.467290424088029
Clstn2 2.78317286040952 0.702854045402699 0.634929492008149
Ntsr1 2.77249190026868 0.471777915822821 0.288033339472004
Zim3 2.70977272303383 0.567543621539565 0.318371635304827
Coq8a 2.70798771963419 0.134024954050359 -0.178833128463526
Kcnma1 2.70711204698881 0.395254522108528 0.273448694260657
Akt3 2.70700442773748 0.0867690983923856 -0.358873256330525
Lrrc3b 2.69442286964889 0.656036322180457 0.578543156285028
Akap12 2.68743972698326 0.251824481840718 0.0561810134479205
Syt17 2.6860977603029 0.575135098743849 0.485373873660111
Rbp4 2.66635571223477 0.529328560771646 0.409025356410807
Cygb 2.64264957174526 0.520691497676246 0.417998767379678
Lamp5 2.59843299856309 0.0752167716002244 -0.0222783433801678
Pam 2.59344520500083 0.418398892442032 0.247605665862039
Susd2 2.56534206786588 0.64861587941586 0.523686386216266
Rprm 2.47525504917128 0.081040454151128 0.0425684960797414
Chrna4 2.45868959058256 0.725896848647193 0.684576919734255
Vstm2a 2.38862509248322 0.269496852700193 0.189606874913838
Vtn 2.35382778613532 0.0971892810570012 -0.096728453901883
Kcna2 2.3143809529781 0.678550504714953 0.610621311701043
Dock5 2.25802937604786 0.278442778937134 0.099110217178191
Coa5 2.17017326949676 0.204626558394316 0.0231498362707322
Add2 2.08691615654874 0.0962116311149819 -0.286962542341142
