209378
225998
75541
12406
13527
17387
56376
20598
12444
20682
21859
27360
23972
29873
107747
76187
67896
13998
104174
102644
30956
74013
210126
13175
14184
53896
18679
58807
14813
70097
72014
16007
104776
53412
107869
67122
13138
14633
29820
18508
18760
67916
26362
216190
13618
56448
97064
18212
20971
30937
14366
13649
73284
74114
229534
27494
56188
14230
20512
12950
108052
14451
76257
20678
81879
11829
74519
68385
58187
13123
20498
22329
83925
15483
19125
12411
13731
20917
22350
66873
57738
12830
16870
14221
56473
11758
18128
19038
243914
57265
12494
18682
66277
58237
54326
16816
14623
22330
19283
50500
12505
57319
68607
81840
58238
98396
22339
232146
14560
116847
329828
16008
22421
29815
27273
27226
216739
140492
67111
69239
12496
19013
13850
219151
16525
223254
53972
75475
11761
14261
106648
64385
94180
69538
14066
17986
13602
19309
18217
228357
