Aqp4 8.65374457146886 0.752457537560806 0.883748625533659
Gja1 8.47293093026653 0.410455006947258 0.553656114820993
Mlc1 8.07590185209821 0.764653126583961 0.825378370026054
Atp1a2 7.92911890373369 0.613501464264039 0.869750555250992
Slc1a3 7.72879637799422 0.775786194841154 0.807293456785459
Fabp7 7.60665733542663 0.390544993887678 0.177649719014433
Bcan 7.53070701492063 0.576940200097851 0.745927732045758
Slco1c1 7.46463339258105 0.860148737004425 0.87299018999373
Timp4 7.35669222997342 0.495815712551808 0.324236408148064
F3 7.23784962441673 0.732029546526835 0.722474428275171
Gjb6 7.23250530482103 0.663234963027054 0.734317573133935
Dio2 7.19442531714375 0.721299447032812 0.787471722733219
Slc15a2 7.17080387474839 0.806387620525038 0.880663713883188
Vcam1 7.1592833319408 0.665568932506859 0.735221645514732
Plpp3 7.06839402568957 0.559593199120666 0.811978819760046
Olig1 6.8643208682996 0.210261533442418 0.773403160142552
Ntsr2 6.82745644131288 0.724739093623264 0.728002606316933
Fgfr3 6.70142701305958 0.810152089965602 0.802723370783223
Tril 6.69427732366023 0.747687323104945 0.806142741710318
Acsbg1 6.56981537647605 0.823092962692007 0.848146629069874
Mertk 6.5196417597717 0.741383402226106 0.0261893883636564
Cyp2j9 6.49746392516037 0.666045607499267 0.716019828295686
Apoe 6.43079997707125 0.363154374511504 0.666574378143419
Aldh1l1 6.42017751978614 0.774767423088854 0.846807638617003
Pla2g7 6.41077745445743 0.782307817955849 0.76681796750778
AI464131 6.29930055390153 0.860205409291957 0.873227347698636
Gpr37l1 6.23922861877687 0.553859997118321 0.733083747780239
Itih3 6.22576698856302 0.437623429517731 0.183021296056439
Gpm6b 6.16259298173702 0.405791554838796 0.327706582400241
Elovl2 6.12681737396898 0.861948341232992 0.86953099495067
Pon2 6.11894839037794 0.411238812237064 0.559229481171783
Cyp4f15 6.10925552812845 0.924537456718487 0.878377662992803
Ezr 6.08407878774431 0.82498878630526 0.880660169033498
Tnfrsf19 6.07509612966329 0.834787833061844 0.883201807792334
Slc7a10 6.0622576642186 0.88928144320434 0.852061872672263
Fzd2 6.0611972353931 0.784819741034742 0.802411547201338
Xist 6.04865770901773 0.54086202469201 0.0438292083858103
Grin2c 6.01553685916133 0.913173829550895 0.885704494706284
Tlcd1 5.98190342366373 0.795707675578669 0.744216793632352
Cldn10 5.93020232902744 0.818027212474261 0.725881227177818
Kcnj10 5.92735533243595 0.381005001317533 0.460499408511415
Tlr3 5.90591606293172 0.763541421661633 0.858261417080183
Car8 5.90323014538825 0.503116493820969 0.147790851630843
Adhfe1 5.89543778142276 0.717570250282145 0.712598130426396
Cth 5.86996049133477 0.810136584624582 0.815719197888649
Lhx2 5.85606097675616 0.602512514989807 0.610148485900611
Pdgfrb 5.85518386388843 0.786146437170805 0.636663458131484
S100b 5.81839767290065 0.142610466465516 0.122987472536489
Mfge8 5.80233675048023 0.707901775728217 0.776185206189974
Ptprz1 5.77137437578314 0.726682300327087 0.818828617240286
Eva1a 5.74951064297767 0.716596193321947 0.738276592709824
Igfbp2 5.65703429712266 0.702710537604256 0.408553467766989
Scara3 5.65586111779806 0.74133834048886 0.788206465049001
Il33 5.6269419636111 0.446520280775893 0.108817894612257
Pmp22 5.61120852933737 0.31977515074244 0.102555722127942
Wwtr1 5.58609023589013 0.644554159025425 0.756990704355561
Selenop 5.57791508192235 0.173210788333181 -0.0216241545472818
Slc9a3r1 5.54367020103392 0.540836037055434 0.646284895513653
Slc1a2 5.5400676509021 0.881760801740464 0.874610353082353
Pbxip1 5.50740655437781 0.799215307098006 0.720814282442406
S1pr1 5.49598154568971 0.835784836381448 0.758346552535745
Cyp7b1 5.47385129472297 0.750102548236768 0.810292241294542
Scrg1 5.42761482330233 0.331519951502765 0.112704087755725
Slc14a1 5.42271226174673 0.871967456751151 0.81487755164395
Rlbp1 5.41422329627724 0.462469380968393 0.151462428712924
Psat1 5.41251412868916 0.241508014387054 0.0998992642256209
Ttpa 5.40654354230377 0.829559877049444 0.772672191450678
Mgst1 5.39546724238998 0.565553585820385 0.57022102100166
Reep3 5.39347673360419 0.210254952339003 0.158575198262574
Itgb5 5.37116696146482 0.549783701016727 0.73439783258758
Hes5 5.36259215229416 0.546997423336625 0.269336182674246
Smpdl3a 5.35642810255917 0.758608122700662 0.856539361347333
Gldc 5.35071613058284 0.796698752202068 0.734191753881614
Prodh 5.34136114224292 0.865120130870421 0.848159221691957
Cxcl14 5.32495302004339 0.401607374705565 0.183514787872919
Ccn1 5.30358011384234 0.822053800006519 0.646490000365775
Cyp4f14 5.29721119907482 0.882447523110824 0.858832994772507
Ctsc 5.28508531214858 0.477275751119717 0.529832847727897
Zfp36l2 5.28286071965407 0.494881427753808 -0.0397896095159471
Lrig1 5.26904147333188 0.777245276409415 0.830589349699285
Cyp2d22 5.26631638890442 0.886138313144942 0.859198077982984
Gabrg1 5.25344409807231 0.757440531320872 0.756990714669715
Aldh1a1 5.23942851571957 0.47612825876251 0.0770776040239592
Acss1 5.17450488035101 0.633370390308227 0.68089049441288
Pdk4 5.16260563090571 0.681362552485339 0.59812531115307
Lcat 5.15635312538661 0.861116278366616 0.858793961130153
Phkg1 5.15149097243464 0.867836773766242 0.813405923972753
Emp2 5.14113920383758 0.879405339086337 0.828243719390891
Ppp1r3c 5.12855857437639 0.701440311228211 0.735751623222543
Myo6 5.10976103477668 0.694501788012172 0.540453592895223
Cd38 5.10308618988808 0.8825615462584 0.780415940143321
Id3 5.10253123732287 0.477869105667925 0.182893338258483
Scd1 5.09910513968655 0.440274694720723 0.364739874341661
Ccdc80 5.07725723526748 0.825078958060997 0.844547447434942
Tmbim1 5.04942437502578 0.220869994504076 -0.0109066754384885
Fermt2 5.02767479523354 0.390250701263253 0.811857104378506
Itih5 5.02576399623569 0.688848018049757 0.76119937279555
Id4 5.02418803692202 0.515125926802173 0.510556664812665
Notch1 4.98410256709521 0.744484133469382 0.764167174464022
Oaf 4.9591819968724 0.773436907592454 0.798644918569623
Ptn 4.94109234185578 0.185631091173884 0.11003966012837
Asrgl1 4.93999338084264 0.369691681683369 0.290279942573485
Zfp36l1 4.91425302289673 0.347833538965822 0.240107344389942
Gstm1 4.89632486173347 0.595263024328634 0.54981590680719
Slc1a4 4.88575655063657 0.658302426619699 0.725390396326719
Axl 4.88206417000844 0.87888913652555 0.80705582270249
Itprid2 4.86649028944835 0.589323538228945 0.159678465284474
Htra1 4.85774388074024 0.506739702811765 0.622722836961478
Egfr 4.84251299292784 0.895234704742858 0.826145671569454
Slc38a3 4.83352330932476 0.89410576016563 0.862967923624543
Nhsl1 4.82858767772967 0.674225119655274 0.724558055450522
Ttyh1 4.81996458859476 0.59706437754782 0.681241771901208
Qk 4.81235230861642 0.117256804788461 -0.0744423450645135
Itga6 4.80421877028835 0.712999482601718 -0.124700103526212
Slc13a3 4.79598348972363 0.498641803621586 -0.193862519524303
Sept8 4.78752819880362 0.490886129629678 0.255090336416462
Gpr37 4.78668537545049 0.257742226191819 0.339781304561819
Abhd3 4.78046150775675 0.550451337217709 0.815388513410911
Papss2 4.77153968277953 0.75901382993165 0.734667449623514
Btbd17 4.73206233063076 0.871276190906378 0.848551679387617
Gpld1 4.70831830599988 0.798852941316165 0.808736437227135
Fads2 4.69598315664559 0.843072312671109 0.84631677585485
Adgrg1 4.6930676254748 0.691373545707978 0.381297856642244
Cpq 4.68485959139387 0.679960906749388 0.803021083384037
Timp3 4.674315209545 0.67401268748297 0.333495264949917
Hapln1 4.6683110100648 0.778527649511545 0.758635480881868
Antxr1 4.66676849410658 0.632183380611136 0.819460475563837
Itpr2 4.66052308096149 0.524457650028568 0.125444356554589
Cd9 4.65836612720904 0.178683017794039 0.163936514707816
Msmo1 4.64822940548548 0.537833135919112 0.410188295635445
Amot 4.64392978000646 0.810698724000198 0.892030538981987
Hsd11b1 4.63723548778493 0.862314460716999 0.869708137028889
Fgf1 4.63324859881595 0.532176458392268 0.628185946958261
Pttg1ip 4.62721304435094 0.285234774953016 0.0536159734314513
Nat8f4 4.61321699337824 0.772992050469463 0.774272554907464
Stxbp3 4.59947667666034 0.192314707533471 -0.0631832247857387
Ntrk2 4.59660173181234 0.6874466891575 0.728940262777291
Mmd2 4.58195391866294 0.319025208803885 0.520948834756598
Soat1 4.55185167148089 0.620863977225962 0.305472115319303
Galnt4 4.5428248197576 0.645434273124031 -0.0888496445825484
Efhd1 4.53086686054141 0.261623425930967 0.38748675074385
Tgfb2 4.5206031627528 0.738316964866956 0.719691752216716
Notch2 4.51352568223754 0.570556375326789 -0.0431145382667697
Cbs 4.50388796967788 0.882166238423853 0.872145789365819
Abca1 4.49985771375443 0.662902753580053 0.134537026901349
Ptch1 4.49057656720677 0.626431565427166 0.759646177621088
Car2 4.4673135082521 0.255642643093945 0.00128426818812924
Tmem100 4.46728297354297 0.414888467312746 0.0974590490891886
Prom1 4.46375094949136 0.424703810678116 0.280166162214014
Fjx1 4.44961305243614 0.746909030994962 0.851385642951651
Prdx6 4.44190933481111 0.602337493622186 0.656825804103533
Lmcd1 4.44122570926191 0.677495061531289 0.54919992736903
Kif1c 4.42488576566908 0.574154873721355 0.589613741459378
Pdlim5 4.42149926478793 0.60187113905983 0.689095577245787
Wnt7a 4.3979123348283 0.686987763459501 0.632391831925148
Col4a5 4.37885799436775 0.904282617051704 0.871628031328121
Gna13 4.37605095431598 0.547000448444172 0.365976995374097
Entpd2 4.37553225986387 0.854077890622911 0.865916008533516
Elovl5 4.37115114197633 0.583172423663468 0.56619220792534
Slc4a4 4.36328482417871 0.723560202661042 0.754373326996894
Nrarp 4.34929517437026 0.671574486526767 0.482849134485129
Rapgef3 4.34718810226868 0.416213922253546 0.335395972496605
Plp1 4.34413452397931 0.0939850899491969 -0.129108166390124
Fmo1 4.33186299646221 0.697434012673404 0.761797626185232
Gpam 4.32698430018167 0.769334567524751 0.896742633499248
Pdlim4 4.32697813195009 0.546367145535866 -0.10726267715303
Stk17b 4.32644902842024 0.597227701809316 -0.0309181338982068
Gdf10 4.30524422784356 0.793087159162797 0.767934924302004
Gpx8 4.30400181639842 0.539291378467433 0.40611633808638
Atp1b2 4.29918707510826 0.634654424018555 0.765441939397806
Pdgfc 4.29486088036345 0.34125691933766 0.299818840465675
Pnp2|Pnp 4.29258347779849 0.455982484277856 0.717571443896628
Rftn2 4.28969246622972 0.648361495148961 0.580022633254166
Plekhb1 4.27482725988145 0.190539768795389 0.544142483318154
Sparc 4.25188667651251 0.415543470626125 0.166671250118183
Nfe2l2 4.24522027648791 0.382730888928677 0.226473357911396
Dtna 4.23893951303601 0.729745854688026 0.797721118215267
Gstk1 4.23018493756022 0.39930781388035 0.616503516821624
Lamp2 4.22703140611533 0.282418720949473 0.13123191019055
Tmem51 4.22228014076949 0.782709140240396 0.65718091844381
Mical1 4.21201634205256 0.520601908565662 0.0144764755355462
Trps1 4.20754656309347 0.656235490410978 0.731823877429972
Ndrg2 4.1666635631185 0.594215894923831 0.508374393640426
Cyp4v3 4.13650966093756 0.701075088101087 0.610980030295918
Tnfaip8 4.11156617226343 0.412379558645165 -0.0687511326400445
Fam181b 4.10917452533205 0.623682017379902 0.51287461459383
Zfp521 4.10824603463282 0.380776648463836 0.265793070549569
Smox 4.09625877694482 0.329781713119358 0.498146154257842
Selenbp1|Selenbp2 4.0859263733668 0.541551769149056 0.746311436738478
Nde1 4.085876698709 0.290076534978066 0.0728356395863586
Heph 4.0710034546065 0.903940876040602 0.864086925561756
Fkbp10 4.05963748437277 0.891174605125923 0.899516779543883
Ndp 4.05688133115212 0.694331523519195 0.631767424613954
Fxyd1 4.05634549287185 0.74713894817682 0.660596061160108
Prkd1 4.05404384412949 0.670285878795387 0.67864565889689
Dock1 4.05358895684842 0.433190746108019 0.700167376680665
Gli2 4.04979108611995 0.835666229031973 0.727899569828006
Klf4 4.04819545381782 0.34386458790222 0.0724962868790913
Myo10 4.01717421473877 0.761238308382138 0.648873162901774
Fgfrl1 4.01249437665039 0.672412624524721 0.592152786115701
Tjp2 4.00323271394131 0.365367210560736 0.298894276727576
Lpp 4.00303882076129 0.830911184905288 0.688617377779324
Phka1 4.00242338855251 0.764108423853694 0.875128869026012
Aldh6a1 3.99818163628133 0.530670676514044 0.76723316164955
Pnpla7 3.99487523542642 0.698029157046274 0.453948081481576
Clu 3.98078240837227 0.775474607588074 0.7798997051574
Sdc4 3.96949753629209 0.781578603728581 0.757489124014108
Add3 3.96757275507088 0.663658890240627 0.705829514370196
Slc12a4 3.96745489293709 0.71611761811478 0.703455991387444
Sat1 3.96171286808268 0.53338059287477 0.00672742670191776
Lgi4 3.95405170582128 0.894140307944754 0.841493115620949
Igfbp5 3.94206380899506 0.58133941157182 0.674701364738412
Slc41a1 3.94142607703306 0.769062846784543 0.81829235557968
Smpd2 3.93400547244363 0.690103532173189 0.795528071005179
Gas1 3.92900773425426 0.588333052612906 0.433860113387943
Ptpn13 3.92003981253446 0.590471032892536 0.426598513895313
Zfyve21 3.91944639530348 0.319515548407949 0.356912998920361
Crot 3.89564425445953 0.591486520130991 0.598351629663525
Acot1 3.8916842920505 0.251892865892937 -0.0615653343210839
Ncan 3.89127938819393 0.603711759457892 0.692164374383692
Pdzph1 3.88320481709209 0.776521062707197 0.682676867270913
Glud1 3.88107876652955 0.852352336563923 0.8515726554096
Acsl6 3.86982233787308 0.588975687294938 0.83016356117573
Il18 3.8660360718219 0.322271107350469 0.648888538704206
Oplah 3.86105911159083 0.805050587720786 0.854297704592262
Cyp2j6 3.85947369751542 0.375076560849334 0.220474368610902
Mt2 3.85863136094111 0.498027121146233 0.308782290398383
Tspan7 3.85564891375191 0.658659737802555 0.209074592147396
Cmtm3 3.84789089592268 0.497488244370253 0.350685265855695
Txnip 3.84753668834799 0.537080975156596 0.160704543657083
Trib2 3.83928821116419 0.326373790908328 0.0679019449093678
Aox1 3.83751336287428 0.84899359957004 0.593480709364445
Pnp 3.83727003911758 0.492841507610158 0.711749559477843
Sox9 3.83685892948598 0.870756000286348 0.815667146281661
Mmp14 3.83548119226672 0.738842396393835 0.649927060941807
Lrp4 3.83179491066738 0.743315846763139 0.804610416030568
Ednrb 3.83029239724909 0.730563575554079 0.520434038689209
Jam2 3.82236145734974 0.512597832549691 0.573135742514549
Kctd5 3.8132573619308 0.504661155490371 0.539425238475373
Eps8 3.79869516626312 0.40775655002687 0.274340052452792
Ppic 3.79777988082712 0.742727764404756 0.170236999477278
Acaa2 3.79139535338057 0.737449361861766 0.827896152385887
Fgfr2 3.78271646159661 0.476745662168359 0.224298672133077
Smo 3.7813311729832 0.59964852061718 0.411357834583786
Appl2 3.78107401473248 0.780075232398263 0.87217436084173
Kcnn2 3.7676979127277 0.543929302841328 0.0865752001585932
Celsr1 3.76186548616704 0.896206021818361 0.788861415891463
Pygb 3.75988138628074 0.789487595714997 0.869773255614445
Adam17 3.74812314630213 0.402728487190093 0.393398933002628
Lpcat3 3.74418245499939 0.567116422392996 0.370986664449744
Sorcs2 3.74352890072062 0.687694357371571 0.686460105111303
Tmem47 3.73627104407597 0.612543073625936 0.734182590864795
Vegfa 3.7302129297421 0.771551256209879 0.606939072247134
Srebf1 3.71624810548262 0.788799492077966 0.838046924289854
Rhbdf1 3.71014062538949 0.740882717859444 0.744347241411024
Vcl 3.68753628699813 0.655474077932756 0.834447342014904
Klf15 3.68491522133729 0.609105495619455 0.617622827277866
Pygm 3.67099909700783 0.784531639123191 0.590847449604725
Glul 3.66507058672953 0.426117725714259 0.483954526692674
Aass 3.64781846308713 0.892116318359514 0.804450685738106
Adamts1 3.64358854426209 0.548773272261743 0.755898601202052
Prelp 3.63825148498201 0.735105441385805 -0.0472301173706425
Sash1 3.63621173985701 0.5717334723674 0.787702825121012
Agt 3.62879313676773 0.829507177345803 0.690494262672607
Slc16a1 3.62620703776632 0.440231024061475 0.258266413583417
Hacd2 3.62389424163736 0.642516599996769 0.733832603403636
Igdcc4 3.62292683465012 0.69065660095041 0.743135159352219
Smim3 3.62023343448765 0.499482318592743 -0.139194413983646
Mdk 3.61255018708609 0.560166102096677 0.285362125560138
Naaa 3.60185274505735 0.779053363794551 0.692756615237975
Nkain4 3.59567516890556 0.707487603875008 0.578598975017792
Retsat 3.58037879627173 0.72324959426106 0.734791503390898
Sox21 3.57892193289205 0.684095628975499 0.428564846108335
Neat1 3.57603399691106 0.593703706103233 0.0357790901123398
Itga7 3.57379848207509 0.750993737043171 0.547741923515841
S100a16 3.5737665446316 0.294278500247666 0.145495965397372
Cebpd 3.57091025290346 0.298261248641514 0.0515271636819113
Asph 3.57043120706638 0.573820870114134 0.205598381384253
Serhl 3.56915988988431 0.699020827232391 0.748079539117632
Cnn3 3.55870893246855 0.273292443775605 0.406596768592915
Gprc5b 3.55405587225921 0.419159973766452 0.620463981128328
S100a1 3.5462159078833 0.218011539785183 0.0427421537797832
Sema4a 3.54525013247782 0.585253347356774 0.0265022930980458
Nat8f1 3.54210541536267 0.721066056373093 0.668349711669731
Dennd4c 3.53712753377877 0.587786199791648 0.506901935824868
Tpp1 3.52874555663439 0.562222855619237 -0.0824802340412958
2810459M11Rik 3.52713877219953 0.593237442374329 0.318754240791455
Cspg5 3.52608138686693 0.652294661445573 0.594014793965842
Metrn 3.51130810019272 0.594230212479308 0.304947926651721
Bhlhe40 3.50722891034328 0.462017233622875 -0.0709135808643231
Idi1 3.48717043519143 0.140923058903661 0.0110287271495652
Ghr 3.48360139837106 0.685833503787163 0.642148990365121
Pax6 3.47112589670566 0.767474661904473 0.744023487542505
Ephx1 3.4694673772501 0.559564387832413 0.600545011183298
Cd44 3.46107895880416 0.802251069314565 0.679217302741677
Ppara 3.46039040002371 0.843680508183553 0.799276126241346
Tm7sf3 3.45453571491493 0.215935659234982 0.0410248052192741
Cdc42ep4 3.45403137389976 0.588166717339362 0.606640087447891
Dag1 3.45016941218741 0.754256587837843 0.689539125893578
Tulp3 3.44923764137714 0.689701884569101 0.700509459762376
Cyp51 3.44461101219536 0.515255665884786 0.297086766087935
Rdh5 3.43859540873287 0.823319440246466 0.735891528466972
Scg3 3.42914631035492 0.619654745428559 0.840175053965371
Derl2 3.41546098108232 0.179466072201177 0.157240195705354
1190005I06Rik|Gm27021 3.41462462082626 0.447655915677451 0.193042079486854
Hadh 3.40095805529271 0.233649519870858 0.0904872712437231
Lap3 3.40002876321076 0.342504832091991 0.427194014143894
Ephx2 3.39766083785557 0.751518843032309 0.770647772260621
Lxn 3.39476560735535 0.508238523011925 0.582155041406133
Mid1ip1 3.39382223573281 0.35554182082918 0.492642271062862
Dclk1 3.39022664280048 0.475659087028695 0.552852250690686
P4ha1 3.38607956236189 0.44845859286414 0.0153487355130627
Suclg2 3.3825999576023 0.588723098108523 0.154705569909139
Selenbp1|Selenbp2 3.38076714690077 0.683118789918609 0.798058883221447
Ak4 3.37998645415109 0.421229827532453 0.314112517169563
Chst2 3.37974148781334 0.639116696474101 0.605021366189016
Elovl1 3.37711361626713 0.129444058692361 0.482557949779707
Cbr3 3.37287425895586 0.42363026264697 0.285302631312132
Carmil1 3.37059881633033 0.647045226793751 0.508799072343809
Rab31 3.36390639845188 0.149913604513852 0.237256674681233
Rgs5 3.36222893355864 0.55336374068431 0.146645820185533
Fcgrt 3.35621163137916 0.603661981276434 -0.0875959106266034
Hnrnpa2b1 3.34564446907729 0.620015429946573 0.024113012278018
Tenm3 3.34016307521508 0.708778514665407 0.769725442225614
Dhcr7 3.33305218079834 0.468049158200473 0.204773566838275
Gfap 3.25612990968815 0.704289835649926 0.400976057463169
Tnc 3.21922203358627 0.776107256951571 0.442396491284207
Lamb2 3.19798451774812 0.781077217234224 0.770601719116414
Prrx1 3.18926032321072 0.480679792516834 -0.128268005319749
Fgd6 3.18386019671409 0.835469459154468 0.7705441186567
Mdfic 3.14820228774967 0.441634785437825 -0.150581632285693
Tor3a 3.1318170345249 0.696783318516665 -0.189967036375195
Agl 3.1057970438336 0.651520706377817 0.56053745396565
Tfcp2l1 3.0125805333948 0.807241571579355 0.645680356266494
Elavl1 2.97449444342061 0.432244814271176 -0.19332220557639
Fzd4 2.9350466235322 0.78028003504274 0.543831054952889
Ginm1 2.87509233713022 0.48787971776968 0.555373105264646
Ddhd1 2.79440442074815 0.645902711698857 0.426464227279488
Rorb 2.77827296175413 0.771431505567785 0.697775498103128
Gdpd2 2.77062589627067 0.797931161715198 0.654760472838863
Clcn2 2.73969161423279 0.588993111494456 0.462441553143367
Rnft1 2.68586662787956 0.567722066729882 0.586831569403115
Inhbb 2.67999015641506 0.467168010507644 0.321554331602304
A2m 2.64891763539197 0.833743527802762 0.634011997453123
Vav3 2.63079759255049 0.725815322011274 0.602724543499449
Arhgap18 2.62146624951546 0.660564035516767 -0.162287053575659
Gabra2 2.55188978004793 0.56487321014307 0.120777686881283
Lppos 2.42590233661711 0.703450699538816 0.580625765798297
Pou3f4 2.41370927684374 0.782248440740337 0.623938677716421
Itsn1 2.36751841010184 0.472029214490477 0.342150377872853
Cavin3 2.36588522466826 0.296640207397793 -0.149617418927992
Trim37 2.33743105881894 0.344900425152036 0.289299151452222
Spag1 2.25352739332978 0.735814834524578 0.739119121150274
Aldh1a7 2.25183000277957 0.470565232071811 -0.203836422569421
Ikbip 2.22768144015077 0.443251672409173 0.426648619560743
Metrnl 2.08489438842737 0.597799320640414 0.558283523169585
