Tac1 5.98491024536855 0.630075472994518 0.692550970349502
Pvalb 5.81400870153232 0.793674132344684 0.839519880864676
Slc32a1 5.21676508109028 0.39590525242738 0.254053563915057
Col19a1 5.13752408931694 0.479052911256052 0.20265679423624
Lpl 4.96128964549781 0.712235823643765 0.729294127232353
Meg3 4.87887092428982 0.293887307252635 -0.113035866466546
Lhx6 4.67652827329426 0.658294951918456 0.0963673176125472
Syt2 4.6722013943173 0.840077173870428 0.759047919712473
Cacna2d2 4.63236653427306 0.605083367770709 0.646432431771809
Rbp4 4.57678062692984 0.648873849921264 0.418265341497245
Cntnap2 4.56037976896106 0.339779262374746 0.232569556536187
Arx 4.53854847421231 0.302777272895972 0.276918346667883
Cox6a2 4.4834751430737 0.847385129461863 0.887236325756206
Kcnc1 4.39205204595957 0.395345631296765 0.0395498705526757
Grik1 4.21077356429761 0.333765406921443 -0.138439956204051
Snhg11 4.14300608962782 0.286825563940891 0.15987436325696
Myo5b 3.99893374304305 0.481432187679902 -0.0242161059985333
Cntnap4 3.99162173588364 0.522504600276329 0.41090759976327
Gabrd 3.97863943339895 0.638367833891791 0.765635151622608
St8sia4 3.82427682839754 0.474042888249178 0.389862161129846
Kcnh2 3.79627876452734 0.576276368927968 0.429235093836562
Ank1 3.75844261446014 0.596926123935104 0.380872066486769
Mme 3.69540249530476 0.828225775360547 0.704804762675703
Crtac1 3.59364379890035 0.414713648157008 0.015230418980935
Kcnmb2 3.58731463056013 0.5863363178206 0.518737763601485
Parm1 3.57400862061464 0.342203584892967 0.0922147382481501
Npy 3.50935293675449 0.258588231612335 0.294132469970185
Gpr83 3.47840977039707 0.670453410995705 0.412409391244623
Amn 3.47328104215544 0.547133738001759 -0.114947198346878
Moxd1 3.45872956717021 0.608351900586498 0.283243383351483
Npnt 3.42834209396666 0.472269672089902 -0.129072353554454
Akr1c18 3.41751099140065 0.806910716079902 0.789091064058037
Acan 3.3882485479475 0.851495107419531 0.738393960165193
Pip5kl1 3.38465732144857 0.820270374521105 0.756185596493692
Slit2 3.38320770518093 0.687431334449402 0.795097350504787
Nefh 3.38130627881092 0.630146560262615 0.714926428042166
Rerg 2.91980614474272 0.61736718229786 0.479114023961485
Cenpa 2.85982308928071 0.500970826237942 0.289341406631381
Cacna1a 2.82696220085883 0.64421711884739 0.626885650817924
Cps1 2.57958632269416 0.611702494225649 0.420784644740678
Adamts15 2.51969280511314 0.728740012336909 0.711511640886859
St8sia2 2.29036009910697 0.613774751489711 0.541636290840432
Ung 2.26026172095501 0.268319561363227 -0.0357365639319998
