Col19a1 6.29558350766849 0.199085902232053 0.13678204723095
Sst 6.25424528412682 0.42933854695143 0.488776083238226
Npy 6.17697594057433 0.284517021479125 0.0737852395319061
Reln 5.95359133347302 0.424358527885146 0.326444107966483
AF357355 5.55789699750554 0.213985568110007 -0.0346713811530593
Meg3 5.52802058945742 -0.00263485082262518 0.551918985594123
Moxd1 5.2179905032923 0.493253989915813 0.283243383351483
Calb1 5.07028317759555 0.279949387042486 0.288522956114614
Lgals1 4.98629886775854 0.343424020576322 0.542893020716364
Calb2 4.98210174936378 0.727107435219517 0.55898733529495
Arx 4.94284636971562 0.00633239510342345 0.276918346667883
Lhx6 4.87427160213439 0.248923270138067 0.0963673176125472
Slc32a1 4.72785764977196 -0.0315427439821596 0.251133207637968
Cacna2d3 4.56575471694815 0.442591644863167 0.730763247683864
Man1a 4.42091068949824 0.443570330227865 0.248414388088431
Snhg11 4.39733315931853 -0.0793616556161162 0.118027624136075
Igf1 4.16693807230566 0.426105325191265 0.405639403607509
Grik1 4.15922822928416 -0.00778903459087611 -0.138439956204051
Trpc6 4.12228467652384 0.908947842555776 0.802396325277915
Gria1 4.09130108750905 0.0817357261130054 0.0408374995263276
Gad2 4.00862007866391 0.28806476806176 0.252338110917006
Cntnap2 3.92837781878053 -0.0776847114210328 0.524921832184104
Timp3 3.83336896649344 0.338158310904104 0.333495264949917
Cdh13 3.82693383201199 0.390801710381806 0.386407539865412
Pde1a 3.81432844705756 0.356935735924055 -0.122521474918227
Dlx1 3.72434387840408 0.201987990114338 -0.0507968869212589
Dgkg 3.65129097313655 0.446293104245282 0.732414374937741
Sox6 3.62774541292643 -0.0667550105099097 0.0484381774047638
Rab3b 3.62449359627418 0.254377708774216 0.247102294746833
Kcnc1 3.61215968482226 0.0326847814965964 0.0395498705526757
Clmp 3.60310318827707 0.0663167728035973 -0.0990336308649575
Rpp25 3.49283547202185 0.181859911819827 0.333400866922591
Cacna2d2 3.47465665070274 0.0647957592269766 0.646432431771809
Golm1 3.44746886860024 0.337385217927488 0.173524869125943
Peg3 3.4350979942531 0.205321639583842 0.0456754201651161
Cacng5 3.43277006417942 0.523385664988904 0.587378087567195
Pitpnc1 3.40803209579907 0.278508611461332 0.672471225198251
Nppc 3.38211531814312 0.847598451150218 0.880050823903196
Cdh4 3.36866699465518 0.652771086655237 0.571921900501713
Fndc1 3.36681183808823 0.554336359824247 0.29510788946632
Synpr 3.36655908477529 0.321788789422804 0.473638461165775
Utrn 3.35398015177824 0.460217213819753 0.691032396821289
Mafb 3.3340396623916 0.445674835388201 0.614024877414747
Cdh8 3.32616796882374 0.53132300111167 0.536980746417408
Slc27a2 3.27138077853198 0.342691298569628 0.0588918085661208
Nnmt 3.1942742162536 0.586515027012419 0.301229769725778
Pcdh18 2.9601475263829 0.702340704334192 0.575281796547477
Dlx5 2.94227700653912 0.211436992805585 0.0447422643576143
Pcsk5 2.72004505057434 0.719783064319241 0.220581080983025
Ush2a 2.31998337849265 0.307402748132965 0.590752031816529
Klra3|Klra9 2.30619536006001 0.261673332298385 0.126959458792596
Lhx3 2.2963155488829 0.562860285074165 0.68723894475005
