Vip 6.959424052181 0.749054658608404 0.589160168271342
Npy 5.95410903134236 0.375883270138522 0.0737852395319061
Cxcl14 5.69953454174672 0.312705127712724 0.183514787872919
Reln 5.66141909300256 0.523689515938971 0.326444107966483
Lamp5 5.55501240204364 0.429700619501932 0.285480433492536
Tac2 5.45340037097042 0.842213356963694 0.708885273685029
Col19a1 5.26597749282844 0.202167630862701 0.13678204723095
Pnoc 5.0091686228228 0.637738672247911 0.623556083330461
AF357355 4.99612887604455 0.246466842731487 -0.0346713811530593
Meg3 4.96499373329456 0.0329722166192974 -0.113035866466546
Kit 4.873266429844 0.783786252709549 0.765699108896389
Igf1 4.82723488326958 0.620655670319798 0.405639403607509
Cadps2 4.79101705121737 0.425085711442365 0.610467459525484
Cntnap2 4.69966232157982 0.0738420530343298 0.232569556536187
Gad2 4.68472985824221 0.507300856345693 0.442046587697709
Snhg11 4.66517566078286 0.0753254833081814 0.240270197094992
Slc32a1 4.66278785991429 0.0821928581680097 0.251133207637968
Htr3a 4.63028888689053 0.849028704882593 0.844360781176429
Dlx1as 4.50169726335769 0.314984962742989 0.186988158628206
Cck 4.49541887596863 0.332694730707211 0.375631264120745
Sncg 4.38835323433105 0.852310844980818 0.560230596807205
Sln 4.38239618731378 0.887304881204511 0.758182341894159
Parm1 4.33176679121775 0.242027412610997 0.0922147382481501
Kcnc1 4.23939666932907 0.202510342654574 0.0874294057487641
Wnt5a 4.10115790978618 0.754810098094492 0.76936832480012
Rgs10 4.08041303181082 0.621634366470072 0.810662489834256
Grik1 4.04325880333709 0.0809480034758558 -0.0806054087547874
Ccn3 4.00072580578483 0.339882831752074 -0.126697625854924
Arx 3.91641891712702 -0.0268128679471716 0.440472599026505
Tenm1 3.89247604262042 0.295719256417858 0.034031987339512
Nectin3 3.88868112369283 0.608971984654361 0.658473816369235
Cplx3 3.84611761983382 0.795935576173598 0.799555679106512
Sst 3.80756363491881 0.161790873311975 -0.0517572700324579
Col14a1 3.70595363217043 0.817767592107654 0.720248665933239
Sorcs3 3.70247367315457 0.840100970280183 0.861685835612572
Calb1 3.69650593274695 0.162985979645647 0.0147188081525196
Cds2 3.69107339507272 -0.0224587142475708 0.0995845466931401
Cnr1 3.60465504608638 0.828015400678702 0.718591112175214
Arl4c 3.54553112607556 0.308912560077224 0.764797876648889
Dlx1 3.49093285466343 0.266773266770273 -0.0507968869212589
Grip1 3.46424521318763 0.226086722546783 0.178996409280134
Kcnn2 3.46126353987386 0.39131477964313 0.0865752001585932
Clmp 3.46021926362944 0.158085661482072 -0.0990336308649575
Crtac1 3.45128656136781 0.124153605359822 0.015230418980935
Socs5 3.4236833260407 0.279108904279993 0.572938041711444
Magi1 3.4086427878889 0.223798081071279 -0.057737655624813
Kctd12 3.37209785564318 0.514200526711406 0.347433747318668
Pcdh20 3.3464883701699 0.470716221727797 0.399565987457469
Peg3 3.32609287808931 0.302847289019354 0.0456754201651161
Plod2 2.78052690194492 0.249387660505272 0.206089188977989
Alk 2.7603574671268 0.238045584972794 -0.10375250777047
Qpct 2.74477846666694 0.253014372096251 -0.033464886207574
Dlx2 2.64504267716825 0.503741653787108 0.452026951516921
Tnnt1 2.51305227924715 0.655497541158215 0.412267885379613
Abca8a 2.21805973771038 0.352799373028831 0.122841064650032
