C1qb 9.50466234516664 0.898657767511462 0.826260272738749
Ttr 9.12335919529561 0.589010883327324 0.316776354853328
Laptm5 8.8254885292482 0.803042434148197 0.791436260745034
Ccl3 8.64991463231314 0.929827195577187 0.875010278610411
Xist 8.61176476300126 0.515247183503258 0.0438292083858103
Ctss 8.39846690411657 0.757671078521022 0.78372939665311
Itgb5 8.33965240911724 0.562017181106317 0.832456606116307
S100a8 8.33722740129928 0.97354167019463 0.94416928672183
Gpr34 8.22725132778168 0.967053978974792 0.949005732697826
Ptprc 8.13271021452362 0.954634483414109 0.92770960708297
Ctsc 8.04624134137772 0.528152692246825 0.742271812483732
Vsir 7.9508472170284 0.774137688381652 0.817507082236361
C1qc 7.95016770368676 0.913587317609561 0.855364296399817
Atf3 7.88322446492712 0.837227549340043 0.830918790269464
Fcgr3 7.84529362249802 0.929206892140946 0.920306466436604
Fcgr1 7.84436003989792 0.940082699793571 0.879459405437473
Fermt3 7.62402973867528 0.884272306096061 0.897143260497269
Lyz1 7.60351809986899 0.831368636905393 0.879523082964344
Lcp1 7.5693832637029 0.826440817392152 0.822900146558026
Lcn2 7.53822089512928 0.956717026385107 0.907947148580474
P2ry12 7.48726789239637 0.910647474449547 0.862550960007451
Ly86 7.47605733424067 0.917595189021228 0.907463383937587
Socs3 7.46457800345258 0.663808732187579 0.807573837512272
C1qa 7.44461803272848 0.905704278736465 0.851490235657899
Cd53 7.42578448594325 0.951761481853155 0.927687961573739
Fcrls 7.42210709670059 0.925568765209708 0.901292070530544
Cfh 7.3676614832634 0.912192877490243 0.926396449440359
Ccr5 7.35532637320775 0.966994558093477 0.963788597617164
Tmem119 7.35497617489467 0.922502833316615 0.914694448697459
Hba-a1|Hba-a2 7.34665032204433 0.824335708745034 0.800086411562127
S100a9 7.30936127589467 0.945229996647377 0.936985595138663
Rnase4 7.26813962432152 0.8800971330789 0.893119925283091
Anxa3 7.26737323972649 0.782841242682741 0.91864696667275
Ptpn6 7.22662333913609 0.957516904917685 0.962965014270181
Ctsh 7.21145911389427 0.889962494800527 0.921969990290907
P2ry6 7.19872151477518 0.962794120635727 0.958522990465114
Nfkbiz 7.19826554809347 0.700197637459717 0.843628959821786
Hpgd 7.19157575606766 0.837849165790879 0.902381875546933
Srgn 7.18710911534713 0.816998814336636 0.878047278847563
Cx3cr1 7.17627753791592 0.923916383501324 0.875260216921099
Klf2 7.16896951441265 0.82399759713424 0.769883444767211
Mertk 7.11452800855863 0.509429802330633 0.0261893883636564
Evi2a 7.10126687978449 0.386384778448685 0.123793673495937
Bcl2a1b|Bcl2a1d|Bcl2a1a 7.09197556888215 0.936673322779005 0.9298968864865
Tgfbr1 7.09193588598584 0.779688778607927 0.895941007327488
Icam1 7.08078347257021 0.929032001103201 0.889251240730328
Il6ra 7.05308519943546 0.963318848519713 0.961220629803756
Fcgr2b 7.05192907913722 0.927538781028428 0.919854728455445
Olfml3 7.04371292554173 0.922237293885714 0.955976788575879
Il10ra 7.04103800236477 0.961180203223562 0.963030331789854
Chil3 7.02915100751284 0.945216701935319 0.90820123221023
Itgb2 7.02828963032005 0.949621509893162 0.940219873686282
Mpeg1 6.9926627963453 0.898387542910192 0.883325020049595
Ms4a6d 6.94451124683226 0.965800685204082 0.965364043877448
Tyrobp 6.92788549773108 0.918432614136407 0.892467346121742
Irf8 6.91715788397346 0.941293347520293 0.932074870145629
Naip5 6.83882418233725 0.941268666173383 0.941263364905578
Cd68 6.83612836759409 0.893277622867848 0.845746059949494
Rgs1 6.79075202672908 0.944674248063063 0.913783032329059
Cd86 6.77739614436579 0.96040168036686 0.955761659608987
Ccl9 6.73096013808787 0.95036666033078 0.928511238037821
Adgre1 6.72493890376099 0.906211489153012 0.909365664581818
Ptgs1 6.71972394334816 0.585761103810106 0.535546514080042
Cxcl2 6.707203566349 0.943097151891483 0.887347150467016
Pld4 6.68499718798671 0.939336569264695 0.946661154057517
Camp 6.66914000492192 0.951857716070756 0.871274717776208
Syngr2 6.6271976407818 0.468769856698321 0.678839470206685
Klf4 6.61638529621907 0.48898520921325 0.630011299392605
Hck 6.57810732689426 0.929333009487066 0.928713779249944
Plek 6.57637035750881 0.898809026250891 0.914322195521385
Txnip 6.52982533345136 0.658447489057491 0.53409481607691
Vav1 6.52495343913382 0.970326976691344 0.964811037180624
Ngp 6.51930159498503 0.897249625801966 0.915711361094961
Havcr2 6.50504038397134 0.968747367085305 0.958200993309105
Cd14 6.4946732806671 0.895779595639461 0.895224222052279
Aif1 6.4942831559882 0.913901669934695 0.90713949158505
Fcer1g 6.48707336476526 0.916400180741604 0.927659352004837
Zfp36l1 6.43977787696775 0.302354957306568 0.321053198039929
Zfhx3 6.40020029197377 0.855605381294593 0.864637187550775
Pros1 6.38611036134041 0.79968038067598 0.914612661125001
Cyba 6.38380457110318 0.838435756529621 0.836822420217362
Selplg 6.37153324074861 0.895696310437919 0.916390716868
Ms4a6b 6.36022959029077 0.959701877757427 0.950137958262661
Slc15a3 6.33580397762433 0.956926610448353 0.934368395362971
Pmp22 6.30961222148261 0.214871995422166 0.102555722127942
Fli1 6.29369654420579 0.924883857654256 0.942313497197261
Cd83 6.28404101837515 0.833949288798723 0.897147056600767
Il1a 6.27460292468105 0.945812640451302 0.922074681523627
Naip2 6.25986597947602 0.957734022132144 0.95768471536034
Tlr2 6.25136916536752 0.946683594459344 0.948709660774221
Csf1r 6.22190889483281 0.803794419222877 0.660291347313418
Nrros 6.19603538232741 0.828338105788169 0.792080354658163
Tlr7 6.17563261335217 0.938223245555531 0.949231166538059
Tgfbr2 6.17074116570499 0.76974931344526 0.809769321077653
Pycard 6.16430820411038 0.866828691348123 0.909626848879343
Fosb 6.12959426850994 0.7137915010233 0.716245626208222
Ggta1 6.12954679982572 0.837342422563783 0.742119145974757
Gusb 6.12287249749369 0.61063733137144 0.783390853831904
Zfp36 6.10756909556445 0.81054465090093 0.793942399564921
Ccl12 6.10018331455073 0.963396809895492 0.959481196842038
Blnk 6.06219935023671 0.85825366762588 0.836092988230942
Gpr84 6.05177599467492 0.909826949264166 0.923325791747621
Ccl4 6.04481496810848 0.868597274141511 0.923659975191136
Edem1 6.03091325732569 0.763047989028532 0.767918324079887
Sparc 6.01021356173604 0.473497446066705 0.5712743831825
H2-T23|H2-T-ps 5.95092794865913 0.698512071490897 0.709417652149737
Hba-a1|Hba-a2 5.94506526787323 0.74547168814208 0.649753889295238
Tm6sf1 5.93598981040578 0.484030668043032 0.572619551327092
F11r 5.93152416056477 0.920087314120093 0.954229919836641
Cd9 5.91649210639094 0.0621147142318919 -0.198812014371934
Alox5ap 5.89522400281674 0.910054430220644 0.862306258318734
C3ar1 5.89326212417951 0.888024156226338 0.923908054311429
Arap3 5.89174513559026 0.93368389846855 0.927801257675394
Lyz1|Lyz2 5.86870779974424 0.890351148139788 0.939028710520933
Lpxn 5.866274310029 0.936528655623601 0.948329309445866
Pik3cg 5.855680513075 0.966461945192416 0.96035679969246
Stab1 5.82458283664108 0.959428325473714 0.949999720804822
Fgd2 5.81043059578048 0.936294901493615 0.924591888366743
Zfp36l2 5.80269318978025 0.316238880754347 -0.0397896095159471
Egr2 5.79190193641607 0.678747541802083 0.70658878569922
Ctla2b 5.78335404191989 0.872362329921316 0.810546355769521
Ccl6 5.78261524716104 0.93239336839443 0.933740420834265
H2-Aa 5.77961822831054 0.840646527631413 0.83065833478043
Adamts1 5.77543397968416 0.605029415555721 0.775484383005765
Hk2 5.75311355619277 0.860781984463525 0.867097005396443
Spata13 5.74233728308702 0.685041246717338 0.842031245266465
Trf 5.74037119713117 0.339464197043711 -0.09037688828102
Ncf4 5.72781684870596 0.961889104448102 0.965990762596429
Akna 5.72461898156194 0.852941287468037 0.910062558306999
Fyb 5.71542662028442 0.951469274928875 0.942190799937016
Crybb1 5.70817953963318 0.92029195790391 0.9230993733319
Lair1 5.69476689911942 0.9134571942184 0.893564252231407
Selenop 5.67906730715261 -0.0445431981743516 -0.0216241545472818
Lcp2 5.67259081475557 0.953143680087316 0.958537099789537
Rab20 5.66958589951927 0.879428969999607 0.823035733235841
Tgfbi 5.66402005771155 0.721983447133954 0.774506568660179
Rgs10 5.65601008858273 0.623971794685865 0.810662489834256
Slc11a1 5.64694669081717 0.88952785613003 0.940839689903807
Capn3 5.64558733710112 0.90458615364172 0.897659249862922
Slc40a1 5.63021213499893 0.890353978641311 0.899347347920266
Golm1 5.6287094264441 0.648237481313756 0.736554849579434
Arhgap17 5.62071583136925 0.718820201079702 0.814797078135117
Rhoh 5.6176039192174 0.926832920348406 0.920541560870316
Slc7a7 5.6144795228734 0.927541714614982 0.928345414686273
Dapp1 5.57388043386927 0.749255507177446 0.7316654390012
Pnp2|Pnp 5.57134311133997 0.388428503559265 0.717571443896628
Inpp5d 5.559817401895 0.913327659139264 0.928406090231038
Cmtm6 5.55255455007985 0.577218121289994 0.820671636930779
Nfe2l2 5.5475857846249 0.375141422583152 0.453204696832214
Tlr1 5.54587953828946 0.943836460057139 0.90289235928589
Nckap1l 5.54120514330976 0.914108097450233 0.918810624846416
1700017B05Rik 5.53762713012071 0.872360181465345 0.887736329966601
Alas2 5.53198179418996 0.932410287764419 0.924253691584636
Tgm2 5.5151124998091 0.696106920606768 0.714558247291975
Ankrd44 5.51107209427653 0.73241649263348 0.774227736142258
Tnfrsf1b 5.48722382672327 0.896816196965567 0.938224416069331
Cd48 5.48303712481503 0.954287832295577 0.960123443148988
Ncf2 5.46492740761657 0.901873324107129 0.821566928619307
Plxdc2 5.4558847967766 0.702955367346971 0.681432637933602
Slc29a3 5.44728951973641 0.539116628855777 0.544499143390683
Il13ra1 5.44363299204283 0.835360004154768 0.851013587645032
Adap2 5.40577304408788 0.937890155442069 0.953510245248495
0610040J01Rik 5.40471063137244 0.541053875635362 0.418756621518981
Adcy7 5.402800676492 0.696767419641922 0.75253960867942
Cttnbp2nl 5.39019214157575 0.84601240434587 0.923721152602066
Map3k8 5.38577460070044 0.945049004413671 0.944718327523361
Hfe 5.37791820193317 0.88590260565298 0.898690086936897
Entpd1 5.36112135110265 0.915628912223335 0.92871377916462
Ccrl2 5.35458926006759 0.912715016228418 0.89476894373723
Ier3 5.35249609761884 0.834523434680941 0.892575784455379
Sla 5.33931742496047 0.713531049006572 0.716450345575183
Hbb-bs|Hbb-bt|Hbb-b1|Hbb-b2 5.32807372949544 0.832907993813741 0.702822936030939
Ctsz 5.29882878983072 0.627594754666873 0.828921071951649
Elk3 5.29863587464668 0.79676045780641 0.777628378042196
Chil4|Chil3 5.28039731399509 0.92724322441364 0.870306977442411
Ugt1a2|Ugt1a9|Ugt1a10|Ugt1a6a|Ugt1a5|Ugt1a6b|Ugt1a1|Ugt1a7c 5.27737735997095 0.773006467129272 0.856600531425976
Clec4a2 5.23826545349549 0.940754626655662 0.938081239277317
Slc16a6 5.23306583110809 0.821139072016239 0.863859391197132
H2-Q9|H2-Q7|H2-K1 5.2278296406641 0.902381618439623 0.839085208581476
Gas5 5.22093686240359 0.582668655000022 0.579511280860838
Hba-a1|Hba-a2 5.21862841357456 0.735360351928732 0.64631733596174
Cysltr1 5.21588406608552 0.943796921223832 0.932745740766637
Rbm39 5.20213973941243 0.644625094766525 0.628134182694359
Hexb 5.1903316062597 0.78660133828996 0.7904495650039
Tlr4 5.18727857235174 0.903558615476766 0.888197520393592
Frrs1 5.17978975084671 0.768941693426046 0.863091113981946
H2-D1|H2-L 5.17809075807383 0.826262182877306 0.713519505520334
Il16 5.1733081766853 0.93051071070633 0.915287336342511
Vamp8 5.16252780653104 0.570900347689304 0.723195666338738
Abhd15 5.16237547392136 0.911813969680036 0.877001403572972
Nfkbia 5.16225023302084 0.573059189919994 0.740443446254942
Klf6 5.11623555445041 0.82372021341411 0.801422926851023
Ltf 5.10918930321697 0.810101781085759 0.752621472053893
Itpr2 5.10700959926633 0.31723586218074 0.125444356554589
Btg2 5.08787490214952 0.673813349275641 0.302019874538366
Sash3 5.08382286504438 0.83447333907687 0.926842557566007
Arhgap45 5.07530074672455 0.940140772202179 0.942532303463858
Themis2 5.06618588680301 0.94444558262335 0.934216602334326
H2-L|H2-D1 5.06018860980113 0.854650895540044 0.767797222031011
B2m 5.05698985750166 0.643042172417572 0.715184919529906
Cd37 5.05489555135877 0.85760381166947 0.901010514801959
Il10rb 5.03178552761461 0.792729943032464 0.866829486587767
Trem2 5.02640761375952 0.922876700959178 0.923048534677776
Clic1 5.02181525659218 0.789705568900431 0.837498015711099
Ier2 5.01718146430266 0.766676145959176 0.761337970588246
H2-D1|H2-L 5.01229940862572 0.786905481571091 0.707796442936603
Ifi30 5.00130897950249 0.88048834779504 0.866539842443334
Cd300a 4.9992498068111 0.917928493607068 0.916963848528484
Ets1 4.9989116430536 0.781484198215105 0.794814426508033
Clcf1 4.99657264975679 0.955875865969446 0.936458027389983
Casp4 4.99375525012582 0.92935149102342 0.950523297744447
H2-D1|H2-L 4.97736112542546 0.862359282810715 0.75846323307839
Tnfaip2 4.96747961386986 0.865205776604817 0.878006962288565
Cd300c2 4.95003928668214 0.896079530943754 0.935946944508982
Dusp6 4.94773433883967 0.578240224425855 0.595104011435609
Tpp2 4.94626196145613 0.806525007478668 0.733933028598939
Pmepa1 4.94618888328919 0.643186347047238 0.829860174444513
Pon2 4.94402598246278 0.0474772429698002 0.411878372559407
Cebpd 4.94035142043964 0.368295536401765 0.45065287968563
Rcsd1 4.93726869226409 0.854992560547676 0.920191337747246
Pald1 4.93722924117724 0.910341771880294 0.901789464046444
Itga6 4.93543463017638 0.453117509453719 -0.124700103526212
Lyl1 4.93434593237327 0.937062365074425 0.938769972563844
Reep3 4.93197613826233 -0.0402283070589998 -0.118153589258345
Grn 4.92488629991441 0.780395291300964 0.864984201572507
Otulinl 4.90168353006295 0.821023127993433 0.861818121021498
Pon3 4.88971678550067 0.942499456689449 0.92133875979289
Pnpla7 4.86841220622282 0.521392193792864 0.453948081481576
Anxa1 4.86772245253163 0.733516250907004 -0.094205751766072
Cyp4v3 4.86761434350061 0.503647211165808 0.610980030295918
Tob2 4.86570788280915 0.467235905174169 0.746918701070787
Cklf 4.86566946149651 0.543405578449316 0.748925563337602
Fes 4.86548461368952 0.936181196181256 0.931599858038054
Cmtm7 4.86105304326352 0.911686092375617 0.91599783592074
Lyn 4.85616863112517 0.861818427298235 0.909644388166988
Litaf 4.85554027018939 0.341968779281318 0.446164633416549
Mcl1 4.84880859390375 0.669155632599217 0.844813275571466
Notch2 4.83654159409794 0.358786481773385 -0.0431145382667697
Chst7 4.83275630517686 0.674360351164305 0.649251307858187
Rps6ka1 4.82580804189008 0.827465279189053 0.84682949472598
Adam17 4.80984118094955 0.347592760818207 0.503749337160444
Cebpb 4.80863398589625 0.813500700414554 0.861926917952206
Casp8 4.80258867975739 0.911754105862357 0.949484061073416
Hvcn1 4.78146019828821 0.949689719091176 0.942061047479606
Csf3r 4.77127708108785 0.821775658802772 0.884873143521515
Mavs 4.77022523032706 0.163596219148259 0.32768195016282
Rrad 4.76802258046504 0.904400510311425 0.86885441043746
Spint1 4.76302405386822 0.89946120937066 0.933620016614516
Syk 4.76093864228022 0.885647428869231 0.913323239740443
Arpc1b 4.75962027065157 0.48427871991284 0.11048556736705
Abca1 4.7555268807679 0.427852445778404 0.134537026901349
Mafb 4.75447286941817 0.652797525382561 0.618852089046285
Hspa1b 4.7527315387413 0.36197322055214 0.452262978230158
Tcn2 4.74146771629905 0.639005650129563 0.817371209963856
Lrrfip1 4.72992153748424 0.745896734890772 0.768638722666259
Prkcd 4.72981982666243 0.707665168836365 0.688708725514112
Klk8 4.71616976605569 0.944400389669392 0.941719303780103
Csf2rb2 4.71533705680809 0.939383717385639 0.932246748151153
Serpine1 4.71135886572083 0.893958025446144 0.914179463804707
Rgs19 4.70956567613054 0.645579270697366 0.625774703356778
Trim47 4.7088672150015 0.876787933971322 0.921538913262994
Igsf6 4.69861862817231 0.959044724055093 0.950248480907027
Unc93b1 4.69409969899852 0.884183381957748 0.88849577103665
Rreb1 4.68328522069097 0.67654080990333 0.787064077130586
Trim30a 4.68109629710341 0.941051942202468 0.91299778038857
Afp 4.67883224953649 0.950178000804814 0.925757118948269
Ifngr1 4.676393298727 0.840234555675979 0.859010231008067
Pnp 4.67159629004052 0.375740243169307 0.711749559477843
Stat6 4.66616707902423 0.805726197605102 0.87681142966703
Pla2g4a 4.65177938498507 0.578979723455759 0.265679578354155
Ppp1r15a 4.65145609228906 0.80891790993809 0.769972582969436
Tmem123 4.6361812713585 0.108425382217239 -0.14520813890067
Msn 4.63186537334263 0.721303256235068 0.803008847870909
H2-K1 4.63165191629727 0.740892735799044 0.571151271462752
Junb 4.61797331563791 0.68859140223685 0.710325676330519
Sqor 4.61689710624446 0.648941227193052 0.782891644335599
Elf1 4.61131921303485 0.544754005004491 0.648389017927976
Hhex 4.60675187648158 0.915252709239922 0.927249316882709
Cxcl10 4.59743506783737 0.885388410000899 0.69856176833123
Tnfaip8 4.58549904756051 0.251861011189039 -0.0687511326400445
Ang 4.58281175940796 0.953497071605632 0.921872625714662
Lamp2 4.58238806229275 0.113700767600508 0.13123191019055
Siglecf 4.57434441966543 0.953801179592006 0.90222039810489
Irf5 4.57374632026093 0.879311561440706 0.903521918067083
Pla2g15 4.56938495503144 0.827908591195901 0.894096713842092
Cmtm3 4.56442443993032 0.383493006271021 0.359412207355567
Srsf7 4.55884229009452 0.717927891581825 0.66856877761714
Trim12a 4.55554062561961 0.914341181101283 0.842912698929624
Samsn1 4.54964446644383 0.934284959957812 0.931174954899335
Qk 4.54142071131826 -0.12682668838518 -0.0744423450645135
Abcc3 4.5351878007987 0.902339681408126 0.903927475751747
Spi1 4.52614871649302 0.927150373338292 0.914316561861161
Pttg1ip 4.52381955555228 0.0530837219888772 0.0536159734314513
Stk17b 4.51272020016311 0.378775087835341 -0.0309181338982068
Ier5 4.50877063878527 0.586335760207754 0.818505874681814
Il6 4.50543576355914 0.942519645844583 0.870859115857809
Pag1 4.4914758619038 0.560061432815635 0.830757448823823
Arrb2 4.48445164056944 0.858886101982511 0.843884449418937
Sipa1 4.48265171281375 0.877688916788066 0.874741852684122
Birc3 4.47836431574645 0.910382585559517 0.907690736522525
Skap2 4.4741802830826 0.717076178898975 0.770129321353477
Tlr3 4.46387739658893 0.415790701166445 0.833342645686074
Rrbp1 4.4514477883715 0.519721424935979 0.613184915400422
Tsc22d3 4.44886856384298 0.660114851969761 0.687236910718014
Mylip 4.4429202787337 0.794203215534028 0.845228428749095
Xlr4b|Xlr4c|Xlr4a 4.44068473757787 0.762162834369252 0.591125813933781
Rnf19b 4.4404606162203 0.814258422320114 0.843034142459728
Asph 4.4391703611955 0.476909313782978 0.205598381384253
Myh9 4.43366567438123 0.778947526197293 0.821736634259929
Tmem173 4.42958939412179 0.814872859058811 0.90890653743241
Tmcc3 4.41989259574514 0.708455608324438 0.533104613879965
Zfx|Zfa-ps 4.4171923770749 0.808019413601167 0.792130918558022
Mfng 4.41703452694381 0.911182482588578 0.872766810915248
Galnt4 4.41605920157944 0.377446165856333 -0.0888496445825484
H2-DMa 4.40427214011278 0.860523219666627 0.882813446944922
Serpinf1 4.39834454373444 0.515363084431232 0.109418107851125
Stt3a 4.39354467869372 0.453341215697023 0.569207059401557
H2-Q7|H2-Q9 4.39265673683323 0.817930626426416 0.685826234696513
Pdlim4 4.38009945049177 0.308555033469667 -0.10726267715303
Lpcat3 4.36509070229176 0.413281358748847 0.370986664449744
Lrrk1 4.36045283000888 0.797490158211977 0.766042575394189
Ceacam1|Ceacam2 4.35849122712565 0.921420511932972 0.871167305317215
Scarb2 4.35699580748698 0.262896709344063 0.160543727144091
Runx1 4.35495266102065 0.946004734887105 0.893353295215436
Phyhd1 4.35343075623417 0.772594702210766 0.722017233311674
Sgpl1 4.33823801559059 0.479148910953989 0.675218489090254
Sppl2a 4.33795004273521 0.406865161961752 0.657250592555432
Serinc3 4.33001051552823 0.873914979056098 0.822849086632032
Btg1 4.32699846950247 0.445420518443211 0.815583691862119
Npl 4.32295639244427 0.655987087024314 0.700004523370205
Lag3 4.32236825655028 0.884301141863717 0.922989606763032
Lrmp 4.31940776942099 0.94151460006107 0.940373620470993
Sh2b2 4.31788064314069 0.874003227562382 0.83455325094322
Snx5 4.3120765991355 0.793541442363408 0.893605375600489
Tmed5 4.30818302490491 0.443107088907529 0.284702529007432
Jun 4.30622606015855 0.49364864097401 0.407492586906477
Tifa 4.30079554439887 0.73775583319189 0.842208727064751
Ccl2 4.29485302370754 0.937101866939012 0.916482200341481
Parvg 4.29319602535683 0.892308538133123 0.913467004124596
Sat1 4.29316011458787 0.352297949513215 0.00672742670191776
Fam91a1 4.29022055234911 0.583284362788725 0.811755672813766
Ppfia4 4.27406672769026 0.81371784308916 0.911876452538704
Tcirg1 4.25818336484414 0.72697190058965 0.753210413303783
Trim25 4.25075949130339 0.241427552620205 0.118536900086809
Scamp2 4.24570681264638 0.621976782802801 0.715696763220685
Slamf9 4.24400216248345 0.805983273521527 0.918527789100438
Itprid2 4.24036632068217 0.298206000124538 0.159678465284474
Myd88 4.23893165928642 0.881302267408916 0.915935878667727
Cd52 4.21405676715002 0.918150670985253 0.901795616698258
Rel 4.20538344364601 0.876210099373888 0.864259189795859
Arhgap4 4.19990015874707 0.940969270444008 0.924372754827671
Lgmn 4.19359100509732 0.777605998691491 0.75538821184546
Rin2 4.19346932355989 0.60741203762337 0.6446135270599
Kctd12 4.19181247467188 0.488081094863907 0.347433747318668
Cxcl16 4.18969003487626 0.908225325054277 0.903835984262218
Gpsm3 4.18823057464424 0.92412599598133 0.917855307147484
Lmo2 4.18359102751825 0.559262028150901 0.810244940779367
Lgals9 4.18354973817215 0.902382924174251 0.937749808673227
Mlxipl 4.17963902213288 0.809773721689006 0.810263329246178
Tubb6 4.1682360742052 0.86712883334524 0.918326801092498
Rffl 4.16667681418843 0.251595828921783 -0.0514476373775014
Gmip 4.16595501337591 0.891766607294007 0.851103062859323
Casp1 4.16118589799605 0.905350262314407 0.911371146859842
Tapbp 4.15863164138531 0.663840697012761 0.607679622986832
Slc39a8 4.15818494940225 0.723944108018026 0.636250945332891
Ostf1 4.15612113514649 0.355525282968168 0.0640992146630397
Uba7 4.14900506850187 0.926312346565488 0.916194496978144
Plxnb2 4.14721180783631 0.603325086187717 0.702591554700873
Elovl1 4.14096261497521 -1.67397375138157e-05 0.269296156409433
Gem 4.13450354484832 0.528807752870351 -0.0428587386634424
Epb41l2 4.12490275257238 0.454021739813226 0.63651975349556
Mrc1 4.12178096025662 0.905276833736134 0.841988881142409
B4galt1 4.12013295008193 0.8326308739663 0.909670505680859
Apoe 4.11634051817073 -0.108651567771188 -0.21624011285445
Atp7a 4.11384043511973 0.709639534457058 0.791527745787337
Derl2 4.11089546567345 0.120659643464065 0.357992769238701
Ly96 4.1048040820616 0.844075401852354 0.846241301979049
Pld1 4.09621563699186 0.645286536260878 0.794539732732298
Wipf1 4.08938647512869 0.214272809732147 -0.189837624912386
Ctc1 4.08834827016119 0.897879997636971 0.919838626099398
Hcls1 4.07831867873784 0.950468316243515 0.926199633405519
Ptpn18 4.07785432114467 0.862688660748914 0.907792967208714
Lilr4b|Lilrb4a 4.07319464306908 0.93241716406906 0.869890159977523
Lgals3 4.06442957540712 0.745503208272416 0.48078304706377
Rnf130 4.0643177174024 0.354238044546566 0.0387590718017491
Lrba 4.06337502403164 0.811278617592822 0.878348383596823
Hpgds 4.0498002533414 0.914132542569405 0.925576346734285
Ptbp3 4.04385870131944 0.751434690974629 0.777432801346045
Vrk2 4.0392946174573 0.810498871573601 0.852797321661004
Pmaip1 4.0384212390688 0.807086868076663 0.706277089072301
Adrb1 4.03327435915634 0.678616759827593 0.790684770046562
Dhrs3 4.01651936826367 0.485252313751421 0.359202952261275
H2-K1|H2-D1 4.01646141278867 0.713108725533575 0.538827231906372
Vamp3 4.01161349139988 0.089637727471195 -0.0066814181626329
Il17ra 4.00840404059891 0.716299850744156 0.806217033563063
Mlph 4.0076167508196 0.909588570756683 0.901578451194256
Adrb2 3.99102261050418 0.957648768976813 0.926923417197139
Npc2 3.98470569719933 0.115235275660951 0.186939254642915
Cd34 3.98296136955532 0.60992116570092 0.767787385294124
Klf10 3.97893278746664 0.512172989084986 0.464642942925063
Trim30a|Trim30e-ps1|Trim30d 3.9754885102364 0.866638911514095 0.865158599382529
Cep152 3.97397815906234 0.879198278917902 0.817513234654921
Plcg2 3.97313683081778 0.878647113552396 0.872023597011429
Ugt1a7c|Ugt1a6a|Ugt1a2|Ugt1a6b|Ugt1a9|Ugt1a5|Ugt1a10|Ugt1a1 3.97040929913155 0.891375718910958 0.9117543876887
Ptgr1 3.96919567353611 0.601061907320342 0.707302958196925
Il7r 3.96866336885197 0.871034391239096 0.910938389636993
Tmem140 3.96344403047602 0.869564563736721 0.942438308577724
Cd177 3.96275143940923 0.924566003699832 0.885936417229797
Leprot 3.94645724552874 0.177615581400676 0.237701740065206
Mcm3 3.94404450997317 0.733012877875243 0.72368498800329
Tec 3.91345288942471 0.838714649519311 0.909509008467102
Clec7a 3.91307351457134 0.830884404712754 0.861009853889551
Stxbp3 3.91262824862001 -0.0611399495976568 0.0827979612203232
Gcnt1 3.91248047864082 0.948012256132937 0.882385589524797
Plk3 3.90783633686482 0.605629323557011 0.31595241466277
Fcrl1 3.9028760113333 0.927056062775497 0.935466119082414
Zfp110 3.90245685395478 0.414617209200724 0.649779795192234
Zwint 3.8981815825579 0.54591535625793 0.821100455995357
Rbl1 3.89081311313269 0.618776424682628 0.441093516327229
Tor4a 3.88795587311701 0.837887890419591 0.853479901834411
Rhog 3.88397865401138 0.317116425608222 -0.0956691681287438
Tspan14 3.88217085106958 0.285376009781086 0.410817272224325
Tmem179b 3.88156030392316 0.448787222618129 0.665025782181551
Gna15 3.8605633219558 0.911362672842418 0.921153867181507
Snx18 3.85803539102523 0.602366329470319 0.77287795022491
Naalad2 3.85607215673331 0.888384359953856 0.868949345082467
Ceacam2|Ceacam1 3.85333997586026 0.885157287648835 0.854413328593084
Cebpa 3.85049004471949 0.87973652605869 0.87501448082935
Pdgfb 3.84702737798546 0.812045568770171 0.874478433453931
Tgif1 3.84600106091628 0.924130536601527 0.897452911615861
Calcrl 3.8390187434027 0.496526348904127 0.090445464157904
Daglb 3.83164923183109 0.802766952188141 0.818637304612232
D17H6S56E-5 3.82969276103529 0.939036997922353 0.888621491285905
Nrp1 3.82889789709322 0.313247292811328 0.4508381927638
Snap23 3.82729241139521 0.110438975114658 -0.191035716606133
Ehd4 3.82175937799831 0.772978313615606 0.857131798119799
Dusp1 3.81306844606271 0.571958584121476 0.349844153941768
Psmb9 3.80933140386189 0.833371578300489 0.797192482441821
Rp2 3.80623904110481 0.859447186003519 0.820370686261358
Parp9 3.80320459429422 0.817020127830022 0.828615184502807
Parp14 3.80267334671761 0.874523391676567 0.814696809414452
Zfx|Zfa-ps 3.79639695232227 0.832068109865276 0.820493938231458
Slc15a4 3.79342698683798 0.65380780337911 0.688582923841821
Ftl1|Mir692-2|Mir692-3 3.78786808843238 0.604258344864824 0.386635058772273
Rassf5 3.78487010666637 0.641726196057921 0.822074423455011
Btk 3.78372923338421 0.880538379197873 0.901778059465122
Vasp 3.7798090137611 0.854261098945664 0.879980192537098
Plekho1 3.7756511310106 0.781516821823332 0.788235215860598
Hspa1a 3.77396276071284 0.660583471650288 0.583085555598923
Arhgap9 3.7692023362594 0.895288763192331 0.839507795791895
Rela 3.76899933998041 0.701781638021763 0.691315995201326
Slc25a37 3.76780613937991 0.779392551805438 0.755797149762966
Rgs2 3.76677633941653 0.55804691134412 0.744680012821773
Parp12 3.76609635120202 0.409335758350001 0.423930618896923
Pygl 3.76110163470792 0.590584004503821 0.274371462721545
Tbxas1 3.76084201976139 0.902065344546147 0.879936905457404
Sult1a1 3.75377307198847 0.494463031888479 0.148317382320863
Jmjd1c 3.75015316650935 0.754993380221671 0.759223250556792
Myo1g 3.74947251502045 0.802435108117137 0.745884823456093
Herpud1 3.74711964267765 0.859079358374648 0.908403378113825
Dock8 3.74569277347844 0.919832667450739 0.902949102099923
Tspo 3.73180242764844 0.571515603349293 0.309356910382582
Slc2a5 3.72543708540282 0.80217285500926 0.899211471555519
Ccnl1 3.72515646338791 0.662003395395495 0.79644374410402
Tax1bp3 3.72097616912745 0.125063691383285 0.200794934084161
Slc46a1 3.71955611642026 0.530226374870009 0.560205739892461
Erap1 3.71714649920425 0.695825360403624 0.633822422530596
Bach1 3.7164348201412 0.65163342802443 0.827510780589736
Tmem176a 3.71242633180077 0.34951500468928 0.147584890948846
Tor1aip1 3.7061010596153 0.696142884931532 0.785906807057124
Sh3glb1 3.70557070833931 0.639368073050617 0.800871318416691
Resf1 3.70365946043649 0.710070967572148 0.771653040501601
H2-M3 3.6955392728623 0.675233827656262 0.840375528008244
Ebi3 3.69206678137525 0.843815161164494 0.833870217216854
Gbp3 3.69068933155858 0.507213372331073 0.197688377819953
Cr1l 3.69041309977831 0.568650831193365 0.702508530829015
Tnf 3.68856870684669 0.843561070761081 0.865126284423679
Ptbp1 3.68264202276196 0.594826324550252 0.514292176793496
Map4k4 3.67942551527915 0.218104244558279 0.102220641811435
Nupr1 3.67399241192534 0.332999803719023 0.302237592466249
Clec4b1|Clec4a2 3.67135917687677 0.942707023351369 0.927183710969544
Tcim 3.67109948585838 0.519379086467508 -0.102836496918168
Ripk1 3.66986011670934 0.79067666629084 0.838147934214828
Hps3 3.66956851117671 0.870632441381897 0.784154449488239
Ncf1 3.66940776296054 0.929537263846354 0.920041369139973
Ebf3 3.66537518751614 0.935152658006954 0.933009801140073
Pnrc1 3.66433134345389 0.588270385547933 0.793798250740515
Nfatc3 3.66246079477242 0.383743234715716 0.759241123274897
Trpv2 3.65909773950055 0.72321411743216 0.857840328250752
Pbxip1 3.65665620223834 0.437295670222516 0.720814282442406
Samhd1 3.64843971241421 0.820919178109705 0.725833438877533
Fkbp7 3.64464010153337 0.598956745717554 0.743450199582044
Glipr1 3.64442846304607 0.873536185967206 0.893485644972063
Dock2 3.64293143462654 0.874903459277761 0.915737822022974
Sesn1 3.64272261148812 0.51492678493167 0.727376456909311
Arsg 3.64110197689222 0.382473338123562 -0.13454317901363
Dnajb1 3.63582883043931 0.856170750697825 0.849492330129476
Man2b1 3.63219672062946 0.754725720011741 0.677482272613863
Gna13 3.62822450015009 0.20998558231312 0.365976995374097
Lims1 3.6277975971449 0.455983761363237 0.648840678026141
Man1a 3.62387832822711 0.369407870887469 0.248470045884262
Tpp1 3.62293998067197 0.339742654804071 -0.0824802340412958
Gcnt2 3.62287813287486 0.586990572228025 0.49307112027355
Maff 3.6171846523394 0.797076174577319 0.743797013341992
Slc9a3r1 3.60869669798896 0.0646765177797126 -0.0154722026617556
Cd33 3.6057961977317 0.851652280886085 0.898268376488751
Il4ra 3.6016203139995 0.924592713796947 0.910882838316037
Cflar 3.59811811175985 0.521346390311664 0.619827847499305
Grk2 3.59795076831254 0.794880692108381 0.838393589700878
Snx20 3.59727740829475 0.935534891931707 0.936078328207975
Sgk1 3.59503595690473 0.319684388657179 0.245624872193521
Tpst2 3.58610165921471 0.73514860914543 0.814376567990135
Fam111a 3.58437208782476 0.823304439083182 0.699300212943908
Cd79b 3.57925754803536 0.926701691488839 0.902792662395606
Vwa5a 3.56063444495241 0.575167048903047 0.682523105789763
Mlxip 3.55596136576311 0.869341653492961 0.829245551665253
Wsb1 3.55222384903944 0.520763532797496 0.428163634759953
Prkd3 3.54750095469421 -0.0122258878730431 -0.155128712744896
Sall3 3.54143666877163 0.596619255068281 0.44769549997939
Hps4 3.5381570473627 0.764392307578221 0.757692064328705
Dok1 3.53709097204745 0.833379275404805 0.879845399696476
Tmem63a 3.53675484929531 0.399390261965154 -0.0975183256489013
Ifi35 3.53646598094383 0.82800767817937 0.840399796435721
H2-Oa 3.53523209842126 0.914983487505162 0.912784646433808
Naglu 3.53405993255654 0.781926294355405 0.814074881687475
Gimap6 3.49445757241915 0.85922148135542 0.866219775812286
Atf1 3.48696202878325 0.418574589563135 0.609642156553154
Slc37a2 3.48557195746135 0.863214182919046 0.870871332826267
Snord22 3.48277680941679 0.703340423578366 0.747652135155631
Ucp2 3.47738938414188 0.858482657600442 0.910516546564927
Sfpq 3.47326565458713 0.694686180753048 0.693155137451029
Cks2 3.47299840918916 0.492235493704489 0.126543943405615
Osbpl11 3.4715101299801 0.646704296560383 0.827928628553238
Cd2ap 3.47073438342513 0.652897272100288 0.693218984781947
Srgap2 3.46626752701153 0.820569138138013 0.845955959525306
Rnaset2a|Rnaset2b 3.46623757906211 0.57701965181241 0.74798179999113
Tmem168 3.46443566715681 0.38799469403221 0.287647594978816
Ugt1a7c|Ugt1a10|Ugt1a2|Ugt1a6b|Ugt1a9|Ugt1a1|Ugt1a5|Ugt1a6a 3.45046242666635 0.743817275851859 0.670144410937881
Plxdc1 3.45016153809815 0.600765763173758 0.530493069988989
Coro1a 3.44791521183847 0.493284587598917 0.678631306779883
Crlf3 3.44694727481237 0.46500663183716 0.578365291512316
Pxn 3.43771510390151 0.530178430170418 0.778675839413359
Ctsa 3.43747414275734 0.624486137969249 0.534366056690974
Cd302 3.4271621515978 0.199955613541217 0.234022298859599
Ptger3 3.42540393109517 0.669386541497506 0.219730296156558
Rhob 3.4253167395319 0.51829386274678 0.672071383707052
Cln3 3.41820242572109 0.440716957380171 0.549921350237961
Cables1 3.41404095584572 0.522630129771143 0.570082140732402
Tgfa 3.41319914204181 0.15267543138057 0.460669098806915
Tmem176b 3.40747019504066 0.23355303360008 0.187462411178388
Ifitm6 3.40291194509484 0.904981158174064 0.808353003493481
Ltc4s 3.40289155380923 0.84019309855725 0.875747417788326
Pfkfb3 3.40256356356656 0.490769810452711 0.70823309886308
Gns 3.40226937213979 0.766609845223113 0.759261333292149
Morc3 3.39302720620226 0.628751803094143 0.698066018747549
Trip6 3.39261523043848 0.29597728244556 -0.157788894892922
H2-Ab1 3.37287511693389 0.751391316219593 0.639214100328447
Rcan1 3.36665267386742 0.799743156785958 0.783724936844556
Ccdc86 3.3662334203145 0.56476067370756 0.722378338746283
Rbm26 3.36200031638761 0.683214042814003 0.670076666145012
Cln5 3.36184566955061 0.602336529299307 0.780935626720386
Acss1 3.35876201575105 0.168628889232141 0.19101637815828
Arhgdib 3.35238092181604 0.722847047125678 0.852396282685744
Gbp7 3.35207373685802 0.54380139660688 0.318783171697342
Nmi 3.34756159147178 0.430715930557565 0.664273986172134
Tmbim1 3.34697330374895 -0.0441062375815692 0.55582508232344
Mthfsl|Mthfs 3.34233474434016 0.398296386009022 0.599037647272875
Ivns1abp 3.34075799442619 0.638555159792232 0.690443015349699
Psmb8 3.3384350147429 0.816953788521748 0.833212751846696
Fmnl3 3.3357308868782 0.880955302148488 0.881955950156956
Hp 3.33470734632104 0.865890626036589 0.674689355260133
Sertad1 3.333997093241 0.706813351485517 0.824092519263245
Per1 3.33289433757703 0.734524419271575 0.778482498491602
Rac2 3.32956519596513 0.743565016603531 0.781488285087789
Tial1 3.32722032174145 0.400276985009953 0.351887511308886
Orai1 3.32639985958638 0.602903425692595 0.50767953774009
Creg1 3.32342657504137 0.581726845732621 0.7879940393521
Tgif2 3.32288310127008 0.918254059744883 0.921994193793313
Clec5a 3.29184173612593 0.868388821563608 0.824096700605805
Smagp 3.28542284767208 0.872905289630094 0.902573560776099
Ceacam1|Ceacam2 3.28078874671347 0.922952963399371 0.854546007478846
Tap1 3.26433057278437 0.815122095921008 0.724211993986736
Cytip 3.23134292255971 0.803462273781089 0.722608789559203
Usp24 3.20953078807325 0.47686400614733 0.622261158994516
Gmfg 3.2023341188409 0.867280254839064 0.871157297350848
Mmp2 3.19209929305095 0.508951554594977 0.690780587454023
BC028528 3.18590411408312 0.688440261445771 0.296661843788185
Rasa4 3.17645001787998 0.855712443738521 0.884780250376785
2510039O18Rik 3.14815089031605 0.517953198822727 0.509716543266307
AW112010 3.12580906106837 0.874154490281821 0.926689745735883
Mrc2 3.12469915709356 0.861561643443307 0.847362071830426
Rnf135 3.12428250531685 0.524060925408786 0.540345324821062
Tgfb1 3.12344502365648 0.890505764532498 0.809256278084705
Myo1b 3.09517197676728 0.698236451146928 0.76525668855302
Nfkbie 3.07247341132309 0.805143391024846 0.709695613664964
Irgm2 3.06000117624267 0.691995119602341 0.606452918398838
Irf9 3.05645800423328 0.82056424918115 0.792342799295709
Calhm2 3.04956592125575 0.844597136615995 0.788445110959703
Nfam1 3.02263548031906 0.892477056383297 0.886179972275071
Il1b 3.0179719720376 0.860319829726487 0.882089732064164
Tmc6 3.01177025390385 0.824082700392657 0.760202015860069
Pf4 3.00221042237141 0.878841847168384 0.831374580265833
Tfpi 2.97037984151351 0.709327614186159 0.194359007071792
Tlr6 2.96050452094908 0.829664329237382 0.814454308742572
Was 2.94621922839166 0.827896543770544 0.856470256096503
Rbm5 2.93783160310391 0.358669779565431 0.170286101582299
Casp7 2.93542273761732 0.447980795096145 0.0390400474179801
Rnasel 2.92834004862125 0.721937228780568 0.798632465146481
Ms4a6c 2.90596726412635 0.782831475183595 0.790878124996647
Batf3 2.88159918250621 0.876445082011097 0.914872686618681
Trim34a 2.87824260326684 0.797315814387705 0.683217445325645
Isg20 2.86566952124764 0.888779911845989 0.848456906798345
Hlx 2.85526782166901 0.840076666787878 0.851839217969374
Relb 2.84047934734833 0.782670428723034 0.869002616754125
Pdia5 2.8382845624192 0.782179868583063 0.765979492276449
Parp10 2.83548607643392 0.799718846125593 0.775427265527832
Smpdl3b 2.72774528537699 0.640749708199906 0.744778418380543
Tnfsf13b 2.68133480600745 0.711332061129186 0.75979575146074
Sh3tc1 2.62910462649692 0.816592800338937 0.828336302822984
Gpr137b-ps|Gpr137b 2.60813693563153 0.410708695758126 0.185357464488346
Map3k1 2.5881019753247 0.687229918812132 0.533624925019659
Rgl1 2.56607125655013 0.596645786401436 0.505797900456289
Srpk3 2.55555782488622 0.576019673694465 0.304828228240171
Sft2d2 2.54209932108416 0.335340671067095 0.176036726495517
Mpo 2.52793074701707 0.649398120483527 0.194220221744309
Zfpm1 2.44235697822405 0.389444877844967 0.183563764094728
Zbtb44 2.4344869248787 0.518444634812668 0.686369971124308
Gdi2 2.43350045681199 0.333738847401871 0.387924833003927
Il21r 2.40663319505538 0.927402462549994 0.91827684054802
Bicd2 2.39321936422777 0.159552794224831 -0.0815026172651759
Chd7 2.30311703228559 0.5219472378642 0.500157122306712
Ceacam2|Ceacam1 2.17670979093453 0.849900089237873 0.84893158293018
