Olig1 8.8051127742765 0.506876818541994 0.773403160142552
Plp1 8.16488338077761 0.583149727763089 0.80682601002219
Mal 7.76183215190017 0.800551496975058 0.902585115327609
Mobp 7.53209728560526 0.814429027744849 0.823641614267309
Mbp 7.32496685222227 0.660561118518609 0.792830218127204
Mog 7.2670984280658 0.884817594048074 0.759777130064492
Ppp1r14a 7.20407039886116 0.883901993208949 0.874214095168423
Ugt8a 7.05986916842567 0.775152007680262 0.782357315511131
Gpr37 6.85636499527654 0.559020055275249 0.339781304561819
Cldn11 6.7577384885365 0.808661889993198 0.737433085750315
Fabp7 6.3903291455493 0.343964774316326 0.177649719014433
Olig2 6.0679500551057 0.696230428326952 0.698661462896173
S100b 6.03214313718021 0.317983824030487 0.122987472536489
S1pr5 6.02051256688265 0.849074871587717 0.796018027831203
Efhd1 5.92985821013268 0.520015415047646 0.38748675074385
Aspa 5.8338888677138 0.694387874379124 0.62537211601122
Ndrg1 5.78958688222894 0.644251465387126 0.576605811754262
Evi2a 5.7290291161671 0.682410111264105 0.123793673495937
Pdlim2 5.71689540217517 0.771093757788816 0.688631598264072
Tspan2 5.6182672522072 0.794366241756582 0.835477004125392
Cd9 5.61620621268259 0.393120506324987 -0.198812014371934
Elovl1 5.55458009232175 0.500310317602696 0.269296156409433
Trf 5.55288555079957 0.691759435511293 -0.09037688828102
Gja1 5.51808812359834 0.182836351583801 -0.238463969289356
Ptgds 5.43653929747349 0.523684340289515 0.108565722605054
Ddc 5.40426538990754 0.799330719664811 0.63039244814241
Timp4 5.31624781825282 0.322449955426503 0.252690650042098
Gsn 5.28174074936074 0.625538129342786 0.611873842754058
Plekhb1 5.20643748506803 0.44647580489876 0.544142483318154
Trim59 5.1453028953213 0.787626251942299 0.813743984292983
Tmbim1 5.09334083611257 0.356742055907499 -0.0109066754384885
Kcnj10 5.0380158389363 0.463039731948138 0.460499408511415
Itih3 4.99255405095485 0.468440976145944 0.183021296056439
Reep3 4.98551203019727 0.294094105430971 -0.118153589258345
Psat1 4.93732029371637 0.344110677062974 0.0998992642256209
Slc44a1 4.93499368093935 0.770743126830192 0.821768590422807
Pou3f1 4.87829688953935 0.666054326789209 0.0759895735624279
Anln 4.8711708555562 0.802251474955365 0.595269613536451
Gltp 4.79609436842278 0.716250177469495 0.834556957417851
Qk 4.6731280607011 0.262085274574256 -0.0125143765704588
Mag 4.60274832453872 0.819792393761478 0.542380204506206
Selenop 4.58334510211105 0.214101310661107 0.400457360145401
Rffl 4.57917364283692 0.683227296549267 -0.0514476373775014
Scrg1 4.56331950654525 0.357602075149338 0.112704087755725
Grb14 4.55631103373271 0.680953521337527 0.841229704196184
Slain1 4.54082383042126 0.74588523682147 0.763188231020727
Nkx2-2 4.49308688768939 0.748571758610467 0.628247461664321
Stxbp3 4.49235179337232 0.331426525142224 -0.0631832247857387
Gamt 4.42508672721134 0.781910243182824 0.7068635116281
Fa2h 4.42381525383007 0.757825167804256 0.634166101383144
Tgfa 4.39627577963455 0.65922371472405 0.71619901553243
Pla2g16 4.37847871846593 0.555789615327057 0.554792221022789
Lrrn1 4.36596415074898 0.624224330304915 0.639417726232604
Sox10 4.362725529772 0.819412616960712 0.81945681226584
Tmem163 4.36246152372984 0.749993125285848 0.335591549943136
Bcan 4.35521792438103 0.308200167587684 0.660563894930191
Nkx6-2 4.3493144086987 0.853982938220224 0.738807573215971
Lpar1 4.32551322077809 0.81874763672909 0.722408483399042
S100a6 4.32190957906876 0.38487582543906 0.0612876108612022
Gpm6b 4.3157437509259 0.383522309911525 0.327706582400241
Gab1 4.29844484192407 0.433313911564162 0.415327320881204
Cers2 4.25785908008723 0.558060143641779 0.3570333720753
Gal3st1 4.25570146796676 0.786111976888102 0.731114464105222
S100a16 4.23651471101777 0.489377487879697 0.145495965397372
Car2 4.21639232762985 0.363068788827181 0.00128426818812924
S100a1 4.20008582124143 0.385771181205881 0.0427421537797832
Carhsp1 4.18737655322972 0.592573836121782 0.58529766356601
Il33 4.17206370252933 0.224109640598244 -0.0572775618310835
Ptn 4.14177535131839 0.210489413943064 -0.0438750838196596
Pllp 4.1002515653647 0.80620881551041 0.709284113815296
Plpp3 4.0757544964081 0.303431245503215 0.475461404306189
Apod 4.07355205821709 0.631664771211373 -0.00367716416326156
Elovl7 4.06564554653367 0.786799197048897 0.62536864721629
Sspn 4.06155829263136 0.409681030323959 -0.0360584217927719
Josd2 4.05118270657825 0.827570712860283 0.74722164180825
Clic4 4.04423352522601 0.34920009013554 0.315187512418396
Gatm 4.04012987977806 0.569852296830124 0.627408804196056
Ddr1 4.01223512246547 0.427600423037583 0.320805049108445
Tmem98 4.01119338531186 0.743871910182554 0.679720679822789
Litaf 4.00478055907879 0.630759138871533 0.446164633416549
Asrgl1 3.95954473508908 0.390678587941791 0.290279942573485
Rhpn2 3.94432151127956 0.398845645406222 -0.104045007679256
Pmp22 3.93867468097443 0.236463702605544 -0.000316761796012342
Wipf1 3.93383342358095 0.580705660883383 -0.189837624912386
Adamts4 3.90004831784525 0.776102612487405 0.383813545105318
Brca1 3.88412107177094 0.61298687337521 0.413117197003879
Lims2 3.84957087204286 0.852805829826764 0.709888116611999
Gpr37l1 3.8289180927231 0.397891373756793 0.64831565869679
Thbs3 3.82391981041338 0.680511274578383 0.49757457888979
Cryab 3.82386718959986 0.467843334013794 0.842396959095143
Rhog 3.82172841875482 0.67561659640085 -0.0956691681287438
Acot1 3.81000695696038 0.374010847694095 -0.0615653343210839
Hist1h2bc 3.79716275330042 0.251189148955152 0.280744583472414
Tm7sf3 3.78653815254873 0.413269133043562 0.0410248052192741
Plekhh1 3.76599813219699 0.824939067099157 0.49041253043683
Fermt2 3.7490874206836 0.347100116372779 0.811857104378506
Rab31 3.7206453838465 0.355564454824297 0.237256674681233
Dbi 3.70566427432371 0.452936996228807 0.10522868252618
Apoe 3.68191548933825 0.133439843763822 -0.230931513984078
Gng11 3.67306438252415 0.694369618083333 0.189342711001325
Adssl1 3.67220985767818 0.350499183236748 0.364461152969589
Abhd4 3.66111370187063 0.422508423452247 0.364859760672932
Vamp3 3.65877724449437 0.395165593036245 -0.0066814181626329
Scd1 3.61139866534405 0.383710516095357 0.364739874341661
Tppp3 3.60668824368806 0.62565177099905 0.284010881387242
Cnp 3.57378206395779 0.44295466301714 0.828146761152894
Jam3 3.51898216723731 0.661245635411951 0.514645888928842
Phldb1 3.51863199631095 0.812699301800734 0.749033371526135
Tnfaip6 3.50450256164899 0.714741814579601 0.443553559514261
Sh3d19 3.49660260234443 0.51537684637796 -0.131555800779422
Sept4 3.47125976156589 0.512890500253058 0.579080260864718
Sptssa 3.44864378678554 0.449678576676659 0.280150000672115
Kctd4 3.38049061842815 0.685016458657189 0.291846866107033
Piga 3.36961167320959 0.626438051253678 0.57172630725272
Lamp2 3.35994392699687 0.268146230188035 0.211971125052142
Hapln2 3.35262433947477 0.802920686333652 0.425389265290709
Tesk2 3.35013330447982 0.476747133840713 0.349970256834316
Prkd3 3.34745354148299 0.296921311495307 -0.155128712744896
Sgk2 3.33919209641597 0.727110141599889 0.493455313271867
Ninj2 3.33896634689667 0.839159321562988 0.72221853082261
Mmd2 3.33704933439413 0.255080015381359 0.510817528160917
Sept8 3.33241568493368 0.293078592759983 0.198092837555834
Enpp2 3.32193533446332 0.441840823805294 0.0619967864239357
Pdgfra 3.28838578127706 0.505672348618235 0.0774061778200789
Gjb1 3.10887561479622 0.766722138086979 0.484239234147482
Abhd5 3.05323493394247 0.56757503310793 0.499261403164743
Csrp1 3.05242454251155 0.459457466532031 -0.0255311066201
Myo1d 3.01346745155378 0.741834465382103 0.398724540330166
Kazn 2.89266382734261 0.838784221031607 0.815975145682997
Ezh2 2.80219665350795 0.385394922294432 0.12639536082665
Card19 2.74112904496271 0.643980311967253 0.0556317142881806
Tyro3 2.63926835204034 0.313055444758074 -0.185379943338892
Ick 2.63681553954649 0.747608868724504 0.720416667584236
Scd2 2.59373369954384 0.250656040710048 -0.0160200695571893
Mcam 2.56029074828781 0.727318282174485 0.356935645999078
E2f5 2.50149498152365 0.273014681670204 -0.054091764418527
Cpox 2.47427223460437 0.734994049734482 0.608264518363186
Pex5l 2.21809925449277 0.603738358005715 0.0610217753838933
Ptp4a1 2.18588333820148 0.378098146441056 -0.0881388465740204
