Neurod6 6.28440809983943 0.498727170132306 0.257039750585281
Lamp5 5.56139403223231 0.303390908328397 0.285480433492536
Crym 5.46387544854208 0.379086497234655 0.435099974615718
Pou3f1 5.27948257743236 0.304671480962697 0.0759895735624279
Plp1 4.76865113802769 -0.0606785646851417 -0.0588074654005533
Itpka 4.7192374469693 0.483599717210464 -0.126425531184208
Gja1 4.5603490384466 -0.065813310284279 -0.00494328698889108
Krt12 4.52945741127478 0.524933955940767 0.596323552264154
Kalrn 4.47318413727079 0.362214637247306 0.413272250772368
Rgs4 4.44535022778032 0.372749323717755 -0.134033253955209
Bhlhe22 4.42162444439831 0.509953535920515 0.239543769311298
C1ql3 4.41128947381305 0.265026562153738 0.261373695734862
Rab40b 4.38909914829011 0.39946948008022 -0.121623535541093
Olig1 4.29326025297031 -0.0571554015303009 0.513812394068794
Kcnip4 4.24228865206344 0.452927784179831 0.458044748302113
Sox17 4.23682790304166 0.869798927115313 0.837980060705668
Pcp4 4.21186633743987 0.195657091359293 0.0859949838492671
Tsen15 4.02223879912209 0.827572821087308 0.701824858983528
Nefm 3.95398747357783 0.295963157134428 0.458121196258908
Tiam2 3.91826560328355 0.540581018347968 0.580468305737608
Sowaha 3.91446077562247 0.539640447040372 0.318815942784475
Fezf2 3.90390301645982 0.401309372402932 0.288514580816917
Ccn3 3.86513732370227 0.223444650483908 0.173912430345967
Neurod1 3.8648889436599 0.677471792591889 -0.233045042886848
Mbp 3.8601601833871 -0.0764500188391817 0.0576957191782712
Chn1 3.84420344580386 0.532436727759925 0.00224653462656683
Dusp14 3.65123446974249 0.575545649640101 -0.0744538283356059
Egr2 3.64921985075425 0.469487636054479 0.285285468039161
Calb1 3.61633827225135 0.0681644342212778 0.0147188081525196
Bhlhe40 3.607253007682 0.239639682586285 -0.0709135808643231
S100b 3.55993875773746 -0.102057261626955 0.531271111833876
Rasl10a 3.55756282750102 0.473846179796556 0.29025190049229
Myl4 3.4878516760402 0.592688813573788 0.121616710488694
Cadps2 3.48396918057641 0.15095372875357 0.579643010633101
Ptgds 3.39646095327235 0.120211607868853 0.108565722605054
Grp 3.39107637637452 0.585198194385023 0.0218077156743661
Npr3 3.38975630889102 0.630670228842678 0.584418804561708
Bdnf 3.21036381982669 0.738816355444144 0.352559437406126
Myh7 3.1380918155342 0.625283045163195 0.573971384465612
Nr4a2 2.92873538019783 0.657119065145768 0.668176849930311
Eloc 2.61077282713238 0.235874793697772 -0.119470012625235
Gda 2.58453482003729 0.73011906978911 0.734500717362537
Zik1 2.37161330904908 0.358159600084625 0.074986429198535
Stk39 2.25853425237665 0.255622603647697 0.00493199092802696
