Crym 6.37348620364938 0.473228052666036 0.596071398653861
Rprm 5.84726466753126 0.542607520921039 0.448684112733226
Nptx1 5.52857411491046 0.517934536014262 0.507728440454667
Meg3 5.23467276936522 -0.0528651803947295 0.135124740296534
Ramp3 4.77164468520585 0.574852477462018 0.574921298814592
Satb2 4.72796032572106 0.532941229921666 -0.082960751270198
Cxcl12 4.6968188992849 0.626864001901868 0.0813776642493229
Cntnap4 4.592327293479 0.20284779742127 0.41090759976327
Nrp1 4.51939646964089 0.402931285980993 0.4508381927638
Prss12 4.49149304578014 0.738266388246061 0.778023963446903
Tnnt2 4.4178241354109 0.611623096994199 0.268565970980146
Ryr3 4.32518169948435 0.761532159491471 0.533111638332257
Rai14 4.31802193467196 0.650513389202667 0.750828846915641
Fezf2 4.30269911824482 0.460047914068844 0.288514580816917
Col6a1 4.2776159022936 0.785041430030715 0.814953086599934
Spon1 4.24311727154791 0.298004012171655 0.48323568314546
Col5a1 4.21546091711678 0.86873638949169 0.915829217951514
Tenm1 4.19186837575278 0.235236532497223 0.034031987339512
Tbr1 4.17576340982739 0.604594171002238 0.0962371965598089
Ldb2 4.08123003604836 0.558323117303348 0.745722397487207
Pcp4 4.07464491669934 0.175008005471284 0.0859949838492671
Rasl10a 3.97880803682812 0.522620582024284 0.29025190049229
Myo5b 3.92669707329799 0.0859390615913904 -0.0242161059985333
Snhg11 3.89049003225303 -0.103902675017581 0.118027624136075
Arpp21 3.86024463382107 0.352288444682017 0.549706074862783
St3gal5 3.84415073172526 0.541914310718564 0.663264335929468
Pde1a 3.83376330539556 0.355476916347136 -0.122521474918227
Cbln1 3.78749052034034 0.498945807723895 -0.163016545520197
Icam5 3.72504215169423 0.498706087991558 0.365473124455139
Pclo 3.7171391360445 0.272230706061963 0.520652801021031
Baiap2 3.7083986967733 0.5171659701963 0.676902470172138
Crim1 3.69300555776573 0.557913459823271 0.702623773900787
Myh3 3.65395315912514 0.682517546913844 0.193619220816406
Itpka 3.52539940816865 0.359941347895363 0.445581691618545
Rspo2 3.51461725046769 0.207543136068896 0.18029017835656
Pcsk2 3.4907550522146 0.395905011226703 0.47739880158578
Ccn3 3.42373064855362 0.167763185120912 0.173912430345967
Lpgat1 3.42086993432763 0.137955382014098 0.0608095146037415
H2-T23|H2-T-ps 3.38035335389844 0.413303293163074 0.457844563113582
Sez6 3.37670192590766 0.575086284327063 0.579137789043248
Snca 3.36713639057233 0.227556157221083 0.215377980136618
Ephb6 3.35805215989584 0.470983152056382 0.715502124812194
Sema5a 2.77055326686784 0.325641002848913 -0.126742364293403
Ntsr1 2.6961369041992 0.694809207081369 0.70865603268463
Pcdhb21 2.57808614027095 0.171010010545345 -0.184267417965781
Neu2 2.52711049632176 0.679867465959292 0.517665360499005
Spint2 2.38636550231946 0.421898153414114 0.0765585180247948
Car12 2.31525890092278 0.762626087357188 0.794993002845929
