Ptgds 8.06457464595667 0.481394260861624 0.202723837502923
Fmod 7.41138719274347 0.768251066355769 0.746919060454791
Neurod6 6.67055143495596 0.528056918936064 0.257039750585281
Ogn 6.35451175233269 0.916011806973645 0.856256443788577
Atp1a2 6.30581588766131 0.213085806817704 0.698321002186637
Rbp1 6.11164647679729 0.683552302155061 0.588803293625446
Aldh1a2 6.09466355167673 0.912097187041008 0.888787114694917
Gja1 6.08528757728988 -0.0136837809053906 -0.238463969289356
Zic1 6.05253521025308 0.633407237135972 0.542979106460836
Mgp 5.63890942300315 0.672574025522366 0.280597543987932
Mpzl2 5.59659424172765 0.919305243334695 0.862476234514403
Spp1 5.41529037870405 0.747908024918639 0.463092067061277
Crabp2 5.29804693459581 0.932373721810161 0.929125727996206
Cxcl12 5.28170729484864 0.674057310629298 0.103158916947595
Lamp5 5.27366730498658 0.280060615148731 0.356064009258895
Gjb6 5.2579081538971 0.259234979149735 0.370235351304952
Tnnc1 5.24259212374445 0.765969955852826 0.794044219602111
Krt12 5.18394752018075 0.587685623672488 0.596323552264154
Nupr1 5.05663080016357 0.528272508130322 0.542196486094463
Efemp1 4.98805869088091 0.378574989705545 0.0664846907733689
Slc13a3 4.94189817493412 0.271071665455013 -0.193862519524303
S100a11 4.86320602406981 0.839473154962676 0.888870444608328
Ifitm2 4.85579849085936 0.805600687208093 0.786893260159294
Itpka 4.7679573384626 0.487433875028599 -0.126425531184208
Ifitm3 4.75912951449563 0.545166916018226 0.454467547839148
Anxa1 4.75425248968073 0.733178419506748 -0.094205751766072
Pkib 4.62717544658199 0.627160533872267 0.386795688033047
Igf2 4.54294791320791 0.879670159693698 0.869981180659023
Anxa3 4.52751031713869 0.631825502991355 0.763215993167839
Foxd1 4.48859773696841 0.946258688802021 0.926162143866669
Foxc2 4.48692517628411 0.932215099887473 0.937689245965977
Vim 4.47388446769224 0.238014694044264 0.00338369637603794
Sphk1 4.44522522161287 0.742472456086226 0.756455001495179
Plp1 4.40692293315709 -0.0724302549743622 -0.129108166390124
Vtn 4.38829301310779 0.797764528329283 0.641098673738615
Islr 4.36023091673456 0.659993807013869 0.268549312770445
Pcolce 4.34176238683452 0.724391220091134 0.688806107761319
Igfbp2 4.3274730367307 0.357750235850772 0.408553467766989
Phldb2 4.31310023026645 0.497898192122667 0.426238393649208
S100b 4.31165701118297 -0.0996090789935878 0.570660779726774
Rab40b 4.29560072134815 0.385940836398713 -0.121623535541093
Bmp6 4.22742911395978 0.88269832500999 0.860490256250318
Bhlhe22 4.22588320863311 0.480194810361145 0.239543769311298
Rgs4 4.21317414385495 0.340106519782098 -0.134033253955209
Slc22a8 4.20872172212948 0.927102164420155 0.893457934528363
Aldh1a1 4.20763337278648 0.1801016557408 0.0770776040239592
Myl9 4.1997611247545 0.660197832769191 0.311155302790461
S100a10 4.1948790496984 0.575030783606828 0.682132110748073
Ifitm1 4.17265732923803 0.892273824550707 0.857204770622349
Sh3d19 4.16510100805193 0.290575033607873 -0.131555800779422
Nnat 4.14128508361333 0.605601386160857 0.554836911905309
Apoe 4.13582696461267 -0.108592259447433 -0.230931513984078
Ccn3 4.10005196349219 0.231091974942305 -0.126697625854924
Tnfsfm13|Tnfsf13 4.0988844773299 0.638367053198811 0.664836632997019
Coch 4.07715124682381 0.765235907226131 0.612910876714144
Bmp7 4.03790753650817 0.481993452906729 0.549631237082006
Ptn 3.97459461568302 -0.117073082633307 -0.0438750838196596
Pcp4 3.97033327995664 0.165351300495277 0.144969961817426
Kalrn 3.93494649291523 0.291124823995073 0.340908821300617
Cnn2 3.9296145007217 0.763224476564776 0.747129131928762
Id3 3.92704314332542 0.118745477510502 0.162522924189748
S100a6 3.92379636327202 0.0503771921242316 0.0612876108612022
Twist1 3.92282655100694 0.935745029639668 0.915825819430837
Lgals1 3.8813240738082 0.153575478901697 0.117144108194359
Wwtr1 3.87849181500472 0.209132692835238 0.457309759002973
Crym 3.87290933697247 0.194276205171921 0.0204377615308815
Foxc1 3.84019012458901 0.954658848409184 0.930294889574044
Apod 3.83925042182352 0.282040700103466 -0.00367716416326156
Dusp14 3.83482930578428 0.600945815530016 -0.0744538283356059
Gstm2 3.83126514420296 0.927238126853275 0.89394571655571
Myl4 3.81891981104286 0.625876926042722 0.121616710488694
Ndrg1 3.80171477228513 0.105665813457435 0.257785897215067
Gjb2 3.80136323478664 0.608065179171143 0.606872039768575
Dcn 3.79214591931203 0.717773331462737 0.220360528966809
C1ql3 3.7215551806484 0.144516010702504 -0.00124021184253785
Osr1 3.71641781980361 0.930760449385353 0.894347955137359
Medag 3.65546052780518 0.597896723565012 0.200912366595489
Anxa2 3.64569092404767 0.812884999355732 0.724108990533462
Csrp2 3.63631393369558 0.654326580713698 0.656814771460926
Slc6a13 3.62040127216166 0.897520298572751 0.896277156546666
Vamp8 3.61079851688944 0.315220421804414 0.475008642691781
Chn1 3.61026804935706 0.500070147451333 0.00224653462656683
Cmbl 3.58853301252999 0.50586108726805 0.674925759579875
Wnt4 3.58458261630944 0.582897224820595 0.416419753908296
Srgn 3.55171441653209 0.554315800127553 0.667257592890431
Cald1 3.54791062155138 0.379111472282202 0.307681126832452
Dtl 3.54568035769971 0.586580584236771 -0.158789773975651
Hspb1 3.53802868767605 0.564800960644591 0.567541351324789
Serping1 3.48858367441331 0.741248851225798 0.453050634214148
Car4 3.4348665439539 0.617961320517533 0.4337940139005
Klf4 3.43407164821929 0.0681082236232476 0.0724962868790913
Ddit4l 3.42347930451906 0.45945731653789 0.0152998484380745
Perp 3.40939679840286 0.815010412693176 0.759238072096836
Nfe2l2 3.39133006029182 0.0509856269444763 0.226473357911396
Snrpn|Snurf 3.37726711164467 0.479912579251748 -0.188076558462938
Arpp21 3.37718133055264 0.279245856419079 0.271337978262975
Selenop 3.37618315972654 -0.110589704473308 0.461855623569556
Ccn2 3.37350893048858 0.447168147041006 0.429633965071005
Slc47a1 3.31440462130432 0.848409720684668 0.795311382156264
Slc17a6 3.28769283825251 0.560726166021617 0.218655470196423
Igfbp6 3.1517855321574 0.601207054211674 0.539047926935421
Socs2 3.10141550512108 0.556620998336324 0.612892743184714
Car13 3.07635867728733 0.876530843763462 0.831291290472455
Ntng1 3.01869377867417 0.427246492641102 0.054184902802042
Dkkl1 2.98347670287342 0.792312902828926 0.502647501755473
Ehbp1l1 2.9523984973629 0.531218080417565 0.166534547106723
Ccdc85a 2.88826727106171 0.138855272925208 0.00862219560480321
Emp3 2.78492352048815 0.715807235426533 -0.0567439460932007
Vasn 2.6808343890648 0.132753020391332 -0.15359147256366
Tagln 2.47228344561312 0.722456025933257 0.229822609333965
Tmod3 2.39954426785953 0.096200576868452 0.00570039821893791
Anxa4 2.39412064658625 0.635571421779797 0.216248709273956
Tm4sf1 2.10519419212897 0.548520321783095 0.273658287310386
