30956
52538
94180
216739
27360
76187
11541
329828
11668
107747
104776
27494
69538
11761
11829
98660
11932
26362
20893
72014
12411
67896
108686
12444
12494
58187
12759
12830
107869
56448
74519
64385
106648
13123
16007
13138
13175
13371
50781
13527
13618
13649
54326
13731
12496
13850
22350
14066
56473
223254
13998
14184
14221
14230
14261
56188
57265
14366
14400
14560
14600
14619
14623
104174
14633
14735
14756
14813
12950
15483
56741
16008
16011
16404
209378
16525
140492
16779
16816
243914
16870
210126
16206
17035
17304
170790
17909
75541
13004
215819
18217
102644
23972
18508
229534
18596
69239
18679
18682
27226
18994
19013
19038
53412
116847
18760
19125
19206
19283
110078
19309
19883
225998
13609
70097
219151
20255
20971
68607
12406
108052
57738
20511
20512
55963
76257
98396
54403
53896
58807
57319
81840
20678
20682
13602
81879
21808
21859
68385
192216
29820
66873
83925
50500
22329
22330
22339
22421
97064
22601
