209378
225998
75541
13527
17387
56376
20598
215751
20682
214359
77559
27360
23972
107747
76187
67896
13998
104174
52538
102644
114874
20652
17304
98660
12759
16324
30956
74013
13110
210126
56615
68801
14184
53896
18679
20511
58807
14813
70097
72014
16007
104776
53412
107869
72792
67122
14633
70083
29820
19249
18508
18760
67374
26362
17909
216190
54381
16779
13618
56448
97064
17920
223227
18212
216616
319757
20971
30937
14366
20501
13649
56699
66988
55963
29811
27494
56188
14230
20512
12950
108052
14451
76257
81879
11829
14862
74519
69259
57776
68385
69590
58187
20498
22329
83925
20787
15483
19125
12411
13731
20917
22350
66873
12830
16870
14221
56473
11758
18128
243914
57265
12494
18682
66277
54326
16816
14623
67442
16206
22330
19283
50500
215819
14766
57319
68607
18596
106861
11668
330662
13405
16404
14661
16562
116701
58238
110078
98396
232146
14560
14405
116847
329828
16008
11932
22421
27273
27226
216739
67111
69239
12496
19013
329877
13850
219151
170790
19771
75475
11761
14261
16173
106648
13609
14756
64385
94180
12724
15903
69538
14066
17986
19309
18217
66234
17750
19682
228357
