110956
54673
12655
16430
27056
14594
210998
13822
14270
94212
74048
170791
26377
15439
58805
20397
26401
21356
12514
12227
18826
23849
12010
329154
54396
18783
15163
67448
63986
80281
64209
21452
16197
233186
15277
81910
17084
16477
80898
20375
76261
94094
22177
14961
100182
230257
14159
26943
12946
140497
18591
81489
11906
58809
14129
14537
16164
21788
16414
22022
63955
329908
110355
23880
70719
58861
60504
27355
15936
21391
12262
17948
12721
67776
20305
11690
17096
13036
216991
16768
21803
64138
234779
17951
50498
11656
14824
23845
108101
229499
106512
110006
171285
12628
98878
67477
227612
76681
16194
56744
16598
15939
20469
226594
54199
12267
12633
269823
75458
22368
74131
19264
224109
227696
20852
75612
13732
100127111
216869
13733
18173
17533
11745
12493
225027
21813
19224
107350
74030
16859
192654
54353
12960
67706
64685
105855
80719
54607
114584
12490
94176
56470
12495
78816
20302
17872
217353
20540
13057
19696
208263
74211
54354
14972
17087
50778
21897
67220
23833
12370
26357
243771
12362
80891
19128
16854
17698
192187
54394
15979
15001
14231
16456
229600
