72792
30956
106861
52538
94180
216739
27360
14766
76187
77559
329828
11668
107747
104776
27494
69538
11761
216190
11829
98660
11932
26362
72014
12411
67896
12494
56699
12724
58187
12759
12830
54381
107869
56448
74519
64385
106648
16007
114874
329877
13405
330662
13527
13618
216616
13649
54326
68801
13731
12496
13850
232146
22350
14066
56473
58238
13998
14184
116701
14221
14230
14261
56188
57265
14366
14405
14451
14560
215751
14623
104174
14633
14661
14756
69590
14813
14862
12950
15483
16008
16173
16324
16404
209378
67374
69259
16562
66277
16779
66988
16816
243914
16870
30937
210126
16206
228357
70083
17304
56615
170790
17387
66234
17750
17909
17920
67111
75541
17986
29811
215819
18128
67122
18212
18217
102644
75475
23972
18508
18596
27273
56376
69239
18679
18682
27226
19013
53412
11758
116847
18760
19125
19249
19283
110078
19309
19682
67442
74013
19771
225998
13609
70097
219151
20971
68607
20498
108052
20501
20511
20512
55963
76257
98396
53896
58807
319757
20598
57319
20652
223227
20682
20787
20917
81879
68385
214359
29820
66873
83925
50500
57776
22329
22330
22421
97064
