Aqp4 8.63296477718985 0.804178703262667 0.88251608505136
Slc1a3 8.27788113866129 0.819808060585115 0.807227800093745
Mlc1 8.05048338071295 0.80688610915424 0.825176295642938
Vcam1 7.80357901149979 0.743995452575316 0.735209874280494
Gja1 7.57120797803184 0.499236621965548 0.552614598890637
Slco1c1 7.54493458279487 0.887021101584668 0.872970173978193
Fabp7 7.5310757471574 0.571398989648299 0.176965330793772
Bcan 7.51756241304904 0.725278782518459 0.74587796908394
Dio2 7.45185185576327 0.771391694350952 0.787741905742206
Timp4 7.28116355981864 0.624593433227033 0.323149282830749
Gjb6 7.14659231768499 0.784621248270006 0.66652788938539
Ntsr2 6.96542515645555 0.802985734622085 0.728514178056241
Atp1a2 6.87654365942371 0.734457750162788 0.612428537499969
Slc15a2 6.85101878857926 0.799398768589788 0.880505351339295
F3 6.82198729288599 0.79940804579211 0.722398737542403
Plpp3 6.79849865826819 0.665438850681333 0.811409116318443
Tril 6.78278757284205 0.806679905702903 0.805661431824548
Gpm6b 6.7297510560471 0.286978681193721 0.258611553379201
Acsbg1 6.66799403194695 0.875106455423164 0.839377636519106
Scara3 6.6575441002595 0.808606382432719 0.722734298778932
Fgfr3 6.64312250989343 0.852029173156142 0.802643436225161
Mertk 6.60426275290458 0.838850073796567 0.023616097947432
Apoe 6.54838969065554 0.554194196991131 0.596070324748161
Cyp2j9 6.46036311732661 0.772849252384459 0.715988047172526
Tnfrsf19 6.45412421127923 0.840040536079517 0.867693203697878
Olig1 6.44862327408894 0.320712854005789 0.598724218710814
Pon2 6.43231000955156 0.609102885004512 0.558964520074876
Pla2g7 6.39301083554487 0.798633362707456 0.766755016443729
AI464131 6.37553002474857 0.905319895821563 0.873111388533711
Aldh1l1 6.37258831385022 0.832387047365829 0.770028823416429
Qk 6.27406749205666 0.283604002289634 -0.0705133172709727
Gpr37l1 6.20887351712053 0.694400174410028 0.732762038858991
Cyp4f15 6.19078096021609 0.895533476927508 0.878377883474663
Htra1 6.15611090147327 0.573960305823716 0.6221943064331
Ezr 6.14969630181671 0.85683082201415 0.851679463186606
Tlcd1 6.12542638688921 0.839135535849662 0.744261110495016
Slc7a10 6.10651067505657 0.882892854270608 0.851797101965907
Itih3 6.07959613503502 0.662537988561867 0.183031662938551
Igfbp2 6.07951897797821 0.813595957924131 0.608519571531481
Cldn10 6.06335012016608 0.86761302861231 0.725824710776182
Tlr3 6.00772532958121 0.837326779040445 0.858371459801115
Elovl2 5.99527039230892 0.839723083828941 0.869360761140378
Kcnj10 5.95820685486913 0.591807168669818 0.458807731675594
Xist 5.9142377574579 0.68138235555644 0.043416087245151
Glul 5.88617099611267 0.564447023482153 0.48517509232173
Aldh1a1 5.8834523645776 0.598648921794629 0.426823980999457
Fzd2 5.88315775404823 0.827392002917179 0.791535968446074
Reep3 5.88068635537415 0.442904328265845 0.158091132025556
Grin2c 5.87072004412805 0.905407240138326 0.865208096206704
Eva1a 5.86626835868014 0.822179971112161 0.738089793192592
Mfge8 5.85869796977077 0.760141447358973 0.776453128209076
Car8 5.84654520580719 0.694585222063751 0.14790114510697
Slc9a3r1 5.8182980087006 0.686844416756758 0.645781696983549
Itih5 5.81113468309363 0.712623479371882 0.717600712014902
Zfp36l1 5.77165807239069 0.546192051323135 0.240028076920446
Adhfe1 5.73856300407984 0.798968732063225 0.712392385421288
Lrig1 5.71409411567228 0.673121281617532 0.721321276861712
Acss1 5.6729569246272 0.738898058571664 0.681042353164821
Pdgfrb 5.66723279865603 0.826792572764571 0.692979922492025
Smpdl3a 5.65376136734757 0.787723860078123 0.844377147147545
Crot 5.60385633718488 0.650411885675627 0.598034748457258
Itgb5 5.59366184743043 0.685455034710542 0.734332201174804
Zfp36l2 5.58216398365675 0.658210871550611 -0.0438182143146671
Cyr61 5.56782696903806 0.869820454713869 0.71269844544657
Pbxip1 5.5669518340735 0.859277629907952 0.721219446308713
Wwtr1 5.56193885113515 0.747885247119153 0.571493030030057
Cyp2d22 5.54906188583833 0.875559390360189 0.859159500184344
Il33 5.53740727047777 0.502839805921215 0.108539584370652
Pmp22 5.51531877764029 0.550657968252771 0.0997175273333405
Psat1 5.48408204538459 0.35645050265329 0.0988967160612217
Cxcl14 5.47085863052696 0.481281198730061 0.0103941846813673
Scrg1 5.44222944446446 0.611021986801777 0.111733237102384
Prodh 5.43923275269196 0.893239063229476 0.848381221215723
Slc1a2 5.43446409774687 0.781608864900262 0.715675036156712
S1pr1 5.42290376205012 0.853981003897025 0.758084570794129
Lhx2 5.41231982673561 0.64634500030507 0.610056775433524
Cth 5.41126832762588 0.818696456949922 0.815472595985684
Rlbp1 5.39860761928414 0.665219749291245 0.15172412401797
Myo6 5.3862940060603 0.750246161783061 0.540338316099749
Mgst1 5.38403106964261 0.660302643526326 0.570170569396731
Id4 5.38204484456214 0.204780405229397 0.51011396077996
Slc14a1 5.38045103088488 0.911683906118037 0.814784058229655
Ttpa 5.37795239071063 0.850482617894393 0.772369804703734
Selenop 5.37059993134869 0.436937639099452 -0.0299910695984123
Cyp7b1 5.36625758799678 0.718680804455924 0.648095119858015
Cyp4f14 5.35481646457429 0.892391678438462 0.85868424702626
Tmbim1 5.33994630184603 0.513926150579935 -0.0108646029168858
Gldc 5.33790382911662 0.848967128541961 0.734069209013029
Emp2 5.31698637389974 0.880388058754435 0.787876484735138
Hes5 5.24871172096938 0.395762203606445 0.269068118860258
Pnp|Pnp2 5.24245611122643 0.541582686123227 0.716726873651538
Ccdc80 5.23163817248905 0.808820166222973 0.837731702289742
S100b 5.23004395106984 0.403728434032477 0.124959396958816
Lcat 5.17890666723644 0.89323810902423 0.8586288051589
Stk17b 5.16087906967253 0.705043257688742 -0.0324488707098534
Tnfaip8 5.1396240005908 0.629497728333899 -0.0685184420173606
Msmo1 5.12364235820014 0.629647651020955 0.409538333554596
Pdk4 5.12268731530317 0.737957149099511 0.598105321891196
Cd38 5.09644777855975 0.899452257942453 0.780459374967831
Phkg1 5.08924984916039 0.896194444234321 0.813472871204969
Sept8 5.08610706806816 0.665925903514172 0.25469801136639
Abhd3 5.08094820400328 0.583167582415762 0.803478325950582
Notch2 5.0601739445894 0.559837938960003 -0.0435635125582493
Selenbp1|Selenbp2 5.04434025392405 0.663352686772423 0.648519454288626
Oaf 5.04221378161169 0.802331395366759 0.798924010593506
Ctsc 5.01760346576189 0.609003303851208 -0.0406570279861941
Itga6 5.01020816752461 0.789465783840924 -0.12839271730186
Ppp1r3c 5.0095086342463 0.731164074836771 0.735501062017654
Scd1 4.99603195233212 0.627022697006974 0.363425028609129
Notch1 4.98741500066415 0.813206479400078 0.764811788641146
Cpq 4.92207752799782 0.720683986016059 0.802976538303522
Gabrg1 4.91857482291558 0.716535680173693 0.757034371575311
Ssfa2 4.91718492840856 0.697009111672746 0.159445505663991
Egfr 4.89978607893591 0.91489590016493 0.826384440304259
Vim 4.89535734007331 0.472244696170062 0.0776505957231112
Axl 4.89533213727719 0.887163183197551 0.806905573283577
Slc38a3 4.88925895697895 0.811913822649995 0.859044145854097
Klf4 4.85681370750151 0.61718173063338 0.38681270644573
Fermt2 4.84784768389897 0.585522738621683 0.798352374496937
Adgrg1 4.84350845940474 0.802580377048217 0.382063240950214
Prom1 4.83912558578533 0.605621721661015 0.27979622418856
Fgf1 4.83194299189314 0.562170934021393 0.571689145177176
Id3 4.81404769279704 0.604601499014641 0.455377769249416
Gstk1 4.81218025584223 0.609788263395479 0.615561965897978
Soat1 4.80980185853838 0.730581903323814 0.306291326413034
Cebpd 4.80074584500653 0.513544940430312 -0.169468632266885
Stxbp3 4.79405878261872 0.379622470627999 -0.063703697063534
Papss2 4.79327252867014 0.82870076625861 0.734481894347144
Gpr37 4.78455738198029 0.398626052991308 0.340074477451517
Asrgl1 4.76591057842084 0.574972897921388 0.287757514664353
Igfbp5 4.76098647825731 0.613609615639007 -0.109309852495751
Abca1 4.74077082439266 0.71027284099969 0.131832799862662
Pdlim4 4.73975591542671 0.725655513851322 -0.107626616301089
Btbd17 4.72601283735646 0.86269245862257 0.848505534586669
Pttg1ip 4.72579399232314 0.474369335783208 0.0558812596933961
Tjp2 4.72354285170445 0.572949784066773 0.297222025537208
Nhsl1 4.71071818097296 0.676551210734251 0.231162309736708
Car2 4.69948612392362 0.453359296262538 0.0011712971800959
Acadl 4.69922031744755 0.486224201801468 0.692817397863134
Cbs 4.69512968183839 0.885470410522919 0.872131668726798
Antxr1 4.69213303157842 0.711528151621636 0.80639889014117
Ttyh1 4.68856352422802 0.425288788064355 0.276370800650606
Ptprz1 4.68787515053175 0.71995661746186 0.767113441738948
Cd9 4.68550070963127 0.502479339650811 0.16487589387695
Timp3 4.67259650402258 0.685035150471219 -0.0727266972251775
Itpr2 4.66148284757639 0.70922479869946 0.125989773983375
Pdlim5 4.64445676389749 0.647275845303284 0.688432379194045
Tmem100 4.60835729528908 0.66370748987415 0.0977067168494742
Hsd11b1 4.59887471143825 0.744458091847435 0.837473467560721
Nat8f4 4.59401588834978 0.792963102558584 0.7743439980923
Galnt4 4.57356107571474 0.78158021478938 -0.0862625467877269
Fmo1 4.57257592530519 0.731255613907741 0.759186701498898
Trps1 4.5625882131538 0.519679096526411 0.597270325621286
Ntrk2 4.54587085176354 0.771269052204889 0.728654270938923
Gna13 4.53794150657909 0.612639272638657 0.366104904727677
Pnp 4.53111417080238 0.610186662888961 0.710310418535471
Ndrg2 4.52823858685763 0.597680681047764 0.507898133513764
Slc13a3 4.51667159533454 0.589846360357695 0.522149775296904
Mmd2 4.50785699450005 0.411967440266897 0.523779668369458
Gng12 4.50056803742108 0.502251366362691 -0.00906727997896324
Fads2 4.49921589867561 0.853772399659794 0.846335873009285
Sparc 4.49580725106511 0.54947392112017 0.528196357193646
Sat1 4.4861524678114 0.584756863581703 0.00482646491164861
Ndp 4.4808677266591 0.776211954240777 0.631657444709025
Ptch1 4.4749669358921 0.335429479695168 0.452637112330549
Prdx6 4.46964141858419 0.693341212331913 0.656137061832776
Hapln1 4.46377991104024 0.785591608388831 0.758786598523242
Mical1 4.45547636037801 0.666544958207969 0.015332084133546
Gprc5b 4.45080154107715 0.499326257073957 0.620257056505149
Lmcd1 4.4476592636611 0.802980551914688 0.549617195775667
Entpd2 4.44307543082462 0.801623422186817 0.840058610231339
Rapgef3 4.43514327715036 0.527590706470676 0.334656524905923
Zfyve21 4.43344746573518 0.450741125360382 0.357722147528674
Gpx8 4.42023339758532 0.668518622654689 0.406774942759366
Col4a5 4.41568122517159 0.93037296941222 0.832266746438018
Nfib 4.40440142569477 0.326847189213659 -0.0426855930343923
Fam181b 4.37773187654534 0.720700019747461 0.512384561825193
Add3 4.37058311365719 0.721030110494381 0.705446716413169
Smox 4.36385248973341 0.528617319706636 0.497026410068514
Elovl5 4.35415259312139 0.660704756894555 0.567131741370515
Slc4a4 4.34822690882981 0.426565741303997 0.105251710085741
Lamp2 4.34655365533495 0.501235914326256 0.127384404431192
Nrarp 4.32834612351075 0.757595495327838 0.482462120109468
Gstm1 4.32472415067546 0.668750666815303 0.549499653273446
Nfe2l2 4.32361046654608 0.571852260662937 0.452443442925438
Gdf10 4.29493901582974 0.771408201143735 0.726656889281558
Slc1a4 4.28474311348282 0.707658874744222 0.724861120399362
Nde1 4.28344253849482 0.576395092953404 0.0725989889595206
Thrsp 4.28143742693268 0.455645231959208 0.486202749725675
Kif1c 4.27117507146905 0.644432181161758 0.589237223777541
Jam2 4.26869166142307 0.647515633612695 0.57417974918007
Rftn2 4.26858597811589 0.7531583041893 0.580449122026446
Efhd1 4.2595602455571 0.499063557162402 0.388459360248184
Amot 4.24802003038153 0.808489837418997 0.836215146402414
Aldh6a1 4.24512570251399 0.621990173875168 0.704123720382169
Txnip 4.24279975650734 0.689368926753113 0.530631486450348
Efemp1 4.23655718748594 0.668935005418407 0.399513458666335
Dock1 4.23004043618939 0.623074925037301 0.699517549977258
Cdc42ep4 4.21815590280551 0.640397239762481 0.600264278011267
Oplah 4.21672439446282 0.820784698000763 0.815605630404162
Tmem51 4.21390912458075 0.802049759108775 0.657131822864043
Atp1b2 4.20990742971494 0.654807805496316 0.761354286096338
Tgfb2 4.20937798903724 0.602832428854936 -0.179238114242052
Ptpn13 4.20585332174706 0.703812140891347 0.427017109987406
Slc12a4 4.18740281568842 0.776478941201046 0.703454226373437
Fkbp10 4.18629999609766 0.90753759275549 0.891831524512092
Cyp2j6 4.17261755343913 0.604555564774963 0.221059383223496
Pdgfc 4.1424097764509 0.492210293905782 0.299537482334282
Gas1 4.1176753986804 0.633565185191447 0.433439958017736
Clu 4.11571506541815 0.76254394361127 0.779868403562126
Selenbp1|Selenbp2 4.10574648420761 0.750466888586015 0.688507170927708
Gli2 4.10272158032949 0.81406556525879 0.73935320066791
Cyp4v3 4.0960350029171 0.725237449984446 0.610527089597412
Plekhb1 4.08755459399113 0.413627021050542 0.542035858310577
Zfp521 4.08642597631419 0.167168322739109 0.241598383944534
Heph 4.08509169007561 0.92647968371619 0.864165013509311
Prkd1 4.08359712430953 0.604080874099652 0.678488085136365
Mt2 4.07930007244064 0.636803608168256 0.308103218933042
Hadh 4.06869207349419 0.443644515734842 0.0906209328632393
Dtna 4.06792333983101 0.726808657863879 0.725163604625802
Appl2 4.03889572419045 0.64554701885945 0.830255237379739
Kctd5 4.03794250302614 0.622450207732222 0.539004667372079
Fgfrl1 4.02512366695744 0.772224034830828 0.592215900748409
Pnpla7 4.02221247927546 0.778957363657373 0.454028729854378
Acsl6 4.02069028339824 0.69800256533917 0.82995352342455
Ppic 4.01451823431675 0.802129594534388 0.336615171358037
Aldoc 4.00817615307622 0.489358587698721 0.511079249503868
Gpld1 4.00702141712672 0.812757453828874 0.808615650369874
Lgi4 4.00365998725181 0.911480520304872 0.841551906223464
Dkk3 3.99950865213913 0.412858930976097 0.0270399251443675
Sox6 3.994451510973 0.311387460660112 0.0491693500507052
Lpp 3.98562086514149 0.855185430301554 0.688921781759529
Rab31 3.98477578998677 0.416754151589708 0.236261379575026
Sdc4 3.98445047687845 0.788431680160564 0.757350529451156
Myo10 3.96829309246588 0.800907742679355 0.648946417759912
Il18 3.95425988075811 0.540869233984735 0.646414306435096
Phka1 3.94736593576658 0.703537616354176 0.875052914472279
Sox9 3.94156193373708 0.848992957649184 0.799955883510962
Klf15 3.92766273244507 0.695627198478956 0.617413540250173
Tspan7 3.92654352968822 0.308625159201793 0.0618357945199082
Pdzph1 3.92552022304424 0.836409155819195 0.682707232270952
Lrp4 3.91909814416401 0.789618156409541 0.804586806816943
Cbr3 3.91246908850609 0.224233811234743 0.0875122571878651
Fxyd1 3.89299834883625 0.770905282262032 0.660393183845603
Suclg2 3.89032858846339 0.736209978677214 0.160146644714179
Ptn 3.88554606228542 0.301761898777926 0.207495136778193
Cmtm3 3.88512608213632 0.718192667392588 0.351183426865033
Glud1 3.87710137258844 0.569643445009873 0.51467250786931
Acaa2 3.87470806829002 0.771024311183207 0.724761478760182
Sox5 3.86362525143692 0.459417972018963 0.375431573691735
Vcl 3.85973924165409 0.661011147605885 0.745727170651855
Smpd2 3.85215527906144 0.691761898712219 0.795710071452218
Sash1 3.83777798634218 0.637876887497234 0.787113228992318
Ak4 3.83708223214977 0.444910888079086 0.222672241793409
Aox1 3.8347158212257 0.881906496774583 0.69767168222652
Mmp14 3.81436318253191 0.790624192124273 0.650674483266838
Wnt7a 3.80765445137366 0.633654907828313 0.317609078262231
Cnn3 3.80275936311726 0.442556718356931 0.409700713238245
Celsr1 3.8015185784117 0.817529903043289 0.717395156919389
Smo 3.79789817882796 0.675760672922908 0.413257042442724
Chpt1 3.79019151212514 0.440414674756789 -0.00373337207525442
Slc41a1 3.78320841697146 0.747593220964742 0.726130266818565
Vegfa 3.78107838489766 0.811447418111647 0.607079000034606
Jun 3.78104597150685 0.534755236835019 0.404707302879475
Adam17 3.77459949660672 0.57688036678578 0.393438399123837
Eps8 3.76725827319473 0.518314616334976 0.274613735734297
Dennd4c 3.76473714682609 0.619967306229398 0.51063246644156
Sox2 3.75260126664585 0.419631971820633 0.256502273046404
Gab1 3.74446071098101 0.360721087700884 -0.130451116307365
Srebf1 3.7383626703843 0.716227524342537 0.827070901119556
Adamts1 3.73836037020728 0.651912065416804 0.650432703055696
Ednrb 3.73097921590612 0.794866215629136 0.520275299017579
Hmgn5 3.7253463932898 0.502019328006885 0.248422389355363
Rhbdf1 3.72299075782587 0.707788699957986 0.744269208313966
Lpcat3 3.72284605774836 0.65859938534968 0.368487033446007
Smim3 3.71553011945951 0.663498700530488 -0.139425537719329
Fam107b 3.70913113035996 0.30735536455079 -0.101387023034235
Prelp 3.70630533279589 0.841710613462815 0.492163238015813
Cspg5 3.70218360560586 0.711005871729181 0.593614008319116
Sema4a 3.6981274576841 0.63225207761082 0.371814699335849
Aass 3.69507025238311 0.904006713927242 0.804387807125301
Dmd 3.69258822580375 0.614663257130949 0.522318684628841
Agl 3.68769182126014 0.711321999219453 0.561137590583546
Hmgcs1 3.6853315658423 0.249619409045975 0.0170396262840565
Pygm 3.68062098674068 0.8228198025102 0.736867519342155
S100a1 3.6626804968025 0.522091643453012 0.0430599170682172
Kcnn2 3.65903324864269 0.618583613420265 0.0867772902477134
Fjx1 3.65820008431835 0.742289416488847 0.827376203876458
Bcar3 3.6490935470165 0.489990384957492 0.645678273734834
Fgfr2 3.64848001313861 0.582539573407107 0.223740682976029
Slc16a1 3.6447834708477 0.61054755461274 0.257896081475917
Hspa1b 3.63673498526057 0.391200262283971 -0.0259032898163678
Lxn 3.63669312036236 0.475623973271684 0.47440321954392
Hacd2 3.63133026380607 0.700811747573849 0.729245405771677
Inhbb 3.62652481659139 0.650369426196579 0.321901698292856
Serhl 3.62102501714785 0.718083531732182 0.722488501301625
Plp1 3.61618175854731 -0.183981042919916 -0.132901290674533
Naaa 3.61217592829282 0.786796565862801 0.692796287597442
Idi1 3.60708603911306 0.262704883278509 0.00987942994435621
Prkd3 3.60117256694031 0.454285817628716 0.00197881544447344
Lap3 3.5961809810653 0.583972185965915 0.425547228330468
Mfrp|C1qtnf5 3.58313268687802 0.71057287787071 0.76044648223801
Rb1 3.57977820666877 0.600554489466308 0.550419835002768
Retsat 3.57571119018416 0.768441391042676 0.735759756138319
Pax6 3.57530684892083 0.815661569868105 0.744010544387134
Sox21 3.57164456654291 0.728351702954188 0.428857404995959
Acot1 3.56905290558377 0.498005599054877 -0.061021936594642
Rgs5 3.56534464409206 0.535746120582257 0.223827988101797
Hnrnpa2b1 3.55134543414224 0.659193795028843 0.0245561234797803
Metrn 3.54889669166509 0.726707946444245 0.304457197700496
Agt 3.54023514791603 0.870512662681174 0.641593791047381
Ephx2 3.53058990000307 0.782433142319235 0.690044617968617
Ppara 3.52987565914869 0.871602595350417 0.79916449531982
S100a16 3.52927723977579 0.556616775437691 0.146090766335559
Klhl5 3.52678343121954 0.469271716889708 0.0683075428960921
Mdk 3.52050576713078 0.70174673550948 0.286298450696837
Serpine2 3.51869198207301 0.103414709568531 0.317821031683215
Pygb 3.51621032702805 0.770992635061932 0.852836329605245
Meis2 3.51497498665826 -0.147670610974877 -0.0286627064271065
Hus1 3.51301161035998 0.572647636664459 0.244543976040966
Fcgrt 3.50503752791489 0.751759299414915 -0.0875450334054097
2810459M11Rik 3.49817120889496 0.726234554530574 0.318675143349665
Tulp3 3.47060165088123 0.740918085022852 0.736012595136639
Asph 3.46998151284686 0.674982082315667 0.204044268100301
Gng5 3.46888509326088 0.102197265334963 0.130958209049343
Itga7 3.46388341413738 0.796107609165597 0.685471527842131
Idh2 3.46061108407503 0.697430808337533 0.203860733438702
Rdh5 3.46003557156976 0.836490816062059 0.737280952718919
Limd1 3.45531127369574 0.50164191639874 -0.00496372206016886
Npc1 3.45450519908202 0.424007915719687 0.0828032224635201
4931406C07Rik 3.45359110951289 0.632269432623754 0.680251032955164
Mid1ip1 3.45349051973036 0.506811974386402 0.531626293562991
Tmem176b 3.44633269769054 0.369997858031367 0.233439083725372
Bhlhe40 3.44166777882431 0.472110692476714 0.136914260946991
Scg3 3.43663612869963 0.593373133660103 0.669743884287686
Cat 3.4361585016481 0.430145616940743 0.288547233255706
Trib2 3.43158600451193 0.167462192912694 0.143809522617503
Cyp51 3.43062753571851 0.588593772415394 0.296820502928389
Nkain4 3.42782251334362 0.703001824845431 0.57779170699844
Tmem47 3.4184597849 0.63900421013792 0.68322764826303
Rdx 3.41828818891237 0.365289412742899 -0.00655802119605196
Ghr 3.40925895839999 0.68237610787603 0.458505211734576
Ncan 3.40844086485299 0.656950040951672 0.613217358564483
Dusp1 3.40806666052851 0.639713477252662 0.348690815171587
Cpne3 3.40643243715299 0.598073029251052 0.093496179477393
Sparcl1 3.40048925106403 0.428025248920389 0.780501306227861
Derl2 3.3993096361105 0.320795094193239 0.155970892460748
Dhcr7 3.38713288086972 0.618354433464624 0.204374559494887
1190005I06Rik|Gm27021 3.38329044867031 0.403549337361205 0.193757943865992
Plod1 3.38317071718312 0.583109077658254 -0.179184726275109
Carmil1 3.38191850187653 0.644461268091725 0.508927099122729
Kcnk1 3.38106546276493 0.553552741118457 0.533069057051848
Lrrc58 3.38048910889953 0.505835669143087 0.528103832896384
Itgav 3.34960516259124 0.602762548748352 0.753446233044037
Hrh1 3.3424435895337 0.617563629540182 0.450605035977154
Gpt2 3.32353060305896 0.168514038721424 0.154270668894739
Lamb2 3.29861111021053 0.794142918136791 0.768157645801075
Mdfic 3.29625638295922 0.443696590901208 0.313766457176286
Fgd6 3.29421401011692 0.865448857557958 0.738487421669635
Neat1 3.27316689212539 0.695381274120887 0.0355468293990659
Gfap 3.25640947503606 0.751096448264669 0.399231703763599
Tor3a 3.21608085520718 0.796715584304941 -0.189135329545833
Prrx1 3.1836385840538 0.544515274505386 0.200274669157894
Tnc 3.1646603184124 0.809062919203671 0.443327632380175
Hmgcr 3.10713218413591 0.453955091065238 0.202677882887582
Elavl1 3.08522804193958 0.130219402534412 -0.190590295852722
Tfcp2l1 3.06037734965668 0.837821955204684 0.699297472239019
Swap70 3.00231974562027 0.721176591625374 0.199442355226874
Slc31a1 2.96021352276736 0.542733820411571 0.388870270484881
Ginm1 2.92029785929489 0.589357886385817 0.557921794398666
Plin3 2.88885767528099 0.593630460067997 0.141174485943632
Vasn 2.84524993931302 0.513672224010848 0.34920533907863
Hsdl2 2.83359410016782 0.412016097090402 0.184827703275762
Ddhd1 2.82210186897491 0.501662083537091 0.409866578160806
Hacl1 2.81483788914362 0.656950036617305 0.484192375977892
Fzd4 2.80936528238563 0.750069088141694 0.546550058082081
Rnft1 2.80718636032469 0.564746705082682 0.481394681193859
Rorb 2.79009622846242 0.773596419004772 0.718675391938693
Prkcdbp 2.7749654282787 0.506840267961756 0.0881222362600027
Gdpd2 2.7677779852456 0.854986683716218 0.655349626247464
Clcn2 2.75562099311636 0.639500761132234 0.462834049063183
Arhgap18 2.75227407805004 0.739575119976937 -0.161090717500903
Trim37 2.74168409686079 -0.0217485063028751 -0.0964647879435324
Mvd 2.67378580973657 0.541240062962368 0.131634895373808
Tst 2.67063121198752 0.721129347466537 0.453757112171753
A2m 2.6577855212058 0.862070165104875 0.634237605016387
Aldh1a7 2.63241969010755 0.641352542929716 0.217788341433852
Vav3 2.47919265135447 0.421381883459883 -0.174890732082865
Lppos 2.47606452624198 0.750981518880092 0.580593616058742
Ikbip 2.4614612928146 0.563476615607005 0.427859763115767
Pou3f4 2.38971760322485 0.347463326467467 0.165174287022345
Metrnl 2.04415732413565 0.600787586327133 0.487479886658608
