Tac1 5.73792296515295 0.114657852530403 -0.0894677807098644
Pvalb 5.73267627568738 0.787215210902826 0.619936824930992
Slc32a1 5.25211536457948 0.0211814681987177 0.241444915371024
Rbp4 5.15800778988359 0.646132590609348 0.418817165910828
Col19a1 5.11010698520185 0.628875901403949 0.202486171773728
Prss23 4.8659610430169 0.475505350420585 0.454792001442634
Grik1 4.82676401139 0.509367611173568 -0.138382231477089
Cntnap4 4.55250487172994 0.620686005329264 0.518749329027222
Lhx6 4.49392609151639 0.575144715236084 0.0960352067556162
Lpl 4.39627976331457 0.140781863703317 0.065787982903064
Gabrd 4.39608831484592 0.117595747033644 -0.0014114830556331
Cox6a2 4.06135472917843 0.775780466682753 0.779020649180018
Sox6 3.87099848866932 0.355031996506872 0.0930396555973382
Arx 3.76657658121502 0.300310595682891 -0.103820208069192
Moxd1 3.72932262423656 0.600127212118044 0.084220589498554
Satb1 3.70342866585423 0.484441549398942 0.261251651057742
Serpini1 3.68911074270648 0.292723379022851 -0.0967956941434764
Kcnh2 3.62780236933528 0.557617098704406 0.114258381067333
Phlda1 3.60601912442446 0.395707189699089 0.40076148897499
Cntnap2 3.59817848866031 0.315419822374256 0.235125881480293
Parm1 3.56756622783992 0.434563823495401 0.0907674133459631
Etl4 3.52542520523781 0.158572576705426 -0.0390504620083331
Lgals1 3.49376344211732 0.447504999306392 0.220122481948071
Pip5kl1 3.47939744888084 0.817196265715284 0.624151078347774
Rpp25 3.47344760004635 0.114165129614763 0.0228960899807073
Slc8a1 3.4399207386901 0.388382515109536 0.0701117736858144
Pcp4l1 3.43915736022496 -0.06789915834148 0.331861986723199
Npy 3.43717008636316 0.400926408013152 0.494250554948634
Akr1c18 3.43122959263237 0.726512085806137 0.388417430512052
Kcnip1 3.39073158354287 0.431427736310955 -0.143104468973202
Nefh 3.32361285954947 0.6034667166612 0.270706899979895
Cenpa 3.01464612058362 0.623843394228124 0.289154844155123
Dusp10 2.72293160131623 0.486524197947486 0.267141603820413
Cps1 2.56919484396561 0.629191373795076 0.392140208493385
Adamts15 2.47796556424819 0.749689347833837 0.711898572240933
