Olig1 8.3959130594865 0.581793472836702 0.767878018551948
Plp1 7.43998179251785 0.497981679093164 0.661439550430156
Mog 7.21386723454702 0.84708029667711 0.765140896053973
Mal 7.08680406774767 0.669774707298472 0.797520289899837
Mbp 7.03704549775048 0.463193697697784 0.73100274556099
Ppp1r14a 6.98269658271363 0.798552710120755 0.845247938190633
Gpr37 6.85988042754556 0.658280138944709 0.340074477451517
Ugt8a 6.82905442988823 0.758101399549532 0.796056482776176
Cldn11 6.65611329444014 0.609555951446773 0.637500702546575
Fabp7 6.31506401366161 0.491978152903489 0.176965330793772
Pdlim2 6.24538690783742 0.829238945925785 0.744524284168248
Ndrg1 6.22477764843557 0.538745366068866 0.413862466698177
Mobp 6.19538026106846 0.776320425718691 0.680933241605697
Evi2a 6.1740207802718 0.760608507658117 0.122083941499024
Qk 6.13481152634105 0.345535510056474 -0.00590610433129682
Olig2 6.03312023978834 0.760864626899192 0.698161855023154
S1pr5 6.01525075838137 0.7149742426933 0.737337899019528
Tspan2 5.77998316714085 0.80132038260547 0.835080034188264
Aspa 5.76348038739082 0.75787151549518 0.68417747258489
Cryab 5.66272832909269 0.53037695298064 0.569168330814904
Efhd1 5.66087200802444 0.675565622457058 0.388459360248184
Gsn 5.66049688877561 0.63603777548381 0.666446424282181
Cd9 5.6463093912009 0.637691288583509 -0.20040857485584
Trf 5.50297915054132 0.742062091551294 -0.0912677242073283
Reep3 5.47411100418835 0.481644503724199 -0.119268836499372
S100b 5.4466775460329 0.509425279316409 0.124959396958816
Tmbim1 5.38803287504343 0.592479375533807 -0.0108646029168858
Gab1 5.25922503589214 0.600952485315357 0.417306326483263
Ptgds 5.24423834432678 0.591495355640792 0.234413123815712
Timp4 5.24347536459655 0.431745861731206 0.0118485374401205
Ddc 5.10861426134678 0.741579592209974 0.684890774625378
Kcnj10 5.07145770923895 0.61234227487326 0.458807731675594
Anln 5.0559835351888 0.778570488663722 0.715534304531922
Plekhb1 5.0233757908079 0.593479358751552 0.542035858310577
Psat1 5.01136375925414 0.367739628812708 0.0988967160612217
Elovl1 4.98836912267351 0.664980154201877 0.268788881262009
Trim59 4.95196273757082 0.690692139430224 0.76189512466284
Gatm 4.8955761149425 0.608041967179034 0.627711817094832
Gpm6b 4.87944891427807 0.158886869955749 0.0507584542824515
Itih3 4.84502594943245 0.655532090286357 0.183031662938551
Pou3f1 4.83461328688007 -0.0132907823695341 0.238546521154309
Rffl 4.80319092835253 0.45746359160932 -0.0512880321046809
Slc44a1 4.78694929174481 0.809867933100544 0.821301697050406
Gltp 4.72931088421724 0.75389090902012 0.813327248384313
Stxbp3 4.68872588758223 0.445176149988182 -0.063703697063534
Gja1 4.61879873803537 0.146813856362254 -0.255135369694353
Clic4 4.60871871926766 0.497928816289567 0.499863414900389
Scrg1 4.57967885550518 0.628166790079037 0.111733237102384
Mag 4.49064233099436 0.839218136783965 0.542118156611122
Carhsp1 4.48699784040173 0.0919606559781246 0.296423099101445
Gamt 4.46634082063258 0.711530711346706 0.725366004236085
Car2 4.44532952037909 0.498101684719642 0.0011712971800959
Selenop 4.37526930070212 0.417111485487973 0.401216841052849
Slain1 4.36011430926763 0.624554802856666 0.753353500550841
Pla2g16 4.35169006673047 0.682558431891076 0.554604684661062
Nkx6-2 4.34672574496427 0.762764387933232 0.730148604090041
Rab31 4.34267521548079 0.540989333721677 0.236261379575026
Bcan 4.34017820447788 0.554442132839653 0.73743500589354
S100a6 4.32258758887515 0.419315164355328 0.284979304560157
S100a1 4.31598890146669 0.632237477466577 0.0430599170682172
Tmem163 4.29376145316595 0.690266167398135 0.530444972793747
Grb14 4.28855460493133 0.685278066998286 0.761266743239288
Nkx2-2 4.28591627528532 0.747307395842449 0.628127796461976
Ddr1 4.26509630228394 0.431461221539329 0.0446649918355418
Sox10 4.26464077536076 0.797687888587461 0.820157082202176
Lpar1 4.24843372173927 0.802454102105018 0.746055519021234
Cers2 4.24436413151581 0.668751924748547 0.358577793200104
Fa2h 4.24318969956245 0.793399357313405 0.634401384321003
S100a16 4.19144284499989 0.676411569696927 0.146090766335559
Adssl1 4.10359406616951 0.532940409236276 0.364832900019435
Cnp 4.09917235772154 0.484559055071744 0.655974690464885
Tppp3 4.08496545021415 0.609952962313438 0.151795118176939
Il33 4.08374768308707 0.336204826422761 0.0822696431685037
Sept4 4.07946482325295 0.567561298983707 0.578605537499925
Josd2 4.07279259491097 0.769111598055021 0.530900513949117
Tmem98 4.07266234252798 0.786322320959869 0.679330416811213
Elovl7 4.07187728996389 0.72944496114816 0.625450245640949
Rhpn2 4.02745823792304 0.610234100050402 0.366601028299514
Sspn 4.026661007227 0.628317793395543 -0.0361990366424846
Pllp 4.01478885678337 0.807096010054876 0.709743110236951
Apod 3.9885674039391 0.704159646360705 0.504543459852007
Gal3st1 3.98412755553109 0.800306162007128 0.694119896985991
Tgfa 3.91237012860327 0.216574290467026 0.158990030289759
Litaf 3.91191143216007 0.708594837022543 0.443693772192225
Gng12 3.90715387045155 0.516658704178387 -0.00906727997896324
Gng5 3.89717061424259 0.228341851548187 -0.127514268092357
Fam107b 3.8918241754736 0.421291936071012 -0.0967368433970114
Wipf1 3.88279005252943 0.665176823819909 -0.189270711817176
Prkd3 3.86947673969022 0.548100585397599 -0.155987928564746
Abhd4 3.86399249231301 0.47452035531929 0.367684264434088
Brca1 3.85258363333165 0.522177229112383 0.413008014900029
Pmp22 3.84415467591501 0.442100321039722 0.420128184980588
Lims2 3.83138844002913 0.87739737881018 0.709824860824632
Plekhh1 3.82779158468256 0.712519134783015 0.585794666954507
Plpp3 3.80862370690809 0.380701106532519 0.392883727697688
Apoe 3.80191829296571 0.318280482873677 -0.215944789946658
Gpr37l1 3.80121363509248 0.579959516250176 0.659202503996775
Lrrn1 3.79852254723662 0.598749986472107 -0.186899927618851
Tjp2 3.79696978552851 0.541260269562309 0.297222025537208
Asrgl1 3.78756507866909 0.544613319588701 0.287757514664353
Dbi 3.77825786517649 0.241340288422795 0.105053643489445
Enpp2 3.77185619584282 0.562755497788556 0.0616333473232955
Rhog 3.76574869933536 0.7304654014242 -0.0900373870533999
Hadh 3.72414604690962 0.478795485163062 0.0906209328632393
Adamts4 3.71827048103857 0.748130817007657 0.463675254316259
Vamp3 3.65760542655124 0.388141318300236 -0.0087334808459183
Sept8 3.6323614235026 0.527652722462936 0.198868197485268
Tesk2 3.62617066237948 0.657123843680069 0.349279003752869
Phldb1 3.59112183295945 0.779191419494553 0.697695471697657
Gng11 3.58163709727399 0.759599745177204 0.566114941852594
Piga 3.57231662944522 0.605728770416716 0.572101635341164
Fermt2 3.56849861030055 0.51892024059374 0.719411317534578
Gstk1 3.55388324601335 0.545532360148506 0.615561965897978
Spsb1 3.54929462097678 0.522164456260832 -0.00170298695845358
Jam3 3.53250749912255 0.746653456145187 0.514267178640969
Thbs3 3.52448767751003 0.718184529027967 0.396003985595325
Scd1 3.51042062154808 0.554762897763018 0.363425028609129
Slc12a2 3.50922701527361 0.624907246963247 -0.182803322205979
Trim25 3.50812465192629 0.294201787744957 0.0877310075844022
Gpt2 3.49983217747877 0.291712662225509 0.0752747482735356
Sptssa 3.49316971235434 0.328347709066707 0.281840944861609
Tnfaip6 3.48834124520719 0.794784612932416 0.443528880457223
Acot1 3.48732139693247 0.557593898520653 -0.061021936594642
Lamp2 3.48110131490812 0.482983793709909 0.211742411505813
Tax1bp3 3.47991292673754 0.440435289624477 0.196448166647244
Efs 3.4748583630075 0.617362933926707 0.0147712996578795
Smox 3.46506347271086 0.514771401186279 -0.255104900623877
Bpgm 3.46182704019066 -0.00370362301305878 0.0267708677285525
Glul 3.4175187990091 0.283038120080321 0.247454444763114
Cdc42ep1 3.4154126957316 0.739578519569469 0.488490068273796
Cd82 3.41135978733866 0.702025841707493 -0.0884127026818026
Arl2bp 3.38991518964568 0.377583835115424 0.0202211587883111
Prom1 3.37145572071436 0.513281610712614 -0.156361476477072
Dnajc24 3.35793552543556 0.613588342382674 0.613521891789783
Idi1 3.35672307413257 0.283505217587767 0.00987942994435621
Ninj2 3.33692915472897 0.798670024506747 0.718839814758009
Sgk2 3.33309056955843 0.758120934026674 0.461197634401309
Pttg1ip 3.32813262209426 0.298361074827463 0.646857262136341
Ctsk 3.28641807524915 0.784809688666305 0.699531961539958
Hapln2 3.22811564273253 0.790982410078609 0.364898886584235
Pdgfra 3.1543191931561 0.617568459411314 0.0748407448299669
Fam102a 3.12392461554544 0.169295836738478 0.390990442002581
Csrp1 3.07549615376738 0.318276767732367 -0.0257095964613683
Abhd5 3.05931960844501 0.352345535683053 0.127161183995321
Ptp4a1 2.96837445015239 0.504114705551187 -0.087375657675317
Gjb1 2.92608629016907 0.799740418029596 0.407159003233442
Myo1d 2.91996378584273 0.736636283999862 0.417284192309759
Kazn 2.79346050570396 0.248117013417525 0.0539610571365893
Card19 2.74662484802242 0.660123047680711 0.0569301534324058
Ick 2.72535843985526 0.775971905712333 0.7207576888183
Mcam 2.52960847549858 0.811274159089936 0.261860227880554
E2f5 2.51707062360288 0.381999964829997 -0.054067795928491
Marcksl1-ps4|Marcksl1 2.22152772209201 0.494907144825208 -0.007543627464214
Pex5l 2.20712204314525 0.39512736657771 0.231746648612557
