72792
30956
106861
52538
94180
216739
68738
27360
14766
76187
11541
329828
11639
11668
107747
104776
27494
69538
11761
216190
11829
98660
11932
26362
72014
12411
67896
12494
58187
12759
12830
74114
29873
107869
56448
74519
64385
106648
13123
16007
13138
13175
13371
50781
13527
13618
216616
13649
54326
13731
12496
13850
13860
232146
22350
14066
76267
56473
58238
223254
14114
13998
14164
14182
14184
14221
14230
14261
56188
57265
14366
14400
14405
14451
14560
14600
14609
14619
14623
104174
14633
14756
64297
14813
14862
12950
15483
15903
56741
16008
16011
16324
16404
209378
140492
16562
16779
16816
243914
16870
30937
210126
16206
17035
11426
70083
17304
56615
170790
17387
17909
17920
67111
75541
13004
17986
18028
215819
58237
18128
67122
18212
18217
102644
75475
23972
18508
18596
27273
69239
18679
18682
27226
26432
19013
19038
53412
116847
18760
19125
19249
19283
110078
19309
114713
74013
13650
225998
13609
70097
219151
20255
20971
20351
68607
12406
20498
108052
57738
20511
20512
55963
76257
98396
232333
53896
26941
58807
319757
20598
57319
20652
81840
223227
20678
26942
13602
20787
20917
81879
21808
21859
68385
192216
214359
29820
66873
50500
22329
22330
22339
22421
97064
