30956
94180
216739
68738
27360
76187
329828
107747
104776
69538
11761
11816
11829
26362
72014
12411
67896
108686
12444
12494
12505
58187
12830
74114
29873
107869
56448
74519
64385
106648
13123
16007
13138
13175
13527
13618
13649
54326
13731
12496
13850
232146
22350
14066
56473
223254
13998
14184
14221
14230
14261
57265
14366
14560
14623
104174
14633
14813
15483
16008
16404
209378
140492
16816
16870
30937
210126
17304
17387
17909
67111
75541
17986
58237
18128
18212
18217
102644
75475
23972
18508
229534
56376
69239
18679
18682
27226
67916
19013
19038
53412
11758
116847
18760
19125
19283
19309
225998
70097
219151
20971
20498
108052
57738
20512
76257
98396
53896
26941
58807
20598
57319
81840
20678
20787
81879
21859
68385
214359
29820
66873
83925
50500
22329
22330
22339
22421
97064
