225998
75541
13527
20598
27360
23972
29873
76187
13998
52538
102644
12759
30956
74013
11541
13110
210126
68801
12032
18679
70097
72014
16007
104776
107869
67122
29820
19249
26362
216190
54381
76892
16779
13618
223227
30937
14366
13649
74114
27494
14230
76257
81879
218952
20498
22329
83925
20787
19125
12411
20917
12830
16870
14221
56473
11758
57265
12494
18682
67442
22330
14766
68607
18596
16404
14661
116701
81840
110078
98396
14405
76267
329828
27273
216739
67111
70757
69239
12496
54635
19013
329877
13850
19771
75475
11761
14261
16173
106648
14756
64385
69538
66234
228357
