Tspan2 7.14126903709001 0.837002402827638 0.851324304112369
Ppp1r14a 6.86222721619779 0.852902880419065 0.852127922143833
Mog 6.83890259982553 0.804434381931863 0.749359144529255
Ugt8a 6.50591636621728 0.694435346206233 0.714206516358298
Cldn11 6.31803001120814 0.769747463036036 0.746752612457665
S1pr5 6.30760102357204 0.759150100602255 0.700510151281207
Mal 6.26006792291022 0.793069214368519 0.878985039781377
Mobp 6.19312299400078 0.83104940794327 0.749046023519572
Tmeff2 6.12508554353596 0.64733733008426 0.376256826009421
Grb14 5.98975498160398 0.775314323460314 0.892710714941461
Sh3gl3 5.70462403144798 0.773423337158037 0.901011568670932
Fabp7 5.54456846653516 0.0749371745575601 0.176965330793772
Mbp 5.49346797131825 0.610792730623621 0.819232194677574
Ndrg1 5.36075802751094 0.72772417447707 0.715124144857191
Fa2h 5.30973790294626 0.808600791829752 0.746851408959477
Dusp26 5.21966749724733 0.555086767811914 -0.0630238378139537
Foxg1 5.19840042997139 0.0348841585591711 0.100317791044696
Sox10 5.11286117616073 0.884865175692473 0.87179560799716
Ptgds 5.10539948726959 0.501623063928682 0.21533395506935
Olig2 4.99532837693197 0.636242775095585 0.698161855023154
Sez6l2 4.99326970563583 0.522885938095398 -0.0602819902298209
Stmn4 4.93188605084516 0.689661803543321 0.6288097350179
Pou3f1 4.93095877195279 0.87045209217037 0.857429769974646
Efhd1 4.79376461438887 0.290495878019446 0.388459360248184
Ddc 4.7502900417772 0.805463925124607 0.776050670623296
Tmem163 4.73134896176071 0.810622017507759 0.702342584542583
Trim59 4.73081386688467 0.845053350746134 0.842587025520707
Sox2 4.65953216033824 0.113165714186422 0.256502273046404
Edil3 4.45734195140503 0.481418796259217 -0.161045463859936
Gpr37 4.4420267145685 0.345123091004458 0.340074477451517
Gal3st1 4.36844727233264 0.696563086387136 0.487373513678168
Pcp4 4.27599104451751 0.267244406116135 -0.203343667188924
Rab33a 4.27124628212005 0.648759657390596 0.665956857230775
Apod 4.26408240507788 0.554757708941289 0.344139088746028
Bcat1 4.24080944637044 0.588300408374596 0.655711334288515
Aspa 4.23952672351693 0.670145162082171 0.68417747258489
Anln 4.22871293163755 0.68319028959821 0.473242043484511
Ank3 4.22160726384265 0.550149913223622 -0.0740491344104444
Pllp 4.21391972490809 0.884747192097674 0.854024943952536
Evi2a 4.21382348913597 0.517035945606971 0.122083941499024
Lims2 4.21091339526174 0.803168434183305 0.729941645086081
Slain1 4.20716216570725 0.789740585504852 0.81872600535615
Prkcz 4.19511495268667 0.537727383007543 -0.171328590728625
Plekhb1 4.19330261918481 0.303166107447922 0.542035858310577
S100a1 4.17527696831366 0.125828848008859 0.0430599170682172
Kcna1 4.17193061499945 0.50562603691484 0.17998586765118
Pdlim2 4.11806759817971 0.796634137710879 0.744524284168248
S100a16 4.11068963519293 0.181802132593523 0.146090766335559
Nkx2-2 4.10210473315725 0.63306853927496 0.628127796461976
Sytl2 4.09810021046235 0.513502852684272 -0.0695794342072413
Olig1 4.06025896198335 0.44716079563024 0.776461144764042
Chn2 4.03892075700069 0.747082694279679 0.827283964776349
Josd2 4.03435795914265 0.710675141674042 0.548619355817387
Larp6 4.01680006109219 0.630554956164132 0.401529412476307
Sgk2 3.96742444273538 0.786228352272864 0.667682698856334
Efnb3 3.96250527887961 0.755934616052037 0.638741239378033
Nkx6-2 3.95472618541839 0.737724913629928 0.667275554248293
Gsn 3.9380695185009 0.69487243006215 0.666446424282181
Lpar1 3.9267839603145 0.78734450031567 0.740476365674834
Cacnb4 3.89182342264727 0.563862234481117 0.137537452908203
Adamts4 3.87098158838005 0.652801301889949 0.441110964312644
Tubb4a 3.83889243603807 0.663991713781703 0.49402095431116
Plp1 3.82380003397054 0.668201633394168 0.805286679492453
Acot7 3.82263166025911 0.474552464094905 -0.16215380166374
Lrrn1 3.79852254723662 0.590735396374892 0.588025289738724
Atp9a 3.78781857417475 0.466764029210249 -0.13979962148268
Ninj2 3.77390394054795 0.820581112638 0.789630651108397
Nkain1 3.76929480481892 0.650085229974079 0.542821038240073
Thbs3 3.75803135634294 0.532226042458034 0.497067833057062
Mag 3.70748194119679 0.674301966503429 0.495074404250095
Asrgl1 3.6396915493877 0.156991202784161 0.287757514664353
Scrg1 3.61324886289409 0.126812389284675 0.111733237102384
Plekhh1 3.6054607109022 0.71664021900308 0.522478103954383
Gnb4 3.5942763006016 0.710780736819371 0.687497972204693
Tnni1 3.59194255049533 0.820676199733441 0.73236960953293
Brca1 3.57167235186101 0.41773780520574 0.413008014900029
Phldb1 3.57004457265789 0.79000769145031 0.776437236116717
Gpr37l1 3.55663948254224 0.236355303439817 0.663893382879259
Mfsd6 3.54572821168087 0.466168033279294 0.336052253140945
Car2 3.52620457667377 0.121947822722528 0.0011712971800959
Gpm6b 3.48456282381459 0.154652095749048 0.32781385650888
Sh3d19 3.46410157515137 0.698904836925039 0.680707876957113
Carhsp1 3.46077451635344 0.565827069757799 0.585812836476302
Ggct 3.44800589327994 0.60273035385912 0.110622225921237
Gamt 3.44310419644919 0.743349327705068 0.615409550215916
Klhl2 3.40352149647451 0.837817664566299 0.811098357630024
Dnm1 3.38257670760972 0.471156892192631 -0.0500236243689928
Gjb1 3.35634992697623 0.693994623444637 0.491683989154427
Frmd5 3.34120820473713 0.6426348860058 0.416626454450333
Car14 3.33726180342308 0.684360985324888 0.464671781660243
Hapln2 3.22811564273253 0.545087632362689 0.20598681899839
Gpr85 3.16853401529037 0.57380266832731 -0.116961915931354
Elovl7 3.16261465169409 0.550312155471417 0.135701017649151
Pcolce2 3.10999230496569 0.502246223242079 -0.295550214859194
Kazn 3.04735976572959 0.875318371029633 0.865943861762929
Cdk18 3.00958970635887 0.683528087556645 0.491501215396265
Pdzrn3 2.98137176861624 0.133621213777017 0.00355285415751438
Tnfaip6 2.87532623514208 0.530467873039988 0.443528880457223
Brinp1 2.8583651709845 0.294643408673038 -0.0309708497628018
Rhpn2 2.8511864276423 0.352000593216115 0.366601028299514
Csrp1 2.71995583308661 0.133027256541522 -0.0257095964613683
Bmp4 2.70546819987956 0.661799350612613 0.54495893522141
Wfdc18 2.64227186401343 0.731079869429119 0.620941325026029
Lad1 2.62378304572385 0.481932768019943 0.188983445152129
Synpr 2.51279844151562 0.581398125737181 0.526866468694712
Pex5l 2.49033519347345 0.504028476442437 0.0984570373389076
Rab40b 2.36888169579219 0.484648747476716 0.25376264548836
Dock5 2.21555732366713 0.360795886144894 -0.0330955978019819
Cpox 2.16657047792675 0.780909831066116 0.685517122181355
Rprm 2.054329372392 0.348887126479866 0.0561168128567187
Nnat 2.01228233053561 0.024187793422405 -0.0679796559547407
