Astrocyte	BrainstemCholin	Dopaminergic	Microglia	Microglia_activation	Microglia_deactivation	Noradrenergic	Oligo	Serotonergic
209378	70717	116811	110956	18035	70839	12311	14618	15564
225998	78977	53872	12655	57444	69922	140723	70747	74175
75541	109901	18227	27056	17210	72560	69908	20665	260298
12406	211480	18208	17912	547253	246177	64242	66949	20519
13527	56016	13162	192232	20491	17305	20538	68743	13024
17387	19142	18752	14594	12259	67246	17161	227753	66402
56376	80888	110876	210998	14130	319880	13166	11484	15567
20598	16392	320405	14270	19766	15170	14867	53897	14462
12444	13136		94212	12524	140742	75352	56356	26366
21859	66952		74048	18787	68964	545192	102693	22044
27360	57816		26377	19073	13709	17116	22239	353236
23972	12695		15439	20308	76088	11859	338521	15006
29873	107250		57259	16172	30955	21419	29862	12705
107747	16852		58805	17970	64099	52331	17441	19218
76187	19132		26401	171531	54445	66815	211945	
67896	20750		105348	11796	17110	20606	66124	
13998	15507		18686	21928	17215	12659	17136	
104174	239405		12514	12260	230787		19337	
102644	20508		12227	18037	56708		68458	
30956	16373		23849	69774	14960		213019	
74013	66425		12010	20321	16819		50913	
210126	227733		329154	12774	21812		21827	
56615	24111		228839	16978	67213		27219	
13175	116903		15163	80859	16155		225341	
14184	57780		18707	67742	53945		14431	
53896	29867		67448	73690	12489			
18679	320802		63986	16176	224860			
58807	67405		80281	16193	17952			
14813	50795		64209	16391	11629			
70097	12306		21452	22033	66824			
72014			16197	12394	69178			
16007			233186	56706	14998			
104776			15277	21354	19141			
53412			17084	12702	19650			
107869			16477	12522	21898			
67122			80898	15216	13051			
13138			17001	26410	15985			
14633			20375	73656	23871			
29820			94094	20310	216445			
18508			22177	19354	102545			
18760			14961	72512	24044			
67916			100182	228790	74039			
26362			230257	80285	13713			
216190			14159	22324	16154			
13618			140497	12508	67865			
56448			18591	66102	227929			
97064			19079	74734	27060			
223227			58809	15894	114249			
18212			14129	56193	71706			
54403			14537	17969	99543			
20971			16164	16822	17476			
30937			16414	20963	171207			
14366			17258	65972	80877			
13649			23880	12013	19253			
73284			70719	74213	11576			
74114			58861	65221	239217			
229534			60504	23921	11727			
27494			27355	74760	17159			
56188			15936	24014	52855			
14230			21391	17874	74096			
20512			12262	14127	54613			
12950			17948	22019	107373			
108052			20305	13654	54486			
14451			11690	14131	217333			
76257			17096	15945	98365			
20678			13036	24088	56644			
81879			216991	21847	223433			
74519			16768	14605	20202			
68385			21803	170743	15212			
58187			64138	20293	16970			
13123			234779	21899	16331			
20498			17951	71586	15242			
22329			50498	20732	12335			
83925			11656	22695	21810			
15483			14824	17972	18805			
19125			23845	16145	107321			
12411			108101	16175	20201			
13731			229499	15937	231633			
20917			106512	12608	12506			
22350			110006	108829	14247			
66873			219140	208104	218203			
57738			171285	80910	16170			
12830			12628	20303	12796			
16870			67477	12363	16658			
14221			227612	207818	12229			
56473			76681	74091	20345			
11758			16194	68774	233328			
18128			56744	15162	192193			
19038			16598	99100	217303			
243914			15939	671535	16912			
57265			20469	60322	16909			
12494			13040	56437	54153			
18682			226594	20128	21815			
66277			54199	15284	72691			
58237			12267	18793	83433			
54326			17921	12984	11555			
16816			269823	21926	16985			
14623			75458	13025	18018			
22330			74131	58801	18054			
19283			19264	20296	213002			
50500			224109	14595	17060			
12505			227696	12475	56485			
57319			20852	67951	268903			
68607			13732	18626	11513			
81840			100127111	55942	22320			
58238			216869	233571	104759			
98396			18173	19332	18753			
22339			17533		56857			
232146			11745		17002			
14560			12493		231931			
116847			225027		15900			
329828			21813		68487			
16008			19224		106952			
22421			107350		74153			
29815			74030		70497			
27226			16859		21938			
216739			192654		11554			
140492			54353		107375			
67111			12960		67712			
69239			11810		12986			
12496			105855		23890			
19013			80719		15446			
13850			114584		381319			
219151			12490		68891			
16525			94176		259277			
223254			12495		26888			
53972			78816		12606			
75475			20302		11910			
11761			17872		193740			
14261			217353		17095			
106648			20540		21682			
64385			13057		20111			
94180			19696		76408			
69538			74211		11857			
14066			54354		26382			
17986			14972		14676			
13602			17087		104681			
19309			50778		211550			
18217			21897		24099			
228357			67220					
			23833					
			12370					
			12362					
			80891					
			19128					
			16854					
			17698					
			192187					
			15979					
			15001					
			16456					
			11504					
