Astrocyte	DentateGranule	ForebrainCholin	GabaPV	GabaRelnCalb	GabaSSTReln	GabaVIPReln	Gluta	Microglia	Microglia_activation	Microglia_deactivation	Oligo	Pyramidal Thy1 Amyg	Pyramidal Thy1 Hipp	Pyramidal_Glt_25d2	Pyramidal_S100a10	PyramidalCorticoThalam	Spiny	Pyramidal
209378	109620	78977	235130	18159	14829	22353	228911	110956	57444	70839	67801	100040462	18227	20671	50722	19142	64378	11922
75541	216613	12903	12862	18552	19281	15561		54673	17210	69922	76893	60367		66637	12351	75646	12296	
13527	18027	19217	12615	12308	14675	22418		12655	547253	72560	18952				21924	12831	23984	
17387	18168	21338	227733		50706	16590		16430	12259	246177	14618				64058	12833	29863	
56376	13511	22773				235415		27056	17534	17305	230661				13008		19049	
20598	60440	74318				21334		14594	22323	52466	74559						73712	
215751	17219	20618						210998	14130	319880	14912						11847	
20682	18012	63993						94212	19766	15170	70747						218772	
214359	56720	13599						74048	12524	68964	17433						56458	
77559	22068	27220						170791	18787	56504	14745						18143	
27360	19212	14778						26377	20308	13709	20665						106931	
23972	170677	20508						15439	106326	76088	66949						16493	
107747		14573						58805	16172	30955	68743						15930	
76187		16875						20397	19698	64099	227753							
67896		282663						26401	17970	54445	11484							
13998		22065						21356	12042	14991	53897							
104174								12514	171531	17110	240913							
52538								12227	11977	17215	56356							
102644								18826	14455	230787	105439							
14183								23849	11796	56708	102693							
114874								12010	21928	17390	103743							
20652								329154	18037	14960	13195							
17304								54396	69774	16819	22239							
12759								18783	20321	21812	338521							
16324								15163	12774	110829	50915							
30956								67448	16978	67213	84004							
74013								63986	80859	16155	18417							
13110								80281	67742	53945	17441							
210126								64209	16176	12489	211945							
56615								21452	13685	105670	100434							
68801								16197	16193	11629	73940							
14184								233186	16391	66824	66124							
53896								15277	12394	69178	17136							
18679								81910	229900	14998	83964							
20511								17084	21354	19141	68458							
58807								16477	12702	19650	18088							
14813								80898	12522	21898	213019							
70097								20375	15216	13051	72160							
72014								71514	22228	15985	50913							
16007								433375	70110	100561	21827							
104776								76261	26410	23871	225845							
53412								94094	20310	216445	225341							
107869								22177	12795	102545	56542							
72792								14961	17133	24044	67092							
67122								100182	72512	74039	14431							
14633								230257	80285	13713	94226							
70083								14159	22324	16154								
29820								26943	12508	71607								
19249								12946	66102	227929								
18508								140497	74734	27060								
18760								18591	15894	99543								
67374								81489	56193	20148								
26362								11906	17969	17476								
17909								58809	16822	171207								
216190								14129	20963	80877								
54381								14537	65972	19253								
16779								16164	12013	11576								
13618								16414	74213	11727								
56448								22022	65221	17159								
17920								63955	23921	12488								
223227								329908	24014	52855								
18212								110355	16190	74096								
319757								23880	17874	231871								
20971								70719	54720	54613								
30937								58861	170625	107373								
20501								60504	14127	54486								
13649								27355	22019	217333								
56699								15936	12257	98365								
66988								21391	14131	56644								
29811								12262	15945	223433								
27494								17948	19205	20202								
56188								67776	53599	15212								
14230								20305	67547	16970								
20512								11690	24088	16331								
12950								17096	170743	15242								
108052								13036	20293	12335								
14451								216991	21899	21810								
76257								16768	71586	18805								
81879								21803	20732	107321								
11829								64138	22695	20201								
14862								234779	17972	231633								
74519								17951	16175	12506								
69259								50498	15937	14247								
57776								338467	12608	218203								
70984								11656	108829	16170								
68385								14824	208104	12796								
69590								19025	21817	13593								
58187								23845	80910	12229								
20498								108101	20303	20345								
22329								229499	12363	233328								
83925								106512	207818	192193								
20787								110006	75234	140570								
15483								171285	74091	217303								
19125								12628	108673	16912								
12411								98878	68774	54153								
13731								67477	15162	21815								
20917								227612	99100	72691								
22350								76681	671535	83433								
66873								16194	60322	11555								
12830								56744	56437	18054								
16870								16598	20128	213002								
14221								15939	15284	17060								
56473								20469	12984	110095								
11758								226594	13025	104759								
18128								54199	20689	18753								
243914								12267	58801	56857								
57265								12633	20296	13448								
12494								269823	14595	17002								
18682								75458	12475	22379								
66277								74131	19697	231931								
54326								66869	67951	15900								
16816								224109	18626	68487								
67442								227696	55942	106952								
16206								20852	233571	74153								
22330								100127111	19332	70497								
19283								216869	59010	21938								
50500								13733		11554								
215819								18173		67712								
14766								17533		12986								
57319								12493		23890								
68607								225027		15446								
18596								21813		381319								
106861								19224		68891								
330662								107350		72324								
13405								74030		56045								
16404								16859		259277								
14661								192654		27419								
16562								54353		26888								
116701								12960		12606								
58238								67706		11910								
110078								64685		193740								
98396								105855		17095								
232146								80719		21682								
14560								54607		20111								
14405								114584		211286								
329828								12490		76408								
11932								94176		71956								
22421								56470		12807								
27273								12495		26382								
27226								78816		14676								
216739								20302		104681								
67111								17872		211550								
69239								217353		24099								
12496								20540										
19013								13057										
329877								19696										
13850								208263										
219151								74211										
170790								54354										
19771								14972										
75475								17087										
11761								50778										
14261								21897										
16173								67220										
106648								23833										
13609								12370										
14756								243771										
64385								12362										
94180								80891										
69538								19128										
14066								16854										
17986								17698										
18217								192187										
66234								54394										
17750								15979										
13650								15001										
19682								14231										
228357								16456										
								229600										
