Astrocyte	Ependymal	Microglia	Microglia_activation	Microglia_deactivation	Oligo
209378	108000	12655	547253	72560	21952
225998	57444	27056	17534	246177	74257
75541	70551	192232	14130	17305	67801
214359	12316	14594	12524	15170	18557
21859	140723	14270	18787	68964	18762
23972	12484	74048	20308	76088	71529
107747	75745	26377	17970	30955	14038
76187	17755	107769	171531	64099	11735
67896	108907	58805	11796	54445	56363
104174	24001	21356	21928	50934	18952
14164	21973	105348	18037	14991	14618
19737	13395	12514	69774	230787	74559
98660	73804	18826	12774	56708	14912
12759	15569	23849	80859	14960	70747
30956	20450	329154	67742	16819	17433
210126	14417	15163	73690	70031	17988
14600	75426	18707	16193	16155	14745
14184	240726	67448	16391	53945	20665
53896	17932	63986	12394	12489	68743
20511	107932	80281	12702	224860	67557
14182	111970	70415	15216	11629	11484
58807	19240	16197	70110	69178	192657
14813	93686	233186	26410	14998	53897
72014	107995	15277	73656	21898	70025
16007	170753	16477	20310	15985	252864
107869	68014	17001	19354	23871	105439
14633	27528	20375	72512	216445	13195
29820	20666	94094	22324	102545	16485
26362	142682	100182	66102	74039	338521
21808	66953	14159	74734	13713	50915
210044	13392	26943	17969	16154	84004
16779	13193	140497	16822	227929	17758
56448	20419	18591	20963	27060	29862
97064	58208	14129	65972	114249	18417
54403	215387	433256	65221	171207	17441
142980	68612	14537	23921	19253	211945
13649	217653	16164	74760	11576	73940
56741	74194	21788	16190	239217	66124
57257	12479	16414	17874	11727	83671
13371	13390	17258	14127	17159	17136
50781	229473	23880	22019	16988	19337
55963	66686	70719	15945	52855	66959
14230	12890	58861	67547	74096	18991
20512	17345	60504	24088	54613	11815
12950	107934	27355	21847	107373	68458
108052	229841	21391	170743	54486	213019
192216	68616	17948	20293	217333	72160
76257	12458	12721	20732	98365	22153
81879	13008	20305	22695	56644	50913
11829	20878	17096	17972	223433	27219
195733		17886	16175	16970	225341
74519		13036	15937	16331	14431
11606		216991	12608	15242	94226
14619		16768	21817	12335	
68385		21803	80910	21810	
58187		234779	12363	107321	
13123		17951	207818	12506	
22329		50498	75234	14247	
15483		23845	68774	218203	
19125		229499	15162	16170	
12411		106512	671535	12796	
14400		219140	56437	16658	
13731		171285	20128	13593	
66873		12628	15284	12229	
57738		98878	18793	233328	
12830		67477	12984	192193	
16870		76681	21926	217303	
14221		16194	13025	16952	
56473		56744	58801	16912	
19038		15939	20296	16909	
57265		20469	14595	54153	
12494		226594	67951	21815	
18682		12267	233571	72691	
54326		17921	19332	83433	
16816		269823		11555	
14623		22368		213002	
16206		74131		56485	
22330		224109		22320	
50500		20852		104759	
57319		13732		17002	
18596		216869		231931	
13405		13733		68487	
16404		18173		106952	
20255		17533		74153	
81840		11745		70497	
110078		12493		21938	
98396		107350		12986	
22339		16859		15446	
14560		192654		381319	
14405		12960		68891	
116847		80719		72324	
329828		114584		259277	
16008		12490		26888	
11932		94176		17095	
27226		56470		21682	
216739		12495		20111	
140492		78816		76408	
69239		217353		11857	
12496		20540		69780	
19013		13057		26382	
13850		19696		14676	
219151		74211		24099	
16525		54354			
170790		17087			
11761		21897			
14261		67220			
106648		23833			
13609		12370			
14756		12362			
64385		19128			
94180		192187			
14066		15001			
19309		16456			
18217					
66725					
