Calcb 8.18348573953838 0.89501533342823 0.886349973140751
Slc18a3 7.26860220283416 0.95348418418946 0.947702239493161
Calca 7.05384889414481 0.447227423065452 -0.0478117321517456
Spp1 6.48660839209094 0.672554775214229 0.65208094610019
Prph 6.18478527904548 0.870116930575157 0.884525963220901
Sh3bgr 5.74317321590202 0.802311020227725 0.779387544038669
Pcp4l1 5.74271343966042 0.741073420868166 0.749781723571388
Kcnj14 5.70711057358395 0.863880321092019 0.872137782912162
Sncg 5.64008916729007 0.0450332784466339 0.182748148601393
Isl1 5.5166921033081 0.851415531174167 0.828915412899609
Chodl 5.46164775697178 0.501512096530153 0.210059798174354
Hspb1 5.10872563507041 0.793746110200567 0.751558237546175
Lgals1 5.0805022004283 0.646494617928808 0.63789623928669
Irx3 5.03917382234629 0.792520487268397 0.71364819396687
Fxyd7 4.89832245344165 0.592697334384976 0.674121137187004
Hebp2 4.87646770116141 0.58049150978863 0.61655983086939
Nts 4.84850740663735 0.68967755090417 0.595243021358071
Caln1 4.80130209757612 0.351999590804388 0.423896856364803
Uts2 4.72073896033437 0.907875214955987 0.863622665157091
Lcp1 4.48090193370012 0.589957255127087 0.615357011838729
Cela1 4.45010605043712 0.603170948384655 0.753207186659195
Rspo2 4.4240576957152 0.620217534747202 0.558092722784538
Cda 4.31597130826648 0.486264970884965 0.13640592123436
Nefm 4.30707764121239 0.380369509090154 0.497626684507175
Nefh 4.25853568907807 0.462671074272754 0.707412576821654
Stmn2 4.24948338654425 0.200637383862501 0.267405614727191
Tesc 4.22227338801672 0.607678468359341 0.658165236721872
Medag 4.20506162655762 0.684188415228822 0.581378844444189
Vamp1 4.15593641320712 0.567586018388286 0.727669586685328
Cd24a 4.1107618474022 0.45667224080925 0.600778750800437
Slc29a4 4.06393512523062 0.509698513879765 0.3475347402156
Susd2 4.05896758586429 0.0624909531983276 0.319485637182261
Anxa2 4.04976726874302 0.802145870469473 0.772106051267177
1110008P14Rik 4.03448641109031 0.514637889540315 0.718333080249186
Prss12 3.9282354676498 0.506931755847887 0.695305887117722
Gng13 3.92706994414207 0.438315657672599 0.452825883641447
Hoxb5 3.92220823257239 0.729859459991788 0.350109678681976
Gabra1 3.88786115944744 -0.291709392701955 -0.287094500729461
Trhr 3.85703190000628 0.212564404377261 -0.124982609467838
Popdc3 3.83787860048891 0.609703592738485 0.675057881924249
Patj 3.78737774255768 0.649981008769405 0.783036957953712
Ykt6 3.78141401517045 0.60259296880679 0.819596779117812
Scn1a 3.72891250545471 -0.0935614015888588 -0.0160522477881929
Lxn 3.71519142356287 0.433590126281807 -0.00656975851792344
Kazald1 3.70478844589066 0.654234886804233 0.598227467827464
S100a10 3.70392839583848 0.243098951292205 0.312274969330599
Nefl 3.69716234656231 0.118806253063647 0.424566225043494
Hs6st2 3.68955371002282 0.0055488906022504 -0.0318761649873939
Pvalb 3.64311065668566 0.301406005004113 0.1962059777863
Hspb8 3.62249163146529 0.579967969115688 0.763934697517357
Kcnq2 3.61533473522963 -0.264317763465863 -0.0398907155008175
Cbln1 3.59563089916623 0.12955692785672 -0.0297727314682448
Ifitm10 3.58888699175952 0.596004888936945 0.687471213768892
Htra1 3.56863180373227 0.129118394150187 -0.0429154152213959
Lrrc49 3.54871557061815 0.634773135210203 0.627538064572037
Ecel1 3.54869199716661 0.697707878285188 0.669284812349941
Anxa4 3.52109580096558 0.701581671677694 0.68078298007691
Rerg 3.51423886203637 0.498724130595937 0.493137385012175
Fkbp1b 3.51014150810771 0.090915041995116 0.25432948039269
Dcn 3.51011161673092 0.485309453027176 0.38977082771961
Ache 3.50356986605745 0.0934016844903147 0.354433919287748
Mcam 3.46171337969208 0.369729236968785 0.186304608497927
Slc17a6 3.44827250402601 0.0788428790808963 -0.126563240981597
Chd3os 3.3722923016128 0.240535177593514 0.5484548145392
Tppp3 3.35955401361037 0.208135249260192 0.0906578857013784
Clvs1 3.33267286029628 0.183827878775807 0.344754311783044
Elf5 3.326568858879 0.617578043445838 0.0771894175251931
Cd55 3.09681000943305 0.614679987059676 0.671407330960388
Pip5kl1 3.06022362173865 0.701260419939608 0.696762609596587
Cabp1 3.04607337738172 0.760372773285582 0.762059729579816
Etl4 2.94545533206457 0.0528998174385506 -0.175592591871921
Pctp 2.82568814790653 0.725172695796831 0.716912663013512
Fgf18 2.74372136171736 0.527454329187184 0.471729892301554
2310030G06Rik 2.63190520754667 0.643179910477016 0.655171975637334
Cidea 2.57628370713656 0.748106741400443 0.518170035609726
Hoxc4 2.55647086514823 0.559830679195536 0.442609794476268
Cyp39a1 2.45417389408014 0.675475920819041 0.600516202769483
L3hypdh 2.44215537303998 0.55654028675019 0.493450386772561
Tuba8 2.3901576671728 0.617075265632724 0.597248489419062
Vip 2.15632176144849 0.017674001430259 -0.160142977892172
