11977
14595
12013
12042
11796
12259
12363
108673
20293
20296
20303
20308
12774
12475
53599
12508
12522
12524
12608
99100
60322
12984
13025
15945
66102
20310
13685
14127
14130
14131
20321
14455
229900
80910
15162
15216
15284
15894
15937
65972
70110
71586
16172
16175
16176
16190
16193
16391
57444
108829
16822
16978
17133
26410
17210
171531
208104
17534
69774
68774
17874
17969
17970
17972
18037
80859
74091
106326
233571
671535
547253
80285
18626
56193
12795
58801
19205
19332
74213
54720
19697
19698
74734
19766
24014
75234
56437
12394
20689
67742
18787
55942
23921
65221
67547
207818
170625
12702
20732
20963
21354
21817
24088
21899
170743
72512
21928
22019
20128
14605
12257
67951
22228
22323
22324
22695
