Aqp4 7.38831729364772 0.812983111875221 0.883821070039165
Dio2 7.00806751677705 0.789408540494833 0.787741905742206
Mlc1 6.93209187920473 0.826088032703955 0.825176295642938
Slco1c1 6.92228201589011 0.875584453816096 0.872970173978193
Bcan 6.75205088485243 0.676301234717432 0.74587796908394
Gjb6 6.74756006757873 0.774046732465683 0.734174711121178
Atp1a2 6.6327272455236 0.809687672434189 0.869568149772906
Htra1 6.62661207274777 0.619396649002933 0.6221943064331
Scara3 6.62346207021958 0.833330076019046 0.78826019010128
Slc7a10 6.54862013106098 0.875788917511154 0.851797101965907
Slc1a3 6.50641962519544 0.841710672101928 0.807227800093745
Gpr37l1 6.50194184875518 0.561935604118173 0.732762038858991
Slc15a2 6.47310977504528 0.797962913007407 0.901730224675786
Fgfr3 6.44151168982557 0.817764309433304 0.802643436225161
Acsbg1 6.43530093783021 0.871068719935318 0.847992649544217
Cyp4f15 6.43015100967321 0.870920844025252 0.878377883474663
AI464131 6.40142094699275 0.872830196874023 0.873111388533711
Tlcd1 6.30130738091659 0.778586820969422 0.744261110495016
F3 6.27782960309305 0.810388190776813 0.722398737542403
Tril 6.2221772314106 0.747217991935194 0.805661431824548
Ntsr2 6.18004850230851 0.770177405898809 0.728514178056241
Mertk 6.14314905472356 0.774760854790267 0.023616097947432
Plpp3 6.13361845529647 0.649324144319375 0.811409116318443
Aldh1l1 6.10413425278077 0.841556780691529 0.846832595979502
Tnfrsf19 6.07710439532764 0.882410264061379 0.883137539903969
Grin2c 5.93896100181149 0.88843078794871 0.881493321483334
Cldn10 5.93671679465128 0.833789145885348 0.725824710776182
Ptprz1 5.87903921124032 0.837219312283695 0.861614423135459
Itih3 5.74866820938022 0.503913252507889 0.183031662938551
Ezr 5.73289834445633 0.879550354302856 0.88054974450058
Cyp2d22 5.7209996473035 0.860943282041131 0.859159500184344
Pla2g7 5.72077390537529 0.797104939678777 0.766755016443729
S1pr1 5.70815339144053 0.826522337969192 0.758084570794129
Cyp2j9 5.70213015770911 0.71230431562086 0.715988047172526
Sparcl1 5.6988298008612 0.702478212485511 0.805372812462862
Vcam1 5.68759606056841 0.75033722934117 0.735209874280494
Slc38a3 5.67960687795654 0.804324070779694 0.859044145854097
Lhx2 5.64512372819606 0.72160853883751 0.610056775433524
Itih5 5.61716727936563 0.732332835454466 0.761088167317219
Scrg1 5.59463389432606 0.47723647944322 0.111733237102384
Timp3 5.55961379935226 0.853551391308566 0.858483914208881
Timp4 5.54664829115499 0.572802790299885 0.323149282830749
Pdgfrb 5.54317452491065 0.852865470470492 0.799965435605529
Slc1a2 5.51401090241854 0.72740427939651 0.715675036156712
Adhfe1 5.50756922673019 0.780191011468292 0.712392385421288
Fzd2 5.4834491560142 0.84327699471365 0.80244136315242
Cyp4f14 5.46563510996207 0.866313759743649 0.85868424702626
Fmo1 5.44579782922335 0.889919543854481 0.883170428191991
Elovl2 5.43262654396216 0.86511488869708 0.869360761140378
Pbxip1 5.43113918967353 0.815804805868556 0.721219446308713
Ccdc80 5.38613016858121 0.818075293428104 0.855382506723913
Fabp7 5.37292567307239 0.52973857517691 0.176965330793772
Gldc 5.31991896410439 0.806561796846667 0.734069209013029
Cyr61 5.30145203632354 0.895982733491239 0.857814268177357
Prom1 5.28574971335696 0.524881935658381 0.27979622418856
Hsd11b1 5.2513753435694 0.824013806735702 0.876291129722887
Prodh 5.23538685113308 0.874635582930346 0.848381221215723
Xist 5.2247752779573 0.610713958546693 0.043416087245151
Slc14a1 5.22130873247978 0.885622174911484 0.814784058229655
Tlr3 5.21178344106359 0.781851949549652 0.858371459801115
Gja1 5.21077205721333 0.628058471887649 0.552614598890637
Entpd2 5.18921971390345 0.843982434016882 0.865070880446136
Wwtr1 5.18803687820262 0.788534044960378 0.756883370360999
Igfbp2 5.17996012230017 0.842410994024365 0.777587296242546
Emp2 5.16278981967929 0.874059047307931 0.831577988261558
Eva1a 5.16016618047774 0.74650271297306 0.738089793192592
Axl 5.13693678832893 0.87395343117268 0.806905573283577
Cbs 5.12763164221007 0.89024108605055 0.872131668726798
Ttpa 5.0744763653082 0.821014941894054 0.772369804703734
Itga6 5.07226969713302 0.788642760724689 -0.12839271730186
Aldh1a1 5.04772706471429 0.629043165183545 0.639269346929273
Kcnj10 5.0285599063239 0.445659275640606 0.458807731675594
Car8 5.02557153539292 0.602325025168518 0.14790114510697
Ntrk2 5.02485789946022 0.696666631176932 0.728654270938923
Igfbp5 5.01047524432574 0.785703496776462 0.814291198494678
Lrig1 4.93275181221207 0.692431268940936 0.721321276861712
Phkg1 4.92762948636956 0.873972478946476 0.813472871204969
Nfib 4.91239890915819 0.591622785125614 0.707717201294448
Rlbp1 4.89807376971665 0.567388761812336 0.15172412401797
Nrarp 4.83628871612544 0.677368022640558 0.482462120109468
Gpm6b 4.82906530868234 0.172007659354496 0.258611553379201
Gdf10 4.8219365502177 0.852077857118822 0.851922428095108
Mfge8 4.82088999248359 0.786807686357216 0.776453128209076
Dclk1 4.80956164148568 0.758922537436792 0.697266334030634
Ncan 4.80169294771222 0.688687319389422 0.819165153075753
Fjx1 4.79502189921565 0.820630607478295 0.861287017797525
Egfr 4.79390888225517 0.922888225543646 0.892603826346277
Cd38 4.7933780014173 0.863154138099293 0.780459374967831
Myo6 4.78854682814198 0.695136044171288 0.540338316099749
Cth 4.78146263559995 0.812407988206681 0.815472595985684
Gas1 4.78129485533332 0.588905683783136 0.433439958017736
Atp1b2 4.78065057296879 0.774305164839799 0.7656635668771
Slc1a4 4.76610012112295 0.813176788663235 0.801572514362071
Ndp 4.74707708302401 0.708687128365778 0.631657444709025
Lcat 4.74514320915363 0.880526393397136 0.8586288051589
Oaf 4.73712041155182 0.730267008931149 0.798924010593506
Gabrg1 4.72941005478331 0.757269134200132 0.757034371575311
Scg3 4.69503931094504 0.780090179399096 0.917154109096748
Asrgl1 4.69254212422774 0.43123842312243 0.287757514664353
Gprc5b 4.69138025948646 0.614625382859109 0.726771796754164
Abca1 4.66317407168488 0.699103024745656 0.131832799862662
Papss2 4.6582587477664 0.821384305790878 0.734481894347144
Fam181b 4.65058472838701 0.676581596103505 0.512384561825193
Scd1 4.64879306092003 0.495387507082841 0.363425028609129
Klf4 4.62850223196173 0.653534172200374 0.471143080807738
Id3 4.62785563164913 0.701195248053839 0.455377769249416
Slc4a4 4.62528524207238 0.40575681596476 0.643471972798888
Clu 4.61905642403305 0.820685663713168 0.779868403562126
Acss1 4.592394398152 0.68291839274914 0.681042353164821
Fads2 4.58433735482894 0.825933592853406 0.846335873009285
Antxr1 4.57099704506788 0.641056402092482 0.819471457279681
Col4a5 4.55307497430336 0.959831996887681 0.938864307216904
Ppp1r3c 4.55279903841565 0.685970391895511 0.735501062017654
Igdcc4 4.53456685237466 0.735139288865735 0.742881987111353
Mmd2 4.50830844042062 0.477633776184479 0.523779668369458
Sdc4 4.5042060259397 0.77286802152743 0.757350529451156
Pdk4 4.4982657959475 0.685780148408118 0.598105321891196
Gli2 4.47893973243302 0.773072779607642 0.758762905145804
Fxyd1 4.47704969164238 0.762799942520204 0.660393183845603
Dkk3 4.47285550209861 0.745172491529541 0.744198902268391
Fermt2 4.46926204910752 0.459693220800071 0.811227120619852
Sorcs2 4.4424524586024 0.605190686111382 0.782276839096946
Lmcd1 4.41972823494894 0.74883899898052 0.549617195775667
Apoe 4.417982430484 0.55332865557179 0.666250258051978
Fgfr2 4.40939960401407 0.433594077831503 0.223740682976029
Appl2 4.40656836510718 0.619605672017502 0.830255237379739
Itgb5 4.40510863127774 0.656864939506885 0.734332201174804
Phka1 4.4000471454558 0.764726769033734 0.875052914472279
Sox2 4.39087398219225 0.443311294706032 0.256502273046404
Nhsl1 4.38089510053122 0.783571385924558 0.724383815448443
Hapln1 4.38082696970121 0.766271132475185 0.758786598523242
Notch1 4.37950380381532 0.756713345401992 0.764811788641146
Serpinh1 4.37825028148226 0.683536722353615 0.609302292534063
Cspg5 4.37045684749953 0.752434574925291 0.593614008319116
Acsl6 4.36866258911107 0.828739850315592 0.82995352342455
Smpdl3a 4.35195824673844 0.785790275884196 0.856410920592703
Rapgef3 4.32333566778703 0.467819553848796 0.334656524905923
Fkbp10 4.28379721769215 0.918590602143587 0.899460547772398
Nkain4 4.2718115823668 0.682332286459803 0.57779170699844
Btbd17 4.2628393383504 0.879110169905022 0.848505534586669
Slc9a3r1 4.23530576873633 0.630897122712498 0.645781696983549
Amot 4.22191657844869 0.823038805489679 0.846600305639793
Gpld1 4.21072631840461 0.801886794699791 0.808615650369874
Tgfb2 4.20535971240213 0.805768609649168 0.759664650416476
Cyp4v3 4.20171128891358 0.68829114717805 0.610527089597412
Ak4 4.18979600871358 0.692352384774022 0.632820423649998
Ptpn13 4.18222729611093 0.62325721099087 0.427017109987406
Cyp7b1 4.18035719817643 0.806848806635423 0.815459345245038
Vegfa 4.17098816701109 0.834652420491954 0.804556775982809
Wnt7a 4.16478380411455 0.640176869482182 0.632285444728108
Dtna 4.1545274235243 0.773357987361116 0.804306958227351
Sept8 4.15265913787047 0.552116875779547 0.25469801136639
Fos 4.13892892625776 0.485671731156487 0.418594029460351
S100b 4.1283296238909 0.361470220973744 0.124959396958816
Stk17b 4.12676960897892 0.654244852724618 -0.0324488707098534
Ednrb 4.12623282353679 0.778645046342599 0.520275299017579
Gstm1 4.12584396112065 0.668825368530696 0.549499653273446
Mgst1 4.12379580285742 0.609942487634695 0.570170569396731
Slc6a1 4.11477019200602 0.689980227984049 0.798923159189307
Efemp1 4.1131129347055 0.703657548443564 0.399513458666335
Selenbp1|Selenbp2 4.11301193724447 0.664153902721525 0.74627378192125
Pygb 4.0762932951732 0.855556153847408 0.869417741520009
Rhbdf1 4.07433329246474 0.675237990643845 0.744269208313966
Cxcl14 4.06738911006906 0.58066866996007 0.0449359817196093
Nr2f1 4.06336462797534 0.525579325686056 0.390522708685509
Car2 4.06033613302076 0.340529633544845 0.0011712971800959
Gabrb1 4.05923198396811 0.680099380704802 0.797939825579332
Kcnn2 4.05550612793796 0.826768029908934 0.798795988448945
Tmem51 4.05234516492149 0.772853248342094 0.657131822864043
Heph 4.04093984204158 0.910997259666611 0.864165013509311
Txnip 4.02949135669877 0.628838172530714 0.534275457018026
Lpp 4.02563762726858 0.834368309280064 0.688921781759529
Id4 4.02272552210933 0.335091663108177 0.51011396077996
Farp1 4.01389886405881 0.676853504582202 0.687749406305262
Mfrp|C1qtnf5 4.00507804677588 0.707865289803463 0.76044648223801
Aldoc 3.99802629884167 0.588982398408333 0.520275377811629
Slc12a4 3.99307377843331 0.720921547873882 0.703454226373437
Sash1 3.99282099325744 0.661286034297028 0.787113228992318
Vcl 3.98818377540024 0.698781815916486 0.850482647635368
Cnn3 3.98247564213151 0.4157310100448 0.409700713238245
C4a|C4b 3.96838484012127 0.748786314769296 0.555701143195219
Ephx2 3.96208852517706 0.822469855629538 0.775965356955259
Oplah 3.94388148672302 0.814861749472195 0.848073566289286
Notch2 3.94387078338951 0.615448832948158 -0.0435635125582493
Lxn 3.94320602091068 0.606420577205403 0.5819732157194
Slc41a1 3.94282155176788 0.747457327576092 0.753069352552747
Mmp14 3.9407014707129 0.757610168515957 0.650674483266838
Lgi4 3.93314475303445 0.89671276558769 0.841551906223464
Hnrnpa2b1 3.92122677540466 0.671109784235766 0.0245561234797803
Gramd3 3.91796281411101 0.444254905066916 0.0798885210836513
Glul 3.91395882538142 0.546572152719876 0.48517509232173
Pdlim4 3.9127201229474 0.653638631865075 -0.107626616301089
Abhd3 3.91033000767384 0.59041798245426 0.814921285035687
Ndrg2 3.9079629732815 0.571835315534138 0.507898133513764
Cyp2j6 3.90785373520449 0.457199371059096 0.221059383223496
Dag1 3.90441550804954 0.784650648365242 0.731516346368485
Aox1 3.89847445506878 0.875556998849789 0.685045503781916
Pygm 3.89484861483782 0.836911243033438 0.816829415396139
Pdzph1 3.89035543744419 0.79496849970097 0.682707232270952
Galnt4 3.87346982598233 0.684876210988543 -0.0862625467877269
Zfp36l2 3.84515770804908 0.56509023375049 -0.0438182143146671
Hes5 3.83747798372507 0.266565388517487 0.269068118860258
Soat1 3.82306518542812 0.669591673430609 0.306291326413034
Adgrg1 3.81127355064295 0.753253986860751 0.382063240950214
Snord47 3.80762823319694 0.633797683823457 -0.175710667643384
Sox21 3.80757977653991 0.639069028577474 0.428857404995959
Rftn2 3.80456946317904 0.690109866929498 0.580449122026446
Msmo1 3.80295149459301 0.583441176648549 0.409538333554596
Sema4a 3.80001863067086 0.754792035348005 0.596289559446054
Ctsc 3.79233490668484 0.52828688455376 0.529792225537126
Ttyh1 3.78864820849458 0.286970049203691 0.276370800650606
Il33 3.78800924703606 0.467212289003685 0.108539584370652
Ppic 3.78503371175597 0.856983524208745 0.641332909329109
Aldh6a1 3.77814415475954 0.575139804266219 0.766679105945631
Psat1 3.77287978212021 0.341288467441279 0.0988967160612217
Srebf1 3.76483076526787 0.679605019356658 0.827070901119556
Crot 3.76100963344517 0.602817070543383 0.598034748457258
Fgf1 3.74547744141376 0.5946606581456 0.497894682251167
Tjp2 3.74096989441863 0.426166506454911 0.297222025537208
Pon2 3.74037166237059 0.511240185495674 0.558964520074876
Mt2 3.73916842558977 0.609152799915478 0.308103218933042
Prkd1 3.7384312189773 0.643208766972748 0.678488085136365
Tnfaip8 3.72757564148572 0.579780293104807 -0.0685184420173606
Gng12 3.72137933227038 0.409432468655683 -0.00906727997896324
Adcy2 3.71922827718203 0.647996315632591 0.386135170335939
2810459M11Rik 3.71635369541052 0.644275777381463 0.318675143349665
Naaa 3.71465868080155 0.733814703925431 0.692796287597442
Fgfr1 3.70748676850226 0.751284075872467 0.185011837021471
Metrn 3.69898553490596 0.611187752304744 0.304457197700496
Add3 3.69428163449909 0.742115522709303 0.705446716413169
Olig1 3.68939568135658 0.26165045708355 0.743564193649587
Ptn 3.68274248116595 0.170586330730153 0.207495136778193
Ppara 3.66880724127715 0.849344172538535 0.79916449531982
Efhd1 3.66595589343805 0.327548545858416 0.388459360248184
Itpr2 3.66400393806428 0.581451480841596 0.125989773983375
Ssfa2 3.66383549001346 0.580605533034957 0.159445505663991
Myo10 3.65782770215001 0.762412719857968 0.648946417759912
Smo 3.65705680541567 0.626566128268395 0.413257042442724
Vim 3.65461874432465 0.422730546412114 0.0776505957231112
Sox6 3.65165948800195 0.523372206034459 0.118282586897786
Kcnk1 3.64991331711711 0.581028970935221 0.644915996151621
S100a16 3.6465989410623 0.355975679317266 0.146090766335559
Agt 3.63225429590141 0.835002859903282 0.707206255553815
Acaa2 3.62075897748595 0.848909630975883 0.852525261978961
Gstk1 3.61925958663273 0.491367318607901 0.615561965897978
Nat8f4 3.61581546401449 0.80151762196836 0.7743439980923
Ghr 3.61472730216916 0.744327661529498 0.710229176664688
Eps8 3.61235047191149 0.610519435296024 0.327457667331203
Prelp 3.61092309058807 0.875829541154473 0.625263395073292
Selenbp1|Selenbp2 3.60478046907989 0.738505858519593 0.798132328001599
Smpd2 3.59900630615215 0.636120220866179 0.795710071452218
Tmem47 3.58875095304037 0.717756377444079 0.733873812325582
Kif1c 3.58063779842303 0.586666649240049 0.589237223777541
Pnpla7 3.57058050469104 0.686570960103177 0.454028729854378
Sox9 3.56901930352655 0.861069488412786 0.840781579976709
Plekhb1 3.56706178069199 0.309602218507516 0.542035858310577
Macf1 3.5628641324821 0.570311073022359 0.435328931003112
Klf15 3.557927146384 0.67182520648094 0.617413540250173
Jun 3.55062264755401 0.491256669157425 0.404707302879475
Trps1 3.54548510480133 0.57180557494629 0.597270325621286
Inhbb 3.54020909489036 0.659081512364461 0.321901698292856
Sox5 3.53951639822369 0.71807560468297 0.594333789117626
Fads1 3.52473072798478 0.757265583121004 0.75854047458039
Zfp36l1 3.51673851551577 0.47799042287608 0.240028076920446
Spon1 3.5157740913712 0.614522004604914 0.554603389348559
Pdpn 3.5155300526413 0.635044359877102 0.404509544599853
Aass 3.50561730952102 0.883868057415236 0.804387807125301
S100a1 3.50060465471422 0.383421020168108 0.0430599170682172
Csgalnact1 3.4975293179652 0.638179935800043 0.589925504380433
Limch1 3.49228037088292 0.422360914181617 0.394008338193257
Rasa2 3.47883167985178 0.802345784978896 0.826770196335138
Celsr1 3.46507614104428 0.758782223913437 0.717395156919389
Gpt 3.44812047727128 0.693074073784198 0.738499599859259
Fgfrl1 3.44674655614961 0.707677797491275 0.592215900748409
Ccdc88a 3.42770118636021 0.740487543893807 0.774538670815979
Jam2 3.42371176860277 0.620321919004394 0.57417974918007
Gk 3.4216921994846 0.754755527962049 0.768114004380777
Tenm3 3.41330758994836 0.436235174064722 0.674052342928625
Prdx6 3.41315409782996 0.709713961558329 0.656137061832776
Dmd 3.40205032538904 0.69993503078876 0.627199340565555
Sptbn1 3.38461022039239 0.15562218113306 0.144098350994811
Fgd6 3.38059966590353 0.860877168414533 0.771131705161557
Pdgfc 3.38046370207738 0.491360736299014 0.299537482334282
Phlpp1 3.37578754490459 0.491521311647033 0.3257105666492
Agpat5 3.3754370534764 0.634532109823722 0.736767750321962
Swap70 3.36690963257379 0.746928697918757 0.199442355226874
Itga7 3.36459912950903 0.90148278747585 0.829479002894629
Rgs5 3.36262267739786 0.628468240616983 0.0528793223120046
Wnt7b 3.35838529957788 0.700886170610597 0.739249793400231
Gfap 3.35175220786098 0.65377249936896 0.427703225441249
Pax6 3.33957000362401 0.810174326638439 0.744010544387134
Col4a1 3.33511183336017 0.740147699468479 0.588988976605117
Tnc 3.30006188968239 0.877513142343857 0.694396419176219
Tfcp2l1 3.23310432651594 0.878098138759129 0.857321486633184
Rorb 3.22060878313594 0.800962370466882 0.770544428793091
Rdh5 3.19219152056274 0.792665874876445 0.737280952718919
Fzd4 3.15195954060983 0.742692900833993 0.546550058082081
Plod2 3.14585488245792 0.634697321938036 0.337776777894664
Lrp4 3.11990871237582 0.76603829789404 0.804586806816943
Serhl 3.08370803579707 0.658476324880181 0.722488501301625
Lamb2 3.06469210910378 0.830959164584419 0.771344664729871
Gjb2 3.05071309162402 0.836777290394656 0.810750708211648
Fbln1 3.01046997445513 0.862403119553479 0.870700836294605
Suclg2 2.96945593097824 0.666074816584428 0.160146644714179
Adora2b 2.95774304685496 0.761306510641737 0.695118475954484
Zfpm2 2.89680276158733 0.406046474761735 0.224438092973338
Acot2|Acot1 2.89363973125342 0.491615580703984 0.175776370015335
Gdpd2 2.80549337728956 0.89968905932512 0.838078289479238
Agl 2.7675594881341 0.708629757742066 0.561137590583546
Aldh1a7 2.76750774670679 0.67894773664475 0.450146755960778
A2m 2.71166967917663 0.855656939680588 0.634237605016387
Tor3a 2.67752355444481 0.715881775872106 -0.189135329545833
Prrx1 2.65959258253247 0.454599365803407 0.200274669157894
Arhgap18 2.53000697081078 0.701662971284014 -0.161090717500903
Col1a2 2.51736573837115 0.812679363504627 0.626321646037009
Lime1 2.51477009918094 0.680158172318666 0.23096904010177
Itsn1 2.49411764954819 0.556857519829433 0.541580429036272
Pou3f4 2.49295021163047 0.129022747178259 0.165174287022345
Spag1 2.40705841801718 0.766539172653521 0.780068117182535
Pcdh20 2.37374819947286 0.378895631208452 0.0738798852180832
Vasn 2.28183108578019 0.532847260288233 0.391389096458822
Pgghg 2.19507809175422 0.691793024631866 0.496771009450636
P4ha2 2.13941447256508 0.555004988043642 0.41750699132774
Loxl3 2.12426567812912 0.671087113161521 0.282601643035659
Palld 2.11840176829446 0.838686581630309 0.755673110740032
