67326
11423
83766
433855
14570
27220
12404
72269
12564
26366
57754
68567
12652
12903
12904
73720
13056
114886
72185
13447
13599
15569
14077
14226
76917
11936
14406
14419
14432
14573
64337
14608
14778
14783
27281
16392
80334
213417
16874
16875
22342
16939
218763
72585
17758
66815
17380
140781
78593
80883
18216
229759
13180
18573
78977
19217
69908
75141
19711
228543
80515
19894
102614
20194
20195
282663
212531
20508
63993
103098
20541
66402
20618
216233
20733
20257
29859
71733
20974
20979
20983
21338
57816
50765
21823
19240
22065
103768
57775
56418
22771
