Pvalb 6.21879182349806 0.194332576436679 0.0941537916132021
Il22|Iltifb 6.18492005791786 0.437644554508059 0.661896338044617
Tfap2b 6.05103575803993 0.799799509413908 0.25074929623349
Xist 5.90382911576556 0.629270431967621 -0.409576273753637
Sla 5.81090780487613 0.778970946242715 -0.267188652605411
Kit 5.53976546761737 0.713076551431517 0.138025171655272
Car8 5.39318210747834 0.16817128663483 0.0585443490799322
Zic1 5.37180473109032 0.395702662197479 -0.0435991877244145
Slc1a3 5.15457724307825 0.477225687163707 -0.151898197155048
Sparc 5.09835412293607 0.139451608093033 -0.245266716173591
En2 4.83653847754407 0.568461638468044 -0.0273121101646903
Bhlhe22 4.7255836179465 0.496174858512098 -0.262391626188145
Socs2 4.7207720232285 0.649639644322873 0.517185174301005
Gdf10 4.61236362625358 0.596187601802152 -0.0820101064062651
Cxcl12 4.53626839737596 0.608164886777607 0.0426566722982652
Ptprk 4.49410985832004 0.564381821567777 0.261277216353241
Timp4 4.41270819052698 0.29081653082766 -0.0305473354805155
Tfap2a 4.3650329032615 0.629569408383227 -0.18441452737037
Gldc 4.24895927268158 0.65153092515701 0.136597981264491
Neurod1 4.24420517931432 0.44222044503711 0.265575328678205
Slc32a1 4.23253364938823 -0.059355757623737 -0.0477650596757727
Eml5 4.20791297951477 0.62440302196529 0.269462128880286
Ntn1 4.0584117404375 0.607050122241463 0.278792956099765
Lamb1 4.03269420102307 0.493852947746659 0.164063274537556
Ptprz1 3.994041457385 0.401479349460318 -0.147752271212982
Itih3 3.87456972079618 0.195187127115234 0.021106158959911
Sp5 3.78227282561341 0.858449137315031 0.481399203943062
Slc6a1 3.73306606563645 0.310188624481028 -0.0126547440330303
Mpp7 3.70330475208689 0.695030038434027 0.491783569754044
Sorcs3 3.69768878417517 0.639977785326834 -0.00153556413802726
Pcp2 3.66718319958056 0.327078419459059 0.394120514115272
Zfp521 3.56612232619784 0.332762442960981 -0.045924283532004
Cidea 3.55866994605546 0.702324136717447 -0.200492944096395
Lrrn1 3.50648533982135 0.253572195887095 0.182058354650004
Rora 3.49063592498937 0.305595261011404 0.0112755333902628
Gpr37l1 3.42972527151243 0.16316145051871 -0.0406960272051039
Mia 3.42858778831337 0.79077294938134 0.405371100141857
Atp1a2 3.40772159204904 0.193656396471706 -0.14734233266709
Smo 3.38559878223139 0.235624892837991 -0.271858694212387
Adamts15 2.63732046238681 0.557316253980921 0.105954373236934
Tsks 2.52366368938898 0.471466466801754 -0.0402799040226256
Pax3 2.40893458737921 0.504682108591908 -0.122998517681688
Rec8 2.15551222694905 0.54374030696273 -0.200155108105654
