Sst 7.21746360185058 0.665499669842116 0.488482129529501
Npy 6.81200570551031 0.650943434858002 0.0739326762818236
Arx 6.62357438675486 0.454269908707918 0.278232983821933
Col19a1 6.55143322878892 0.661025196263884 0.0227569105451434
Reln 5.76154963414701 0.50573523829371 0.329032742961776
Moxd1 5.68589780788457 0.72624675973687 -0.118699512605783
AF357355 5.36175718821444 0.0922018330756885 -0.28617519539789
Lhx6 5.3055135576523 0.62968739192306 0.0403673609145215
Lgals1 5.14221792411232 0.486433114686802 -0.089190814450784
Dlx1 4.83498429511333 0.597479175571768 -0.0514268037646551
Sox6 4.71147324325749 0.390993589718083 0.0491693500507052
Igf1 4.58087936209696 0.30008064436427 -0.0954582500880688
Grik1 4.56110187070131 0.198142655541545 -0.192289109857715
Pitpnc1 4.47051855243155 0.513236538301383 0.53787137221418
Man1a 4.41010706147318 0.51288048839932 -0.0777879088477185
Pde1a 4.2854109206685 0.458544912723204 -0.193219060791969
Meg3 4.145710742988 -0.00824501183586158 -0.46960504543081
Rbp4 4.13821302059301 0.384110669110245 0.0805757649127488
Calb2 4.04573089722694 0.368833795991722 0.261989789689265
Dgkg 4.01964070378997 0.27718292665828 -0.18493495957326
Klf5 4.00767246728056 0.456220201057847 -0.121277635863981
Mafb 3.93099054020745 0.737227886130057 0.45064731408843
Snhg11 3.83886625725372 -0.228129866659162 -0.329064716117212
Gad2 3.83692934169449 0.0317045077239975 -0.314413758932431
Slc32a1 3.83284154101346 -0.236338324209842 -0.31145847641065
Utrn 3.79127267738159 0.271560709211708 0.144947110512916
Timp3 3.70980995720565 0.427553993259319 -0.17875085716475
Rab3b 3.69963689554657 0.368070613307023 -0.136310943895474
Rpp25 3.69262137568024 0.278336783322796 0.0465395384577984
Etl4 3.58498992688322 0.11913624094242 -0.0390504620083331
Golm1 3.58150003393266 0.483825154808322 -0.256144684080535
Calb1 3.58013236680525 -0.126520850232307 0.124904292243211
Cdh13 3.4816548626594 0.34516497896906 -0.197790434286894
Nppc 3.41574371096345 0.755771929675653 0.656851548248174
Satb1 3.38206361409531 0.382279242431174 0.261251651057742
Nnmt 3.34837241576721 0.741085417884312 0.0412318263032813
Fndc1 3.33319563077794 0.712815450138919 0.189534219500372
Pcdh18 2.97707003704383 0.507628495332516 -0.188748350943874
Pcsk5 2.91695344209208 0.68885456322283 -0.0954762403222644
Klra3|Klra9 2.0631439660985 0.167383268461222 -0.331586888129366
