Serpinb1b 6.50696925408135 0.776356972081545 0.793468575614804
Sgcg 5.96409724700434 0.947370380507648 0.905088015078159
Gabra6 5.73301921763141 0.548970496684882 0.177144349221366
Zic3 5.14137213065885 0.513530145051377 0.0412809999182605
Scrg1 4.94358619803895 0.50264770921564 -0.156252100378787
Tfap2a 4.86236318921701 0.557634193331768 -0.18441452737037
Penk 4.81408299380115 0.320352076914445 0.00945104356070126
En2 4.67958220242686 0.433145036979597 -0.0556005353813426
Serpinf1 4.42848519120766 0.494689487512332 0.0415000588526998
Ceacam10 4.37892449788668 0.781793771971447 0.273216732371314
Zic1 4.34182477543349 0.183015377055673 0.104512447556728
C1ql3 4.04554428043616 0.320586310719051 0.143910021770876
Pvalb 3.99283760514201 -0.0429364329261906 -0.151819849377666
Hspb8 3.95618585750556 0.479259670429858 0.35973801715249
Bhlhe22 3.82274345789434 0.277244081722914 0.348689684754821
Lypd1 3.64697127487879 0.282972563100502 0.0429132551263574
Rasgrp2 3.59764111164252 0.567027841482662 0.568459842178901
Slc32a1 3.55728478590339 -0.266332497498207 -0.209320910477799
Cbln1 3.50764555793845 0.136173692021597 0.0136260741918875
Pdlim2 3.41122571558898 0.363416367572748 0.469883450520244
Id3 3.39886265261347 0.448950944001015 0.155331747606994
Gnmt 3.37253651881803 0.788211246326516 0.474790501961159
Ccl19 3.36275492461836 0.582315792264043 0.127179411316385
Ccnb1ip1 3.28437075093634 0.72043955800584 0.172944114754961
Cacng3 3.23063147064649 0.397302925861347 -0.106096914678895
Flt4 2.93056518705662 0.699109436101013 0.582703288284712
Dapk2 2.64497812599652 0.613189343382106 0.352033770638997
Actn3 2.4595683868191 0.798611883561259 0.676399942741976
