Mal 6.87083567473933 0.525782564655934 0.681871281307272
Ppp1r14a 6.65551198263683 0.720647283905984 0.679103470722013
Mog 6.64325324456349 0.745885089636988 0.717531831099282
Mobp 6.25713820253796 0.742094539500454 0.489535435210204
Ugt8a 6.13235589912167 0.529684884461759 0.657788872249588
Olig1 6.0924599054885 0.512457874425785 0.543608294722333
Cldn11 5.83031832559041 0.49857582729357 0.422421275489402
Pdlim2 5.72375426320219 0.763958629631099 0.469883450520244
Efhd1 5.61165035259631 0.625780210373557 -0.258845413868987
Tspan2 5.54280896218315 0.572593218543909 0.721210904004867
Evi2a 5.51255709913992 0.693927893339153 0.187660996671594
Gpr37 5.47865297851592 0.675814915175109 0.293238687811073
Ptgds 5.32756994469441 0.439206470522714 0.0644623682362243
Olig2 5.32654283913759 0.767118747478183 0.642642500006078
Mbp 5.31212391818389 0.215528754916347 0.284747712346073
Aspa 5.27282172849849 0.741604821252409 0.632392632497605
Trf 5.26036011101011 0.541351881345368 -0.146496361946024
Plp1 5.13144789239337 0.258233286171265 0.482012579275462
Gsn 5.07745059631625 0.511489938466815 0.494172531660886
Cd9 4.97096526796092 0.593711378183347 -0.151540008634949
Anln 4.933713878592 0.723752413010238 0.383400870869527
Tmbim1 4.91857266469374 0.508100554895513 -0.0886938913117814
S1pr5 4.90905525131237 0.629989730190923 0.533709431691813
Ndrg1 4.90832806835185 0.391107276508188 0.271905285087226
Cryab 4.65750759404725 0.404428259590313 0.608099085872201
Pla2g16 4.64294420795511 0.680638262912346 -0.113471375025412
Gatm 4.64049929521125 0.529402197985243 0.51226724074895
Slc44a1 4.58602666057789 0.687002443716241 0.70630278571389
Pou3f1 4.57097466552425 0.235379437317332 -0.321865760339019
Carhsp1 4.54543091625029 0.40819812258966 -0.237427715405033
Ddc 4.47536013031607 0.314592017861702 -0.243279418892017
Mag 4.43057840929117 0.738058824932266 0.53870985205966
Apod 4.42938346466764 0.524232885778467 0.0365157954539243
Plekhb1 4.41102077916397 0.370090008919823 0.390375204872172
Pllp 4.3586371886116 0.714085471560641 0.615136555921765
Nkx2-2 4.35690089292382 0.657503866576073 -0.0720864213665357
Gltp 4.30476261851174 0.638012764801261 0.2540964485057
Trim59 4.29961906923715 0.697160976453359 0.0654916171571698
Fa2h 4.25562087915872 0.68801180643913 0.581210128149724
Tmem98 4.23294228607987 0.675486307699232 0.563455522806687
Nkx6-2 4.18187237348751 0.694370723224477 0.524480949324604
Kcnj10 4.17493369971959 0.349562321705418 0.0041364419952998
Rffl 4.17243065747389 0.507545503186163 0.188393703319261
Lpar1 4.16865199205321 0.584600726248055 0.35899457609611
Sox10 4.14376260283558 0.69224064242998 0.497264908760605
Il33 4.13446615428771 0.430119238371958 -0.0905616103586932
S100b 4.12021854512368 0.280183835262883 -0.237381991103532
Elovl1 4.10686763718736 0.562405881931133 0.0118106273829604
Gab1 4.07968458527991 0.5855561489306 -0.086514231810135
Clic4 4.0677795335911 0.394534824522111 -0.316841951375815
Reep3 4.05665172082164 0.266838281715328 -0.299879335829563
Scrg1 4.02237072997258 0.521405385395278 -0.156252100378787
Pmp22 4.02208252981702 0.354937622017609 -0.016627392446843
Litaf 4.01640519586458 0.646682034730022 0.238697397960746
S100a16 4.00165626847068 0.505172279478329 -0.181860771735854
Psat1 4.00162372221733 0.453886629093127 -0.0397734823441066
Gamt 3.99114540320541 0.719837377181315 0.5894982155279
Cers2 3.96133787161215 0.611157289450626 0.0492357204114931
Itih3 3.95166052828136 0.224810006817608 0.0179590909303525
Gpm6b 3.93549020449166 0.251015757992338 0.125872051351389
S100a1 3.92915714120882 0.59211033611089 -0.187794279859085
Elovl7 3.90824408852677 0.696450326177642 0.265100598601419
S100a6 3.87401021358244 0.402119733904913 -0.113710986072719
Qk 3.84669057309433 0.251340953962734 -0.179406195932711
Josd2 3.83526415910312 0.611672562690924 0.121257555163269
Gng11 3.77215011680645 0.599252430536123 -0.225136462450535
Grb14 3.76994300728669 0.640813649302935 0.809016372403026
Serpinb1a 3.7507545302866 0.640242631917111 0.0613569874650419
Slain1 3.74871428652236 0.563716528730504 0.576287765761046
Csrp1 3.74793794999206 0.394532405734933 -0.346326450252105
Rhog 3.71994064213542 0.669262706480706 -0.189479048855305
Vamp3 3.71145507845495 0.523264580659954 -0.203024250460749
Sept4 3.70392674105737 0.405750851957779 -0.251124008287078
Stxbp3 3.6972881281741 0.503261461122598 -0.109895971118971
Adamts4 3.6968091487991 0.384701035210921 0.11065017000067
Wipf1 3.69603890289043 0.681996300093124 -0.181095797791928
Car2 3.6803040149907 0.420719433181018 -0.117812481086699
Fabp7 3.67341078129575 0.269833822801263 -0.122048535715295
Rab31 3.64418502591234 0.437188126298717 -0.068933351108785
Adssl1 3.58121923114456 0.564759192674882 0.135021988937755
Tgfa 3.57726092203198 0.376978716123563 0.0824201206490005
Selenop 3.57361909761789 0.242196952169589 -0.218050189447024
Plekhh1 3.55312546567898 0.729246833777058 0.323240344620097
Enpp2 3.5289194595528 0.398983679362346 -0.113671048316012
Lims2 3.50108328339733 0.772764742956209 0.4556583036487
Gal3st1 3.45521597079751 0.701207508369835 0.133989900166457
Hapln2 3.45233778298629 0.637250217411624 0.250272446702271
Tnfaip6 3.44837487596687 0.753770195864635 0.207038667799616
Slc12a2 3.40583583164033 0.600118094639843 -0.247726642321569
Gstm7 3.39185394421836 0.567438015784602 0.0685528315572596
Ninj2 3.37493391851554 0.738492018994328 0.485167062391909
D16Ertd472e 3.25760112105595 0.674453232321974 0.300933414718974
Klk6 3.08020182461534 0.684360988720563 0.0569041147054395
Pdgfra 2.95291084836267 0.53105559134135 -0.206611830375488
Gjb1 2.93452919917424 0.788874765126406 0.346303835033145
Kazn 2.86787655862553 0.402436894778239 0.0464567504811042
Gjc3 2.78013812881379 0.706896198001455 -0.0523409873481358
Il1rap 2.77778317723191 0.710100305037397 0.399975758825509
Ick 2.73793693596979 0.737255775511974 0.216405345352279
Chdh 2.14195020199579 0.475592059758957 0.0263416391235759
