Crym 5.97044033443724 0.385798597358178 -0.191083334044651
Rprm 5.14696898582112 0.566591714434662 0.368855170570888
Fezf2 5.04034367865106 0.658174870147767 -0.0595741784708555
Prss12 4.84648184536098 0.616347033157963 0.682311579819533
Satb2 4.80477046023449 0.664230021224506 -0.0829355860739842
Ramp3 4.52520765170068 0.677175836741034 0.470735991518055
Cxcl12 4.50112139360188 0.495810883638401 0.0467333919799137
Ngef 4.39865144751982 0.237454371061417 -0.0415716041023824
Rai14 4.38430907223768 0.666286037548499 0.615913733689553
Nrp1 4.32586549639305 0.44641287407712 -0.0540440915119254
Col5a1 4.31703765690069 0.638489580277243 0.0764104203803473
Pde1a 4.30398321088844 0.460173407989637 -0.267444238897551
Icam5 4.29912760010272 0.450669521004926 -0.189083785719138
Col6a1 4.20966210839891 0.602470403803866 0.0113830636100962
Spon1 4.18089635677795 0.340398935374301 -0.140009929686914
Tbr1 4.16439327791116 0.657045457645686 0.0950270693335522
Ldb2 4.16312920773771 0.488964034115233 0.367558202721621
Ryr3 4.14340863588566 0.324201685787431 -0.254182830166803
Cntnap4 4.12923690852738 0.434494776910989 0.249380381466749
Nov 4.04506827133039 0.402884590541841 0.0792066894767729
Bcl11b 4.01201072140257 0.157148071630824 -0.218959202862619
Rspo2 4.01144787903732 0.374061400146832 -0.0399077600949358
Tnnt2 3.97557434980356 0.355938393777563 -0.146467230168849
Arpp21 3.97293722358016 0.370272666534153 -0.00913094878890171
Nptx1 3.96584677300107 0.0589103808351824 -0.267349326112005
Sla 3.88463622599741 0.539729480554268 0.231017223184816
Meg3 3.84954730546121 -0.0492128128446826 -0.378729951358811
Pclo 3.78133891931545 0.302046007121895 -0.115819975236852
Dkk3 3.70779384848584 0.406925073954716 0.398750614447093
Cckbr 3.67454259353455 0.550274241318323 0.189872240461658
Tenm1 3.64217439431599 0.280315171934056 -0.173164311545399
Rasal1 3.60341870581115 0.625810686787865 -0.0904289313237266
Ephb6 3.59049360436959 0.609607688407463 0.715399544242995
St3gal5 3.55924050105201 0.514037865018029 0.582739657585163
Rasl10a 3.53646892191917 0.399218928888062 -0.127749223211544
Itpka 3.50901646112934 -0.118143916504041 0.0786566257469278
Ptk2b 3.49829592465029 0.111079938851512 0.0266089406087195
Myh3 3.4680242758391 0.665908459777995 0.193489110518219
Nfix 3.44500311822638 0.0713353033027359 -0.22080698834241
Kalrn 3.42664043571763 -0.212296634251486 -0.228346772210362
Myo5b 3.40881766255451 0.116398099442304 -0.192042266298847
Mef2c 3.34013661158409 0.021469143896179 0.0518788479166351
Snhg11 3.33188937528855 -0.259001493352672 -0.26172507946822
Neu2 2.67695427359379 0.449506865760901 0.0822498556499704
Wnt2 2.49830563570198 0.480604716250362 -0.0478967981935516
Map3k5 2.34315865398654 0.159145381766475 -0.136722203481974
