Ddc 7.69734398824129 0.390714481394021 -0.272237606808387
Slc6a4 7.29836391580008 0.901875132650025 0.796628479973826
Sncg 6.9442803135596 0.436954373001103 -0.0766331961365878
Gch1 5.92321787335625 0.636228986269207 0.0549064376313268
Fev 5.57944443719567 0.81651459190965 0.726790936618066
Slc22a3 5.23362744693041 0.763339880578083 0.782588051694648
Tac1 5.21706465965504 0.245161904143835 -0.304605341758092
Ttr 5.19738565749638 0.265965485901694 0.0165093151506778
Ctla2a 4.67331499139048 0.804560396693189 -0.0789559650831312
H2-Q1 4.62759861647538 0.833836325536952 0.728363811263849
Klk1b27 4.50763376827429 0.807850844480643 0.175878996033416
Gata3 4.07453740700254 0.881919865079561 0.135134771785926
Ctla2a|Ctla2b 4.02359363621485 0.809851495018472 0.110980558437742
Trh 4.01562824195677 0.77570295056726 0.577278928068732
Ptger3 3.90793451204221 0.732697890414247 0.643651778574577
Gpx3 3.83331086337462 0.477847483750105 0.477785500957463
2010204K13Rik 3.78781597840882 0.3759884544285 0.678638271952234
Cited1 3.7617308083079 0.726598919834577 0.570977526666832
Mal 3.66533688414728 -0.0965340592478745 -0.0570691052276306
Myh7 3.65274761580462 0.215048129532188 -0.101152327988438
S100a10 3.58527648878776 0.15467350019875 -0.0482792800326085
Pcbd1 3.47809075005246 0.346896226981032 -0.112994425099435
Apol9a|Apol9b 3.45118950246822 0.816135271073937 0.62927712557661
Gata2 3.37643608034822 0.560148967148381 0.146632909485735
Crct1 3.03406377343564 0.866746312272634 0.870768297390691
Prr15 2.64537077795462 0.493819961459126 -0.233104653961879
Pcdhac1 2.37985036386929 0.444268599485753 -0.0348595574808668
