Calcb 8.18568287897613 0.896262289786202 -0.182634817429445
Sncg 7.26159770399746 0.457215004397844 -0.196235613167765
Spp1 6.95740564078912 0.72159750422125 -0.00543384582909462
Calca 6.93174298684914 0.690123804498374 -0.0900329861779032
Slc18a3 6.69060365346811 0.811727434111563 -0.0198282595612698
Hoxc8 6.56311071288333 0.944736913233171 0.907945645454422
Kcnj14 6.21935609332074 0.874378563205174 -0.026088356807916
Hoxa9 6.20145532709822 0.960708286815871 0.928557227920911
Prph 6.09966897205924 0.875167943384531 -0.24407111550324
Chodl 6.08280136291438 0.77651109299212 0.0359827743866651
Cd24a 5.84649822391629 0.535813488715485 0.272933153345058
Sh3bgr 5.78008647728258 0.77141893695448 0.180926826253689
Uts2 5.77159931471314 0.886326984371233 0.443463922233278
Pmp22 5.74374222487711 0.429069008891225 -0.0321278144734952
Hspb1 5.63213113866939 0.607548642711452 -0.0784064877611513
Irx3 5.60699633328455 0.738037984072734 0.380809828201273
Lcp1 5.46867032711121 0.598764677752905 0.624046872691487
Lgals1 5.23311462697588 0.494767464339396 -0.089190814450784
Hoxb5 5.22408005697866 0.815422297772835 0.173850928891981
Hspb8 5.17503332848603 0.603530965164402 -0.235033774409095
Anxa2 5.06426130948837 0.774238667843685 0.15152794235894
Fgf1 5.04734109733945 0.422956683573695 0.248064216155817
Isl1 4.77540658876187 0.479663081118589 -0.186647707177854
Hebp2 4.77216253536657 0.517563141061158 0.112748761440614
Itgb5 4.689894575661 0.477826644716561 0.0872260759138483
Susd2 4.57176422781044 0.525479687974254 -0.0771799779939856
Popdc3 4.55745645951694 0.711606130148093 -0.0285139154374332
Anxa4 4.48165367471383 0.770626693927261 0.109772902800818
Tppp3 4.31161371758198 0.386820285861995 -0.120589697565231
Gna14 4.26987306989971 0.849100573799399 0.805064307764604
Elf5 4.25867971890921 0.813142394652621 0.223988092626111
Nefh 4.18472796021533 0.423638925359238 0.526570602785878
Patj 4.17081131790464 0.535151848812893 0.211495915453259
Rspo2 4.13875528648196 0.390398509064573 0.0557003181812263
Pcp4l1 4.1121810994095 0.186288093866433 -0.100334956405165
S100b 4.08639986022002 0.128228038298561 -0.238696508655269
Npr3 4.0780689789028 0.635919756346759 -0.0171967432824134
Wnk4 4.06954203714305 0.746074006679628 0.451121656885823
Cartpt 4.00600053115583 0.416044929740949 -0.0707268968033276
Cd55 3.94899882403349 0.663100897366 0.135723682140257
Lrrc49 3.92047454677009 0.621202005838318 0.446129041804322
Htra1 3.90230364734791 0.0706647420270366 -0.392170530596196
S100a10 3.87238604206569 0.208635927074044 -0.155214302251262
Medag 3.84931765384213 0.34898400307563 -0.213348305715849
Kazald1 3.81318756592597 0.518101872817765 -0.00174536085476595
Mycbp 3.80245755567614 0.555049081258921 0.566603268513984
Nefm 3.80134169332518 0.464037225452397 0.496815977409388
Fstl1 3.78965638276358 0.468583459329638 0.479841932583406
Fxyd7 3.77986445388876 0.536785018988061 -0.070411472066789
Aard 3.77388145373917 0.499774377204677 0.418024835260518
Mbp 3.74931222069057 -0.163001314627509 -0.290190623120967
Prss12 3.72535001597882 0.490618089318337 0.230184974719792
Cda 3.63143540113913 0.607351043736541 0.0266408357406516
Cela1 3.62608904942632 0.603397067846283 0.11567590509592
Polr3g 3.58511570436373 0.662362534459032 0.653015189028106
Mal 3.56233998914445 -0.106193426317657 -0.115702872056348
Itm2a 3.52240554116228 0.537547263517214 0.422966490448152
Mcam 3.49961133068621 0.548281598843586 0.0492027596946888
Isoc1 3.4230913888912 0.433778862739689 0.31760568121133
Vamp1 3.42066311450919 0.421817721639671 0.123237428732864
Cryab 3.36514595509957 0.0340722671621012 0.368174154388123
Mmp9 3.15786398651674 0.801799688253529 0.428353579819359
Ldlrad4 2.88816905344717 0.183231942059912 -0.156203033020238
Tnfsf13b 2.83894838008591 0.737139074965863 0.0511227627076043
L3hypdh 2.68177859484617 0.557659535588549 0.022356267965074
