Trf 13.5057409606734 0.766304352797172 0.124504783059613
Ptgds 12.4277999531024 0.738263745433464 -0.21339427889188
Plp1 12.4047879842629 0.822355433507976 0.372646850142079
Car2 11.1729239565637 0.682947093342961 0.348518642069591
Mal 10.4531059580341 0.774528059881211 0.412947726838732
Mog 10.4295514168543 0.908815346888729 0.637691199579881
Opalin 10.3909228709824 0.928878278727349 0.662566894556393
Cnp 10.2344241808884 0.73469282597564 0.326083292336888
Il33 10.1196827947883 0.848992397924796 0.545010976760594
Cldn11 10.0433245618298 0.918885673322529 0.510693358668307
Apod 9.76582350767642 0.741745132804277 -0.333333333333333
Ttyh2 9.61843358249404 0.669250576584068 0.332098237533478
Cmtm5 9.51301429071641 0.703192674996903 0.350542087964516
Aspa 9.34053698050665 0.94048231125484 0.661583480807208
Ermn 9.05321412267252 0.911173323736783 0.655325163760956
Cd9 9.02034204241185 0.457461758232518 -1
Gjb1 8.68123067113194 0.868735209093935 0.665351054350155
Evi2a 8.64049821768697 0.750659745477119 0.506372347220318
Olfml1 8.5825170364414 0.870860245001153 0.61639391189995
Mobp 8.55717744165279 0.897630256191832 0.59189522532332
Litaf 8.53272900821674 0.696022094060677 -0.0204189985448613
Tspan2 8.43403963874713 0.659758268440365 0.142878531430971
Cd82 8.3811529889394 0.842629107021142 0.478452647417552
Gpr37 8.33949944944167 0.814089493931141 0.575447440716707
Mbp 8.30180471960621 0.824798689056611 0.539672995382778
S100a16 8.29883765797842 0.49632127597907 -1
Pllp 8.27839478820735 0.647257987012775 0.209562430701082
Pdlim2 8.17485090800778 0.746531422692883 0.0312492030800411
Ugt8a 8.17405510467129 0.761204353216633 0.303802825448336
Car14 8.17377567166487 0.873983181380346 -0.00757717413575311
Mag 8.13773449926916 0.95246037187541 0.583018643870608
Tmem98 7.99826807354295 0.648705563476383 -0.101269951619763
Serpinb1a 7.82014639694362 0.837797429618225 0.602975311716424
Gatm 7.75450908943552 0.560246895750269 0.33728036470054
Tmem63a 7.69132605359747 0.812332036035824 0.263613622252495
Ndrg1 7.60339188884185 0.674705497807908 -0.212672741763607
Tnfaip6 7.58366880734267 0.659696012121226 0.181554390649413
Tmbim1 7.56614467110112 0.750559613579762 -0.147967555107563
Enpp2 7.42054066000711 0.574735359697358 0.559858991756765
Rhog 7.40726934325824 0.686600623903821 0.182909969719747
1700047M11Rik 7.33054243063041 0.876860707854271 0.441276941092263
Lpar1 7.30595631281003 0.587856393523232 -0.150622205722482
Gng11 7.26243029802471 0.652691284731838 0.413751618496842
Ninj2 7.11380813615524 0.858606545070632 0.589644793602859
Selenop 7.10932175038697 0.435116063283326 -1
Gltp 7.00830655430044 0.51548199753442 0.527025197426888
Tnni1 7.00051468115642 0.958481027206438 0.608602889642719
Cryab 6.99733123400487 0.471577886181474 0.00605780278121446
Elovl1 6.96788970724832 0.525993105568428 0.140452993091599
Phgdh 6.94898453221957 0.493784687243851 0.0215919255494459
Plekhb1 6.86562136447766 0.59388573702386 0.189680429797623
Cyp2j12 6.83645858735751 0.966327852056604 0.6644297496042
Grb14 6.7330924684529 0.732933615274832 -0.226378133960541
Gsn 6.69797748444483 0.636394291147172 -0.176696954686506
Sept4 6.67875521784316 0.654505037590272 0.46784952214549
Neat1 6.64398870118503 0.641391266741184 0.528475150815363
Syngr2 6.47142995402387 0.561327568881883 -1
Gstm7 6.46368570264981 0.589814008539951 0.328133407193866
Fa2h 6.44154367908376 0.873484044266064 0.660605297033343
Cers2 6.43146233455264 0.664216582160378 0.568751400772744
Qk 6.34871977238063 0.48673245002084 0.582171984286527
Fgfr2 6.31489964560605 0.716682583634108 0.367329605311749
Smco3 6.30036814861001 0.706998404803869 0.145722945066246
A230001M10Rik 6.27438655343433 0.94468599855761 0.661814012719988
Prrg1 6.21550824269123 0.581267804737016 0.468531874155827
Kcnj10 6.21494101708978 0.702933095433859 0.0956199462437905
Bfsp2 6.16610804349822 0.891722694622652 0.597912705008573
Arsg 6.15974949352739 0.690438488434293 0.0109228291862838
Folh1 6.1588186102648 0.924173870100998 0.647352159307372
5031410I06Rik 6.13121628486356 0.868220278780378 0.650840398729605
Psat1 6.12819133917713 0.570697607774134 0.176545889855761
Pls1 6.1278532021804 0.746767332751223 0.416306152414443
Nde1 6.125034835962 0.470444663891342 -0.333333333333333
Ctsk 6.10250217986189 0.779815128338125 0.315344776706675
Csrp1 6.09492511860957 0.817259925974871 0.391156290312902
Tmcc3 6.03561456063021 0.744327871172646 0.312190666331949
Tsc22d4 5.93425808092337 0.706031874688349 0.486836467761677
Slc44a1 5.89820748749619 0.805199172226313 0.613601317522192
Zfp36 5.89023053645583 0.539309567019184 -1
Tmem125 5.86954742424336 0.828909147916361 0.348634361450767
Prkcq 5.86331165629875 0.741316256326844 -0.0979892811561443
Qdpr 5.83248915854201 0.858595008046795 0.498330570917427
Carhsp1 5.82342945319408 0.714759226643545 -0.0556469601187883
Snx33 5.81086847873266 0.783382474482878 -0.294620731496193
Pde8a 5.80134827817819 0.84802305574463 0.618586392010801
Speer7-ps1 5.75867661209674 0.811482539852253 0.570511544516782
Sgk2 5.75551075426599 0.954181901592563 0.649041289427479
Glul 5.70340032387314 0.528966637977741 -1
Aldh3b1 5.68964728178097 0.770763510589491 0.373932630838729
Dock1 5.6321687265994 0.580828964290147 -0.157906371839976
Stxbp3 5.59835648950434 0.600496303069115 0.349686055856973
Sorbs3 5.58852152326189 0.64800991698767 -0.333333333333333
S100a1 5.57877886770592 0.330581587288268 -1
Dbndd2 5.57834671345076 0.766313824461444 0.461500921396015
Efnb3 5.57466188446182 0.726509920568442 0.517438207410953
Frmd8 5.53269818603466 0.7088331503338 0.382311363696843
Olig1 5.5201198338097 0.7297255327423 -1
Sox2ot 5.51364844517375 0.483155946106043 0.393698297918527
Klk6 5.49249415167943 0.966327129924649 0.664343231687347
Pmp22 5.48651172699774 0.349436886199551 -1
Enpp6 5.47513969582293 0.929330393624686 0.431743199877501
Anln 5.47504055448645 0.872658532016263 0.0428024508228672
Cd63 5.462992455154 0.211249223880162 -1
Gm10220 5.46285679495858 0.917163699692236 0.655180113409473
Clic4 5.45897025629287 0.567549292129949 -0.333333333333333
Cyp2j9 5.45698773634 0.632003144325067 -1
1700063D05Rik 5.45245301184625 0.874053547519163 0.506775146264197
Bcas1 5.44382466893431 0.735753240215479 -1
S100a13 5.43925900003457 0.466586763810199 -1
Gpt 5.3658836169569 0.720278247767716 0.458411116187387
Ddc 5.35469212386261 0.767808518389182 -0.333333333333333
Hadh 5.35376360251151 0.54139093802668 -0.055281509105573
Chn2 5.32714085228312 0.62734007240753 0.483388872633579
Cdc42ep2 5.32387241397955 0.620984499600734 0.410285968609852
Pigz 5.32039934093254 0.664655741791473 0.361310982509721
Gab1 5.31335099571641 0.67725529122547 -0.0841737614756878
Ankub1 5.2691442422938 0.925226784034184 0.627217561404715
Aif1l 5.26524429814253 0.707341101538874 -0.333333333333333
Abca8a 5.25250226246621 0.817224608446383 -0.217918723613575
2810468N07Rik 5.24580065043507 0.525644406338655 0.195932241409573
Nipal4 5.24454952171462 0.954106380917071 0.656326209589807
Pon2 5.22774215741601 0.479031308494273 -1
Pla2g16 5.20504781200089 0.779151639298635 -0.0927214551766518
Abhd4 5.19692637321512 0.548771312945773 -0.0655116051520459
Myrf 5.17278472311291 0.939477378894114 0.638528556440323
Pex5l 5.11862013840879 0.666726677807078 0.556538300312812
Tprn 5.11399511937705 0.827005192229692 0.0547645196442078
Lap3 5.11381929281693 0.605017580014483 0.268900435040307
Lims2 5.0903917913828 0.52249162041453 -1
1500015L24Rik 5.08133962745194 0.966666666666667 0.666666666666667
Unc5b 5.06058119557374 0.771807035375451 0.434896126306278
Cdh19 5.06028338080367 0.777757861081304 0.633287861716054
Trim59 5.05080028814498 0.822053507831348 0.391596561971576
Tppp3 5.02460396354301 0.719056256413961 -0.166154145640034
Prox1 4.97485381116716 0.781223125158622 0.664583048745693
Plekhf1 4.95760503533925 0.779637426536362 -0.183614233520212
Tmem144 4.9522494489822 0.512127937293903 0.327878378508203
Prr5l 4.9475111084566 0.810827326213727 0.447856239717239
Fam57a 4.94528053734927 0.73696599290758 -0.214171683177396
Nmral1 4.93945663207052 0.703180910201173 0.390217655755378
Slc6a1 4.90789481162246 0.0609079381506074 -1
Jam3 4.89178111363673 0.537708442798798 -0.123949276770954
Insc 4.85826287351616 0.934469279394188 0.351989387256141
Cpm 4.8500124974387 0.807777195269374 -0.264768295814664
Sox10 4.83884005677134 0.833854373805168 -1
Myo6 4.83747119556008 0.674862772698125 0.537473972838379
Plod1 4.83705047066916 0.509484970549947 -0.278634494468881
Wnt3 4.81102405263678 0.862433603950106 0.278455571386375
Plin3 4.79313314339667 0.774949644763661 0.272742663310257
Tcf7l2 4.78723905222841 0.492861679227685 -1
7630403G23Rik 4.78666091388767 0.965000819963404 0.663545265398344
Speer8-ps1 4.77617262772538 0.858657652480184 0.570473997504487
Gm9895 4.76821961963671 0.945455789939803 0.666666666666667
Dusp10 4.76630178591755 0.388186109771721 0.0496266521731408
Ppp1r14a 4.75219552366028 0.966109752491326 0.665067224471631
Nkain1 4.74602558793484 0.797034215416208 0.343824225853249
Mif4gd 4.73641206350688 0.519016172839331 0.428077944678088
Creb5 4.72874448100122 0.743818262898832 -1
Fam234a 4.72176000762562 0.614149517216756 -1
Dock10 4.71368521677813 0.645387633445847 0.0829671641444422
Card19 4.71087178147711 0.633423170766747 -0.333333333333333
9330117O12 4.7048166453344 0.966115187095851 0.664223655461694
Arhgef10 4.69001190785793 0.764008353997827 0.491103782752331
St18 4.6898373787734 0.916468803584792 0.628605984446043
Sema6a 4.63946729405798 0.626014654000814 0.445205273803204
Gm10471 4.62602977033191 0.927590589071323 0.652867448662089
Efhd1 4.61723970169549 0.903028849389211 0.610286949213467
Galnt6 4.61423780415858 0.942414713735007 0.52547572172073
Ano4 4.60852657908263 0.578222992555586 0.35257561094724
Gal3st1 4.58459983050398 0.783535928084674 0.517609843964963
Mcam 4.57614945585444 0.855700716787117 -0.333333333333333
Gng8 4.56362593365286 0.907647835022163 0.50903458882537
Tcn2 4.54482927524875 0.335530478157269 -1
Adssl1 4.54432466918267 0.499457059439594 0.367814546676636
Srd5a1 4.52762490181026 0.682024578293754 0.377081566422619
Prr18 4.52179571536669 0.911173586383357 0.408973628330229
Plekhh1 4.51485027154638 0.918805375542494 0.640612300247299
Polr3e 4.50915809460918 0.829290224321114 0.509556017485438
Cyp27a1 4.50256176944003 0.784785065582938 -1
Il1rap 4.49721839061294 0.400472647897197 0.273591695914259
Apoe 4.48388336382382 0.427063725072051 -1
Pnpla2 4.46575008639885 0.537814944822529 -0.333333333333333
Phldb1 4.4645489876919 0.814118586868529 0.350341269049402
P3h4 4.44915513774956 0.808438723047302 0.603898719883192
Clmn 4.43932047163573 0.734115514082667 0.183879993467903
Nt5e 4.43694422267029 0.587917662112205 -0.0968573816205868
Hist1h2bc 4.42897504401836 0.363605523702765 -1
Josd2 4.42163548030534 0.718427738286617 0.376368113409716
Rab31 4.41589034142865 0.482839114357522 0.175761334268027
Map6d1 4.40158310652517 0.587589550049232 0.287834993940466
Cib1 4.4005210186731 0.527976903067715 -1
Slc12a2 4.39570621322051 0.700392031458082 -0.0545447180471227
Slain1 4.38740692648121 0.715215078562035 0.498405862167147
Elovl5 4.3852054783953 0.419607647306005 -1
Spg20 4.38259631742056 0.639315577488911 0.415794673892065
S1pr5 4.36395546697549 0.859569266919245 0.384959766921678
Adamtsl4 4.36158335949595 0.883140653118113 -0.0630234689567962
Hepacam 4.35960264076905 0.706514755454067 -1
Serpind1 4.35467214416879 0.628736253707381 0.465663323902237
Dbi 4.34353123970453 0.596218379045255 -1
Epb41l3 4.33883153319705 0.668675714529126 0.458374750052569
Erbin 4.33772036946022 0.497341901878268 0.00158245565116864
Scd2 4.3356025698994 0.764879953411489 0.274558132932273
Serinc5 4.33499176568245 0.672752759256684 0.461833770788894
Gprc5b 4.33200977243513 0.383396920395013 -0.205021016793789
Lgi3 4.33155049663904 0.622465187979065 0.414723694752679
Frmd4b 4.31982806701717 0.51376296362671 -1
Ankrd28 4.31318406079605 0.750002724553222 0.20514322777917
Slc48a1 4.31285976578293 0.716602725296956 0.536661356347668
Slc6a9 4.31096507410714 0.668456805276183 0.523061275571549
Npc2 4.28664881016812 0.51797849719028 -1
Fign 4.28478201911381 0.63894239634669 0.0178158931226236
Gstk1 4.27736896240514 0.348580203953174 -1
Zfyve21 4.27411577460689 0.583361754683213 -1
Itih3 4.26874569237719 0.856059374032771 -1
Tmem229a 4.24504220941227 0.627573158354102 -0.0815058977547169
Fbxo7 4.23652622895735 0.69968743842178 0.0205681108257121
Megf10 4.22845097778689 0.652434618169349 -1
Mob3b 4.22556345729039 0.797400560015698 0.312680497254257
Daam2 4.20328264516802 0.756897701384486 -1
Rnf13 4.19532190132384 0.73952255936625 0.504789999661759
Hist1h4h 4.18602893284382 0.757100901664941 -1
Cd59a 4.15953404579006 0.322511137438134 -0.25512752155104
St6galnac3 4.14215129296848 0.62748629984532 -0.118103087052379
Wscd1 4.14201762059052 0.257006117542615 -0.198535025625272
Kctd13 4.12208290174522 0.691047075407756 0.503177962083835
Tmem88b 4.12055004446309 0.843242476540689 0.397269572687881
Rftn2 4.10436500572856 0.704841135419592 -1
Fbxo36 4.10210455070126 0.6204435312084 0.0278000868570121
Sirt2 4.09996817084175 0.699726713180427 0.403302322609712
Ccp110 4.09750994665846 0.756467126213755 0.574330745216558
Igsf11 4.0815753252675 0.437315543422636 -1
Ppp1r16b 4.07826835433444 0.678986878870156 0.379709240754554
Ccdc13 4.07800270853233 0.894762937352951 0.507756041082442
Il17rb 4.07070470996915 0.933741296120381 0.626137827115252
Ppfibp2 4.06915154483014 0.689955477814632 -0.100979313464533
Fgf1 4.06714141877465 0.496204954165226 -1
Olig2 4.06410166106263 0.768772561933027 -1
Dapk2 4.06263677459357 0.313266366914416 -0.22334513527315
Gm13293 4.04351949366274 0.965971013986327 0.665896027575761
Sgk1 4.04318771673426 0.578377785988934 -1
Sh3tc2 4.0418854389941 0.871515845798318 0.657630344818275
Ccdc89 4.04031286635744 0.759760071876921 0.282546707908526
Wrap53 4.03298388017004 0.616255749400363 0.00108446901576296
Mylpf 4.00885392541939 0.584005353125881 -0.333333333333333
Grm3 3.99172630925845 0.256047376715586 -1
Synpr 3.97633514647688 -0.0350321863148334 -1
Cpt2 3.9754041608252 0.41199668102338 -0.333333333333333
Apln 3.97495262678568 0.83974256810802 -1
Pdlim1 3.96942245935695 0.0330847503480538 -0.333333333333333
Slc25a45 3.96159492431669 0.849879699388663 -1
Spidr 3.95546847697386 0.629121806425539 -1
Plxnb3 3.94908470608423 0.756273171351591 0.634315440928833
Necap2 3.94474318356553 0.600472936849892 -0.220398684204569
Desi1 3.93956562592279 0.730866258622314 0.494068354689828
Xrcc3 3.9284044092545 0.775070193467173 0.602972171525307
Kcnk13 3.92495980005678 0.853037514932447 0.486127657455976
Hn1l 3.92080417459984 0.716864061073132 0.496598685995866
Vamp8 3.91796253832749 0.267181836781665 -1
Dock5 3.90202640036811 0.943250394765486 0.525436922479891
Meis1 3.89841322419178 0.566850572468223 -1
D7Ertd443e 3.89579843382405 0.92457122632 0.658503060544812
B3galt5 3.89026098791339 0.637371795882917 0.44657101521265
4933413G19Rik 3.88986288136518 0.953926684160713 0.574262857892287
Plekhg1 3.88179826401281 0.720176523026579 -0.221114338167246
Nfe2l2 3.88079886774941 0.471131377011892 -1
Gm11110 3.87722295114196 0.62485216915368 0.262502110653821
Mir568 3.85344601784687 0.239984405088978 -1
Pkd2l1 3.84465346348058 0.966276456393361 0.664113589858991
Cdr2l 3.83803610589775 0.368416204814658 0.369055605008487
Tmeff1 3.83463785992609 0.600764176154907 0.387274590407988
Myo1d 3.82770380140792 0.799933722124287 0.0923461133616132
Kif13b 3.82564164236722 0.718703792794232 0.0640707339133081
Arpc1b 3.82453052061229 0.514184870802171 -1
Elovl7 3.81426635450856 0.719236592433968 -0.0234915959553338
Gpr62 3.80437714700193 0.896478995077245 0.547134433054017
Parm1 3.79937011036817 -0.00946956528660281 -1
Fth1 3.79637046712742 0.784478155041051 0.595171060824295
Arrdc3 3.79322519667127 0.697704544534335 0.217363908543662
Endod1 3.79321967864111 0.401030928818332 -0.0985823752183287
Prkd3 3.78835693061672 0.667033227191661 0.487556677310241
Eml1 3.78169491644168 0.639466248795304 0.0562089639663589
Gjc3 3.75804259043778 0.802389598089079 -1
Llgl1 3.74003398859527 0.518606819971484 0.306808772506545
Acy3 3.73945402660785 0.589166271559686 -0.333333333333333
Cobll1 3.73522909652759 0.556578630003578 0.214861386017175
Cdc42ep1 3.73375356221438 0.744433324093259 -1
Scd1 3.71372180091173 0.718327101305787 0.503677978172322
Ado 3.71084236549398 0.765364258631114 0.457824974543258
Klhl4 3.70654649693816 0.426762082989177 -0.201717794781092
Etv1 3.6959580406143 0.225579315831713 -0.227238693920529
Pik3c2b 3.68398121974112 0.746163603118235 0.490082563282365
Fam46a 3.67860466902923 0.200199225736279 -1
Slc38a2 3.67518887909819 0.782530382334592 0.588804324986289
Acy1 3.6719172723515 0.469885524956749 -1
Fam83d 3.66770293172909 0.92110979849225 0.45652887829642
Kif13a 3.65889924256172 0.698715020930644 0.485392733509762
Trim12c 3.65458520054421 0.714681783878097 -0.333333333333333
Pla2g4a 3.63307256857539 0.633051183824916 -1
Wipi1 3.63162484583332 0.790687733550967 0.474207392822533
Rab7b 3.62094069370299 0.858133377330344 -1
Kat2b 3.61740252075428 0.624822401129201 -0.0374876848943557
Cyp20a1 3.61479109763953 0.448661499377895 -1
Selenbp1 3.61435640711388 0.402117430697178 -1
Cyp39a1 3.61135912363227 0.295432319150013 -0.371122906726873
Gnb4 3.60521869015511 0.143681957520222 -1
Sypl 3.59816171409272 0.603893058316664 -0.198645868418333
Slc26a11 3.59773700614141 0.636641120595624 0.0850363873393647
Kndc1 3.59171174766959 0.710873907465534 0.473270431589642
Taldo1 3.59043057327087 0.778777167986225 0.579619594265313
Zfp536 3.58970354676263 0.531213814613875 0.633564941767791
Adi1 3.58829831964158 0.735769804516573 0.515756446856212
Fnbp1 3.58741566093356 0.738583436980708 0.26819367947233
Bpgm 3.58519318041642 0.71201255411523 0.146800443692795
Csf1 3.57623468954742 0.766570692662848 0.261942524134817
Appl2 3.57228701537963 0.438180340804505 -1
Wfdc18 3.57220725037517 0.818372128426499 -0.0841702130303005
Cdk18 3.56944534431655 0.43437080086897 -0.0965023955663249
Cyp2j6 3.56354176897738 0.398474781653856 -1
Gstp1 3.55918279802201 0.792358837156806 0.362797924687568
Rffl 3.55263114928948 0.659017859758539 -0.154849256067988
Mid1ip1 3.55216650577235 0.52313227272201 0.385563424791166
Agmo 3.54964954216911 0.683511055497531 -1
Rapsn 3.54956528018762 0.783323574719724 -1
Sp7 3.52569306090602 0.966349142989098 0.666666666666667
Dnajb2 3.52458703073393 0.580566704256469 -0.144340808004064
Speer4a 3.51426248149394 0.947111282075067 0.662002182226619
Npc1 3.50914436838007 0.464118317258098 0.468386426257466
Gss 3.50860697496581 0.673059311081418 0.25430431590939
Chd1l 3.49647049910135 0.657470156728627 0.294646186178755
Cnn3 3.49186561682765 0.312286654254692 -1
4930452G13Rik 3.48469670746083 0.869615092841484 0.419737271457354
Slc4a2 3.48271816195473 0.765066690206341 0.0526822128409637
Cntn2 3.48057638433197 0.77679114041996 0.516676901686393
Plekhg3 3.47523926442542 0.86377616576427 -0.306128476289373
Sparc 3.46863336082107 0.177684352193189 -1
Foxn3 3.46679336960571 0.604245419614726 0.53987538257056
Cep97 3.46619216951027 0.726868167300985 0.433081671130299
Adamts4 3.45951494881194 0.925897038557466 0.502920150309954
Rasgrp3 3.45862774201715 0.515065365619576 -1
Rassf2 3.45666259782579 0.540939868337535 -1
Tmem81 3.4545320374935 0.792434517621341 0.422898378410029
Paqr6 3.45013349717558 0.829038389409506 -1
Nfe2l3 3.44329834467947 0.769193594412646 0.226892193266948
Hhip 3.43426301038362 0.880231597657017 0.561201691181123
Hs3st1 3.43148898153988 -0.220004584373896 -0.333333333333333
Pstpip2 3.4297634306245 0.524245128261927 0.23339623035438
Nedd1 3.42221457037891 0.548844589422826 -0.333333333333333
Pipox 3.41260727349259 0.865112413778963 0.123306097761245
Unc93b1 3.41205869825823 0.610856633960227 -1
Zcchc24 3.40529645524 0.47896169265497 -1
Degs1 3.39153180969414 0.750131128332007 0.369847427237315
Rcbtb1 3.38509536638623 0.689278112906794 -0.164267936574802
Lrrc1 3.3811979833707 0.726165547837639 0.167384384659212
Rtkn2 3.36887043349447 0.755494110827514 0.0859685120898003
Il18 3.36403270184013 0.346369606223517 -1
Enpp4 3.35636564877483 0.632476051763258 -0.182000851533429
5031439G07Rik 3.35505544448976 0.784235443246276 0.502830748095864
Pacs2 3.34313003519098 0.788875748641457 0.43935519166849
P2rx7 3.34189353427302 0.411191140109461 -1
Lrp4 3.33919890817569 0.540435574630239 -1
Cdk5rap2 3.33677798387643 0.680893138746635 -1
Tjp2 3.32689450446166 0.501474714607495 -0.333333333333333
4930550C14Rik 3.23271809719224 0.854142988456261 0.196190676264787
Defb47 3.22609744701892 0.966666666666667 0.666666666666667
Acot1 3.21593326637869 0.571119035181224 0.0261471929351468
Adamtsl1 3.21057677697915 0.830314540791296 -0.0622038624384227
Sec14l5 3.17403349833468 0.966129708968887 0.661496003867704
Shbg 3.16474385572734 0.957058200129781 0.645037154762589
Itgb4 3.15618085423416 0.929102753695995 0.44502971208051
AI463170 3.14698099722323 0.965852866487181 0.666666666666667
Rad51b 3.10813903779568 0.867326168219939 0.604043249890723
Ada 3.08173729102817 0.883017344724632 0.654438989819663
Kif6 3.03385325831822 0.838038079372364 0.560700471736001
Gabrr2 3.01101847824446 0.942783163641998 0.615400721536317
Cldn14 3.00635787310661 0.959993288451664 0.604076231509865
Gjc2 2.99512266910363 0.930564460324031 0.65799638412321
Plpp2 2.98379928207675 0.884872808393151 0.662764697599434
Cnmd 2.92681994804854 0.885828491394084 0.458073021553127
Nkx6-2 2.91667212984857 0.96056405560153 0.662759520954736
Bche 2.9019399526993 0.755501616573518 -0.288603996425513
Gm12530 2.9003999189828 0.966380894794419 0.666666666666667
Casq1 2.87532136775491 0.937061695346638 0.653390059324504
Lrrc46 2.84188320067254 0.800105725936847 0.257469765915857
Mfsd13b 2.75490452187578 0.95002922704335 0.561363344858749
Ccl22 2.71691775211788 0.867707741996371 0.635408946103233
Ly6g6f 2.69071506528432 0.836190711000119 0.0546482579571364
Fbxw15 2.63436093169658 0.966525462174443 0.666666666666667
Mamdc4 2.62916360891171 0.915155503452451 0.560857880329033
B230319C09Rik 2.59264459406267 0.784192136546986 -0.203979163177581
Prima1 2.5727280128609 0.913451258700822 0.660381070450171
Ptpn13 2.48347461850769 0.80336013260742 0.188296963315308
