Slc32a1 7.08436661807972 0.648143816803395 0.708594742103695
Cplx3 6.63622042009871 0.872439558382731 0.910588853325717
Otx2 6.32478803191446 0.731778261645764 0.862468681430359
Tal1 6.03773526777572 0.811870942376468 0.89127917775965
Cntnap2 5.97175449652405 0.547084005838734 0.629427847514442
Igf1 5.9297471016787 0.86038169634921 0.824732407766823
Chrna6 5.92613616548812 0.927434333839913 0.954311600206413
Cdhr1 5.92612425838629 0.844328432903768 0.909838473141201
Gabrr2 5.84500537686024 0.917518421030066 0.885950709072143
Reln 5.62485239169031 0.745123095681951 0.777033127617809
Meg3 5.60059776726189 0.740450949484361 0.766128157874695
Gad1 5.57755509244851 0.384150122739685 0.371801289020428
Hs6st2 5.42800093871704 0.511752705896947 0.617450673569823
AF357355 5.40179760705568 0.910171186393646 0.861822538036385
Snhg11 5.35507148015615 0.660990827928096 0.690934372472447
Frmd5 5.28489139550978 0.491590289606196 0.748660165589968
Gria1 5.16360456364294 0.597257117046999 0.743276470095855
Resp18 4.95530749302271 0.296002497725783 0.203762408792881
Nrip3 4.94791992165277 0.44933778054615 0.780151109285372
Amy1 4.9465999770192 0.470755323360908 0.171151366859501
Lhx1 4.88649295611231 0.913764790630573 0.814409980776885
Rgs8 4.88270936891669 0.6046512919661 0.828216205759286
Parm1 4.86616712086606 0.583634351621447 0.604249754851454
Lmo1 4.83859787380088 0.667970219244842 0.689252535624137
Slc4a10 4.75514580327254 0.555255823056614 0.560755165003667
Kcnc1 4.71167755827972 0.874717885176333 0.896856070673917
Hpca 4.6484699282025 0.356165649856449 0.267764800525389
Scg2 4.62878841211104 0.361747621607852 0.704076595441881
Slc6a17 4.53022013465316 0.615702493685441 0.757138154315029
Uncx 4.43770271031746 0.911316692713667 0.942556079833138
Napb 4.38452496946432 0.363432419795173 0.595427827401103
Cacna2d2 4.36837373628598 0.656589379207589 0.867468707612847
Fmn2 4.36416380439967 0.303296208079194 0.135399603245159
Cntnap4 4.33045313128468 0.527250071958311 0.736092826460126
Rpp25 4.32309941413702 0.772401760520899 0.813665845337166
Tnnt1 4.31860651743983 0.736440531378568 0.657506496597697
Pcdha10|Pcdha12|Pcdha4|Pcdha8|Pcdha2|Pcdhac1|Pcdha11|Pcdha7|Pcdha1|Pcdha6|Pcdha3|Pcdha5|Pcdhac2|Pcdha9 4.29702378824885 0.786221239364109 0.865250592256717
Slc12a5 4.29589439600135 0.406294483731314 0.499612802649174
Ptprt 4.1935877621087 0.650171192891287 0.642735309053886
Gap43 4.18995470828054 0.373434633496987 0.544637521638233
Syne1 4.14939781435305 0.333909050476455 0.376915526099337
Sptbn1 4.14875170197748 0.285240867964068 0.508751250081189
Pacsin1 4.14284601801667 0.511723635629248 0.651798883420488
Cda 4.14275023166659 0.772546715473932 0.736784830181239
Meis2 4.12245745795784 0.365796283063616 0.548153441940892
Ryr3 4.11950704655943 0.87017011779511 0.794038043673538
Pcbp3 4.10483606865279 0.636261881760193 0.77044438357595
Chga 4.09564306401823 0.561063026060361 0.652750415637522
Baiap3 4.09292327912906 0.508794156934375 -0.209894511075622
Chgb 4.05783301082917 0.339445627909598 0.585775031738618
Itpr1 4.05321151459484 0.541271562182894 0.366748211662263
Gata3 4.01225181856928 0.925454514678766 0.854425947370054
Nr2f2 4.00846071640729 0.755941996945104 0.665041744277798
Pcp4l1 3.96742112813116 0.449920978168288 0.00308712397842519
Gad2 3.96618284350414 0.869292682917946 0.787660042227623
Olfm3 3.95827892520829 0.282068748385066 -0.264108554500725
Cdh8 3.94957504917517 0.581058194480212 -0.227592590944
Syt9 3.94928848992735 0.378300578699688 0.874367453594592
Spon1 3.94217333428762 0.413967385429127 0.615270584041482
Nsf 3.90902691042762 0.636281008715362 0.765234084344736
C1ql3 3.90393889898065 0.0879704803947978 0.435476263572899
Apba2 3.89391398127469 0.42548849607748 0.484580925626568
Cacna1g 3.88918385271021 0.807256274159731 0.847145313337461
Zfpm2 3.86532274983256 0.388000655213742 0.535629016484066
Slc2a3 3.86519090754601 0.584450873156762 0.60312594628228
Pcdh20 3.8540867449495 0.65316733835205 0.690238612796081
Ptn 3.83890993620184 -0.167505077253159 -0.072364602098686
Scgn 3.81715105259545 0.899028734579353 0.86920254152223
Pclo 3.81688012174751 0.721284072410852 0.777875258903256
Sez6 3.81559816320272 0.867411612633006 0.895320804682517
Ppargc1b 3.77262108157975 0.788082895688023 0.831835759764289
Adgrb1 3.76521699593649 0.780459005138342 0.849397450526831
Grb10 3.74294919466227 0.301552764354344 -0.0783457730477506
Tacr3 3.72385122083149 0.815712416475798 0.714814419399596
Tenm2 3.7136461986419 0.737757967344939 0.842622379761847
Cacna1d 3.70934770384056 0.797635849921455 0.811179545281276
Arhgap20 3.66900218142062 0.628140143412509 0.70811597930642
Nsg2 3.66596287135668 0.284904832589063 0.617660213487249
6430548M08Rik 3.63110954525264 0.840116226664613 0.842257884852943
Cadm3 3.58266753747485 0.799043292210381 0.838512983203317
Cadps 3.571748738608 0.388336595909457 0.661581430525626
Cacng2 3.54266065558099 0.772693113111753 0.801264223339188
Pdzrn3 3.53630980213561 0.186851321840627 0.171035537875623
Ssbp2 3.51285985718098 0.793270887437531 0.792908444680821
Pcdhb21 3.50825620268104 0.802468881858935 0.772915850785443
Ablim1 3.49534420674434 0.705730377575209 0.750206725179879
Ncam1 3.48490925535433 0.429032149674715 0.492180495711729
Hcn1 3.47978909539787 0.664510480106896 0.697534575109701
Camk2g 3.47454644874368 0.563387854300732 0.639557410761308
Slc38a1 3.46257467509743 0.771157089174992 0.750251225482225
Tacc2 3.45619506986067 0.485735443796567 0.442105676310374
Vstm2b 3.44813965825849 0.527468315717559 0.743650795346159
Syngr1 3.42632782300026 0.571915036693626 0.514239021261306
Cbarp 3.41961414803532 0.306438080326098 -0.178754617076309
Kcnh1 3.37224448795764 0.80579428271985 0.793517556026552
Sptan1 3.34158749178682 0.49361649728209 0.698454764610115
Arg2 3.25680814166683 0.85035263913098 0.816578909864789
Ovgp1 3.17070030798758 0.603808277191537 0.408763180397493
Pnoc 3.16739205648838 0.79833481365657 0.665651579967292
Kcnmb2 3.16513823388246 0.779446138049613 0.735299533778791
Dgkg 2.99173515888507 0.737702065142516 0.668973256132875
Gabrr1 2.98734201217105 0.892948179786383 0.865635375932268
Lgr5 2.92543086051456 0.833196126139262 0.763601753124822
Col4a2 2.92154119692924 0.423786325616495 0.114810323542847
Cdh4 2.82687085146963 0.570123150881983 0.58413016306191
Tmem2 2.74598130910191 0.386561911277169 0.10853623377796
Syt1 2.52988133186672 0.59460606705657 0.614534418775565
Sult2b1 2.45678229928942 0.724534885045685 0.59120279146509
Magi1 2.43322873712375 0.524123094347353 0.457313529091545
Trpc3 2.31213188906153 0.730253837282652 0.761453830046376
Slc1a6 2.28987300762178 0.619609235735726 0.377321554245755
Ryr2 2.07037799203015 0.402343418113347 0.192229627383039
Il20 2.06875888159422 0.840823846201891 0.835330021125455
Sfrp1 2.05824709489215 0.574841036854647 0.594029494498255
