Cbln1 7.94001894742394 0.73034714545992 0.869574129765454
Hcrt 7.85047438622597 0.955985602878337 0.972287090833371
Calb1 6.97705874482327 0.551853874955925 0.554553213130206
Scg2 6.68398236657206 0.615460541253408 0.814508574301353
2010204K13Rik 6.34082574424957 0.613056262731945 0.75672606703631
Gpx3 6.1265594120367 0.842432865904612 0.841894336083747
Resp18 6.02509501570036 0.450742199135799 0.752078059087207
Slc17a6 5.743919371401 0.606226070662075 0.188721356224852
Cckar 5.64098180423778 0.952191900243486 0.947716350534501
Trhr 5.50928883817465 0.917512961058772 0.934015071239537
Lhx9 5.35269582708198 0.709602687336726 0.637741782124294
Elavl2 5.34672961276477 0.495391677644947 0.541109536365926
Rit2 5.28730821157976 0.302743615850562 0.347202700454025
C1ql3 5.27040790927951 0.417576894606485 0.754848989603983
Kcna5 5.20905313483697 0.773894834293 0.740103218032379
Pcsk1 5.07701326506986 0.844131142480797 0.878284550183881
Mal2 5.07618903156582 0.538172957384573 0.471191129690462
Syt4 5.06624127385582 0.443547116577922 0.0697880764166139
Dlk1 4.92036828744927 0.893903116395303 0.829257369369729
Ngb 4.78021786633747 0.775839083928144 0.82834969754223
Gap43 4.75301446889447 0.497288302650382 0.544637521638233
Neto1 4.67233499273381 0.396592601431885 0.183768608102313
S100a10 4.65775307563335 0.697782053339202 0.699456189392183
Avpr1a 4.63225996141609 0.932308653997733 0.859153787598124
Tmsb10 4.56700914144939 0.497995964646214 0.740191886386991
Nnat 4.51028986867147 0.534147066509786 0.450444497787623
Arhgdig 4.50306563652279 0.661210972339644 0.758371268030155
Stmn2 4.48443762155663 0.416083186971074 0.648472785524515
Nptx2 4.45982444528128 0.542176637168861 0.400993295169029
Snurf|Snrpn 4.34792360251273 0.456470301250443 -0.173836057956976
Igfbp3 4.33292134234402 0.577571223460379 0.365003350226316
Gng4 4.32573134993627 0.56349047694774 0.698115407725401
2010005H15Rik 4.30071860064205 0.934370727344546 0.892371720944416
Ddc 4.27358806340235 0.0236173219934622 -0.0537196119022266
Rrad 4.26172465018871 0.654855767256958 0.0125333018211444
Nts 4.24132659482639 0.890682773518295 0.898491952931895
Mcub 4.19890744634315 0.624187374746166 0.737461745318887
Pdyn 4.15826972979191 0.876709021133639 0.849852225718251
Ly6h 4.14461717245985 0.467140485258961 0.531616202349077
Baiap3 4.12989070255757 0.576809383712439 -0.209894511075622
Cyb561 4.12031791983944 0.516918828161184 0.611558030143021
Calb2 4.09548070433595 0.567795086621362 0.357402209526741
Thbs3 4.09480345804787 0.00898773354360651 -0.107361490638862
Tspan2 4.0226588829395 0.0272616919291457 0.792529929450222
Lor 4.01001593502512 0.550924090032622 0.620641977812998
Cdh22 3.99396334003089 0.566734241046502 0.333067038470093
Fxyd6 3.99020138394951 0.255450287450828 0.130322483410647
Spint2 3.97002495921443 0.615961621410016 0.525976835758455
Tmem158 3.9024189157417 0.214405152254136 0.314639688054987
Nrip3 3.8883159451838 0.387848163481815 0.719849640542335
Cgref1 3.87959631617259 0.620259311048813 0.78618416130372
Ghr 3.87848899706406 0.197606454350987 -0.0216114497984391
Rspo1 3.84966392511919 0.831800811904549 0.744752873765344
Ptgds 3.84608904309351 0.00911728414811525 0.0690691108790809
Ache 3.83473195667141 0.575086294345167 0.517756762270805
Ttr 3.81917461934854 0.0707395692904163 0.0721501289719755
Doc2b 3.7362166525495 0.781093735406831 0.813569791382367
Cacna2d3 3.73085937893848 0.524202862934268 0.385860520247139
Slc32a1 3.73074068409069 0.220079966670698 0.232563858996076
Cntn6 3.72525909190886 0.511431454193702 0.363085550272465
Hmx2 3.71665934534944 0.933450815080564 0.905130420815347
Rab3b 3.71094761098105 0.791938224475416 0.843446455421741
Penk 3.70721695687914 0.505817470932193 0.244700690198238
Tppp3 3.67062294371455 0.0850056245279923 -0.0267938967303448
Hap1 3.64816738536223 0.663716158877831 0.637741060378546
Grb10 3.60285707725713 0.353111907878511 -0.0783457730477506
Cidea 3.59959855484003 0.804006277435762 0.712392963880615
Ptprn 3.58739924631922 0.548423689906419 0.293854378114414
Pcbd1 3.55575737434822 0.611178487166908 0.64921093605658
Mal 3.51702295531363 -0.00438663334273046 0.695968341262833
Ntng1 3.51106016430381 0.472897507781235 0.399632524478047
Rab27b 3.51099943414749 0.560009992377849 0.483646880961334
Vsnl1 3.49727786037072 0.0615580923272755 -0.146868285208004
Tmem114 3.47139804325081 0.906092819684143 0.821854848777004
Tdrp 3.46821434989771 0.738813628457498 0.852708043140327
Cdkl2 3.46552286997647 0.346865801469183 0.501852309848406
Chn2 3.45724657975288 -0.0410982560840095 0.626923904883126
S100a11 3.39893665341637 0.700099065730499 0.602310187747704
Cbarp 3.38396632736478 0.366331747180274 -0.178754617076309
Ntsr1 3.37674494992435 0.798838415811228 0.728219468888027
Slc6a3 3.37162848605863 0.900391784450195 0.857674296904988
Mbp 3.36576767766377 -0.0952745102967415 0.422544388469047
Tac1 3.36117331136987 0.0451540004957102 -0.169364479935075
Gch1 3.35546582027462 0.858513086723628 0.891837238433837
Syngr3 3.35290189832494 0.490167887671983 0.616221337378712
Plagl1 3.33819882989362 0.324646768831009 0.703819064800296
Trf 3.32873519718395 -0.0695606549262221 0.367646515417293
Olig1 3.32751291440608 -0.0844520621922181 0.536271700812051
Cd59b|Cd59a 3.3252651305669 0.539250154333997 0.479262245807346
Gck 3.26850026720832 0.822179786122341 0.846935845986716
Rprm 3.24110820549247 0.137700321235729 -0.0711383166433546
Crhr2 3.20797214039142 0.930699100070129 0.89878899217492
Hspb3 3.20449659317365 0.692223901973355 0.603681472004989
Ctla2a|Ctla2b 2.98027745786905 0.635739386224398 0.129237465401135
Sult4a1 2.94340371664016 0.562253601441601 0.047334332904003
Cdh9 2.87049954624539 0.743596691170465 0.641785798580974
Tnnc1 2.8276659684993 0.633132847704556 0.539741435929554
Ehbp1l1 2.81543798673854 0.483133255025315 0.102323649447607
Kcnip4 2.75418271367883 0.712627405474622 0.747365241981302
Stac 2.64234946145503 0.539367790200945 0.410404024010165
Ass1|Gm5424 2.61598047967322 0.639962104736409 0.658518670208062
Slc27a2 2.58927958667242 0.503390150696985 0.204989964410446
Fxyd2 2.57816000543287 0.792078350915747 0.788834733477448
Rhov 2.56182732791079 0.748105021598493 0.787100737607296
Rasl10a 2.53164206402513 0.409880560996919 0.150569747579664
Coa5 2.48716865385921 0.698876465646211 0.778286694638184
Cacng3 2.46124296623135 0.766783689005802 0.680845419421871
Tfr2 2.42095417781558 0.467324912489199 0.488652268132688
Hrasls 2.38862888787051 0.500753639426731 0.365406111693195
Creb3l1 2.2751103948744 0.638822497870324 0.604973553533644
Car12 2.26707488958739 0.704064597434337 0.606534083993803
Phactr2 2.22284490797645 0.775883045774978 0.79056607372639
