76408
11513
11554
11555
11576
11629
11727
16952
106952
70497
171207
216445
11857
11910
381319
17060
12229
72691
12796
12335
68891
217303
12489
12506
15985
12606
17684
56708
26888
56644
102545
70031
12978
12986
68964
13051
227929
76088
13593
192193
13713
23871
223433
107373
26382
14247
22379
14282
231931
14676
23890
14960
14998
14991
15212
15242
15446
54486
74096
213002
16154
16155
16170
16331
15900
239217
259277
52855
16792
16819
19141
16909
107321
80877
16970
233328
17002
17095
17110
16658
17159
17305
17476
218203
246177
72560
17952
74039
18054
114249
268903
99543
70839
64099
30955
224860
104759
68507
18753
16912
19253
15170
66824
54153
19731
67865
19735
20111
68750
20201
20202
20345
98365
104681
67712
107375
56485
56857
53945
50934
69178
54613
27060
21682
21810
21812
21815
230787
211550
21898
231633
68487
21938
24099
83433
217333
74153
54445
22320
69922
