209378
225998
75541
12406
13527
17387
20598
214359
21859
27360
23972
29873
11639
107747
76187
67896
13998
104174
52538
102644
18028
14164
20652
17304
98660
12759
16324
30956
74013
11541
210126
56615
14600
13175
14184
53896
18679
20511
14182
13860
58807
14813
70097
72014
16007
104776
53412
107869
72792
67122
13138
17035
14633
70083
29820
19249
18508
18760
26362
17909
216190
21808
16779
13618
56448
97064
17920
223227
18212
216616
319757
16011
20971
30937
14366
13649
56741
68738
13371
74114
50781
20351
55963
27494
56188
14230
20512
12950
14609
108052
14451
14114
192216
76257
20678
81879
11829
14862
74519
14619
68385
58187
13123
20498
22329
20787
15483
13004
64297
19125
12411
14400
13731
11426
20917
22350
66873
57738
12830
16870
14221
56473
18128
19038
243914
57265
12494
18682
58237
114713
54326
16816
14623
16206
22330
19283
50500
215819
14766
57319
68607
18596
106861
11668
16404
16562
20255
81840
58238
110078
98396
22339
232146
14560
14405
76267
116847
329828
16008
11932
22421
27273
11816
27226
216739
140492
67111
69239
12496
19013
26941
13850
219151
170790
223254
232333
75475
11761
14261
106648
13609
26942
14756
64385
94180
15903
69538
14066
17986
13602
19309
18217
13650
228357
