18035
57444
17210
547253
20491
12259
17534
14130
19766
12524
18787
19073
20308
16172
17970
171531
11977
14455
11796
21928
12260
18037
69774
20321
12774
22146
16978
80859
67742
73690
16176
16193
22033
12394
56706
229900
21354
12702
12522
15216
22228
70110
26410
73656
20310
19354
12795
17133
72512
80285
22324
12508
66102
58185
74734
15894
56193
17969
16822
20963
65972
65221
23921
74760
24014
16190
17874
14127
22019
13654
14131
15945
67547
24088
21847
14605
170743
20293
21899
71586
20732
22695
17972
16145
16175
15937
12608
208104
21817
80910
20303
12363
207818
74091
68774
15162
99100
671535
60322
56437
20128
15284
18793
12984
21926
13025
58801
20296
14595
12475
19697
67951
21937
233571
19332
