Slc6a3 6.52500112201767 0.854076922119952 0.749061045152375
Th 5.83690701516363 0.50486713424815 -0.0741058802149248
Snhg11 5.06999649262812 0.553850079004261 0.495915450175789
Prkcg 4.60512217153258 0.679259963451979 0.61465402259485
Sparc 4.39683614261718 0.413780832410774 -0.0623114280993149
Cadps2 4.10387587580263 0.693696310200914 0.703682950236938
Scn2a 4.10214232467915 0.583876688832869 0.737899065051232
Rian 4.04809676922601 0.372625925170819 -0.130901180394092
Aldh1a1 4.04338487878663 0.484377641550331 0.168623529108253
Calb1 4.03329461150346 0.490671545805222 -0.160695025508248
Cacna2d2 3.98326028382651 0.521218303673009 0.173704266291323
Mbp 3.83072278989848 0.279045119943375 0.127560251050697
Rreb1 3.73203553841639 0.499656997521917 -0.00873457087364013
Celsr2 3.71939223996513 0.548402498835579 0.295499772070754
Sptbn1 3.71529354310773 0.273931639563915 0.0669768714916893
Gabra1 3.71019249718831 0.41456936080881 -0.287094500729461
Pltp 3.6974829089401 0.506186294489685 0.194614262026177
Slc1a2 3.69304084795225 0.132449081104485 0.0346361344060152
Rapgef3 3.69103113425492 0.168822393710352 0.0420962771378629
Kalrn 3.68696195624732 0.267154053177908 -0.0276410633560824
Kcnq2 3.66378294898736 0.454599437015754 -0.252551572229718
Amy1 3.6495932123776 0.29156695707092 0.105379946459404
Grb10 3.63638448954456 0.438302920958125 0.0915421140337687
Ahnak 3.63140102365355 0.39941525163839 -0.102329627427856
Slc32a1 3.61616926522518 0.361193462189344 -0.287442243072746
Cntnap2 3.57434249384146 0.414856178873625 0.051126534734923
Tenm1 3.5535620266425 0.617375102100503 0.331153129845491
Neat1 3.52524334449605 0.517248490081408 0.202671542793846
Meg3 3.49665975392344 0.397946527936086 0.0988898947395071
Itih3 3.48012352310638 0.134841958848367 0.0352191505235189
Mapk8ip2 3.45014376800524 0.468266010495378 -0.0944347950034873
Ubfd1 3.42755753897201 0.493418803354488 0.0662993403928893
Laptm5 3.42700409796951 0.267863353511463 -0.0313962772878994
Olfm3 3.42232087859465 0.580881138061677 0.273599129164946
Tacr3 3.40665188913975 0.416959926600646 0.0664668877714942
Nr4a2 3.39709469214233 0.713914882513765 0.586178531528252
Syt1 3.33629944211152 0.101686574310968 -0.276947838850546
Slc3a1 3.20379684922395 0.195409110272684 -0.426482671090187
Ntn1 3.18469922837247 0.624221084942773 0.465179214767383
Caprin1 3.13751079822273 0.421331780725962 0.0486224382066513
Ebf3 3.067627970828 0.551344450332174 -0.124481301708697
2900097C17Rik 3.02371678025799 0.183584700122742 -0.376911098837794
Plcb4 2.82236713339465 0.136463812516676 -0.49454231028465
Fto 2.79290457599499 0.2136663953378 -0.467290424088029
Etnk1 2.76071434264596 0.223901910206338 -0.46038659770524
Zim3 2.67404509714792 0.520869444130552 0.127377277748421
Akt3 2.61882021391505 0.206935516888414 -0.452595235967122
Coq8a 2.60907911022933 0.21732962444182 -0.322002218752439
Ntsr1 2.3605912817901 0.525383716057144 0.202228774594268
Ncam2 2.29960585215881 0.111759131612491 -0.381394839233525
Kcna2 2.16344371668263 0.583677017873852 0.284238271712937
