69922
72560
246177
17305
319880
15170
140742
68964
56504
13709
76088
30955
64099
54445
230787
56708
14960
16819
16155
53945
12489
105670
11629
69178
14998
19141
19650
21898
15985
100561
23871
216445
102545
13713
16154
27060
20148
171207
80877
19253
11727
17159
52855
74096
54613
107373
54486
217333
98365
56644
223433
16970
16331
15242
12335
21810
18805
107321
12506
14247
218203
12796
12229
233328
192193
217303
16952
16912
54153
21815
72691
83433
11555
69068
18018
213002
56485
268903
104759
56857
13448
17002
22379
231931
170752
68487
106952
74153
70497
21938
11554
107375
12986
381319
68891
259277
27419
26888
12606
17095
21682
76408
71956
11857
26382
14676
211550
