Aqp4 8.64076743609305 0.741503184735009 0.883748625533659
Id4 8.12697587164691 0.484477859405782 0.510556664812665
Dio2 8.02037422357184 0.731077083994985 0.787471722733219
Mlc1 8.01817870616 0.739001189491846 0.825378370026054
Atp1a2 7.74548244207124 0.721531154238391 0.869750555250992
Bcan 7.61144582791297 0.508672034309324 0.745927732045758
Gja1 7.57069932162327 0.32784075639198 0.553656114820993
Fabp7 7.30953363034624 0.212517008591361 0.177649719014433
Olig1 7.308378710541 0.0696341255970495 0.773403160142552
Timp4 7.28207354044055 0.326885348573634 0.324236408148064
Plpp3 7.22921013176336 0.543722090807442 0.811978819760046
Gjb6 7.14658877500301 0.699526886379135 0.734317573133935
Ntsr2 7.09332227246507 0.664395913729915 0.728002606316933
Scara3 6.96345881200979 0.775637567782623 0.788206465049001
F3 6.82204441941146 0.720845201898327 0.722474428275171
Tril 6.73498904727054 0.691620221504098 0.806142741710318
Slco1c1 6.7197965344179 0.866709752086181 0.87299018999373
Vcam1 6.6519251714008 0.659797271205265 0.735221645514732
Aldh1l1 6.64246600622759 0.806366949149358 0.846807638617003
Fgfr3 6.63725177642549 0.770488005227672 0.802723370783223
Cyp2j9 6.58486937603586 0.577282682944233 0.716019828295686
Acsbg1 6.56371183755392 0.822757021925331 0.848146629069874
Pon2 6.43246014295398 0.315922725949238 0.559229481171783
Cyp4f15 6.32829612722867 0.908835466409681 0.88663708397626
Pla2g7 6.31939242395122 0.792296636432876 0.76681796750778
AI464131 6.28521461834302 0.830846539904323 0.873227347698636
Ezr 6.14977379142204 0.840121460943983 0.880660169033498
Igfbp2 6.12896960371508 0.78159838159207 0.777569344984925
Adhfe1 6.0818362033399 0.678645304620918 0.712598130426396
Itih3 6.02426617167629 0.195817561845789 0.183021296056439
Cxcl14 5.99620022932118 0.548754173408798 0.475267304627807
Tnfrsf19 5.98627328844139 0.810356945304427 0.883201807792334
Tlcd1 5.97780050272219 0.741255770515079 0.744216793632352
Elovl2 5.97092605411127 0.859815586593117 0.86953099495067
Lrig1 5.96870891487254 0.778207965988275 0.851216531879184
Sox2 5.95659810650675 0.226377595012287 0.2568584868296
Car8 5.9468699490002 0.343940016658144 0.147790851630843
Fzd2 5.9110155155726 0.78611446969116 0.802411547201338
Glul 5.8835808885627 0.339921632991636 0.483954526692674
Eva1a 5.86449081586864 0.618024817106876 0.738276592709824
Cldn10 5.8541882878159 0.760880119125881 0.725881227177818
Gpm6b 5.85318260225535 0.240723093811098 0.327706582400241
S100b 5.8444594950633 0.0112821856150139 0.122987472536489
Gpr37l1 5.8439085835907 0.436957503114619 0.733083747780239
Il33 5.84020975813694 0.266954055186089 0.108817894612257
Slc1a3 5.78967758349696 0.756761770007389 0.807293456785459
Slc7a10 5.73609150366761 0.865580120583587 0.852061872672263
Pnp2|Pnp 5.72251898528019 0.376468063246185 0.717571443896628
Ttyh1 5.72202172104437 0.483533285198691 0.681241771901208
Slc1a2 5.70088190294266 0.876182132530135 0.882941646542401
Grin2c 5.68581731524578 0.886554323953015 0.865285144605541
Mertk 5.680572700105 0.628237595423904 0.0261893883636564
Htra1 5.67002375567911 0.511469675866965 0.622722836961478
Acss1 5.64076259276243 0.566723562271228 0.68089049441288
Crot 5.62558304137094 0.535601523167564 0.598351629663525
Cyp2d22 5.59219093851753 0.869468614011068 0.859198077982984
Ccn1 5.56776467588799 0.892146704574143 0.857742276936229
Slc15a2 5.55995103050622 0.758142034677042 0.889512884810949
Pdgfrb 5.53866873845814 0.815940716275114 0.779869826097406
Tlr3 5.51969758266528 0.690065056440663 0.858261417080183
Car2 5.51690973422345 0.0651585949649514 0.00128426818812924
Pmp22 5.51651625562011 0.175875886594484 0.102555722127942
Gldc 5.51196991640555 0.74250945957431 0.734191753881614
Trib2 5.48788980712567 0.201839694846973 0.143931600546313
Ttpa 5.46052771240786 0.779642338959363 0.772672191450678
Ccdc80 5.41769622177719 0.868392039087958 0.855930485978329
Cth 5.41112936856863 0.814006101039756 0.815719197888649
Scrg1 5.40916881448877 0.147683500126799 0.112704087755725
Rlbp1 5.39925745279844 0.291843777667692 0.151462428712924
Prodh 5.34511723642176 0.863530932887126 0.848159221691957
Pbxip1 5.34482663828033 0.731414071222787 0.720814282442406
Hes5 5.34254188973412 0.378795784752809 0.269336182674246
Tmbim1 5.3417780928 -0.00574371303581239 -0.0109066754384885
Wwtr1 5.3354484026282 0.756646713639386 0.756990704355561
Igfbp5 5.3173496818032 0.589490571092056 -0.109766465055627
S1pr1 5.30794964302108 0.785435548566978 0.758346552535745
Plekhb1 5.29438251368711 0.0402185767144477 0.544142483318154
Rapgef3 5.28529899531921 0.303739577248456 0.335395972496605
Acadl 5.28298283031383 0.49786403180211 0.816233672808133
Slc9a3r1 5.26471101382979 0.508522977354466 0.646284895513653
Tnfaip8 5.25432006431471 0.347918716199089 -0.0687511326400445
Zfp36l2 5.24516296876023 0.356190555980796 -0.0397896095159471
Fermt2 5.24143416337944 0.2441668880061 0.811857104378506
Gabrg1 5.22633088987667 0.736594085973655 0.756990714669715
Scd1 5.22507224003308 0.264160344756491 0.364739874341661
Timp3 5.19709955528117 0.626175358792383 -0.0726833106123869
Fgf1 5.18801568057128 0.573235301836693 0.712779021816052
Cyp4f14 5.17317054379289 0.853743661984724 0.858832994772507
Kcnj10 5.16874436690597 0.14760007947051 0.460499408511415
Pdk4 5.12403835559611 0.597876696024144 0.59812531115307
Msmo1 5.1178195601312 0.456080773225979 0.410188295635445
Sat1 5.11281898230331 0.361835777491551 0.00672742670191776
Slc14a1 5.07220705648216 0.835856556656125 0.81487755164395
Sept8 5.03649570003669 0.32917517021741 0.255090336416462
Psat1 5.01975864242881 0.0403309734393472 0.0998992642256209
Cd38 5.00561911679247 0.850831331560734 0.780415940143321
Selenbp1|Selenbp2 5.00330302105675 0.564810161827795 0.746311436738478
Ndrg2 4.99381205054615 0.502220952926357 0.508374393640426
Abhd3 4.9930148778068 0.574129421697593 0.815388513410911
Adgrg1 4.97314000610407 0.598569664575758 0.381297856642244
Phkg1 4.97165939864577 0.853908502475678 0.813405923972753
Smpdl3a 4.97131632427608 0.803883385790401 0.856539361347333
Oaf 4.94857282904003 0.715528620193039 0.798644918569623
Fmo1 4.93629563401735 0.860493522111113 0.876677204965025
Clu 4.93488020534131 0.730272099560964 0.7798997051574
Egfr 4.9198517972987 0.926337614559002 0.88364530536295
Gabrb1 4.91243257513552 0.458170550226489 0.721816798014154
Stk17b 4.90171562042643 0.543680234651384 -0.0309181338982068
Axl 4.8953385910971 0.845647666646126 0.80705582270249
Emp2 4.88829946714578 0.824526380952876 0.788005963783574
Itih5 4.86552943799172 0.712749520718516 0.76119937279555
Cyp7b1 4.86531340942428 0.596276806745593 0.648734185390207
Mfge8 4.86264993598345 0.68801606504426 0.776185206189974
Amot 4.82670870793583 0.830725746602977 0.892030538981987
Lcat 4.82114189376875 0.842024657357657 0.858793961130153
Id3 4.81125458322321 0.444208399291574 0.455648052233081
Plagl1 4.78386903847397 0.370922951359135 0.545455899449024
Fjx1 4.77614330459648 0.798396954674388 0.885715915814243
Aldh1a1 4.77228654451571 0.575998660474364 0.639670000542177
Apoe 4.76013884355442 0.408164569149597 0.666574378143419
Ppp1r3c 4.75845475385962 0.651238167726259 0.735751623222543
Papss2 4.73101097640047 0.761162928406899 0.734667449623514
Cpq 4.72072581974736 0.672207792458841 0.803021083384037
Klf4 4.71557871937157 0.391028401775272 0.471210838394412
Asrgl1 4.70577143985826 0.167969411545335 0.290279942573485
Myo6 4.70229355449148 0.609713960221843 0.540453592895223
Slc1a4 4.69476746811986 0.819006123286892 0.875382351314395
Antxr1 4.69248497951637 0.601356109418176 0.819460475563837
Pnp 4.64940388284137 0.431151915593999 0.711749559477843
Prom1 4.64178004330765 0.330937136643149 0.280166162214014
Slc38a3 4.60479579146557 0.870737195461836 0.862967923624543
Nat8f4 4.59353694759246 0.732982306252276 0.774272554907464
Cbs 4.5914057418153 0.874605562129238 0.872145789365819
Prdx6 4.57652767951056 0.561354048539965 0.656825804103533
Trps1 4.56219431975846 0.628462157348261 0.731823877429972
Zfp521 4.55007630607582 0.247899574368873 0.265793070549569
Gna13 4.53960591934165 0.473097243433474 0.365976995374097
Dmd 4.53800545468929 0.447673286757108 0.523113700464616
Col4a5 4.48913203161375 0.958113763531558 0.938664952259027
Itprid2 4.4720708774292 0.500750409538828 0.159678465284474
Ptch1 4.47143345856885 0.548476961223062 0.740695816215054
Idi1 4.44908960895506 -0.00458558490395344 0.0110287271495652
Fads2 4.44890375405373 0.819473460025013 0.84631677585485
Entpd2 4.44558770463316 0.87117568542917 0.881348744747967
Gstm1 4.44061311346707 0.54630447739108 0.54981590680719
Xist 4.43500427228739 0.123119821565654 0.0438292083858103
Zfyve21 4.43204160587551 0.200659609106357 0.356912998920361
Efhd1 4.41648907578455 0.0740783974354495 0.38748675074385
Cryab 4.41621189467645 0.0770247907423983 0.337852279386066
Tmem100 4.41520443644809 0.177453795336869 0.0974590490891886
Itga6 4.40945876847025 0.64234938378078 -0.124700103526212
Itpr2 4.40127410063799 0.342203315184908 0.125444356554589
Lmcd1 4.39028013589807 0.60728990190845 0.54919992736903
Abat 4.38892011226769 0.519322058247286 0.556985841030339
Slc4a4 4.37980579298791 0.648865172201146 0.105182251701148
Ndp 4.36628787788206 0.606460834131314 0.631767424613954
Smox 4.3662733106001 0.1279563498141 0.498146154257842
Btbd17 4.35863010526868 0.846815918137917 0.848551679387617
Cyp2j6 4.34370738594753 0.168788972352727 0.220474368610902
Galnt4 4.31864129924942 0.531429153646771 -0.0888496445825484
Mgst1 4.30190682521873 0.54863823043919 0.57022102100166
Slc6a1 4.30095981659449 0.346236035138921 0.578261203038278
Gdf10 4.29662321049325 0.728435804659068 0.726740177993015
Gstk1 4.26991990579367 0.290586455530697 0.616503516821624
Rftn2 4.26889986763572 0.541149899063373 0.580022633254166
Nrarp 4.2545807873098 0.577942460605814 0.482849134485129
Efemp1 4.24951678294108 0.487867299851223 0.399241132194746
Bcar3 4.23911743228465 0.813097726929933 0.807606325498022
Ntrk2 4.22124176350319 0.622472132321298 0.728940262777291
Abca1 4.2174298453227 0.575154871071938 0.134537026901349
Sox6 4.21043853222399 0.291005400691951 0.117995607184475
Atp1b2 4.20811704420295 0.71754069421129 0.765441939397806
Selenbp1|Selenbp2 4.20071138275665 0.725054888044043 0.798058883221447
Tmem51 4.19006827989609 0.723846621192949 0.65718091844381
Ptprz1 4.1758027813895 0.772491299543262 0.861591437147945
Gng12 4.17047510218458 0.0848078895877325 -0.00783775289348381
Oplah 4.16143921031741 0.836120093023876 0.87164082989007
Gpx8 4.1593914823654 0.486210951393624 0.40611633808638
Slc12a4 4.14637498007528 0.715969613832712 0.703455991387444
Pdlim5 4.14259413966725 0.586462416692363 0.689095577245787
Pdlim4 4.11545306450193 0.44246223417045 -0.10726267715303
Heph 4.11032975317142 0.889033511288005 0.864086925561756
Hapln1 4.10808169756446 0.787989513041669 0.758635480881868
Gli2 4.10342125307683 0.808214098888779 0.758859490315648
Sash1 4.10302902542436 0.51191353761878 0.787702825121012
Myo10 4.08279138940982 0.680925062551664 0.648873162901774
Cspg5 4.08173680010438 0.57879944125728 0.594014793965842
Pdzph1 4.0817096521711 0.682220335296418 0.682676867270913
Dock1 4.08101687285577 0.361382901886397 0.700167376680665
Nde1 4.07318744704498 0.064115832621437 0.0728356395863586
Fam181b 4.06806708924381 0.513676845441039 0.51287461459383
Jam2 4.06388375864108 0.456096165063313 0.573135742514549
Tmem47 4.05420661590424 0.575124268449121 0.734182590864795
Klf15 4.04739151525729 0.566033050127668 0.617622827277866
Acsl6 4.02114602233202 0.659386696400003 0.83016356117573
Sox5 4.01637152189248 0.479884117440795 0.319122808661191
Dkk3 4.01410014825731 0.540657252223556 -0.137017227564563
Zfp36l1 4.008224938676 0.200308243461944 0.240107344389942
Agl 4.00407212448642 0.604016960129088 0.56053745396565
Gas1 4.00103715127035 0.536330199003328 0.433860113387943
Gpld1 3.99263812585883 0.75800540184933 0.808736437227135
Prkd1 3.97674841002634 0.529342016268138 0.67864565889689
Elovl5 3.96975521420265 0.468565841822465 0.56619220792534
Tjp2 3.96472852786379 0.197528484491456 0.298894276727576
Igdcc4 3.95153644264687 0.674910321875566 0.743135159352219
Ptpn13 3.94696901318091 0.503591656859134 0.426598513895313
Suclg2 3.94244773732184 0.500967499560571 0.154705569909139
Rab31 3.9332601165578 -0.0738706296695627 0.237256674681233
Cd44 3.93201964199013 0.791606526211637 0.686352541837447
Dtna 3.91669398301718 0.583815407711786 0.725244411877045
Kcnk1 3.9125282107055 0.446370875942396 0.533779663857066
Txnip 3.91036562308542 0.464921166546602 0.53409481607691
Gp1bb 3.90525041827496 0.219234385137311 0.193651345008125
Tspan7 3.89452376739041 0.638341499425997 0.443722033536846
Acaa2 3.87524459793691 0.836772662831306 0.882409346550495
Sdc4 3.87392528372349 0.754600185475697 0.757489124014108
Fgfrl1 3.87317315890152 0.59151296702017 0.592152786115701
Vegfa 3.86955532928853 0.818818209718251 0.72774035026306
Gpr37 3.86617069421401 0.00182510208738925 0.339781304561819
Sema4a 3.86600482856816 0.646685944346712 0.595987617290628
Aass 3.85822014408139 0.862169240897611 0.804450685738106
Vim 3.85816408103967 0.416711504083073 0.0738604009165216
Lgi4 3.84659827244518 0.883929261171814 0.841493115620949
Aox1 3.83465567429982 0.837466487571448 0.677106442899712
Celsr1 3.82967217135357 0.858961534774671 0.806686347298066
Fxyd1 3.81864825200186 0.713082304281625 0.660596061160108
Fkbp10 3.81844509426873 0.883399456128367 0.899089644395721
Tgfb2 3.81618783386807 0.35747134576987 -0.179312149690573
Slc41a1 3.79425446448192 0.85101340300008 0.847941245716804
Ghr 3.79166622471177 0.535477151110668 0.457758275848801
Lpp 3.78882455148387 0.759932800074066 0.688617377779324
Aldh6a1 3.78666926418114 0.460054603930376 0.76723316164955
Notch1 3.78433900171783 0.723346062600041 0.764167174464022
Hmgcs1 3.77998186987061 0.151669067693052 0.0172317321348694
Cmtm3 3.76970353921042 0.295898409805724 0.350685265855695
Pdgfc 3.75968051310637 0.224907410734635 0.299818840465675
Sorcs2 3.75135693250695 0.763663896366018 0.740477403346953
Lhx2 3.75019175617017 0.576979981963371 0.610148485900611
Gab1 3.74570850299816 -0.0276861107621114 -0.130425239108194
Fbxo2 3.74503490503125 0.303506019561686 0.367532726248465
Mmp14 3.74435938910948 0.703528034660982 0.649927060941807
Hsd11b1 3.74291459133287 0.778732154920631 0.874474782167691
Cbr3 3.74088214418889 0.378467455160264 0.285302631312132
Cyp4v3 3.73841521278039 0.665303134549542 0.610980030295918
Soat1 3.7343831606705 0.539166922324142 0.305472115319303
Add3 3.73072585704035 0.59139106487029 0.705829514370196
Gpam 3.72534960089377 0.811249110676359 0.909088868199756
Pygm 3.72510809695585 0.850317932928132 0.784950914740695
Cav2 3.72292239747236 0.28201018962837 0.0727730205057906
Notch2 3.72193635205776 0.351323284537114 -0.0431145382667697
Phka1 3.72128425409316 0.799918696011323 0.875128869026012
Cd9 3.71802125949482 -0.0637284406543673 0.163936514707816
Pnpla7 3.69417960924948 0.590000430341815 0.453948081481576
Pax6 3.67844771562331 0.761959393219174 0.744023487542505
Rora 3.67222618731367 0.841959105457011 0.831242095904144
Smpd2 3.67160783996846 0.736533431643571 0.795528071005179
Inhbb 3.67133314951422 0.441808784245735 0.321554331602304
Sox9 3.66692716204634 0.841088682658377 0.799707881114306
Prelp 3.64513466276352 0.821152923997161 0.62483887499915
Scg3 3.63853695058447 0.706389943463122 0.90847408189417
Hspa1b 3.62766874110162 0.0454893489703199 -0.0261114582219375
Itga7 3.62162270754188 0.75195344931043 0.684940822269612
Serhl 3.61929505548587 0.649949356548752 0.748079539117632
Fgfr1 3.61642888895595 0.76788854189058 0.721628832217825
Glud1 3.61570496212692 0.826779915501859 0.8515726554096
Plp1 3.61514213032234 0.0749714132222156 -0.133250433383331
Hip1 3.60473713270317 0.181118636374043 0.329892699173432
Aldoc 3.59714391506568 0.33308771854145 0.519191494215067
Prkd3 3.59234815088415 -0.0707753701823983 0.00165773678475784
Ppic 3.58578859186084 0.72088793057979 0.336091636252986
Metrn 3.58228952144551 0.428907752843952 0.304947926651721
Kcnn2 3.57735292876177 0.609766598998075 0.388764490096642
Wnt7a 3.56192589682499 0.533828736157634 0.317296096564778
Itgb5 3.5614786033095 0.441098205349659 0.73439783258758
Selenop 3.55338921795131 0.0569906211596044 -0.0216241545472818
Hnrnpa2b1 3.55217018020451 0.424866123761753 0.024113012278018
Fgfr2 3.54570615837591 0.303276959426872 0.224298672133077
Ddr1 3.53228132757596 -0.0857401347657577 0.0446452044763421
Ephx2 3.53154771638927 0.742842981843721 0.759413429280368
Agt 3.52031459529075 0.777005803996614 0.641787613051294
Meis2 3.51379393055232 0.166859327658588 -0.0511129011419458
Fcgrt 3.50486802433529 0.578616017882996 -0.0875959106266034
1190005I06Rik|Gm27021 3.49865645151187 0.27086889680432 0.193042079486854
Hmgcr 3.48982371184068 0.387967386764354 0.202499512603673
Kctd5 3.4891145884781 0.369425246572638 0.539425238475373
Ppara 3.47994154443516 0.823809660238448 0.799276126241346
Serpine2 3.47769211812815 0.221132664814852 0.319041687143218
Kcnk2 3.47077670316567 0.435554915491479 0.442676196248026
Fos 3.47045336994819 0.342157365456947 0.415423328180705
Sqle 3.46267567440458 0.357830002335755 0.392488877994387
Dusp1 3.46040734602741 0.452755401958352 0.349844153941768
Tmem176a 3.45177092134578 0.366853845686274 0.147584890948846
Cyp51 3.45095359850116 0.35066772792771 0.297086766087935
Limd1 3.44924348207804 0.0390553186818931 -0.00483480497206597
Tmem176b 3.44493650104222 0.224716840156961 0.23411514229127
Srebf1 3.43516376412355 0.81906810020234 0.838046924289854
Nfe2l2 3.41997719413115 0.383064018300524 0.453204696832214
Retsat 3.41460154582605 0.663370125123717 0.734791503390898
Arap2 3.40788709285097 0.233222135641661 0.282415503192476
Ncan 3.40742717447055 0.673399333221897 0.716796686425476
Ednrb 3.40239841808181 0.592198905814581 0.520434038689209
Fgd6 3.39680407476308 0.816020476673254 0.7705441186567
Lrp4 3.39565860593927 0.732483270257241 0.804610416030568
S100a16 3.38966859181552 0.0405491553148485 0.145495965397372
Naaa 3.38471127738559 0.729153074003478 0.692756615237975
Asph 3.38262238170443 0.469223208524247 0.205598381384253
Gpt2 3.37652797672181 0.0623413067312604 0.153942685027975
Capn2 3.37289965518764 0.732591826157233 0.819422295687039
Mical1 3.37082632353393 0.40146098690496 0.0144764755355462
Gramd3 3.36639841721137 0.222185255124737 0.0802855762880574
Sox21 3.35751122743141 0.523860460657768 0.428564846108335
Smo 3.34743577648294 0.586154026773748 0.411357834583786
Lamb2 3.34646623384177 0.790535831396713 0.770601719116414
Fam213a 3.34503890842602 0.566357241797827 0.686646829485767
Hrh1 3.34160136835959 0.717218227741061 0.705820665493218
Slc13a3 3.33635817449709 0.632505445016655 0.790391924104044
Mfrp|C1qtnf5 3.33517316008881 0.779646452037486 0.760653565725895
Lamp2 3.32870688996025 0.0905414302103958 0.13123191019055
Stxbp3 3.32609208620564 -0.0807009543993012 -0.0631832247857387
Lap3 3.32367297848359 0.187593772971369 0.427194014143894
Rdh5 3.28082321327692 0.786192922358094 0.735891528466972
Lss 3.26065379674695 0.265804875505129 0.211887201732893
Gfap 3.25520093362735 0.577739817194596 0.399038087669066
Tnc 3.22763702340823 0.780033675850856 0.495056707197225
Prrx1 3.22283997211095 0.416023162899338 0.20026669389718
Tfcp2l1 3.22021970795767 0.868969229476128 0.840828053630865
Ddit4l 3.21350817416392 0.445557489286237 0.162433717201487
Tor3a 3.20059146960842 0.572501146064242 -0.189967036375195
Rgs5 3.18003359015935 0.597218304240315 0.31591054661509
Acaa1a|Acaa1b 3.12386577186067 0.0187411450599304 0.00923340558495134
Trim37 3.12162375188816 0.354186643637616 0.289299151452222
Ddhd1 3.12125252454282 0.616869219827749 0.622453236946438
Chil1 3.09816027438948 0.687148646024615 0.742730053991933
Mdfic 3.09662474429757 0.383801043818527 0.313406092796586
Swap70 2.99210342829532 0.61461026845048 0.193880719358242
Fbln1 2.95354990255915 0.869998855952956 0.893586293842246
Ginm1 2.91925582667682 0.43012023809921 0.555373105264646
Arhgap18 2.85725675247757 0.628381823604036 -0.162287053575659
Vasn 2.84458636193336 0.368816128540493 0.391781504500839
Hsdl2 2.83237014917207 0.207255279125058 0.183606468730613
Rorb 2.78893469334572 0.768894032603284 0.718300296607207
Gdpd2 2.7777573231439 0.875678893577985 0.811389906275655
Rdh11 2.75930805910808 0.21965854483414 0.256629814546789
Vav3 2.75522586099539 0.474735603694229 -0.174489988579956
Clcn2 2.75491748634961 0.495466706010028 0.462441553143367
Plin3 2.73768269960427 0.212712718056084 0.141377108240452
Aldh1a7 2.71421457411583 0.595842463022764 0.450454008154847
Mvd 2.67009147878291 0.255378184272608 0.131469451248897
Cavin3 2.6608310581615 0.289010366480664 0.0879496305312675
A2m 2.64192634559686 0.818653012753637 0.634011997453123
Gabra2 2.49715875622553 0.374131096133085 -0.13589250393733
Pou3f4 2.389105232171 0.771166900059661 0.602220481517295
Lppos 2.27116252887017 0.661824268924737 0.580625765798297
