Dsp 8.39145315695467 0.942878436223737 0.953475849010791
Xist 7.22872650494828 0.133131659079313 0.0680947984543158
Nptx1 6.95531088847719 0.452183616453191 0.507027268931151
Pcp4 6.47553403169246 0.266721020907558 0.188619693684182
Lmo7 6.45437605211678 0.605063062995761 0.780976766587798
Synpr 6.18677779390785 0.483894101458215 0.708022488764558
Epha7 6.15231276110385 0.651536036962523 0.732956198965486
Mbp 6.07929406210787 -0.11788852508536 0.525909354529011
Kalrn 5.96408536365454 0.346366190026653 0.33372846547911
Pkp2 5.9623851724449 0.592548660468946 0.571870259198201
Neurod1 5.88031965493297 0.759456087389002 0.813113137274894
Lct 5.82564724230875 0.904064084510331 0.8778279333299
Bhlhe22 5.71761714105076 0.597090546070479 0.839414940288591
Rnf112 5.62115997752693 0.449963854639634 0.779858049097965
Npnt 5.56492453166388 0.671043278377028 0.751031010225726
Sema5a 5.4570013204928 0.36618725097539 0.161522542396586
C1ql3 5.4543601154523 0.385641220116639 0.716446684087276
Ogn 5.45199246037548 0.881974448445321 0.805528277058761
Rab40b 5.38531538139443 0.469530406008322 0.557567176734829
C1qb 5.3435013091886 0.457140808005502 0.567979229762687
Gja1 5.33881120614646 -0.239143790640592 -0.255404068352016
Ryr2 5.33686521696985 0.528940218999896 0.709913834242345
Mcm6 5.27228978312557 0.489870109540955 0.438812158446869
Igfbp5 5.23543358495999 0.189974712421021 -0.109766465055627
Cdh9 5.15529432950574 0.706655847583994 0.848965548723588
Rasgrf1 5.07977869586501 0.378310370527055 0.468395852561642
Rasl10a 4.90890404545378 0.549393287436474 0.430624817054939
Kctd4 4.88935951690955 0.320061351612707 0.678893555313892
Calb1 4.86891088282386 0.356543860479262 0.56588152664666
Mal2 4.83606186902423 0.405076149768586 -0.115317626807974
Trpc6 4.76740161970281 0.738502871084513 0.473350232599154
Cdh8 4.75082660780732 0.501941746096057 -0.0625509588630576
Laptm5 4.69366481798202 0.267232226246053 0.35263224647007
Pcdh20 4.67971477430629 0.453312498824196 0.539558599151672
Sowaha 4.66159308541308 0.514825237774708 0.486076331834198
Bcl11b 4.63803320709437 0.416740969396768 0.545428311854764
Cald1 4.63528478651374 0.360062294847651 0.456197181868196
Npy5r 4.63461513603657 0.755716782111591 0.785284428424967
Npy2r 4.56660496335206 0.904508762946612 0.836660631833472
Ccdc85a 4.55965195646049 0.577771168528834 0.638608170489363
Plppr4 4.49400470297293 0.389516669982777 0.288457132022633
Tdo2 4.44799177828225 0.780922428322412 0.788020742593633
Syt13 4.42805855004757 0.609893565338387 0.449018142834333
Doc2b 4.3965232667472 0.614158267116806 -0.103320766852323
Ryr3 4.38963626778273 0.666441749073435 0.579247005838055
Ntng1 4.37978036637478 0.57617737236807 0.623960462000724
Spata13 4.35176087934979 0.244670466104911 0.6773770906971
Itpka 4.30314138985071 0.431539555221723 0.536326335729768
Mobp 4.29993451188986 -0.0782526763882277 0.494535507505005
Cxcl12 4.28781957432424 0.705644006930284 0.34406374282243
Baiap2 4.28670605456 0.521750561333345 0.387365542841153
Hpca 4.28555883479847 0.320923003005648 0.329550263681874
Trib2 4.27123208068162 -0.141688931485976 -0.0494908328880324
Rreb1 4.21414202714653 0.488782630293669 0.812129011240477
Vstm2a 4.211936634289 0.320323014572013 0.453667505107796
Fam131b 4.1584324963063 0.393519131047432 0.756600279936342
Ctss 4.14332609141451 0.195297988176496 0.233922841373858
Pkig 4.14158091931438 0.515670454050542 0.575523973167472
Plp1 4.12262943288078 -0.180842679444645 -0.133250433383331
Gria1 4.12107106690811 0.26674560282873 0.679896953806986
Gad1 4.10547577855838 0.067330288557462 0.0384452595126664
Stx3 4.09406757596143 0.647378129126568 0.77031030073928
Cck 4.06611287042165 0.201439309719722 0.114439057037957
Tgfb2 4.03386172433019 0.0560953981926399 -0.179312149690573
Grb14 4.0321484473712 0.0483545192296435 0.839468069231729
Flywch2 4.00217054637589 0.579297660265977 0.554388843169634
Ddr1 3.99613865791804 -0.366225329527303 0.0411617882967342
Lamb1 3.98137276765151 0.852457217081586 0.855355749225625
Klhl2 3.95751591074407 0.0925316560436633 0.278637306435432
Lhx9 3.94690856253644 0.902479227886805 0.829757124354533
Scn3b 3.94626526874653 0.352713994361144 0.524379297951909
Nefl 3.94366656587162 0.204031486098496 0.0911347060847326
St8sia4 3.94093826601683 0.550006750977521 0.67770931779446
Ptprk 3.91844825074601 0.553257058639838 0.737467622475463
Rbfox1 3.91384528835788 0.227291040120092 0.489508316285083
Pter 3.90995080487433 0.849992110135871 0.864632227608743
Spock3 3.90908681693162 0.113478914682672 -0.0805649085779456
Tanc1 3.90235996056437 0.643725658757582 0.731655593578019
B3galnt2 3.84870246252753 0.733061778111312 0.771435485202222
Slc4a4 3.84469657403435 0.216648042182964 0.105182251701148
Lrrtm1 3.83739090539346 0.405042287426238 0.682857674128139
Epha4 3.83434560837875 0.419582869084756 0.134640598764791
Acp1 3.8246212948984 0.497436067711671 0.640231817627998
Fgf14 3.80870044203179 0.490036546707845 0.335006103595318
Rbm5 3.80466400361087 0.453903379950302 0.624238248567799
Lgi1 3.78872991650534 0.544191661392904 0.55036714209883
Cyp7b1 3.76074546725301 0.104423317339079 0.648734185390207
Eml5 3.74600763961381 0.698046737916736 0.809629615780473
Cdhr1 3.70431762064043 0.82591792341723 0.875240339460079
Tiam1 3.70019404824907 0.580138527369696 0.669688470613262
Wasf1 3.69452671787247 0.248578666826103 0.615023696784756
Gabra1 3.68918123455388 0.0872793959508128 0.208946888844314
Slc4a10 3.68809054793929 0.220571843369801 0.00668787798633301
Prickle1 3.66663619124078 0.0146437261150291 0.153201380090712
Ccdc71l 3.65565518436056 0.614972315343781 0.697569926183083
Gabrb1 3.65553434153839 -0.0150577751720035 0.61723989727616
Btbd3 3.64807198677811 0.732984686789361 0.742188070641887
Dmd 3.64674815684875 -0.0322972130394502 0.382285455117794
Ehd1 3.62182340328896 0.587483950134426 0.777404866815717
Cplx2 3.61197915090516 0.410986796641819 0.174211480776647
Zbtb20 3.59334877945023 0.25969168699446 0.327320716318187
Dsg2 3.5929158791419 0.885880919123268 0.734878176901314
Lin7b 3.57887832815578 0.284761054996177 0.0995693672571538
Meg3 3.56476069161837 0.237175310979586 0.627561255217385
Ptgr1 3.54973529636988 0.388751748210396 0.0841776826428077
Scn2a 3.53591646322993 0.334648815468375 0.309130262673981
Nrgn 3.52846699315687 0.319818701546303 0.036556025433344
Kcnq2 3.5274224852747 0.157183812230889 -0.107960506252139
Icam5 3.45755047506568 0.442143174406036 0.503666059479586
Camkv 3.43616799180197 0.37152345091317 0.366490839314823
Cryab 3.39619601121547 -0.128910703295896 0.337852279386066
Notch2 3.39166391885899 -0.0183459258788821 -0.00219748374488245
Kcnma1 3.37168042195729 0.646235896447198 0.365238502687053
Lrrn1 3.34775998091227 -0.187197547658777 -0.187291401011812
Nhsl2 3.34590789765185 0.76594894732198 0.787438332896018
Stxbp6 3.34331718224511 0.185949483006641 0.0985457829742877
Nsf 3.34214113936349 0.355468094879732 0.275988090355449
Pcdh8 3.33115446920656 0.66159926664411 0.787387317837533
Rerg 3.31804409770367 0.58087405050913 0.333293026971132
Pkdcc 3.1418280044908 0.465008171172896 0.495276589637509
Ryr1 3.13064825151993 0.721386253748735 0.257583404103914
Ankrd6 3.12949470180596 0.491718198251317 0.532969015422581
Dcx 3.12656687873774 0.250756524167488 0.260845433802666
Slc29a4 3.11636540468823 0.800627300789092 0.779811725629252
B3galt6 3.11090333205852 0.522418730140452 0.585390295768877
Fbxo32 3.08575348742405 0.21533753891331 0.299518365272344
Syt17 3.03221759809734 0.645717534538453 0.0345749419341245
Spint2 2.99416905430834 0.605607592818901 0.620050754134338
Bcas2 2.8747820133789 0.313834036926343 0.205718859210658
Anxa11 2.87252411540058 0.908387026444255 0.882968346554209
Amy1 2.82069320474433 0.140471196714811 0.0226643799821223
Itsn1 2.82004386701324 0.174367384386163 -0.0697767623272844
Nexmif 2.78516766735925 0.72461699199884 0.547225684261438
Lamp5 2.76111256484187 0.174138482600842 -0.159822690170343
Rwdd3 2.75472528916928 0.586961894782842 0.559370387704288
Zik1 2.74702662420238 0.35528568932775 0.196032169729045
Cpox 2.66284530764947 0.0563763539035755 -0.152792369570961
Spag1 2.60631564734563 0.173261374611116 -0.159923219440408
2810002D19Rik 2.55942074908767 0.317869524772057 0.244490467912999
Robo1 2.50881872447613 0.2988946538363 0.568036909391172
Pgam2 2.42175162203805 0.645361150919928 0.313161173647736
