Sst 7.39247209713372 0.796960077725016 0.815370090866744
Slc32a1 6.90544170655446 0.711662537980496 0.699655811053555
Col19a1 6.21143965430748 0.904836243094629 0.88072331001162
Gria1 6.06073028942895 0.41549658279425 0.0671036773738972
Npy 5.88241185192641 0.795187579158861 0.819128767324395
Reln 5.64730440651817 0.772674818298995 0.774286108170171
Timp3 5.44663044386011 0.240668452344983 -0.0726833106123869
Dgkg 5.43403136245142 0.549987427770096 0.0176503801489145
Rgs8 5.34324208900952 0.758564121111349 0.858132565233571
Cntnap2 5.31387226350957 0.422284783223538 -0.20297281726574
Synpr 5.26230349385509 0.354999871825757 0.708022488764558
Moxd1 5.25163850990151 0.741396310283711 0.841595790792541
Rpp25 5.1529422053953 0.804487226985173 0.807535816997483
Lhx6 5.12882934925282 0.890428477546439 0.879973792465885
Gad1 5.05173292469168 0.229942526132395 0.274211703881479
Chga 5.03436350081773 0.615986115469332 0.737077890970058
Olfm3 4.98522972674938 0.719612042260627 0.697720820737349
Vstm2a 4.97670711299074 0.452401716534761 0.601510959848014
Rab3b 4.9178966123869 0.85750419408918 0.882668014468026
Meg3 4.90542498349937 0.374864698573015 0.707177556115238
Kcnc1 4.89387070741086 0.814708599006782 0.926095866003509
Pacsin1 4.87620020449399 0.576146754019437 0.468539989773561
Grik1 4.86171339143072 0.511483542263216 0.73540274317974
Resp18 4.83826989976548 0.535855140359907 0.30618644747032
Grpr 4.83244052635404 0.912089073805244 0.896229824330423
Ptprt 4.82074386713989 0.669649049275246 0.700213286490714
Scg2 4.78542721273739 0.443959027303447 0.0227101699775182
Dlx1as 4.73026896328803 0.755716776031567 0.74810344514415
Kcnmb2 4.72833755381982 0.898010573947416 0.906032611791154
Pnoc 4.70504568007971 0.90755795197152 0.828915119587749
Cacna2d2 4.69970377760177 0.653885607506643 0.829233701658421
Cdh13 4.68796472304264 0.814601310869233 0.840195166836393
Snhg11 4.59906098780242 0.385204506336826 0.503048117864079
Arx 4.58289535698226 0.447474660350952 0.538007988593593
C1qtnf4 4.53024281407051 0.435544250025375 0.554805764832247
Slc6a17 4.52166011064659 0.59192265424166 0.759015962292788
L1cam 4.49544902277823 0.507653203121514 0.303185574283942
Pvalb 4.47604386653168 0.731920526798134 0.724573239803788
Cacng2 4.4715980673698 0.825074488962556 0.871741027007617
Cdh8 4.4046271175088 0.467370524926805 -0.0625509588630576
Gad2 4.39970086695789 0.890678339872291 0.88008763926709
Tenm1 4.38953823074316 0.643321071387184 0.215917777452079
Lgals1 4.35551288167206 0.653934075570566 0.722101183549789
Slc8a1 4.33002340066714 0.704033767449572 0.75331930814086
Cacna2d3 4.32869888697254 0.429315092174841 0.414384741743063
Rgs10 4.30916115290603 0.607200630247491 0.904292797045819
Scn1a 4.24733174963855 0.385532351147369 0.575596507037838
Cygb 4.21813403631551 0.709029024719718 0.775975300886198
Cnnm1 4.19775718839409 0.546932416679945 0.716474648859647
Serpini1 4.17971845585131 0.462987614240079 0.679515322850416
Ly6h 4.1478630477152 0.389424916212639 0.0770716905558859
Hcn1 4.14488679467404 0.60043616256269 0.100755825580159
Cort 4.10944205377813 0.864138543440389 0.734135280059425
Klf5 4.08088180546826 0.869807699793994 0.842483832955199
Ramp3 4.07947390177953 0.807247563982709 0.773976719975803
Ache 4.06939983057336 0.831969712063484 0.812555447886675
Stmn2 4.0529487544398 0.472104233938734 0.142561164264931
Gabra1 4.03423227362494 0.130424592758729 0.0225618730788045
Nrip3 4.01645277416332 0.537760419553043 0.710470282397178
Socs5 3.98761684302611 0.707981627349986 0.830335335032281
Flywch1 3.97985766470355 0.662226642096537 0.501217949627654
Gp5 3.95518192428247 0.915666218847141 0.946841523639099
Gap43 3.95360408218446 0.308966975653557 0.473510298836293
Pcdhac2|Pcdha7|Pcdhac1|Pcdha6|Pcdha5|Pcdha8|Pcdha12|Pcdha3|Pcdha1|Pcdha10|Pcdha2|Pcdha9|Pcdha11|Pcdha4 3.94303710506403 0.612655894485283 0.321453085398461
Ntm 3.91654928289921 0.134546296148014 0.210618646970013
Elavl2 3.9156180540482 0.561273817757596 0.638882965221427
Syngr1 3.91266421935563 0.667369345198371 0.802957366086246
Tspan17 3.91246456392466 0.296090693856394 0.155564477936715
Igfbp4 3.86117695511105 0.659994557714539 0.613586762623326
Tenm4 3.84360030150014 0.372859322947457 0.0451838786003621
Kcnq2 3.8367440718467 0.200166954776775 0.459422419877304
Etl4 3.83362348749819 0.572365328413107 0.425344959678777
Nefh 3.82082126918056 0.653174166085934 0.778012585641509
Lynx1 3.77095826839176 0.733494654980485 0.84777713030561
Napb 3.75642778647931 0.268799028456982 0.515924855096996
Bcat1 3.71700235958849 0.214587653966949 0.715411896981268
Kcnh2 3.70841643429078 0.82312966985117 0.797615726568325
Ptprn 3.68467310298484 0.581383206004657 0.0507511850236908
Mapk8ip2 3.64000528699865 0.466611900798575 0.635031337806159
Cdh9 3.63447145914841 0.592522659787283 0.783488500072251
Clstn3 3.62600560152952 0.70144595872343 0.850698000860234
Rph3a 3.61419603785179 0.589902975449228 0.665164989127819
Pappa 3.61080497503736 0.875333869819822 0.822831980810458
Slc38a1 3.61041402181672 0.704072526265209 0.773611128805401
Syn2 3.60676216918739 0.478546956019844 0.291637717883418
Myt1l 3.60595108568548 0.255998706870337 0.514694804756291
Sez6 3.60018634739451 0.668356855253017 0.55774478737055
Slc2a3 3.5859871915664 0.301151936194542 -0.114364875041636
Entpd4b|Entpd4 3.57809005667426 0.65817875209709 0.836635340274641
Armh4 3.57763467101692 0.0838902452986256 0.13480440307739
Thy1 3.57060738465028 0.224589592304793 0.479629071408422
Grin1 3.56978256787325 0.494814365446357 0.474086725281693
Alk 3.56460453292247 0.744652124801386 0.68556391523988
Nxph1 3.56395837070699 0.654727197640164 0.485655342153975
Gria3 3.55922186366926 0.357562424587951 0.413176409653131
Camk1g 3.55521678346198 0.612414093267535 0.688631654491155
Nsf 3.54658166075899 0.356423247105375 -0.0588154512224075
Dpp6 3.5454975628461 0.383080423519168 0.544133700680507
Map1b 3.53076244256289 0.309121884017888 0.348013845113616
Chgb 3.49669208509708 0.221580928704694 0.241582794991353
Lpgat1 3.45521907652729 0.504067214499333 0.381167294062263
Chchd10 3.44256443681618 0.453842555933111 0.504046530946811
Clmp 3.44132072468192 0.806351399209336 0.770263306489273
Nsg2 3.43236303800426 0.25195689520876 -0.120165000973308
Ckmt1 3.42937295212083 0.356477904146846 0.196021450813151
Fhod3 3.42748996544681 0.47004725269311 0.350712268181748
Hs6st2 3.41941994975389 0.405200433298062 0.168053905536172
Cplx1 3.41551537850802 0.440698530558361 0.577279357899757
Nefl 3.39383523456042 0.157193542017163 0.440328100267516
Slc12a5 3.37599818109745 0.188508860002392 0.169611016480788
Postn 3.37155442582311 0.807375102143487 0.65903081330709
Neto1 3.37086160777929 0.273717115745806 0.316447876593327
Arl4c 3.36846427733971 0.534493522060129 0.0546043647011368
Spock1 3.35460973506426 0.611954864658948 0.575326631279805
Dlx1 3.34765433331171 0.721554783191767 0.672475248776987
Fkbp1b 3.34078529981881 0.449047386230168 -0.118339727751989
Gpr83 3.33412717393079 0.769912104892398 0.767180107792172
Uchl1 3.32630480503056 0.361549177551727 0.300497863330573
Slc27a2 3.3022578947223 0.717793470971402 0.668886904354292
Gna14 3.2556359482923 0.931763425073557 0.909930523553909
Nnmt 3.04983094407891 0.871971031425192 0.823651659802083
Il34 3.0208115487341 0.815888196879598 0.674227552981359
Pcsk1 3.01612021405324 0.721058422367389 0.374346022895987
Pcdh18 2.967522287977 0.785639853791218 0.808950349191191
Cidea 2.88077083476858 0.548774795019545 0.317865334200306
Pcp4l1 2.87892949430412 0.74253782842484 0.632720011234167
Cacna1a 2.70197878715094 0.617214305347742 0.618381112223763
Slc1a6 2.67702767009758 0.814742170378089 0.863769343848801
Akap12 2.61926330770385 0.639260646578077 0.525419717343801
Ercc8 2.47095432991588 0.55704735022408 0.455510365610562
Rgs11 2.36410642496886 0.642934671268225 -0.133466513846667
Dusp10 2.26415775425757 0.118221570303768 -0.147335146256631
Grm1 2.25019190705661 0.732240057838282 0.558482473354928
Cyp2s1 2.22237087995719 0.733151016492987 0.777262462953098
Ush2a 2.17352547937381 0.656587639292991 0.708015835998378
