76408
11513
11554
11555
11576
11629
11727
106952
70497
171207
216445
11857
11910
381319
17060
12229
72691
12796
12335
68891
217303
12489
12506
15985
12606
56708
26888
56644
67213
102545
12986
68964
13051
227929
76088
192193
13709
13713
23871
107373
26382
14247
231931
14676
23890
14960
14998
15212
15242
15446
54486
193740
74096
213002
16154
16155
16170
16331
15900
239217
259277
52855
16819
19141
16909
107321
80877
16970
233328
16985
17002
17095
17110
16658
17159
17215
17305
17476
218203
246177
72560
17952
74039
18018
18054
114249
268903
99543
70839
64099
30955
224860
18805
104759
140570
68507
18753
16912
19253
15170
66824
54153
19650
67865
20111
20201
20202
24044
20345
140742
98365
104681
67712
107375
56485
56857
53945
71706
69178
27060
21682
21810
21812
21815
230787
211550
21898
319880
231633
68487
21938
24099
83433
217333
74153
54445
22320
69922
