C1qb 9.44489526985825 0.869825096285202 0.826100809455668
Ccl3 8.89777940723145 0.921382670348775 0.874965583428724
C1qc 8.44667569321641 0.894940658326762 0.855340219989704
S100a8 8.31309806669476 0.97432199272467 0.964670145883132
Gpr34 8.243070643767 0.959856180017602 0.94898039756534
Ctss 8.12805312123733 0.759063161825415 0.783790355135232
Ptprc 8.1271682984042 0.941288410769281 0.927593156827561
Atf3 7.9990935032608 0.775038403938436 0.830764007673631
Fcgr1 7.89880036229615 0.91446182208214 0.879315103712133
Rnase4 7.78143521208875 0.911259483503715 0.893021472431678
Fcrls 7.77304092258018 0.932838499310893 0.901294879187313
Ly86 7.76979239171167 0.910846183129451 0.907458534390297
Fcgr3 7.72300092217204 0.927718981127028 0.920256426963961
C1qa 7.6659450968008 0.878252398265578 0.851564118343956
Fermt3 7.59294698932427 0.898072280524195 0.897026946144149
Lcn2 7.51978496919568 0.944383933916659 0.907870360042973
Lyz1 7.48952657570089 0.895040910091757 0.879329096242757
S100a9 7.48628564935134 0.956204382164119 0.947926708499594
Lcp1 7.48219666124614 0.782463792605548 0.822778027882635
Cd53 7.43541531928436 0.938523214098498 0.927557102487486
Tmem119 7.43147938800172 0.910925102254359 0.914693160934049
Ccr5 7.37018086554282 0.959575143624885 0.963737816425011
P2ry12 7.36621564367588 0.877141668024097 0.86236366443333
Cd68 7.35329708730137 0.937478089388337 0.911444553254431
P2ry6 7.3371056639817 0.95763120279086 0.958511022840041
Itgb2 7.33696705793725 0.954402133427345 0.940209250733343
Klf2 7.31294397514875 0.805987094404465 0.769704468031332
Olfml3 7.28613067194647 0.955214270695999 0.955987681329844
Icam1 7.28560185132695 0.912631648052053 0.889225151475047
Anxa3 7.27788648791315 0.917731461734973 0.918522151461646
Cfh 7.26683835683582 0.957174667701676 0.954176865101494
Tyrobp 7.19701093307121 0.920759575078829 0.892391677983416
Ptpn6 7.19670670758247 0.962285474242034 0.967214779788223
Mpeg1 7.19305309442597 0.897033704425646 0.883361856541138
Laptm5 7.1681685961999 0.796935879133893 0.791381444913591
Chil3 7.16541661567215 0.957153725762524 0.938983568231806
Il10ra 7.15676960749382 0.9681635630088 0.962931975528785
Ctsh 7.13963835191267 0.918242459223922 0.921913629698908
Irf8 7.13874059761479 0.940422499941646 0.931962833737715
Naip5 7.12916854620141 0.965172113062865 0.971472393493195
Il6ra 7.09832810435334 0.966187299107581 0.968796259192909
Fcgr2b 7.07331503843563 0.938467888150403 0.919765492348864
Hpgd 7.06696626559696 0.848170855725657 0.902267801883563
Cx3cr1 7.06479245650973 0.889480615623639 0.87514207145877
Vsir 7.03501382794138 0.709456473880659 0.817506829988976
Xist 6.99444565157239 0.285980176239709 0.043416087245151
Adgre1 6.94477746951322 0.614519036873058 0.90924329915282
Cd14 6.94298749938652 0.911960472030006 0.895169706719293
Srgn 6.93896062423328 0.872424356634563 0.877964467546199
Ms4a6d 6.93457098756961 0.969119244817101 0.965321514023132
Cd86 6.90731885642481 0.963987166370343 0.955705564975573
Hba-a1|Hba-a2 6.87103856666301 0.802006700225381 0.79997090141383
Hck 6.83743098483607 0.949111990789331 0.936215350551696
Ccl9 6.83365139713212 0.946006845416049 0.928426291895579
Cxcl2 6.81891096475717 0.930158974038813 0.887336454289424
Ngp 6.81760601348872 0.932383145257002 0.906849047815302
Ptgs1 6.8126066672491 0.625615836638156 0.5355030866188
Rgs1 6.79947064342479 0.929282287546362 0.913704339101885
Nfkbiz 6.79418982607278 0.686671803016506 0.868946319052621
Bcl2a1a|Bcl2a1b|Bcl2a1d 6.77358185303511 0.933049128066399 0.929832928960105
Sla 6.76692834010984 0.938716863772926 0.939377780676717
Pld4 6.7521343196621 0.953691877790382 0.946623615028717
Fcer1g 6.75103138923978 0.95067865553151 0.933923638064222
Aif1 6.73805207939881 0.960733464870438 0.956647663281722
Adcy7 6.70168162675738 0.837457384567336 0.899007996827762
Camp 6.67899812160377 0.965650189825827 0.946800672916794
Selplg 6.64108262598368 0.90956768453975 0.916297976204716
Csf1r 6.61770921355851 0.751563657810757 0.660138098370364
Blnk 6.57325297848178 0.919776633439494 0.909217094193081
Itgb5 6.52601100154471 0.456430900260861 0.83172489091188
Ccl4 6.50009613141253 0.941195348932746 0.923551549130329
F11r 6.48626838607038 0.947183591836878 0.950724854934146
Ms4a6b 6.47394718904678 0.956642644569743 0.951504262565102
Vav1 6.46449980297975 0.968500860665298 0.964785272575621
Havcr2 6.46098863786012 0.958507300970692 0.958210014306567
Plek 6.44035925533032 0.905912652179326 0.914335684288107
Tgfbr2 6.41138440435307 0.886663541069125 0.907203589929829
Naip2 6.39206943810673 0.966541371866244 0.963547243709924
Tlr2 6.36540494276648 0.964191389380112 0.961962616695745
Rgs10 6.3643664905403 0.914071652851485 0.929941789254349
Evi2a 6.36424824285287 0.139545171960396 0.122083941499024
Lyz2|Lyz1 6.35598245753309 0.937342380778425 0.938923292459465
H2-Aa 6.34403022892022 0.920527696618488 0.887851338957158
Il1a 6.33862650319998 0.944084466539648 0.922041603079999
Tlr7 6.33531807262435 0.959792216538387 0.96331730323523
Mertk 6.27162244311921 0.267149082293906 0.023616097947432
Cyba 6.26921635707359 0.82131755407518 0.836618912110019
Gpr84 6.26273702227371 0.951991951725583 0.946062028391353
C3ar1 6.24033085919744 0.939150125257297 0.939883533943102
Fli1 6.21987728571493 0.965830707923565 0.966257200400884
Pycard 6.21968895584911 0.873006407726684 0.909516575575799
Lpxn 6.21372892983708 0.955032761245528 0.957658152792717
Slc15a3 6.1958884311195 0.948516534710375 0.934309287413246
Klf4 6.18250263946249 0.437034814649195 0.629645760718684
Socs3 6.16772784668793 0.618161331987699 0.807427989730807
Ttr 6.15459052167918 0.42641573744342 0.316585366486108
Txnip 6.13445825873702 0.552637029679082 0.534275457018026
Ccl12 6.1273263831767 0.960030784291138 0.959443366840621
Alox5ap 6.11255573143844 0.92148634669752 0.942507627947727
Ccl6 6.09469084990919 0.949104825671895 0.945761497231445
Zfp36 6.09028973279817 0.736831489917589 0.794312073401642
Cd83 6.07153330560479 0.732457366878975 0.897076184323532
Fgd2 6.05516565571304 0.934815213593387 0.924676847540034
Slc11a1 6.03450829283941 0.943180850350313 0.955649027044379
Tm6sf1 6.0015970693356 0.884141199908437 0.883178529076906
Inpp5d 5.97514994514097 0.946953296457068 0.937033519358415
Arap3 5.94721751181033 0.942345181806086 0.927776511211137
Lcp2 5.94161999288392 0.960642210428848 0.958516202649754
Fosb 5.94069517075888 0.619009210893895 0.716156298176386
Egr2 5.9393941953564 0.780434542566142 0.855156068576675
Ier3 5.90094889501982 0.798372838306876 0.892263843568038
Ier2 5.8841724121897 0.695655956107566 0.761547761270482
Lair1 5.85724381250272 0.886849336879087 0.893433065299134
Lmo2 5.84600370824802 0.759159561857026 0.845521615014846
Slc40a1 5.83188965195438 0.868854570529446 0.899345786037857
Nrros 5.82861980868611 0.771109685924923 0.791824786290472
Pik3cg 5.82780657524161 0.963262162245762 0.957055064671189
Rcsd1 5.82634876384536 0.946850393817108 0.944227243776751
Trf 5.80113580105128 0.0780256518669663 -0.0912677242073283
Rhoh 5.79334532100613 0.954965638452354 0.954069659798152
Capn3 5.78930328466215 0.948724539509136 0.941607866082009
Tnfrsf1b 5.78439581228359 0.949324464767314 0.941900777503311
Ctla2b 5.77941992131294 0.939180787734771 0.919468142923761
Ncf4 5.77867080036147 0.963257236599871 0.965959974919039
Nckap1l 5.77363684246621 0.918679823304437 0.918690107442541
Crybb1 5.7372286960624 0.926469676314445 0.926819389249503
Cd48 5.73130296350701 0.964830903841414 0.960329830368917
Fyb 5.70731075645152 0.947466360114662 0.942116486335274
Stab1 5.70555002174436 0.952620640631111 0.949953997409876
Hba-a2|Hba-a1 5.67535708060578 0.659830353383705 0.643531408336914
Ccrl2 5.65171212343126 0.916866085547812 0.894693179100734
Tgfbi 5.64412458495045 0.734190693667424 0.774589280932775
Entpd1 5.64050479794348 0.902796078218531 0.928738940969013
Sash3 5.63001772313847 0.925378235938484 0.942725564956864
1700017B05Rik 5.62638073122111 0.840074126484835 0.887403466603492
Adap2 5.62156462649366 0.950915224109524 0.9535047434125
Map3k8 5.61838251444263 0.95506860009625 0.944719361425179
Tlr1 5.61810996567825 0.954151014904017 0.942935206661479
Slc16a6 5.61029658545376 0.911056113158839 0.88830236546329
Pros1 5.60923221527994 0.811418573401866 0.914430728907859
Fam105a 5.60532506984828 0.924363987211086 0.950727157824503
Junb 5.5702265653579 0.661813994699821 0.710290375201287
Stat6 5.56692004442793 0.847408846634631 0.91263599135743
Alas2 5.56649865206567 0.93196637734936 0.924192310723296
Spata13 5.56559804344138 0.702216879069443 0.841974331327327
H2-T23|H2-T-ps 5.56061517588422 0.815989956915629 0.822586914576969
Ltf 5.53816445227608 0.838566789160779 0.752584011727949
Dapp1 5.52955098629696 0.649204965721046 0.731428075918814
Slc7a7 5.52234348638224 0.826768422124354 0.912613002786952
Cd34 5.51288751885954 0.862025942133118 0.844379365653406
Kctd12 5.4856693739416 0.826248743407149 0.784972493366985
St3gal6 5.44914196616385 0.847290188292537 0.792268323049702
Ugt1a2|Ugt1a7c|Ugt1a6b|Ugt1a6a|Ugt1a9|Ugt1a1|Ugt1a10|Ugt1a5 5.44458100346733 0.700862361314908 0.824297879742364
Rassf5 5.43457406074514 0.668298962366989 0.796942596268184
Coro1a 5.43413170115767 0.497699839571967 0.678169107375858
Il16 5.41948885140859 0.945801015272 0.935695142808542
Zfhx3 5.39769863582282 0.838936011949047 0.864481035696597
Cd37 5.38592951006497 0.911650710519492 0.918897630505711
Btg2 5.37411184559167 0.583650995905446 0.301508566656002
Cysltr1 5.34731501632633 0.961821864568337 0.961869507826943
Clec4a2 5.34721890605412 0.947982139872363 0.939740512581498
Rab20 5.3364139137653 0.84977790695965 0.822872062649342
Hbb-b1|Hbb-b2|Hbb-bs|Hbb-bt 5.31538631453207 0.771802889834488 0.702867895205896
Ncf2 5.3131401158688 0.870302442555821 0.821452301139409
Chil3|Chil4 5.31086889624827 0.936595129349732 0.915744870801093
Ets1 5.30030287705535 0.827296620118338 0.798717657551142
Csf3r 5.30000111888325 0.953372484115283 0.954297211687871
Akna 5.29606155550937 0.831856849151527 0.909971376627676
Mlxipl 5.27980987499935 0.807562701046756 0.80998248586174
Mafb 5.26294011424459 0.91521484855854 0.947652022669931
Golm1 5.2441046998955 0.807184308520437 0.912453878407437
Ankrd44 5.22665109811385 0.701582336106951 0.77415610152197
Cd300c2 5.20644533660211 0.938721278619048 0.949232197688605
Tlr4 5.20011359973866 0.892867560453603 0.88805775171893
Casp4 5.18741819925627 0.963083978156979 0.950446009074348
Il13ra1 5.18650568545445 0.841398137010735 0.850783450401933
Themis2 5.17338763834102 0.934727905395062 0.934169189743477
Tgfbr1 5.1698243199109 0.897517090908993 0.896047347290099
Lyl1 5.16860025003303 0.951794121067148 0.948131818798653
Arhgap45 5.15496207308075 0.925724257406257 0.942463507714977
Cd300a 5.15329249003946 0.93122261190055 0.920404722199852
Xlr4b|Xlr4a|Xlr4c 5.14285206289852 0.861220270606401 0.808172600014734
Anxa1 5.11748507035266 0.897130656615543 0.84542318613095
Ctsc 5.10896018844419 0.438116958596238 0.741998073095641
Serpine1 5.10062797801216 0.94598934596276 0.948611437366038
Hba-a2|Hba-a1 5.07592891275332 0.659830353383705 0.643531408336914
Spint1 5.06955653085211 0.940799805348409 0.934363777256846
H2-K1|H2-Q9|H2-Q7 5.06385992913386 0.886046499063084 0.838745867564463
Trem2 5.05398905728961 0.932265447098717 0.922985665160755
Clcf1 5.01890877000292 0.950498186572532 0.936404110331846
Adrb1 4.96576309430913 0.631016960632993 0.827598558385828
Cmtm7 4.95927975000438 0.908934857955135 0.915946067026645
Cttnbp2nl 4.95904305225656 0.854556602821121 0.923921964686593
Ier5 4.95392456814184 0.778859268122456 0.835056486466901
Syk 4.95182438172218 0.916980679720219 0.916557463296523
Itga6 4.95179595991368 0.248121986238347 -0.12839271730186
H2-L|H2-D1 4.94881626580149 0.778967371034106 0.707632400494705
Hhex 4.94506495593755 0.9512067435531 0.939477745152745
Pdgfb 4.9404060967808 0.843620374111859 0.910108208314088
Casp8 4.93805030985813 0.947507845523267 0.949539444020823
H2-D1|H2-L 4.93003741236123 0.811562851204838 0.741226369285981
Frrs1 4.92777866402759 0.730082957986866 0.862983752650528
Irf5 4.92038308587196 0.944421339584977 0.945318495340084
Sipa1 4.92033821309744 0.9032011258435 0.900680025562809
Clic1 4.91128339164148 0.788825383605157 0.837285239945289
H2-D1|H2-L 4.86415320821514 0.811562851204838 0.741226369285981
Unc93b1 4.84334401645664 0.911659816612174 0.888484110420343
Dusp6 4.83791016984615 0.498080095977958 0.594778117435366
Hk2 4.82846542160953 0.854490800525796 0.858594352826911
Tnfaip2 4.82216229811358 0.859593654780791 0.877782533188518
Fes 4.82188940164123 0.929526594884947 0.931546616002212
Klf6 4.81587251356456 0.84107594266416 0.853272549475506
Csf2rb2 4.8156979087403 0.956580640938514 0.954661192617676
Slamf9 4.81399873419455 0.909271515207713 0.89937914163793
Pla2g15 4.80014433254201 0.860040430077098 0.911486166080669
Hfe 4.79225983993936 0.846583457831242 0.898614420527642
Trim47 4.79143107619685 0.85833804802684 0.932162155501116
Pon3 4.79112496457553 0.931066911714725 0.921251022146291
Hexb 4.77458209895323 0.837854785386678 0.790727990428026
H2-D1|H2-L 4.77226310678439 0.811562851204838 0.741226369285981
Abcc3 4.76281886176619 0.959813860871413 0.955976390608278
Rreb1 4.74802968147968 0.595112624992783 0.786365423721425
Cebpb 4.74739708260388 0.860071612524102 0.861589666840522
Pald1 4.7468422921448 0.907279812166837 0.928796233917189
Klk8 4.73893579510046 0.931715962155858 0.941689548991616
Tmem173 4.73843145531449 0.897842691243059 0.906441913833754
B4galt1 4.73686594924793 0.868720628996027 0.908107167557883
Parvg 4.72454093814331 0.920918961108093 0.923185277916623
Pla2g4a 4.72385813975006 0.422032623937213 0.265785279023491
Arhgdib 4.72238731115106 0.8448884678339 0.896097550355511
Adamts1 4.72107713428773 0.492843797731921 0.775585128551753
Hvcn1 4.70427084687672 0.949781468706018 0.950073524227792
Trim30a 4.68558284160159 0.942184629978779 0.912873254922817
Afp 4.68398990205377 0.948378458733381 0.930541586075498
Tec 4.68258800143973 0.939645769783539 0.94437211210967
Siglecf 4.66459150155703 0.960404715577237 0.963070686622921
H2-Q7|H2-Q9 4.66429512749221 0.797692953987388 0.68841466127215
Il10rb 4.6415349383849 0.827475972460079 0.866573122588682
Samsn1 4.6264405051785 0.95189877984066 0.9389913560171
Lrba 4.61573720886761 0.783175897881701 0.878526198628715
Trim30d|Trim30e-ps1|Trim30a 4.60811516865698 0.906305029473562 0.865073944632369
Prkcd 4.60439244047364 0.598071993033505 0.688797133000079
Sparc 4.59085365921456 0.421606016619108 0.570662457871484
Tor4a 4.59059043340226 0.809689297583123 0.853062419242747
Elk3 4.58961389541211 0.780996629918858 0.777284563967688
Phyhd1 4.5828688979468 0.704598827096742 0.722037066712868
Ang 4.57556502263546 0.940466906736603 0.911308693413026
Igsf6 4.57200670570162 0.955144294432531 0.950250863279606
Il6 4.57181430902953 0.92603552843085 0.870682946136026
Lrmp 4.56186501510007 0.917558452395065 0.911157972945649
Cxcl10 4.55005519212278 0.857341307056662 0.698499428715145
Mylip 4.5365714676396 0.847005136593253 0.845074013968499
Ppp1r15a 4.53262590591077 0.780984318125394 0.770078535783624
Plxdc1 4.51446897043336 0.254336364336425 0.772160971989998
Grn 4.50116090406539 0.805757448248127 0.873541286168392
Arrb2 4.49347009505619 0.793581757035797 0.861784174824028
Trim12a 4.48987634318168 0.943040160176744 0.914279269347557
Rrad 4.48628236483788 0.866508706987033 0.856946810752311
Rps6ka1 4.48472102248425 0.829168535269253 0.846764575512035
Birc3 4.48448151829574 0.880171214131062 0.905351502501578
Ifngr1 4.48110748784196 0.836535892720499 0.85916680571495
Abca1 4.46996484587812 0.235926478732337 0.131832799862662
Tpp2 4.46869718075852 0.772492199006684 0.733521750385064
H2-DMa 4.46685346585931 0.876054499432867 0.874652864512932
Abhd15 4.44915309523227 0.840906639744774 0.876915506190415
Il7r 4.44373688037241 0.921415036517621 0.943533479704845
Mfng 4.44192086415622 0.933565765140751 0.918675242469611
Spi1 4.43785511979371 0.932466529129367 0.914256447245679
Lgals9 4.42992101824132 0.907086568996587 0.937712183748385
Lyn 4.42754660671823 0.84493268108916 0.909386164596415
Lrrfip1 4.42154012956173 0.733668971024438 0.768529682154086
Lag3 4.41421889240693 0.931982801583028 0.928039971190441
Ceacam2|Ceacam1 4.40477817826069 0.84615597556071 0.842907574335599
Srsf7 4.39578396589518 0.675268523303639 0.668273534190973
Mlph 4.39524625383281 0.952734059386224 0.952640371916406
H2-M3 4.38786691638096 0.655562587247209 0.838806638825481
Ggta1 4.38592352945283 0.724300405863823 0.741996856720129
Rel 4.37675088184053 0.903761149568124 0.864094828906548
Klf10 4.37361860109052 0.763191950413061 0.822070037745781
Cebpa 4.36736696043259 0.853870800249554 0.874981085720788
Runx1 4.36641549540132 0.949693855115557 0.932958662209214
Cyp4v3 4.35260072990547 0.312522254346283 0.610527089597412
Gas5 4.35167201464398 0.52239913199465 0.579234766118862
Casp1 4.3352733838886 0.931981389011879 0.911300006715651
Slc39a8 4.31625290286246 0.75694773720694 0.764399149766711
Edem1 4.31546108161943 0.788118579555793 0.767825289755816
H2-K1|H2-D1 4.31498178867948 0.637826828814438 0.538659872599817
Ifi30 4.30450498129935 0.814537206990108 0.83147470160415
Sh2b2 4.29324570830346 0.855599131034064 0.834331520421962
Cd52 4.28939129837693 0.927929979378732 0.901664062342892
Tifa 4.28474688837263 0.631975248133475 0.842102642979991
Gpsm3 4.28173019525051 0.878905863124991 0.926328927798032
Nrip1 4.27856140291899 0.761094291812385 0.849483057112213
Ptpn18 4.2757097661079 0.904298224272173 0.907807249407794
Gmip 4.27233464264405 0.841269376133243 0.910598141998259
Arpc1b 4.2586144319225 0.365029561731382 0.110343180367653
Ccl2 4.25691083901988 0.926809464713225 0.916353476454943
Rbm39 4.24816414448224 0.588391679679361 0.627989196309652
Asph 4.24791000570094 0.296747381522216 0.204044268100301
Tcn2 4.242983051369 0.512995664772886 0.817475256532993
Clec7a 4.24013785451766 0.879485370285979 0.849104218534183
Lrrk1 4.22173067202366 0.906903606012553 0.855122280534779
B2m 4.22165018423314 0.708494158520847 0.715383388366999
Msn 4.20884994861126 0.717373174115927 0.802729585447551
Plcl2 4.20880613490077 0.847002686868835 0.78892315783237
Npl 4.19705708370591 0.536458148337589 0.699653960707303
Serinc3 4.18970009263427 0.839820349583497 0.822852265229638
Plxdc2 4.18413272254772 0.62316484062368 0.681115839391099
Hpgds 4.17985660237244 0.931767526680864 0.935950268992701
Tgm2 4.17866363987665 0.554885809289052 0.714403151956205
Parp14 4.17607361035294 0.88844522794926 0.814433333465474
Ctc1 4.16598665136136 0.899476592385652 0.922223630555369
Mrc1 4.16119241426963 0.888859181401463 0.847204021880619
Cxcl16 4.15690668210821 0.94018259093571 0.931318901768526
Myd88 4.14883027630779 0.905699180191412 0.906978416456235
Rgs2 4.1487584305764 0.599996834096416 0.800746784040893
Hcls1 4.13865555152904 0.940106737681827 0.92983980585375
Lilr4b|Lilrb4a 4.1286177493795 0.911188974915423 0.869716312668939
Nfkbia 4.11868550637119 0.644662031963465 0.740459639088568
Slc2a5 4.11526800823997 0.91566277607279 0.915794746204771
Plcg2 4.11088845402195 0.899486715777813 0.872027469815505
Pnpla7 4.10071897832548 0.346383120503294 0.454028729854378
Glipr1 4.09849332332649 0.933637983498776 0.94087322719369
Arhgap4 4.09829059943058 0.942295643206059 0.924229286649309
Ripk1 4.09812795704824 0.721843073728289 0.837982319377725
Rnf19b 4.09667722995941 0.89065939277333 0.874358931625926
Naalad2 4.09141759871369 0.905993782374889 0.916663201227688
Fcrl1 4.07976026945955 0.964844871892649 0.961953409327168
Uba7 4.06367129479746 0.923778332950187 0.915988327547634
Ly96 4.05500416548639 0.874005347800963 0.871036695931788
Pag1 4.04732654723158 0.530958558252838 0.83022630472362
Tubb6 4.04664274687646 0.864558043428222 0.91840370374215
Rgs19 4.045038092192 0.435828220462852 0.625340563496616
Notch2 4.04152654497967 0.17886017903698 -0.0435635125582493
Pmaip1 4.03547546346755 0.936373776820849 0.922962302276302
Ptbp3 4.03539967038768 0.783675660727879 0.777033795321898
Btk 4.03359804539224 0.926086359662172 0.925514822859757
Cd33 4.02659708377685 0.914467258524406 0.913813161457527
Nrp1 4.02061199972704 0.267898243414667 0.481679378160075
Tgif1 4.01927484217826 0.921306150541736 0.920939396408909
Hacd4 4.00973895040044 0.732303884532105 0.650044042198857
Slc7a8 4.00234002954592 0.822955154362234 0.893944167582734
Adrb2 3.99909299257828 0.956353297924713 0.93362743252451
Cd177 3.99736285294651 0.923117432822739 0.890157832301664
Dusp1 3.98908663832897 0.385933558712453 0.348690815171587
Jun 3.98812195176625 0.394531593300068 0.404707302879475
Dock2 3.98740805589174 0.911786127481834 0.924578772057211
Gna15 3.9797939429669 0.931627256496566 0.938158969025645
Mef2a 3.97532824335451 0.849305064963324 0.846156589889865
Ugt1a2|Ugt1a9|Ugt1a10|Ugt1a1|Ugt1a6b|Ugt1a5|Ugt1a7c|Ugt1a6a 3.9594099032079 0.869433671226164 0.921197488682175
Dhrs3 3.95664337452029 0.431634750123599 0.359647258867642
Slc25a37 3.95621863004472 0.831129414560658 0.755241069273192
Ehd4 3.95160108640257 0.373328492761814 0.832192154158362
Sult1a1 3.94260553487819 0.427364988900803 0.148153281074568
Npnt 3.93849436548974 0.711964966376612 0.578921424938188
Myo1g 3.93135119639302 0.917362523266095 0.90572509041452
Cks2 3.92643681880407 0.43699891260776 0.12605776689951
Arhgap17 3.92266483895432 0.775722571066145 0.814221950493466
Prkab1 3.92071240566194 0.843679476414962 0.881694952974541
Gcnt1 3.91526684141879 0.948382384184063 0.931655320146238
Plekha2 3.91224541485254 0.114797808610745 0.150058165527655
Plekho1 3.90756209576674 0.809303296109245 0.788066034580518
Parp9 3.90130000685846 0.75770528059348 0.828266485703612
H2-K1 3.90008974048242 0.658946748663026 0.570739190218655
Sirpa 3.89646476013646 0.409622005349975 0.673452449319169
Tmem140 3.89257258321482 0.512454626565338 0.860805044011337
Rab3il1 3.89042701889591 0.935044165497001 0.939400965972299
Tmcc3 3.88860773513161 0.612253560120469 0.532731528637081
Tnf 3.884747280643 0.874259933220107 0.865047528398544
Fam111a 3.88129828548238 0.786285686269925 0.698672050537225
Trpv2 3.87696983172045 0.484351194583649 0.70809119742227
Gimap6 3.86769689257237 0.929996186049713 0.928524486000664
Gusb 3.85764231996057 0.705262370692638 0.783418768187215
Ccnl1 3.84826696385859 0.656456787438773 0.796483344497323
Srgap2 3.83986940110895 0.892490619871932 0.884284872483164
Myo7a 3.83962755624423 0.69420495901971 0.857654115023767
Rnasel 3.83808856166866 0.90056701798805 0.900455501031313
Sgk1 3.83032816499594 0.248183924731768 0.244141776976519
Snx5 3.82844425737832 0.787744837701163 0.893627169134587
Slc25a45 3.82842118334223 0.804348289048428 0.802867299380174
Ebi3 3.82049651237347 0.873059518142107 0.90177520288393
Vamp8 3.81477277963799 0.613700792730639 0.723031421900338
Il17ra 3.80237715097168 0.769027300448985 0.806286871386214
Dock8 3.79749190737595 0.868891861511478 0.89399707391413
Cep152 3.7959277218787 0.847584958951848 0.817184412170687
Myh9 3.79396736334821 0.826325469237847 0.821358407248178
Hps4 3.78881843802576 0.787457322492244 0.75771234767342
Vrk2 3.78839521428935 0.825607285017632 0.852334393717817
Psmb9 3.78529943543289 0.869853074228267 0.796788960040831
Tmem63a 3.78519377550059 0.170432317168315 -0.0979142640358685
Tcirg1 3.78064360418 0.75475093750722 0.753380931164687
Igtp 3.78027711780643 0.730195632487444 0.600901838140061
Rac2 3.77187129410444 0.856525434540553 0.830824430202664
D17H6S56E-5 3.76837623283374 0.930830661537291 0.920851460220941
Ctsz 3.75882588631679 0.769457031579162 0.828783034372294
Apobec1 3.75680293053032 0.832654895562348 0.840337565531987
Tbxas1 3.75469120810467 0.910272499037916 0.879857818653569
Zfx|Zfa-ps 3.75378069892902 0.776125050597349 0.79178098052844
Arhgap9 3.75153827823331 0.89072417412553 0.893138744799812
Ncf1 3.75133769210903 0.941435758312983 0.921826963266427
Gem 3.74465048140829 0.324025710342151 -0.0434942884069334
Ceacam2|Ceacam1 3.74050895019375 0.84615597556071 0.842907574335599
Skap2 3.73487886812263 0.745263910770297 0.770185404238867
Zfp36l1 3.72045869654152 0.12141101308058 0.319838572169749
Stk17b 3.71120104048932 0.19573875475089 -0.0324488707098534
Herpud1 3.70927809129374 0.852764229413702 0.896480038294163
Tsc22d3 3.69131411621926 0.686245676697172 0.687128799337793
Cytip 3.68749314732568 0.807692499524031 0.722212051939729
Ltc4s 3.68685646351861 0.888353490121667 0.875706858396752
Chst7 3.67428349913112 0.635021561116022 0.649147471830705
Il4ra 3.67198383274791 0.896334630373854 0.914337896268491
1810011O10Rik 3.67075113391541 0.508268517977344 0.244803155184718
H2-DMb2|H2-DMb1 3.66988240232965 0.896790685847806 0.904498057812747
Ucp2 3.66826865564577 0.870586040125108 0.913222501301815
Syngr2 3.66426561447197 0.503354830977441 0.678299428842201
Lgals3 3.64812083720226 0.673890014159399 0.480134285385581
Pik3cd 3.64795940508839 0.844382764430393 0.816393566434163
Cebpd 3.64690585196983 0.277013465314989 0.450852912095384
Sertad1 3.64503410905696 0.792765117026767 0.874777603566002
Clec4a2|Clec4b1 3.6238397343703 0.926742644534235 0.927081374938363
Per1 3.61979296834429 0.661657257869263 0.778717863052323
Jmjd1c 3.61858366619972 0.685797651285482 0.759113032173227
Cited2 3.61684252782883 0.803059240085761 0.784095305995062
Hp 3.61670904963774 0.883810744645337 0.837817606358956
Lst1 3.60861783845595 0.76173538387016 0.835991544699548
Lgmn 3.60845968940115 0.789223129355257 0.754817110237683
BC028528 3.60516220099539 0.594948924454832 0.296370649208761
Plxnb2 3.6047455477553 0.495625189058783 0.702560125132365
Slc16a7 3.59886266813504 0.49267605298236 0.710082885291292
Ifi35 3.5949809730485 0.874396682326175 0.879442068617397
Mlxip 3.59176298222072 0.855633348816087 0.828899684538563
Man2b1 3.59008224427929 0.751398402027916 0.676780720554934
Mcl1 3.57817423802707 0.710785036336113 0.844839258880907
H2-Oa 3.57684004747384 0.935758100942016 0.93344985982673
Cd79b 3.5732088126414 0.911628786677398 0.902622699616597
Nfe2l2 3.57130669652827 0.36896833926918 0.452443442925438
Tnfaip8 3.55550544174784 0.0694700023133399 -0.0685184420173606
AW112010 3.53852353414661 0.931495268977855 0.94221965365335
Hspa1a 3.53424405624086 0.632101360544126 0.582822142158588
Tspan4 3.51992274639173 0.812728637384774 0.859323157311086
Ifitm6 3.51326814259786 0.927106125596494 0.885661211499037
Cdkn1a 3.50617218212307 0.72892174233129 0.627952110528323
Ugt1a1|Ugt1a10|Ugt1a5|Ugt1a6b|Ugt1a2|Ugt1a9|Ugt1a7c|Ugt1a6a 3.5008166970868 0.680075140115098 0.669671935068351
Tuba1c 3.49942089557035 0.858653561165273 0.870354816454523
Rffl 3.489973885502 -0.00459930771135308 -0.0512880321046809
Arsg 3.48406124771239 0.137032754763138 -0.13508894310526
Erap1 3.4812311389985 0.593872022883996 0.632822405285259
Maff 3.47957646769657 0.743492180396102 0.743379318387826
Mef2c 3.47585358172148 0.567213457975231 0.438555786550722
Dnajb1 3.47337885389171 0.796887223097759 0.842541277679374
Ets2 3.46860461099906 0.674638046875485 0.537307615802759
Litaf 3.45716677080067 0.0591480441279726 0.443693772192225
Gcnt2 3.43001837776222 0.240588310245132 -0.00450870815022987
Ints6l 3.4235298969073 0.596406066660796 0.504897153771149
Tmem37 3.4199680338419 0.930605454449737 0.916709141979274
Snord22 3.41502617793375 0.654822094734607 0.747003918737636
Snx20 3.40779756784189 0.903695421251837 0.85531171958295
Zfp36l2 3.4067062640171 0.0946789309927298 -0.0438182143146671
Vasp 3.40071662543368 0.865012988735824 0.879965779855842
Slc29a3 3.39944059662265 0.512397798678189 0.543906506479103
Egr1 3.39810289247136 0.505614043307306 0.776039501561144
Tgif2 3.39533795999272 0.893723624357902 0.929216062393869
Trim34a 3.39045494583818 0.797586893276006 0.682503995305586
Psmb8 3.38946565073145 0.833511225882583 0.83278258013681
Samhd1 3.38868580458138 0.805582276465371 0.724998842807218
Ivns1abp 3.38629007050456 0.557288567107464 0.689866477446459
Cmtm6 3.38421660592784 0.707058903783183 0.820741523022315
Clec5a 3.38391895667437 0.941466841025329 0.937011458488821
Creg1 3.38178152924931 0.566711566191112 0.787802378852739
Mknk1 3.36749762332097 0.695119992439069 0.886114692614469
Tlr3 3.36641736079928 0.174169736373851 0.833020662009717
Pnp|Pnp2 3.36134853281846 0.450247886884031 0.716726873651538
Cdt1 3.35683933909202 0.418316894965496 0.166761776200299
Ebf3 3.35463455677687 0.919505816393246 0.908054518590274
Fmnl3 3.33655250274669 0.894454298109054 0.881788877720446
Il1b 3.33602293881545 0.908516098986564 0.905216162745993
Fpr2 3.33062811311396 0.83162225439864 0.803665822154804
Tpst2 3.33060917858933 0.733594984753001 0.81442471149183
Tap1 3.32141851136732 0.811420794018546 0.723750925295931
Gbp3 3.3105226615127 0.429854711196103 0.196402495190063
Rp2 3.31041428715384 0.846118203031578 0.820189718788966
Ptger3 3.30459464321281 0.691227465977573 0.714890134464424
Zfa-ps|Zfx 3.2941618872572 0.807545570496752 0.820075310675393
Rasa4 3.27945215217495 0.911489871004792 0.899813572145347
Slc37a2 3.2516886233196 0.846291101416774 0.870766065930106
Gbp7 3.24913804405223 0.394512466254187 0.316936611536916
Kcnk13 3.24852988730082 0.393033156732015 0.412804189571056
Tgfb1 3.24629170906126 0.911453161809964 0.8840517690936
Traf5 3.24076580097101 0.877054722668707 0.878502834087432
Naip6 3.23926446084067 0.848411599999888 0.80361145387359
Pf4 3.23244280685398 0.848471213004934 0.836197089844432
Ifih1 3.21850980762471 0.775722053777695 0.705954631979613
Abcd2 3.20263199619521 0.379689563689889 0.128055140207547
Ms4a6c 3.20132787320566 0.862320844671262 0.814539606325308
Smagp 3.18678438390428 0.891281024220375 0.898213362235785
Nfam1 3.18556768723688 0.925032690125515 0.916353596349717
Batf3 3.17934004517637 0.918241250812964 0.937686027962941
Was 3.17585096751193 0.895778962507134 0.870206062675981
Calhm2 3.15972508000027 0.899094946407737 0.864638789994067
Phxr4 3.13394904313332 0.461061181535376 0.121569697050164
Hlx 3.0949421878196 0.92103178818332 0.898906253840201
Myo1b 3.09455213510903 0.545473433928727 0.65345916896722
Nfkbie 3.08522602310213 0.772805402289655 0.708983678523823
Tlr6 3.08309912596005 0.778237335092379 0.814089924382545
H2-Ab1 3.01647131203234 0.725716326035102 0.638511414524865
Parp10 2.99943805013613 0.857463792368721 0.774875550771875
Irgm2 2.99111123768094 0.757252638444206 0.633894504256279
Mrc2 2.97060593984714 0.84985180227643 0.847166936306999
Mpo 2.96979344949093 0.813142803026174 0.668439126292534
Gmfg 2.96842445498442 0.877914460068794 0.870911641026766
Cmtm8 2.92583078999459 0.800119732527776 0.839229930750996
Isg20 2.91274306536399 0.898040245106306 0.895737334114484
Calcrl 2.86358364316417 0.304603749370462 0.0898651710199407
Tnfsf13b 2.79001445737928 0.784504479769604 0.86497315566979
Tmc6 2.77962644983794 0.787842052606264 0.7598115818415
Emp3 2.74818974731333 0.86450258049018 0.847105022856915
Sh3tc1 2.72419608797222 0.895166379582409 0.881231089437809
Plaur 2.71379158333683 0.862290257830154 0.872961149375826
Ifitm3 2.69521784524859 0.260262163223111 -0.118718646844368
Myc 2.66288505696282 0.791405655084812 0.836247106327214
Tfpi 2.64226919942309 0.858476914273647 0.846652706292482
Rgl1 2.64120466696436 0.655431366840163 0.76615095019749
Sftpc 2.59251389913487 0.495435508134492 0.27457840037432
Zfp472 2.55231818236595 0.361299823909029 0.18965423247681
Nrm 2.51248155523876 0.530085262743606 0.509322254890156
Esyt1 2.50651784368711 0.783799010438717 0.786050876077104
Lpl 2.43692192462372 0.332756858767191 0.0405014545626466
Arhgef2 2.43418265312406 0.325564491648513 0.150700563813311
Il21r 2.39789926851804 0.919847184357414 0.915516865993755
Ceacam1|Ceacam2 2.37776198101113 0.700682315142836 0.655602935362402
Smpdl3b 2.3050291076605 0.571483070681497 0.791498206920445
Dusp2 2.30340427833404 0.724340559889752 0.622255391362711
Tlcd2 2.03792539863899 0.779640463455647 0.772662777888707
