Olig1 9.37200227259712 0.42610309175145 0.776461144764042
Mbp 7.6128360551127 0.776279298910926 0.819232194677574
Cryab 7.58905675013439 0.559883026093582 0.853447976904885
Plp1 7.43998179251785 0.641138014145265 0.805286679492453
Mog 7.21386723454702 0.885176870633254 0.841263977065496
Tspan2 7.14126903709001 0.841076840132314 0.879224735281328
Mal 7.08680406774767 0.851161649133653 0.904995313097888
Ppp1r14a 6.86222721619779 0.887042712552173 0.880482209009999
Fabp7 6.68793617314617 0.197700404712521 0.176965330793772
Cldn11 6.65611329444014 0.891183222437057 0.86320877856103
Ugt8a 6.50591636621728 0.819951353689285 0.813174271842229
Efhd1 6.4381981710347 0.361639624754995 0.388459360248184
S1pr5 6.30760102357204 0.877297384011522 0.861520556544464
Mobp 6.21957023967902 0.877620822226216 0.800038662176701
Olig2 6.13074880672242 0.629938231751366 0.698161855023154
Tmeff2 6.12508554353596 0.664116797088484 0.742631883657427
Grb14 5.98975498160398 0.668350090693108 0.875103703684562
Chn2 5.95879764298244 0.784495413897072 0.827283964776349
Sox2 5.92039694292168 0.222620967343155 0.256502273046404
Aspa 5.84354638007484 0.667394024043182 0.68417747258489
Gpm6b 5.82568299388946 0.261859778924474 0.32781385650888
Lrrn1 5.8197222079274 0.705524464807222 0.752118177077962
S100b 5.79131846769214 0.282242222286951 0.124959396958816
Plekhb1 5.77623116508505 0.361931376582085 0.542035858310577
Gpr37 5.76106786603648 0.401134994463014 0.340074477451517
Sh3gl3 5.70462403144798 0.779126273090155 0.905705652831654
Trf 5.62270888630832 0.602200963556454 -0.0912677242073283
Anln 5.38238501176286 0.783031667619295 0.757822153795728
Ndrg1 5.36075802751094 0.656943169007462 0.780998089149584
Fa2h 5.30973790294626 0.835700801228992 0.798670943432582
Apod 5.2862140264292 0.713065298994101 0.60633824884296
Car2 5.27063747204601 0.245124700635768 0.0011712971800959
Ptgds 5.24423834432678 0.668298202549148 0.490681031900325
Timp4 5.24347536459655 0.176112481823777 0.323149282830749
Gja1 5.22819238961134 0.165160175672326 0.534972838500029
Dusp26 5.21966749724733 0.208153955050851 -0.0432486366923592
Foxg1 5.19840042997139 0.142286871066365 0.100317791044696
Trim59 5.19043115574547 0.861412468882639 0.842587025520707
Sox10 5.11286117616073 0.863816736159883 0.844569049819379
S100a16 5.10703356679717 0.284719035637933 0.146090766335559
Slc44a1 5.10665656377129 0.685248016993856 0.821301697050406
Pdlim2 5.05447492376607 0.796108039068162 0.744524284168248
Lpar1 5.03191365941531 0.812815298402047 0.792273446613089
Itih3 5.0176783835679 0.236533456369071 0.183031662938551
Slain1 5.01742497547959 0.825855376980943 0.880145914060049
Evi2a 4.99744018363389 0.572680454857894 0.122083941499024
Sez6l2 4.99326970563583 0.20285882843905 0.118192020709381
Mag 4.98791037390534 0.746761957154702 0.542118156611122
Stmn4 4.93188605084516 0.326649319091622 0.490428953549827
Pou3f1 4.93095877195279 0.885887386214522 0.879083249089807
Htra1 4.91641351619457 0.179437725279389 0.575942292673678
Scrg1 4.91277996555751 0.245727547036243 0.111733237102384
S100a1 4.80494967946802 0.238888903858936 0.0430599170682172
Adssl1 4.77343695292474 0.792997489221652 0.676174592070587
Gpr37l1 4.76360125580049 0.25703505058019 0.732762038858991
Ddc 4.7502900417772 0.254388770612961 0.613887165226555
Tmem163 4.73134896176071 0.297050605419923 0.0907657077805956
Efs 4.58724843468318 0.275867329212666 0.0147712996578795
Nkx2-2 4.47990114226179 0.652373911911337 0.628127796461976
Edil3 4.45734195140503 0.228125760614433 0.0172165751512664
Gal3st1 4.4482596190427 0.860617143116525 0.774331254895598
C1ql3 4.44213892128167 0.627168447294655 0.643942425894308
Il33 4.38601245762412 0.0527649113307077 0.108539584370652
Bcan 4.3476058818594 0.260031695982647 0.74587796908394
Kcnj10 4.28352903091572 0.263799904895384 0.458807731675594
Pcp4 4.27599104451751 0.050874856658718 0.21599452600593
Rab33a 4.27124628212005 0.755451887446702 0.849322812214968
Pllp 4.26461648915832 0.8912114626151 0.854024943952536
Bcat1 4.24080944637044 0.268185441319851 0.580935436025747
Ank3 4.22160726384265 0.224932164582936 0.00771228842436005
Lims2 4.21091339526174 0.789850403401617 0.774793748717872
Ell2 4.21017000275191 0.679837398762388 0.740723877750557
Adamts4 4.20320597717439 0.7293948178056 0.604383318128212
Prkcz 4.19511495268667 0.258932334176619 0.0457520403911297
Adora1 4.17445725627837 0.293816516789144 0.147047558857113
Kcna1 4.17193061499945 0.464350878761183 0.345063837347105
Elovl7 4.14059553877773 0.722514189411179 0.625450245640949
Rapgef3 4.12410770188689 0.200361799102511 0.334656524905923
Sytl2 4.09810021046235 0.283027919799925 0.0656338132454967
Nkx6-2 4.05059896715321 0.794963042911328 0.738689353420186
Gng11 4.04134872424283 0.790721209870915 0.758559747998536
Josd2 4.03435795914265 0.771466758557925 0.733492763956366
Larp6 4.01680006109219 0.258495737557268 0.118625394704601
Ttyh1 3.98108651438253 0.251156353501864 0.680882169421705
Sgk2 3.96742444273538 0.74818047700049 0.662731307789161
Mmd2 3.96274021213203 0.218643711484866 0.523779668369458
Efnb3 3.96250527887961 0.608628284626173 0.552109055486419
Plekhf1 3.93986031385829 0.670660624034438 0.596925216059921
Tmem98 3.92646305399825 0.698488672268782 0.679330416811213
Clic4 3.91355295790115 0.334815766045114 0.517049759324162
Rffl 3.90432141710564 0.611997006438504 -0.0512880321046809
Rhpn2 3.9041489246931 0.397130519663769 0.366601028299514
Gsn 3.89825323874045 0.732602925783265 0.666446424282181
Cacnb4 3.89182342264727 0.281845485195882 0.212442789213944
Asrgl1 3.89061382418753 0.221367136755555 0.287757514664353
Gad1 3.84045742056051 0.28405629574338 0.138222019398868
Tubb4a 3.83889243603807 0.345408166213076 0.293444219742405
Acot7 3.82263166025911 0.179970963344579 0.350447854503654
Carhsp1 3.81210881520796 0.510094078782733 0.585812836476302
Cdc42ep1 3.79549596273111 0.553334801267657 0.488490068273796
Atp9a 3.78781857417475 0.165563395271586 0.344035825823486
Nkain1 3.76929480481892 0.548228182212211 0.666762366777283
Pdzrn3 3.73521757821587 0.257881030887995 0.00355285415751438
Plekhh1 3.71562228188268 0.750537772047553 0.585794666954507
Kalrn 3.71378162860635 0.533597640066005 0.404264755043198
Sept4 3.69803278693189 0.689174870000097 0.764913253155426
Ninj2 3.65736954590349 0.841550318988573 0.789630651108397
Brca1 3.65719619624155 0.473138875002563 0.413008014900029
Kctd4 3.60690289760337 0.842942885978282 0.811127842537529
Gpr85 3.59053608368735 0.240312484906222 -0.0510137266751172
Tnni1 3.55655395237259 0.684047178442577 0.599168778084712
Mfsd6 3.54572821168087 0.189261139542195 0.505553815823825
Dbi 3.53645529550622 0.367615536124702 0.105053643489445
Plpp3 3.5286498922125 0.243509232905789 0.77196257716039
Pdgfra 3.52295534571193 0.365053424914201 0.11844955132188
Phldb1 3.49735066198504 0.736879930944769 0.74166895523697
Tnfaip6 3.48834124520719 0.583639318696952 0.443528880457223
Ggct 3.44800589327994 0.594183297741694 0.71080779676656
Gamt 3.44310419644919 0.775414252868289 0.725366004236085
Mt2 3.40172067298739 0.158688653556677 0.308103218933042
Thbs3 3.39579730789885 0.579873903496666 0.497067833057062
Acot1 3.39524630432369 0.242755584652062 -0.061021936594642
Dnm1 3.38257670760972 0.185453566937847 0.436781790764972
Tpm1 3.35735761537564 0.573514711266437 0.427263001543471
Gjb1 3.35634992697623 0.730230128019362 0.60359080648688
Frmd5 3.34120820473713 0.574273176302268 0.543338459363427
Car14 3.33726180342308 0.734942757551035 0.548425843978966
Rras2 3.33381180139978 0.683870049788192 0.417807020607849
Fgfr2 3.33207181185133 0.188067440226237 0.223740682976029
Fermt2 3.32655471705006 0.250581113320995 0.811227120619852
Hapln2 3.22811564273253 0.682700350340204 0.48713235395953
Synpr 3.13653706492524 0.655634764482701 0.526866468694712
Pcolce2 3.10999230496569 0.537909755571313 0.378212903983931
Kazn 3.04735976572959 0.807101045616489 0.846255923145394
Hist3h2ba 3.02461671692347 0.299218607656502 0.0988993762702807
Cdk18 3.00958970635887 0.59208069170772 0.566115790566826
Lamp5 2.73795852523183 0.562606001261535 0.183632876378131
Bmp4 2.70546819987956 0.71085843100091 0.54495893522141
Car10 2.69814508665102 0.479112540655438 0.270971469183574
Wfdc18 2.64227186401343 0.71475999711016 0.646489593556996
Lad1 2.54314503612562 0.526075902113403 0.188983445152129
Pex5l 2.49033519347345 0.753430999950328 0.701364591584009
Rprm 2.39064691728878 0.457105447980364 0.301480079868566
Rab40b 2.36888169579219 0.417032318984897 0.326280623359441
Dock5 2.29246816725714 0.611017275728175 0.37886035005463
Cpox 2.04903317863165 0.771442250740816 0.685517122181355
