Slc6a3 6.78529382456644 0.847822514286591 0.749001341302571
Th 6.13151389685369 0.842793757381303 0.745608152378523
Snhg11 5.53354404755517 0.808250525561207 0.828377035980668
Mobp 4.97134765437261 0.315565760471787 0.024740385920358
Grb10 4.89698634448912 0.70060871197047 0.471921789370564
Sncg 4.83090943676233 0.366301319728955 -0.0754332470465241
Prkcg 4.62659785004533 0.708429451760521 0.614737099886104
Rian 4.50693918427247 0.644401457353947 0.361008694531663
Cntnap2 4.44166484737345 0.666975192783452 0.721695079470828
Elavl2 4.30019998040508 0.580631591760759 0.312973548412157
Sparc 4.26241463621103 0.381983275158057 -0.0595837855726374
Cadps2 4.24258612381112 0.715856677352406 0.703349953516204
Scn2a 4.16406113835618 0.792083697519673 0.85108195093919
Mapk8ip2 4.12223404865141 0.734431029397853 0.656110309086037
Cacna2d2 4.09953682579308 0.803115009977664 0.884869512469936
Resp18 3.98266526993315 0.432222073717082 -0.226501512559937
Eno2 3.96393899542632 0.562498313221556 0.564965275054685
Tenm1 3.93506243668322 0.789540664208355 0.623198456566335
Chgb 3.91275344416784 0.532457217262262 0.0645755579413998
Scg2 3.88616561896439 0.474651920859259 0.116862347228563
AF357355 3.8736558902865 0.672217555397226 0.454660671802713
Tacr3 3.83232464267504 0.585261645318133 0.141423320158716
Sptbn1 3.79016060303272 0.472795556752896 0.235811981724431
Slc1a2 3.75975747032409 0.0837465230953677 0.0350793132765562
Celsr2 3.74981107482253 0.562379164709052 0.295166458183747
Aldh1a1 3.74011770870334 0.493818782983546 0.167415409964574
Lin7b 3.73705235738773 0.427529327265971 0.0600928020625249
Rreb1 3.71441794395509 0.448502055447449 -0.0103038808606938
Syp 3.67502118601299 0.396152708682297 -0.371896024751227
Amy1 3.67095632165848 0.416725948047774 0.151587173331839
Rapgef3 3.66994036601303 0.0986906746109243 0.0419092030635153
Usp29 3.6602966198852 0.420015737399364 -0.241077132870785
Chrna6 3.63739438998674 0.681173626779735 0.413466744172719
Meg3 3.63191912284738 0.627967863450326 0.507615101203245
Cers4 3.6038571564345 0.447230560398864 -0.158041022742636
Syt1 3.54068938606277 0.172278258101293 -0.276795059522487
Pltp 3.51447381468862 0.449650619355061 0.193808017929686
Ahnak 3.50709679106069 0.323010868487421 -0.102337984359446
Scn1a 3.49692349633477 0.486522943553449 -0.0138263099177445
Ret 3.49588836441974 0.362193419056157 -0.258460784799604
Macf1 3.4845345939753 0.358955425473324 0.054535541051712
Ubfd1 3.47970902097583 0.562783001513391 0.284742234597258
Syt4 3.46551704426517 0.530563163136337 -0.150019811401527
Cyb561 3.44826376886854 0.456535665165671 -0.249527366543523
Cplx1 3.39262167023189 0.518484006636102 -0.217994532001453
Nr4a2 3.38604931115322 0.693705757272166 0.586347456760827
Nrip3 3.36323472822975 0.410742399678423 -0.279467636676913
Olfm3 3.36019082512151 0.554574244757685 0.272775356740354
Slc3a1 3.33764526780879 0.187101793312864 -0.426392238240995
Neat1 3.33196271909155 0.466377302319726 0.202584972198239
Klhl1 3.29749826471117 0.531912849948007 0.169014049184137
Brwd1 3.23119550172269 0.618243332508544 0.393219900012308
Caprin1 3.16727435029179 0.366093048435301 0.04854186112482
Ntn1 3.16456408200192 0.580958810398802 0.46565659879659
Tenm2 3.14305806407921 0.194696799658955 -0.300817251758866
Adcyap1 3.0482391250749 0.399854858488381 -0.237631098075827
Plcb4 3.03241082533839 0.0686027969289857 -0.494566565302668
2900097C17Rik 2.97251553595993 0.11038579257199 -0.376749614590734
Cntnap4 2.89264657448369 0.447405662080598 -0.0382625504021666
Fto 2.80802794399115 0.12381316687721 -0.467188971294235
Etnk1 2.78989028735215 0.146534466943588 -0.460343518122416
Zim3 2.70918136598203 0.580076025148147 0.156427087531639
Akt3 2.70367360664469 0.122695556315734 -0.45246096681525
Clstn2 2.65720972626894 0.641582146959466 0.194466744003227
Cdh8 2.64864205764719 0.340332446994836 -0.22251186623029
Coq8a 2.63079432761007 0.181597391428048 -0.321912182340536
Syt17 2.61735166356173 0.473632709075491 -0.0204632764004626
Atrx 2.50996820865026 0.166274354357235 -0.218435520537899
Ebf3 2.4814069028361 0.498997419374042 -0.125458317850762
Zfp397 2.31351148538988 0.684712018962179 0.59374235567977
Ntsr1 2.3112918697206 0.485314502617385 0.202386609418303
Akap9 2.2715586311521 0.0307121354412049 -0.291904757034892
Kcna2 2.22266562911179 0.700690194085992 0.611035801398806
