Ccl3 8.89790555369864 0.890913189263101 0.875010278610411
C1qb 8.6754190453369 0.713009086354463 0.626093353635508
Gpr34 8.28435529099452 0.94127233875309 0.938427503613082
Xist 8.26928302494506 0.465193587147424 0.0438292083858103
S100a8 8.23667019918861 0.954294761475327 0.944805455535658
C1qc 8.16380706121811 0.843270249355248 0.855364296399817
Ptprc 8.11430656076732 0.917312703526778 0.906843030275141
Atf3 8.00451255660193 0.835784718769876 0.830918790269464
Fcrls 7.81607922224852 0.798303927616826 0.865511649948365
Tmem119 7.77461092435182 0.836153947321725 0.840282746809428
Lcn2 7.52311571655195 0.903759926749596 0.907947148580474
Ly86 7.49324880183737 0.790897637472401 0.863474152677733
S100a9 7.48719162656828 0.928322569187168 0.908065433468933
Ccr5 7.38291645279414 0.936335468998108 0.925192757077371
P2ry12 7.37135105042596 0.88123083251754 0.862550960007451
Itgb2 7.34169454675531 0.910402058003456 0.912997044650647
Cd53 7.31438368429044 0.81854541385437 0.752466026511967
Fcgr1 7.29948184520589 0.911569171611503 0.879459405437473
Icam1 7.28854039913127 0.874907724014821 0.889251240730328
Fcgr3 7.27203220597655 0.899262008036484 0.888822813119328
Socs3 7.25680875800986 0.681786371831484 0.807573837512272
Nfkbiz 7.2352243715822 0.73710026075933 0.869118393769463
Olfml3 7.2075871014425 0.87101347581874 0.839004271571173
Cfh 7.20589335226742 0.814843404653907 0.712295820061994
Cd68 7.20369386807189 0.931940931244743 0.911576814556398
Cx3cr1 7.20109490608644 0.807435256216812 0.828174534883049
Fermt3 7.19408452380183 0.851237535626574 0.854448797829329
Mpeg1 7.1925227397816 0.85144971479801 0.865615788465383
Anxa3 7.18341457067371 0.882990119999455 0.86649215066228
Chil3 7.16757489465436 0.871941364316142 0.853909068933641
Il10ra 7.15973652466581 0.954334502283011 0.946180388417234
Rnase4 7.15807182115394 0.832326156167691 0.807966165584019
Naip5 7.13174095537482 0.893929429620588 0.876817387672749
Irf8 7.11877269240312 0.931043495853 0.927837701705404
C1qa 7.09536301351264 0.845740909396546 0.849097534109836
Klf2 7.08750083324904 0.859279306395986 0.769883444767211
Ptpn6 7.06099581104202 0.95722894320839 0.949760169456739
Vsir 7.06060612334993 0.795629696860117 0.817507082236361
Fcgr2b 7.03965140074112 0.924030404720883 0.917168118258071
Ctsh 7.03634449713874 0.863001788111975 0.835544766930327
P2ry6 7.03602022567101 0.928617942836895 0.936669978424227
Tyrobp 7.0262872329052 0.862578359142878 0.86511844532371
Il6ra 7.01860645618852 0.919988213625494 0.890291306841707
Klf4 6.9825547199585 0.56197346168397 0.630011299392605
Cd14 6.94715588775517 0.842079211132621 0.823798149930943
Lcp1 6.94357127719046 0.74034887922291 0.822900146558026
Ms4a6d 6.92470143211 0.943542982886845 0.933252210439265
Cd86 6.87092489262349 0.940653446976487 0.926130644059926
Ngp 6.85766147900082 0.827962612975668 0.800486878344184
Adgre1 6.85266154165956 0.879817019240203 0.87145012590578
Ccl9 6.85157600739356 0.902204837731347 0.887334535765083
Cxcl2 6.82094295722142 0.90546886960667 0.887347150467016
Ctsc 6.81896753460433 0.587027793936694 0.742271812483732
Rgs1 6.78823587537597 0.91910902398423 0.913783032329059
Hck 6.76561875126779 0.882699699211319 0.862914299305883
Pld4 6.75655526304851 0.854048839130544 0.841357056848191
Fcer1g 6.75610708250336 0.822995870254838 0.824614769314253
Hpgd 6.72678765989215 0.873667377101911 0.894011912281623
Selplg 6.64954544758014 0.695006642912583 0.720849052724145
Ccl4 6.62877879767421 0.812368762578944 0.797287316493388
Sla 6.62182551675291 0.928195927966086 0.91790632861484
Camp 6.5764133725507 0.864686322023624 0.801836456613694
Bcl2a1b|Bcl2a1d|Bcl2a1a 6.57386143642997 0.909928464437255 0.90255554369856
Itgb5 6.52996405096191 0.553572333803678 0.832456606116307
Ptgs1 6.52387094420125 0.747740949202698 0.535546514080042
F11r 6.48237584870632 0.902799814932375 0.865886799987199
Havcr2 6.46244982757362 0.948105015506653 0.940605338662235
Aif1 6.45571416198195 0.833653847836925 0.762409606538655
Vav1 6.45509847003835 0.947344559280786 0.933139744657544
Ms4a6b 6.45119426846552 0.907910578833804 0.893641566109593
Plek 6.4445179832432 0.88969847064466 0.90483346690088
Txnip 6.43989254933975 0.664668719981533 0.53409481607691
Laptm5 6.42819579316888 0.47066227585432 0.431980823073142
Srgn 6.40339511222649 0.854686867363457 0.846516305089706
Csf1r 6.35432195221758 0.442941807670852 0.628127993233141
Tlr7 6.3433620581998 0.901581830818508 0.883327317721423
Il1a 6.34010251670382 0.924735580289392 0.922074681523627
Tlr2 6.33436432545199 0.864433048511578 0.828039074863297
Naip2 6.3233768585459 0.949366139362065 0.943840456634284
Gpr84 6.31890606173148 0.919564678009589 0.900539536156936
Nrros 6.30714923701641 0.766484594517867 0.792080354658163
Mertk 6.27545894889192 0.499315877961123 0.0261893883636564
Cyba 6.27220748123196 0.85297029219812 0.836822420217362
Slc15a3 6.2686773681813 0.951432606886296 0.934368395362971
C3ar1 6.24641806368329 0.832545132652678 0.832923346286571
Fli1 6.22037994369628 0.924308163875757 0.902090174836285
Lpxn 6.21538202612365 0.87103468737861 0.853945018408267
Lyz1 6.21433725560123 0.812666805824178 0.782750420154464
Fosb 6.20711390216093 0.693406706821262 0.716245626208222
Lyz1|Lyz2 6.16195205968713 0.807647703860176 0.776673258636435
Pycard 6.15078325157041 0.888751831830284 0.909626848879343
Golm1 6.13028461859187 0.821885989643023 0.897263658148445
Slc11a1 6.11376004573488 0.667905742841889 0.651846092069541
H2-Aa 6.11126857895628 0.692771088549298 0.55701792504533
Blnk 6.10305258979706 0.897428295043879 0.898817554066467
Zfp36 6.09048773842556 0.762806264707359 0.793942399564921
Fgd2 6.08084537536868 0.887207355125821 0.860458496649235
Ccl6 6.05717927585877 0.931068817361478 0.942534672436649
Ctss 6.05147246217074 0.643886745903455 0.752076159502698
Ccl12 6.03832420270815 0.955404812738438 0.950644450373355
Inpp5d 6.03544571091001 0.873389440608059 0.850382339302957
Tgfbr2 6.01502361065878 0.854956688663127 0.845270536865745
Nckap1l 5.98579481613027 0.739441560763583 0.771479157107436
Hba-a1|Hba-a2 5.94660921081812 0.746692853470911 0.741378805516258
Lcp2 5.94280722528608 0.944651016385736 0.943669338261785
Egr2 5.94255402421623 0.817830370840895 0.854683975263568
Ccrl2 5.90016768249367 0.870588918760136 0.84598663057751
Ier2 5.88833313763355 0.713147629708128 0.761337970588246
Tgfbr1 5.87456597609214 0.851876245094982 0.857965783571785
Alox5ap 5.87319047300934 0.855670097607224 0.863003475908972
Slc7a7 5.87089002659819 0.91473542037951 0.897030018993191
Ier5 5.86935171911534 0.698610873854544 0.760327660225567
Lair1 5.8642067638422 0.862257384881683 0.852552954421401
Ugt1a2|Ugt1a9|Ugt1a10|Ugt1a6a|Ugt1a5|Ugt1a6b|Ugt1a1|Ugt1a7c 5.82200469471097 0.716113122846954 0.796400702011751
Rhoh 5.79098620881041 0.94378449500308 0.9347729186437
Dusp6 5.78820795644169 0.582357635498407 0.595104011435609
Rcsd1 5.7700867154975 0.787494369471517 0.780144279192095
Sash3 5.75884823765646 0.651875187216451 0.642894241425908
Fyb 5.75388141924009 0.916229685229523 0.893680491884961
Pik3cg 5.75275776403868 0.915435039756952 0.898731506437892
Arap3 5.74999285560444 0.921718763668611 0.910094327838513
1700017B05Rik 5.74466020355863 0.82663808185459 0.868405679075243
Capn3 5.74208777781262 0.904362311354623 0.887690068814287
Tnfrsf1b 5.72496956798337 0.745253235397921 0.737559179229013
Slc40a1 5.72039328187686 0.811060009434676 0.866373709575813
Ctla2b 5.71821349938098 0.861051966076202 0.851889913863387
Cd48 5.70409755531 0.921397875429572 0.913473318214485
Ncf4 5.70189693908473 0.914077999248027 0.903452811083351
Evi2a 5.6946414284181 0.413792591058621 0.123793673495937
Entpd1 5.6438721094845 0.856023622839583 0.843388944041901
Crybb1 5.61821787038609 0.886529229700505 0.861152047486372
Pros1 5.61325562826024 0.743138503675233 0.71872321527708
Map3k8 5.60813710371529 0.95193688102909 0.944718327523361
Tlr1 5.60748034218194 0.950981092946628 0.942972009087337
Tm6sf1 5.60139552689595 0.700813291546336 0.813798629635654
Ttr 5.57850321298979 0.416047449502678 0.316776354853328
Cmtm6 5.57751368338863 0.647003884533412 0.738642195181318
Junb 5.57380946737562 0.70264167809582 0.710325676330519
Akna 5.57185395452222 0.848794685364214 0.910062558306999
Dapp1 5.5311282175321 0.74648992959179 0.7316654390012
Alas2 5.53056733053244 0.827980623030992 0.815788424313297
Cd34 5.51418924888483 0.785654436114118 0.780985632471422
Stab1 5.51040355847614 0.892840172544682 0.863186646275213
Kctd12 5.49168207585004 0.765418186413804 0.785278356355154
Btg2 5.48206185028537 0.696732616036278 0.302019874538366
Mlxipl 5.4741195031883 0.605368633239023 0.619049006631193
Cd83 5.46883702705086 0.74191732337789 0.845325431496175
Slc16a6 5.46138334992066 0.819992358376921 0.813117152081023
Ggta1 5.45266101122397 0.801927837395917 0.742119145974757
Chil4|Chil3 5.40219549374888 0.798169442458184 0.740050725099717
Cd37 5.38874396716372 0.739320182210218 0.751498906549431
Ankrd44 5.38582591771859 0.722898467377829 0.774227736142258
Stat6 5.37226115163522 0.725246925633478 0.821483000769591
Arhgap17 5.36165659497787 0.724200572866053 0.814797078135117
Cysltr1 5.34885471839429 0.925334940850502 0.924403411688516
Edem1 5.34477503813935 0.769253586588478 0.767918324079887
Clec4a2 5.34217049180875 0.923936156591589 0.905516640980893
Rab20 5.33746427397764 0.87546007313807 0.823035733235841
Il16 5.31324291119868 0.873557303569894 0.83462050859691
Csf3r 5.30178430621029 0.741444805927719 0.660752043494533
Ets1 5.30173588883228 0.862325090439864 0.798932163578278
Srsf7 5.28483916816063 0.719405268220319 0.66856877761714
Ier3 5.27685025671079 0.724519846502275 0.83011387947447
Tmem173 5.26085282533117 0.803945512145369 0.749852994922644
Ncf2 5.25731073013735 0.86754322110948 0.821566928619307
Syngr2 5.2429182808854 0.506046433041585 0.678839470206685
Ltf 5.22879721850478 0.674566257347887 0.68933239212516
H2-T23|H2-T-ps 5.21757750882813 0.733758837518518 0.755580169097825
Mafb 5.21464045377439 0.910196748924137 0.898816567803819
Cd300c2 5.21041218580508 0.769823775559215 0.746466648606486
Adap2 5.21014147119931 0.884483136158466 0.895856531846093
Casp4 5.18891786615503 0.859013472601929 0.841870371281753
Spata13 5.18130581270905 0.733095599566933 0.822731914118561
Hk2 5.17975995085153 0.842936724602315 0.836401319333504
Tpp2 5.17934885571611 0.814152139588246 0.733933028598939
Cmtm7 5.17006919257005 0.892171954530974 0.884812951828916
Cd300a 5.1537465690717 0.814518883946114 0.797868338805999
Tlr4 5.14783282271067 0.852122284083297 0.833931682619817
Abhd15 5.14481634068089 0.803379019514046 0.802691227703944
Rassf5 5.13377901163739 0.734767655657232 0.849714056879638
Spint1 5.12141201691812 0.776275252453779 0.805560093180092
Klf6 5.10793567319935 0.756413259313478 0.706917324178809
Syk 5.1008898730204 0.871800445662082 0.843984743320586
H2-Q9|H2-Q7|H2-K1 5.06697427932505 0.816923838604945 0.795500590853421
Trem2 5.05817946775369 0.827644366253807 0.79962819457314
Lyl1 5.05776444296936 0.905177851574742 0.901198449232415
Rgs10 5.05774828109156 0.768385670491953 0.851709466808873
Grn 5.02854700964171 0.702109024245483 0.800641837265229
Hbb-bs|Hbb-bt|Hbb-b1|Hbb-b2 5.02138375678279 0.616506725778121 0.583924665058648
Arhgap45 5.01200167906476 0.823936351066846 0.789580473023445
Hhex 4.99821720187533 0.767802755327672 0.766926625786468
Pla2g15 4.99725162385989 0.833271840369488 0.88804322785226
Clcf1 4.99194598806348 0.926403908960134 0.915833316528596
Otulinl 4.98281894220118 0.84905283439732 0.854832081916039
Themis2 4.975882687959 0.867920805597885 0.819667523458926
Unc93b1 4.97532180966415 0.832558702141035 0.784428331790422
Fes 4.9713249183283 0.916286146691021 0.91822632595817
Ccnl1 4.96993854995848 0.571298273640146 0.60564315682348
Adrb1 4.96849358112034 0.708136786597016 0.795676353205937
Cttnbp2nl 4.96268163979214 0.717204009568932 0.690724502982249
H2-D1|H2-L 4.95203937761208 0.742036266273337 0.707796442936603
Casp8 4.93879737831915 0.830859313548342 0.795032515662953
H2-L|H2-D1 4.93348438975572 0.793217287697999 0.767797222031011
Ppp1r15a 4.93115462169668 0.775649939076659 0.769972582969436
Frrs1 4.92977309572834 0.632590259140472 0.58919990543273
Rps6ka1 4.92707048313885 0.705076766491703 0.678696401071155
Nfe2l2 4.92558254063271 0.470780145516592 0.453204696832214
H2-K1|H2-D1 4.91843727646142 0.54390807009425 0.538827231906372
B4galt1 4.91814499593578 0.623215502510713 0.640016849057475
Anxa1 4.91080355490316 0.260421846825496 0.0916818690569805
Coro1a 4.90488196431687 0.602277264603098 0.610566650947906
Zfp36l1 4.90186931646736 0.346513092262776 0.321053198039929
Wsb1 4.89960019274944 0.0363793053985287 0.336773455319757
Gusb 4.89336907371948 0.643630777835966 0.783390853831904
Tcn2 4.87204716422283 0.621042856522229 0.799334857245979
Hba-a1|Hba-a2 4.87102811650172 0.621976860643755 0.584534962386967
H2-D1|H2-L 4.8669223541509 0.719464594986842 0.707316936896556
Pald1 4.86650781546459 0.696387144164412 0.764893883652874
Tnfaip2 4.86381078235966 0.836203603237944 0.835131463283493
Xlr4b|Xlr4c|Xlr4a 4.83709632058617 0.849011090636666 0.758267229411362
Hspa1b 4.82614457838147 0.424086734260724 0.452262978230158
Slamf9 4.8174771988529 0.62254256759632 0.601498835952409
Epb41l2 4.81717660538538 0.353743177784413 0.63651975349556
Hvcn1 4.7997136033252 0.934182305056774 0.92552093896227
Ctc1 4.79669204206634 0.813326975926738 0.754750704144568
Pon3 4.79625853782339 0.919570456931235 0.910700314388156
Csf2rb2 4.7961343289464 0.415012373289353 0.124660237839465
Hfe 4.79574292928277 0.746549780241283 0.693190338536353
Trim47 4.79239141507952 0.85968945397983 0.882941304948152
Pag1 4.78795720803496 0.626702146603031 0.830757448823823
H2-D1|H2-L 4.77324688508469 0.811412123208864 0.75846323307839
Abcc3 4.76385499808962 0.801000460067173 0.803312316164048
Irf5 4.74948185805542 0.804512990913005 0.785628787643911
Hspa1a 4.74884896667177 0.59895104793915 0.583085555598923
Hba-a1|Hba-a2 4.74616640331769 0.554175032816078 0.495255872691648
Klk8 4.74076678014621 0.905233806027517 0.894054630982484
Nr4a1 4.7373151186946 0.419035073054396 0.552232491626676
Tgm2 4.7330950789796 0.576366461451718 0.463783861585056
Parvg 4.72645201454582 0.717022235511898 0.679667425411187
Arhgdib 4.72546651275754 0.617456010759536 0.629942607529582
Adamts1 4.7253052243687 0.592968562509252 0.721258540470738
Serpine1 4.72072377329519 0.758430197766992 0.772473803756492
Rreb1 4.716436109633 -0.086845942383536 -0.0103038808606938
Lyn 4.71006257588337 0.848152457135608 0.886297495897344
Lrba 4.67953507878372 0.719812132661778 0.739576065225961
Tor4a 4.65936341216264 0.780801596328622 0.787894892783252
Pdgfb 4.63855020165354 0.779284380383249 0.723963242660202
Sipa1 4.6330330904935 0.888375000143612 0.891753976749627
Mef2c 4.62865042589633 0.305713493664029 0.168394127071087
Mcl1 4.61069172951965 0.670926683565369 0.755348597793926
Elk3 4.60875198111778 0.790553987178674 0.777628378042196
Plxnb2 4.60545581246986 0.576220067089524 0.702591554700873
Trim30a|Trim30e-ps1|Trim30d 4.59284756069395 0.369267891764296 0.175295068911382
Lrrfip1 4.58965882357765 0.739667111897269 0.768638722666259
Adcy7 4.58232244569854 0.427342753648476 0.406793107735415
Ang 4.57784627033652 0.938411061637709 0.921038456108818
Trim30a 4.57157700905268 0.899074601812967 0.889480299318717
Myd88 4.56596471438009 0.822187356040596 0.772810248276022
Tgfbi 4.55502470940755 0.690983718090798 0.661911986857993
Il6 4.55199233596155 0.924301708761142 0.870859115857809
Sh2b2 4.55053133868573 0.878311224527515 0.83455325094322
Samsn1 4.52740865941387 0.925062233371754 0.904656819978584
Ptbp3 4.52677062602417 0.596322776151312 0.72421970086545
Lrmp 4.52654510938743 0.932682224767239 0.931047577862437
Slc29a3 4.52309589831982 0.564119336640337 0.544499143390683
Igsf6 4.5223362353427 0.900547929617107 0.863178885643969
Phyhd1 4.50807218600633 0.727181451137532 0.722017233311674
Mylip 4.49986113842416 0.65207512918443 0.627117917975272
Il13ra1 4.49869111608708 0.626120908731095 0.550413574552872
Cxcl10 4.4950562408552 0.811517759980138 0.69856176833123
Rrad 4.48723187446042 0.870214510991793 0.86885441043746
Lpcat3 4.48606324285337 0.374951173264122 0.370986664449744
Abca1 4.47309901233617 0.438915616688309 0.134537026901349
H2-DMa 4.47056010784366 0.83306350728192 0.880075370221145
Gas5 4.45956512255475 0.525860234781422 0.579511280860838
Vamp8 4.4564396953922 0.656792336910197 0.723195666338738
Afp 4.45427686939669 0.88911325095276 0.859130269380647
Il7r 4.44558323758884 0.712209723510382 0.666864536778689
Spi1 4.4400089121351 0.891009966664867 0.86614258708437
Plxdc2 4.43565144489088 0.604234471248447 0.597768185984805
Tec 4.4309403398946 0.59849873054632 0.560727870932865
Ifi30 4.42762954570448 0.828146763266697 0.871864269419728
Npl 4.41768732436337 0.648119628968306 0.700004523370205
Lag3 4.41570933996462 0.798554658720151 0.75963234220116
Arrb2 4.41339349627576 0.785183354219653 0.768393578102364
0610040J01Rik 4.40872324785668 0.589466394035779 0.418756621518981
Ceacam1|Ceacam2 4.40710361631293 0.779084886451514 0.741432445258905
Birc3 4.39673192841145 0.857839047092226 0.827321517006486
Mlph 4.3965062596708 0.705895806126777 0.648364235719871
H2-K1 4.39236577412387 0.75959138133358 0.571151271462752
Siglecf 4.38249164258095 0.92509197412077 0.920681244818601
Rel 4.37773921716397 0.873607589049179 0.859367502737949
Clec7a 4.37452039392098 0.755257721129254 0.736036604710514
Ccl2 4.37274860303659 0.90687975736692 0.892805729097114
Cebpa 4.36365344857742 0.852058664532911 0.87501448082935
Trim12a 4.36278707519866 0.922140911068306 0.903565730163519
Cd9 4.35683324329662 0.1036529361517 -0.198812014371934
Pld1 4.34071059974367 0.654443740414126 0.794539732732298
Jun 4.3397739588572 0.449466930170044 0.407492586906477
Gmip 4.33759692879846 0.811579088845488 0.734060215258623
Sparc 4.33362564840288 -0.0439769554255335 -0.0595837855726374
Slc39a8 4.31844141904841 0.602172918585761 0.49901549480571
Elf1 4.31830918016069 0.576496272183302 0.648389017927976
Runx1 4.31322164618741 0.899350106406447 0.867231600254319
Pla2g4a 4.30970433610722 0.577273452712945 0.265679578354155
Zfp36l2 4.30204211876965 0.376572675673206 -0.0397896095159471
Cd52 4.29263157137199 0.84288269866875 0.80938176017582
Zfhx3 4.28950644111025 0.154667822629033 0.142679534225248
Nrip1 4.28855148667837 0.754957675415291 0.855706570350862
Rela 4.28853268060626 0.594611673628052 0.691315995201326
Ptpn18 4.27761090810264 0.802442256559727 0.7772185049695
Ifngr1 4.2688254853566 0.811216961273051 0.809631382697536
Mfng 4.265240619541 0.778654014879249 0.770999205022974
Arpc1b 4.26222550259653 0.59662800824666 0.11048556736705
Hexb 4.26030903982856 0.70775991740155 0.646654250941112
Tspan14 4.25909302058376 0.305916943807992 0.410817272224325
Asph 4.25136153583355 0.422816829374583 0.205598381384253
Rbm39 4.24964616574808 0.507592631562451 0.533302736117914
Tnfaip8 4.24222011786084 0.32663357624506 -0.0687511326400445
Scamp2 4.23006603699565 0.602137354373384 0.715696763220685
Lgals9 4.20289903473363 0.903775084565671 0.897192596246349
Casp1 4.19788610507582 0.889371921697113 0.903381979588528
Serinc3 4.19252616256266 0.57202461565378 0.369666526075178
Usp2 4.18841998171379 0.582193566083747 0.756668195445876
Gpsm3 4.1868863648394 0.890627615252514 0.87155371136147
Hpgds 4.18235603857322 0.802030092613908 0.793869597281263
Prkcd 4.16493040994241 0.660394317753796 0.688708725514112
Mrc1 4.16095580324127 0.813325384430841 0.759170397655094
Ugt1a7c|Ugt1a10|Ugt1a2|Ugt1a6b|Ugt1a9|Ugt1a1|Ugt1a5|Ugt1a6a 4.15695826307747 0.63430016146174 0.670144410937881
Parp14 4.14850833732022 0.702097838729802 0.682184116286333
Cep152 4.14433320444724 0.839399318429677 0.817513234654921
Rbm26 4.14084555222023 0.705643562851868 0.670076666145012
Lilr4b|Lilrb4a 4.13126271441073 0.877587372075435 0.856148998127117
Mef2a 4.12981199483552 0.695638666767445 0.617114622196715
Arhgap4 4.12618806541153 0.860053869771259 0.803511815518886
Nfkbia 4.12415773106904 0.736074588454407 0.740443446254942
Lgmn 4.11744024648027 0.604854648101995 0.75538821184546
Slc2a5 4.11711615223339 0.461175527999362 0.335770167060867
Hcls1 4.11549327730109 0.929002075959091 0.895025134409734
Pnpla7 4.10294376717666 0.517813377742063 0.453948081481576
Btk 4.10181450347589 0.730306172898258 0.694335665978374
Ripk1 4.09979803161469 0.598620846427147 0.610578688933626
Fcrl1 4.0815639650248 0.840375996921996 0.771842287139646
H2-Q7|H2-Q9 4.081155297965 0.77993549367012 0.68879456734831
Resf1 4.07822545264196 0.562458611797496 0.514040255831611
Lrrk1 4.07644015774357 0.82599849456847 0.794920330552972
Cyp4v3 4.07278379406521 0.255921522138826 0.383405637632348
Slc25a45 4.06897573677291 0.423223949683599 0.322237551840374
Lmo2 4.06597406872194 0.740918005341175 0.804215642214501
Myo1g 4.05892776053372 0.804549995812067 0.759454743064151
Tgif1 4.05712371117123 0.873000788300482 0.853234422200012
Ly96 4.05689251647486 0.841120631805606 0.816256406848215
Ugt1a7c|Ugt1a6a|Ugt1a2|Ugt1a6b|Ugt1a9|Ugt1a5|Ugt1a10|Ugt1a1 4.05042887710044 0.820208887677462 0.819080942357532
Herpud1 4.05004605009795 0.729155524934016 0.883073164859804
Pdlim4 4.04940090662085 0.39284920471855 -0.10726267715303
Rgs19 4.04720217267113 0.585966315874073 0.625774703356778
Cyfip1 4.04533878776286 0.510398050173206 0.667101971450016
Notch2 4.04495226391816 0.222365979960646 -0.0431145382667697
Cmtm3 4.03473652189099 0.35864758873965 0.359412207355567
Cd177 4.03234405939632 0.848962203620269 0.786647624317944
Cd33 4.02916229385822 0.697477337902758 0.683479206664861
Man2b1 4.02668200402252 0.749698305609714 0.677482272613863
Apobec1 4.01377309461736 0.458900082451834 0.43671341660728
Sgpl1 4.01353390032022 0.489628005427674 0.675218489090254
Ceacam2|Ceacam1 3.99894378457177 0.806049994463436 0.792306759052264
Cxcl16 3.99822775008486 0.891513251859432 0.873154727339641
Cebpb 3.9945771474057 0.747079635429445 0.76081120587738
Plcg2 3.99414763237649 0.545508366300084 0.528040982509983
Rab3il1 3.99129096809779 0.712569945125084 0.586514854899057
Dusp1 3.99071904307699 0.486534696462553 0.349844153941768
Dock2 3.98973397671005 0.705947561827417 0.664850218839359
Klf10 3.98338538320519 0.658599215362386 0.677383815791468
Gna15 3.98205952830426 0.859481253531974 0.799277548511693
Naalad2 3.96876030603216 0.646851064166584 0.615226647758547
Tifa 3.96720411685653 0.719567760188314 0.825896335508585
Pmaip1 3.96569929595597 0.931664779685919 0.923093063169517
Pnp2|Pnp 3.96215495943872 0.42107610595583 0.717571443896628
Adam17 3.95933694392566 0.376994832992708 0.503749337160444
Galnt4 3.95862165863734 0.409786415851867 -0.0888496445825484
B2m 3.95809739911505 0.612985641767981 0.571479053777188
Uba7 3.95310302934666 0.883719331351926 0.851368067500101
Cklf 3.94817604304208 0.618330893781657 0.748925563337602
Itga6 3.947513595161 0.44753384860967 -0.124700103526212
Sult1a1 3.9442309870612 0.484038530554651 0.148317382320863
Pxn 3.93354885787224 0.355136101079606 0.398268165544461
Prkab1 3.92336412379403 0.774522839426397 0.713931452405055
Gcnt1 3.91491204777217 0.910510445306284 0.880324663096584
Msn 3.9116744130767 0.638215041449182 0.684115375264613
Adrb2 3.91015381943041 0.756462200203628 0.673083666971878
Slc25a37 3.90641380604764 0.633458482222737 0.513064859331455
Parp9 3.90318774990221 0.592043063078204 0.552267165983235
Tmem140 3.89520490392188 0.792929417583508 0.692141497870633
Litaf 3.89034496974464 0.332594154681817 0.446164633416549
Tmcc3 3.88985404908386 0.725360552993909 0.533104613879965
Tnf 3.88621835878509 0.754676509157493 0.698481798419087
Plekho1 3.87353377107547 0.76190180451697 0.788235215860598
Plekha2 3.87212946351945 0.168883369544603 0.152598260663507
Dock8 3.86915037257314 0.785853550451792 0.715599256358476
Chst7 3.86551868575492 0.641308751111447 0.649251307858187
Rin2 3.86346061586702 0.599971498088979 0.6446135270599
Myo7a 3.85519521161096 0.736617254946047 0.704544491077552
D17H6S56E-5 3.85450931966291 0.84872517507506 0.780121337555546
Plxdc1 3.83991952372733 0.571103496206381 0.691490330725459
Tcirg1 3.83796264871879 0.662232976087125 0.643821146604065
Sirpa 3.83525749063626 0.556047878490175 0.675461524839095
Snx5 3.83523263510148 0.586134788950845 0.678821802397736
Glipr1 3.82773540485713 0.792710284674904 0.66674149667527
Fos 3.82601227651721 0.262188798820395 0.397663788507443
Tmed5 3.8223593085158 0.48519313850573 0.284702529007432
Ebi3 3.82219544649084 0.786796468670175 0.717817092354899
Ftl1|Mir692-2|Mir692-3 3.81341674579275 0.518799610924535 0.386635058772273
Lgals3 3.8097455978906 0.729660787784613 0.48078304706377
Rbl1 3.80743682084843 0.645725065040942 0.441093516327229
Il17ra 3.80557873894471 0.727994359900739 0.710240166105616
Myh9 3.79545067520699 0.565919125389258 0.407943551139456
Itprid2 3.79483066936801 0.366039514673612 0.159678465284474
Hps4 3.79456819780857 0.750805388041582 0.692983378602262
Clic1 3.79404097848015 0.741765079512436 0.821677629712346
Vrk2 3.79086982636948 0.721947582675572 0.69549244351462
Ptgr1 3.78223096436832 0.64939058546436 0.775925727977305
Tubb6 3.77719240919382 0.845675057479131 0.881782173576879
Rac2 3.77369919402507 0.464080191351291 0.341409016438203
H2-Oa 3.77005774284102 0.880018910962089 0.84108801377394
Il10rb 3.76408607452594 0.728974773354721 0.743412690374508
Ctsz 3.76314859720914 0.538665791912216 0.828921071951649
Tbxas1 3.76115976869376 0.858724119567141 0.831953408472255
Ncf1 3.75700641762131 0.872778632968101 0.829569742706289
Zfx|Zfa-ps 3.7563515304328 0.771816146705609 0.780882275826841
Ppfia4 3.75363502780595 0.769575795198844 0.763599969213437
Arhgap9 3.75339158244994 0.80384486068017 0.763221554577508
Gdap10 3.75258105079399 -0.036826340151637 -0.174863464967654
Man1a 3.75212666848113 0.516773309234912 0.248470045884262
Ints6l 3.75167845516262 0.323193956838578 0.363364157930972
Gem 3.74758946677334 0.443448114092782 -0.0428587386634424
Cebpd 3.71895988800329 0.435235110251257 0.45065287968563
Stk17b 3.71392456376932 0.338242228610324 -0.0309181338982068
Snord22 3.71008071546569 0.722610680817515 0.747652135155631
Rnasel 3.69755509906019 0.392506623136377 0.256710909365894
Itpr2 3.69694655118476 0.341286450319586 0.125444356554589
Tsc22d3 3.69447484601914 0.603925763778131 0.687236910718014
Bach1 3.69262344907717 0.70410508830497 0.806395760482104
Ltc4s 3.68837067758961 0.634739664581079 0.553910762406403
Plk3 3.68039091479671 0.57500524075846 0.31595241466277
Clec4b1|Clec4a2 3.67673844509796 0.90495198628278 0.880996989895352
Tcim 3.67329708759072 0.61401823662532 0.245549962192037
Lamp2 3.67234621642315 0.21263253509852 0.13123191019055
H2-DMb2|H2-DMb1 3.67218823164812 0.703116200651815 0.684316270262678
Psmb9 3.67117524058363 0.822207728638378 0.786011022403701
Tob2 3.66099262835704 0.552535837067161 0.746918701070787
Cytip 3.64933168671897 0.685398659768629 0.658347669922626
Sertad1 3.64796222753285 0.73912010753378 0.759443887973034
Phxr1 3.64110013435365 0.573308106133232 0.52809726857359
Igtp 3.63784460963113 0.58992709362319 0.541453892562647
BC028528 3.63349599790394 0.595216268401618 0.296661843788185
Trf 3.629719516891 0.211309567352964 -0.09037688828102
Sox4 3.6292434525757 0.428073198978972 0.0891567837098453
Atp7a 3.62812484723283 0.65336148977543 0.629419390041384
Asxl1 3.62517578396394 0.801079047527075 0.80341841094421
Srgap2 3.62424406055083 0.823517444146013 0.808751391901984
Jmjd1c 3.6231427598837 0.698655148512851 0.753644554087085
Per1 3.62312407684771 0.614475987469137 0.627109920222351
Rnf19b 3.61470705679738 0.655400431271613 0.524697896523365
Sgk1 3.61095981075159 0.389049641239773 0.245624872193521
Naglu 3.6073817045799 0.756161317679005 0.814074881687475
Gimap6 3.60343599841183 0.824957577173913 0.821848339991418
Slc46a3 3.59582761544867 0.76184296889164 0.775143415158904
Mlxip 3.59458875448273 0.816889436712182 0.808565592704474
Fam111a 3.5885340135589 0.819407073121391 0.699300212943908
Slc37a2 3.58791757807525 0.829609431447581 0.825429629351333
Glul 3.56612982522012 0.0280322502316112 0.483954526692674
Nfatc1 3.56484950433656 0.760220075878257 0.75321495159068
Dhrs3 3.56375399908552 0.565732643280605 0.359202952261275
Fam91a1 3.56294831222697 0.536756224551349 0.762069804571303
Prkd3 3.5611917895873 0.0762374242622168 -0.155128712744896
Pik3cd 3.55760828393898 0.830283726235253 0.800023909770847
Rhog 3.55480564442249 0.222462530896544 -0.0956691681287438
AW112010 3.54108562265606 0.797921289608262 0.757745402090522
Ptbp1 3.53874866282806 0.596625494999225 0.514292176793496
Rsad2 3.53409272104854 0.278011469934707 0.229507034699865
Sqor 3.52822627143779 0.734603470176089 0.726946918035479
Cd79b 3.51978555736282 0.859725226308478 0.838915609895455
Tgif2 3.51409076901417 0.801840751327365 0.752933031114124
Slc7a8 3.51002239882544 0.726796694378451 0.735279572813097
Tmem63a 3.5062675678942 0.138478096728566 -0.0975183256489013
Lrp1 3.4908287576405 0.336877946965438 -0.155148499741134
Dnajb1 3.47667904335849 0.737240254365929 0.832812602697087
Ptpre 3.47084596844172 0.437166031756844 0.597374596593877
Pttg1ip 3.46968651397945 0.166234399284228 0.0536159734314513
Gbp7 3.4670296612968 0.577857244589164 0.318783171697342
Phxr4 3.46161313629864 -0.0672839577430432 -0.263303882419942
Ets2 3.4592373222416 0.59794363357619 0.537652466298833
Clec5a 3.45211561988123 0.803895780066622 0.772400314282846
Ifitm6 3.45195107941873 0.750199684489769 0.655635990656243
Plcl2 3.44571205971235 0.701381904150562 0.787063193759785
Sesn1 3.44532706819023 0.568523178903418 0.727376456909311
Gcnt2 3.4320333249964 0.571042250770475 0.565350704769372
Ucp2 3.42906703382035 0.747357944952302 0.788220589930106
H2-Ab1 3.42431010539626 0.759496031189175 0.639214100328447
Mfap3 3.41054528671235 0.470233667185586 0.577955052030549
Hp 3.40984604067557 0.847887202218616 0.763558515769939
Was 3.40535631234075 0.736658738219812 0.716724254498329
Trim34a 3.40362795038948 0.663885041477203 0.610302072210863
Vasp 3.4031724986703 0.749338316785841 0.687160285506359
Egr1 3.39991551435071 0.522161521650694 0.556657133250373
Pnp 3.39834401893611 0.435742279884801 0.711749559477843
Rp2 3.39410155131527 0.832157203695698 0.820370686261358
Rcbtb2 3.37815962052857 0.61034337137128 0.593817060985219
Snx20 3.37781445564497 0.74287276901211 0.614613468681945
Mknk1 3.36930242212403 0.569164070540776 0.474295110578858
Tlr3 3.36863750803231 0.193807394217624 0.314253156845029
Zfp110 3.36767718908198 0.410742641502392 0.649779795192234
Cables1 3.36605439255439 0.505980043418385 0.570082140732402
Tpst2 3.35863482543634 0.643710899529367 0.814376567990135
Trib1 3.35742338396556 0.676384360472672 0.584834877267795
Skap2 3.35331184167017 0.788945918911604 0.770129321353477
Myo1b 3.3464799199495 0.834936855818806 0.76525668855302
Lgals3bp 3.34563822504701 0.633861760702288 0.457115155698096
Stard8 3.34010924381825 0.40210577910662 0.0592476810424324
Fmnl3 3.33952939869494 0.813178121404994 0.777962642660014
Il1b 3.33886948722698 0.749508045022898 0.671609900648088
Tap1 3.33382997045448 0.712392422058938 0.724211993986736
Pdk1 3.32876998140582 0.726449818158858 0.698911635117182
Casp7 3.32336002083641 0.476975818230677 0.0390400474179801
Zfx|Zfa-ps 3.29691238704054 0.776495878785195 0.770972999432078
Rasa4 3.26317331158745 0.785078751979109 0.737878069699408
Gbp3 3.25792706613805 0.581812680279351 0.197688377819953
Il4ra 3.25021777061014 0.795090345497107 0.744135038302212
Tgfb1 3.248937815693 0.83615389040965 0.769309849854972
Traf5 3.2437282736468 0.806309353075789 0.751195426775988
Naip6 3.24222899902596 0.311935082765471 0.161232816883146
Rbm5 3.23731863827896 0.0674858786711596 0.0104210897161578
Erap1 3.22897900850934 0.666291546182417 0.633822422530596
Parp10 3.22544838258639 0.743791633809825 0.680868662453434
Ifih1 3.22133663078089 0.708657340995278 0.68282190518128
Ms4a6c 3.21877174333202 0.700519170223553 0.597711946180952
Smagp 3.2125595207839 0.857041040777746 0.829226208271812
Ceacam1|Ceacam2 3.21159808169441 0.889702662191991 0.854546007478846
Mcm3 3.20741158149309 0.750268746568921 0.72368498800329
Bach2 3.19707699818698 0.367032013352165 0.27993380044801
Arsg 3.17266058874542 0.372635818846624 -0.13454317901363
Calhm2 3.14421002357064 0.85681243972718 0.822921612261127
Mrc2 3.10189119915241 0.453736723482726 0.280465348530476
Hlx 3.09514494355093 0.678045317734078 0.587185588775207
Mpo 3.09189323198925 0.450358277351502 0.303544259389735
Nfkbie 3.08844162140684 0.777230958376932 0.709695613664964
Nfam1 3.08561286531022 0.740829050140403 0.699800285663575
Tlr6 3.08538663032389 0.705484707838103 0.655673594734025
Calcrl 3.0470433400809 0.48523914194851 0.090445464157904
Plaur 3.00514815953902 0.590378305512362 0.540623133220323
Ptprj 2.97946753076215 0.631908819651357 0.506391563092717
Gmfg 2.97132298728496 0.794855296662083 0.722249210575965
Npnt 2.96013451020377 0.618359308743293 0.579417985853949
Irgm2 2.95512654837479 0.574580843105519 0.468471881822807
Irf9 2.92795828401589 0.777540416132297 0.792342799295709
Batf3 2.89055383241238 0.61133063853808 0.47212724263666
Pf4 2.85900021225829 0.791796015934613 0.587958817596617
Isg20 2.82386711007618 0.698622527354714 0.628548347229934
Tmc6 2.78246506534146 0.770012985963583 0.760202015860069
Sh3tc1 2.6876689313037 0.53666138543152 0.424871152281964
Stk26 2.68017635495326 0.657165588997535 0.59684866204018
Myc 2.66622757593306 0.757017649414804 0.836613395073022
Lsp1 2.65639473709554 0.756984458955225 0.685271582442677
Emp3 2.62628995805072 0.776866525432591 0.730344116274289
Map3k1 2.58378148547783 0.646922727072046 0.533624925019659
Smpdl3b 2.58224773460384 0.659821444217346 0.792081319671928
Nrm 2.57905161342594 0.338504255397478 0.269176505051848
Tnfsf13b 2.57503969081552 0.642194206280224 0.405752339349374
Srpk3 2.55080673092901 0.62766505727538 0.304828228240171
Arhgef2 2.43734055412839 -0.163343214687118 -0.18274702436097
Il21r 2.40089377897045 0.831896602115162 0.774032690204033
Ceacam2|Ceacam1 2.38090947968623 0.543932596687909 0.510308320982023
Dusp2 2.37229319509595 0.174427641479152 -0.13016988825465
Plbd1 2.36692687642953 0.457066757846014 0.30380200560312
Kansl1l 2.30875809522613 0.358873903087281 0.233592739398647
Ifitm3 2.28963062781084 0.203504286245117 -0.118774610174719
Casp6 2.26744791546142 0.358860030386146 -0.0129498218409768
Tlcd2 2.04140047803568 0.378009326725802 0.184346752189842
