Mobp 4.83937453266611 -0.0976732203510054 0.024740385920358
Sox10 4.82627287645985 0.43862620131184 0.469853831126573
Mog 4.81596283310783 0.752374926050048 0.743776494466762
Olig2 4.80824729731142 0.680826131695295 0.698661462896173
Ppp1r14a 4.70290261723229 0.703287236154222 0.708562171759761
Foxg1 4.57836656253914 0.199631045467436 0.10027705199262
Gpr37 4.53521353525578 0.506901262775998 0.339781304561819
Pdlim2 4.53286936619874 0.795214527931165 0.744082876887141
Fa2h 4.45206784024522 0.453125034282797 0.520908493734013
Evi2a 4.32240366480071 0.601228999753093 0.123793673495937
Rab33a 4.27043304042889 0.61000566755029 0.600074656369415
Tspan2 4.26883733330708 0.653157379388821 0.67300430788608
Pllp 4.20702556934755 0.506065861076797 0.562042438456071
Mal 4.18894294380932 0.586753876941704 0.613476161848087
Gal3st1 4.15345391916069 0.751947011133947 0.664430754737325
Efhd1 4.11182321628417 0.493531007522061 0.38748675074385
Olig1 4.08411596580125 0.603092552908856 0.773403160142552
Cd9 4.05654734958827 0.399324078881304 -0.198812014371934
Josd2 4.03303525897022 0.704281685357094 0.478458907795507
Gsn 4.02622293581784 0.61090479839128 0.587263755987656
Sgk2 3.96576722972268 0.400009169360839 0.422002845085305
Thbs3 3.95580057963222 0.583670482943669 0.49757457888979
Lpar1 3.92610691826675 0.289609869803927 0.317870894195674
Gamt 3.90463026867367 0.774873678269619 0.669917361409899
Ugt8a 3.8729310650663 0.628249962498707 0.706412355049149
Lims2 3.86336709135931 0.694752740297469 0.666395298710371
Trim59 3.81663901867991 0.693272155740451 0.692994034476112
Mag 3.81500450061231 0.616409410564315 0.542380204506206
Gab1 3.76177878073388 0.503994030075721 0.415327320881204
Phldb1 3.74527938042652 0.643328984438737 0.614333581795272
Scrg1 3.72508141975284 0.418574803100028 0.112704087755725
Adamts4 3.70998646191498 0.296284903683281 0.209578065818951
Efnb3 3.62131808253467 0.158317446281419 0.214452848307683
Cldn11 3.61732175420186 0.396594555358487 0.372872025928646
Slain1 3.59145613686685 0.621905394512366 0.598093824272324
Gpm6b 3.58592825398317 0.206573667080628 0.327706582400241
Aspa 3.57758999551043 0.697424207035077 0.658373874383023
Clic4 3.56732884669887 0.529990998868749 0.515080522834173
Elovl1 3.55850926447821 0.53526937906158 0.269296156409433
Efs 3.55146618650293 0.33738621724345 0.0145779168707599
Gltp 3.54216833293783 0.654595875693088 0.632627083204801
Sox2 3.51799803963057 0.286722194196855 0.2568584868296
Ninj2 3.51070880130019 0.664766745847876 0.598135968892321
Brca1 3.49911795812976 0.575983919394677 0.413117197003879
Rhog 3.49255540916593 0.48910453259863 -0.0956691681287438
Cers2 3.46446384600597 0.585713612296686 0.3570333720753
Trf 3.4422338705594 0.396012261094178 -0.09037688828102
Gpr37l1 3.42868348243702 0.174905868129385 0.499454237046472
Grb14 3.41590705769592 0.679598978385168 0.818448971308361
Jam3 3.40955394767703 0.665018281939119 0.514645888928842
Chn2 3.39629074598651 0.367751990898402 0.465261047582219
Acot1 3.39420811089309 0.446387586179786 -0.0615653343210839
Anln 3.38398491930583 0.731943898729295 0.509189300027274
Prkd3 3.36114437637609 0.356329281283161 -0.155128712744896
S100a1 3.35930681079353 0.415629179949695 0.0427421537797832
Plekhb1 3.35537207254731 0.0959122306469889 0.349630376643696
Apod 3.34645090041937 0.191378600063279 0.237266099794979
Rab31 3.3404681787517 0.419744632492716 0.237256674681233
Plekhh1 3.20230731899792 0.715018267101927 0.47212082113324
Elovl7 3.16227441646248 0.572913837620469 0.107824721188446
Pdgfra 3.12112193714596 0.399094558076585 0.118634010777737
Gjb1 3.02076641809527 0.719544561917032 0.455839264296172
Pdzrn3 2.98370207178425 0.261766889133358 0.00398259701093229
Kazn 2.76471088533995 0.563294156469126 0.47728363528174
Rhpn2 2.75962351759477 0.455285857934077 0.36648838955686
Ezh2 2.70854528716761 0.365263874675246 0.12639536082665
Tnfaip6 2.66134794537779 0.644469721101679 0.443553559514261
Lad1 2.5433420091073 0.174815231802466 0.122606525245256
Bmp4 2.47916421976782 0.515022412432607 0.393724044957843
Ptp4a1 2.19677443142218 0.467444576593513 -0.0881388465740204
