Slc6a4 7.40309598066732 0.838164231758278 0.796771930973013
Sncg 7.21688108707929 0.0924679321679294 -0.0754332470465241
Fev 5.95114745054601 0.75218582259107 0.726860787994112
Resp18 5.91927020692921 -0.00526727788198345 0.0451683901114595
Slc22a3 5.41647294803221 0.862673443677689 0.878115113412768
Scg2 5.32002888594289 0.0320698218058803 0.228910407618623
Gch1 5.25140615773806 0.290682981990769 0.17501368897055
Hs6st2 4.95889666846923 0.444691342450229 0.638894162645521
2010204K13Rik 4.75520411156907 0.613305838199548 0.700272448663319
Stmn2 4.71228579431703 0.249727546483116 0.397014751021124
H2-Q1 4.59389181219972 0.811545643273242 0.757153661040596
Gpx3 4.57028634076279 0.470568120589021 0.564875524314495
Klk1b27 4.54901496380677 0.892623451370026 0.875831387683445
S100a10 4.48146063681375 0.378822616709906 0.506416617782317
Trh 4.42523148530503 0.570125425491526 0.577716984327302
Asb4 4.29586090572488 0.253801374265956 0.0685699274266853
Mal2 4.26538532336582 0.603478288383054 0.579629359581964
Ddc 4.26056052867524 -0.125108492762337 -0.270227367809834
Ceacam10 4.15831611315932 0.864324234562541 0.885276442891777
Grb10 4.12581149552768 -0.206041799414327 0.471921789370564
Myh7 4.10051306022377 0.412698423314828 0.262048218301945
Ctla2a 4.0636344062689 0.722325986600093 0.622814595951661
Gata3 4.0615529208433 0.864420633554907 0.836187729082432
Gap43 4.03773947953193 0.116031885360867 0.259901120183391
Cyb561 3.97128226722003 -0.213330943110584 -0.172192495776045
Cited1 3.89499197849156 0.863981292010299 0.85682638216937
Chgb 3.85482256306208 -0.265178548103827 0.0645755579413998
Cbln1 3.8150818716754 0.00153465202958637 -0.170319997167359
Lin7b 3.81252344620421 -0.143705536870884 -0.0158403228426661
Cgref1 3.79471255484299 0.291011572007952 0.404609229081735
Ptger3 3.77437360613896 0.711879383040734 0.642238236029931
Arhgdig 3.76807723784492 0.162454899133751 0.101621140219272
Pcdha2|Pcdha9|Pcdha5|Pcdha6|Pcdhac1|Pcdha7|Pcdha11|Pcdhac2|Pcdha8|Pcdha4|Pcdha12|Pcdha1|Pcdha3|Pcdha10 3.75968511180839 0.315151628690626 0.371158080183819
Pcbd1 3.74838703291842 0.176770069650643 0.29932780662448
Ttr 3.70150787469396 0.259730665934416 0.106976447512973
Tac1 3.69285228540645 0.540263891309987 0.627268026589514
Elavl2 3.68504454560073 -0.291790258915138 0.0436291251024392
Rit2 3.6757616508948 -0.095130968560516 0.101609840372204
C1qtnf4 3.67452679919191 0.371293182418186 0.0210739226145863
Ctla2b|Ctla2a 3.65806118926036 0.691340309087357 0.557402550774493
Sln 3.64933906771419 0.745023136594947 0.690693845282976
Pcsk1 3.6419305515101 0.152773520713676 0.0427896313058281
Fkbp1b 3.62136299063621 0.131749260358572 0.137729460641496
Htr5b 3.60312550270743 0.743978191488333 0.697108577421814
Fabp3 3.58534463213857 0.213134339150763 -0.0304171980993563
Kcna5 3.58171545207263 0.572559649741885 0.0465978702458569
Usp29 3.50870905349181 -0.0116870674569502 -0.241077132870785
Tmsb10 3.48255294999904 -0.0328672205680955 0.0350053242153959
Necab2 3.47481523138831 0.385528413834137 0.430507299019576
Ache 3.47392701584998 0.116760524431641 0.0248652297181239
Lor 3.44143368221921 0.465746578808164 0.425240786716303
Baiap3 3.43662780400237 0.00219539246884077 -0.112427658026985
Nrip3 3.42828425547869 -0.183445274632057 -0.279467636676913
Ykt6 3.42059920427399 0.652306031821865 0.819586352338522
Apol9a|Apol9b 3.40154412220456 0.8481705645001 0.848704933626239
Htr1a 3.39798343572093 0.640243602894785 0.575822261956796
Dnajc12 3.38792975033917 0.562976146245674 0.625587286935148
Rnf227 3.38340847347466 0.282256667012585 0.548779803154195
Gata2 3.37871813860869 0.325439142036794 0.147746369541103
Mcub 3.26843140526836 0.695015211967471 0.732892203752813
Myh7|Myh6 3.19206746982974 0.591431679395757 0.456832887487981
Crct1 2.96645348942244 0.864344293945194 0.88060362777015
Rpp25 2.9372789178813 0.568821185991083 0.526860942651817
Tmem114 2.83399088801759 0.693411666324771 0.618167752313067
Pcdhac1 2.70719555246567 0.75282837002108 0.680500261787409
Fxyd2 2.40478355563371 0.677446504847894 0.658664395194125
