Grp 7.3467677878489 0.645884355835536 0.48360946294924
Lypd1 5.93763359200291 0.602123733703462 0.550408251940578
Meg3 5.65112713182809 0.528151295481017 -0.0990105402014558
Lin7b 5.60022870983645 0.499597990843814 0.668407334521776
Ly6h 5.46353060015676 0.505372090320395 0.701925834234786
Icam5 5.42711395351719 0.544049444083333 0.675265258024443
Cntnap2 5.40476738639867 0.469263634609304 0.321453487814339
Kcnq2 5.35410290417983 0.326975457714073 0.343999358086011
Myt1l 5.28272012954364 0.424810073762253 0.411540396668516
Chgb 5.25722102146864 0.424989556359358 0.593809405829189
Bcl11b 5.18843479373427 0.53800619454566 0.427694822369967
Tenm2 5.16814370514444 0.662844459234485 0.577751736969574
Olfm1 5.14425144218308 0.383000843452321 0.609792626264251
Nefl 5.05843121743821 0.297434856966302 0.225764302442579
Snhg11 5.0248573643199 0.474686145774783 0.619762827370283
Slc12a5 4.95752268670847 0.336948308632534 -0.124919192857289
Napb 4.93417044557676 0.434902106231736 -0.182421534360952
Scn3b 4.90588224352691 0.462370148280737 0.765099870920551
Stmn2 4.87934919953634 0.436530370165389 0.584394563162385
L1cam 4.87193223327038 0.536512952312236 -0.0155570179941308
Rbfox1 4.83214212236821 0.303305235442162 -0.0646381353506288
Syn2 4.82367026139565 0.542313306824876 0.109327898485342
Gng13 4.78135068069479 0.494278423157558 0.68030164549033
Ldb2 4.77367959138966 0.535926964870417 0.210085012768589
Itpka 4.75899524586214 0.483072155805247 -0.035829131165981
Plppr4 4.69500928613898 0.405293016622364 -0.141536312211473
Doc2b 4.67080637884864 0.595528873445576 -0.163077958762442
Tshz2 4.64394221336113 0.767532866294237 0.863359184461012
Rasgrf1 4.64253548044601 0.365243568418702 0.293681234767735
Gap43 4.60356214850991 0.366386425681657 0.25220862109966
Ryr2 4.60312194463292 0.522440604460686 0.210232017898237
Syt13 4.60282416993992 0.617427081266065 0.500823932280589
Resp18 4.58357879383822 0.424413497055553 0.18481399976979
Celf4 4.5558714857028 0.362941040804213 0.0872920873012581
Doc2a 4.55095917329214 0.565311234497438 0.240691025401417
Gria1 4.52128393472322 0.44677894280401 0.427413528823898
Rnf112 4.51401213807974 0.137403938122789 0.1359724273703
Cpne6 4.43830708149711 0.539460711856809 0.602781543462713
Scn2a 4.43647415550407 0.514910669214309 -0.276212723031137
Pnck 4.42634994883429 0.588892578897432 0.708090347060422
Myo5b 4.42571752762381 0.515170430618049 0.202955445841986
Tesc 4.4095792662491 0.354314700673956 -0.108555097833347
Uchl1 4.40397497866986 0.271052779484071 0.447031065723101
Rprm 4.40309552304145 0.467379866370708 0.424156191549554
Slc6a17 4.38796731607073 0.521446680998115 -0.157511071057446
Slc2a3 4.2687633247358 0.46671925512842 0.181567720878742
Camkv 4.26815344911966 0.441844489891099 -0.0436685682490359
Ntng1 4.25844418189155 0.565349913439722 0.124634282473015
Calb1 4.23752175185922 0.395165379497709 0.205168126700097
Nptx1 4.23342439290225 0.296383028922928 0.240673745408433
Nsg2 4.23295649144301 0.359835041238206 0.13040144823945
Cdh22 4.2296449041246 0.65181652476535 0.604392095216167
Gabra1 4.22503698343437 0.131207061341519 -0.110585646372254
C1qtnf4 4.18314164769169 0.236950104290947 0.204472802766292
Ina 4.12686164703197 0.273207014908753 0.299666104454544
Slc4a10 4.08444273484514 0.324150872036379 0.367437326417287
Hs6st2 4.0758895047533 0.457750864367691 0.404418683064524
Prkar1b 4.05736270589805 0.203847320818157 -0.154104385304029
Cx3cl1 4.05226898935891 0.387646766310435 0.298900429603339
Stx1a 4.03568034303131 0.409453451107056 0.454185805792632
Nrgn 4.02410829521824 0.378448224208595 0.174042521452339
Rbfox3 4.02347258770765 0.405808733219377 0.0334594171658715
Rab15 4.00001750833389 0.455998290142744 0.6535788445676
Cadm3 3.99647015309207 0.621888950028203 0.798613377836348
Hpca 3.98600360847913 0.257593404189881 0.275496633263617
Abi3bp 3.97234156631574 0.872437280306243 0.818034279894077
Pcsk2 3.96657086769498 0.322086015639206 -0.0587147997093363
Myh7 3.95795418582539 0.580189566246987 0.604369692983953
Kalrn 3.94905118658293 0.181119463008293 0.196206888257764
Tiam1 3.94800610435068 0.650328489501168 0.658229547557061
Mapk8ip2 3.91182304856479 0.609919272346923 0.596202114644337
Dync1i1 3.89441869376861 0.280917446809417 -0.224351958972085
Caln1 3.89279114821338 0.361350359098208 0.522617024279461
Chga 3.89154267345459 0.447123280157274 -0.188359683003471
Car10 3.86064864347455 0.348768071590714 0.415043507009575
Sema3a 3.84586720404978 0.548301181047862 0.174223684151961
Dmtn 3.83731875343403 0.494471974651278 0.0855820461730676
Pclo 3.81117944551282 0.495389756596296 0.668707542298205
Cck 3.79632779055057 0.277598737641289 0.366494356436596
Baiap2 3.78593993704905 0.506491081890083 0.325734951631956
Grem2 3.77096958193142 0.634478634115763 0.35121573108213
Pacsin1 3.76867334989586 0.422514552730393 0.292137278266356
Coch 3.76178692145332 0.772925291082286 0.72221757166646
Thy1 3.75781669574115 0.301772534986961 0.481854378473725
Krt12 3.74742480459102 0.515806688289145 0.420709827484271
Tacc2 3.69740827712669 0.372189107140736 0.422280865333651
Serpini1 3.69265787553076 0.296137434453729 0.477242206775925
Cckbr 3.65962285407036 0.522767350587406 0.37510803744142
Nsf 3.65023417339553 0.506276760835039 0.580476109768339
Asns 3.64429421430397 0.0839274789067369 0.246595590007986
Lrrtm1 3.63585982831016 0.285223229796301 0.322187666353092
Pcdhac1|Pcdha1|Pcdha4|Pcdha11|Pcdha9|Pcdha8|Pcdha7|Pcdha2|Pcdha10|Pcdha5|Pcdhac2|Pcdha6|Pcdha3|Pcdha12 3.62813207941912 0.277247873658532 -0.135688110354673
Slc17a6 3.61213810757527 0.480303143420701 0.176197307197617
Nov 3.58289156890139 0.305469568780994 0.342487934683354
Cntn6 3.58022637230144 0.682143737458433 0.628905193879143
Atp9a 3.57860987856538 0.0767725145364681 0.229101987217107
Fabp3 3.55898775814308 0.336759521485603 0.279826001242522
Ryr3 3.54535964951685 0.621476715664031 -0.00615587065176718
Sh3gl2 3.54364762359593 0.276703296159121 -0.0434686916205212
Prkcg 3.54230153929563 0.42180564967266 0.000286283710156242
Spint2 3.52988025669032 0.586360133503486 0.707236586222321
Rasal1 3.52877988784088 0.464065540255373 0.694770429811295
Cyb561 3.52700871425251 0.413157221407958 0.226016501878658
Crmp1 3.51374128293189 0.415047676645966 0.623503802418786
Cyfip2 3.5111513440656 0.262677691664509 0.0458011788772248
Camk2b 3.51108119182245 0.366124806920043 -0.114918505038311
Cacna2d3 3.5100387601733 0.447611711335152 0.44514372259314
Dnm1 3.5075517474115 0.153583152254021 -0.0414324903989878
Grin1 3.50127362250165 0.52860341263314 0.0889124721577799
Nell2 3.48960710558834 0.437674084705491 -0.201486986288597
Map1b 3.48728042463317 0.285967393609109 0.421733043174351
Vsnl1 3.48355796602018 0.0124746080649279 -0.0902132433986885
Arhgap20 3.47997219179638 0.345944557895006 0.50338351178589
Sept11 3.47633013961241 0.53036478919036 0.540299679768453
Cbarp 3.44893918350488 0.428910241521095 0.214697183531739
Epha5 3.44413884912184 0.404421104909585 -0.224744078037918
Nap1l2 3.43025895320096 0.140210387720583 -0.0169417101755891
Ptprn 3.42647535823895 0.513882632846366 0.259449057439379
Atp6v1g2 3.41214926547897 0.304459267421058 0.432578089365454
Svop 3.40836603647953 0.521088613175653 -0.0687986552706761
Tmem191c 3.39984115285873 0.403087597433004 0.452902550471522
Fbxw7 3.39592007789422 0.596919867413795 0.0469883893400394
Tro 3.3887132174066 0.543416634139882 -0.0653999295555661
Snca 3.3764871543645 0.373484245154113 0.588676027157451
Cdk5r1 3.35486231212802 0.437367577339533 -0.0730466962986408
Prss12 3.3521600030861 0.528887739294676 0.487098931802718
Slc30a3 3.34622563332288 0.643649310293029 0.279595828695232
Kif5c 3.3420238892106 0.35338401205328 0.00153006820172742
Ddit4l 3.26041969025777 0.261298261506778 -0.0197037107830838
Neurod1 3.25087767613945 0.712692040596877 0.578118937887784
Kcnj9 2.91235857117063 0.482605081344519 0.316778212631863
Klf5 2.61229300549033 0.777144043357244 0.719552783901442
Prkg2 2.59744848681281 0.189410395395115 -0.0871698980599762
Susd2 2.56032230457676 0.725229434344845 0.765640071861792
Actn2 2.44747719875239 0.594797776117075 -0.129994202458241
5330417C22Rik 2.36911547533576 0.593557003422382 0.217546999795278
Cacna1c 2.07576399456413 0.488544643673428 -0.0963385812340935
Baiap3 2.05480296599786 0.584014560155885 0.34829442716066
