Ptprc 6.67501447322538 0.651134627273357 0.750345321607988
Grp 6.61171133583103 0.61139130744359 0.48360946294924
Pde1a 6.18916331344395 0.713306983745563 0.72822701115223
Myt1l 5.68315113804974 0.476493529179649 0.411540396668516
Stmn2 5.66625357066467 0.512543054642969 0.584394563162385
Snhg11 5.61714661094467 0.526405333854787 0.643762137049227
Cpne6 5.60212214870258 0.63564767547798 0.602781543462713
Nefl 5.59178217249147 0.352500135099317 0.225764302442579
Rspo2 5.49452442225036 0.827328874104921 0.798483152480213
Meg3 5.47166356753136 0.517370644625806 -0.0990105402014558
Gap43 5.41411216655681 0.478955607345986 0.25220862109966
Uchl1 5.3491821547285 0.418014029978616 0.447031065723101
Resp18 5.34250330143427 0.512906628593801 0.18481399976979
Gria1 5.24753764318209 0.515394335633156 0.427413528823898
Hpca 5.21509733425836 0.423452473428367 0.48634500654665
Syn2 5.17390587565108 0.571196567864209 0.109327898485342
Rasgrf1 5.12005037740821 0.41827441897095 0.293681234767735
Nov 5.11883824744602 0.500737091992971 0.565571677901163
Myo5b 5.08088449007778 0.585140297346939 0.202955445841986
Kcnq2 5.02695812724449 0.290749973027489 0.343999358086011
Ldb2 5.01796380132585 0.55168236032466 0.210085012768589
Napb 5.00605104778899 0.444401115457533 -0.182421534360952
Pacsin1 4.96780815467484 0.573634740987218 0.292137278266356
L1cam 4.91225981917984 0.535282534873769 -0.0155570179941308
Thy1 4.87940191407105 0.450240150898587 0.61486741420964
Cck 4.8678799426864 0.441056204753231 0.579216523058867
Ly6h 4.84098238418873 0.439478909105051 0.638249897450006
Rnf112 4.8293563333505 0.209442591431053 0.1359724273703
Slc4a10 4.80460144822233 0.405057326699929 0.463910446668746
Cdh9 4.75908564328951 0.795949436000403 0.7942088768539
Nsf 4.75243715683353 0.614107616099063 0.580476109768339
Slc12a5 4.7382303713294 0.311034272913992 -0.124919192857289
Lin7b 4.72690307290395 0.405695765132962 0.644414282527222
Plppr4 4.71905618008528 0.407939040800447 -0.141536312211473
Doc2b 4.69437278084034 0.589042683669573 -0.163077958762442
Cnih3 4.68048471119615 0.675213732272619 0.78805314749217
Rbfox1 4.67819786490544 0.278795872779707 -0.0646381353506288
Cdh8 4.66160260671769 0.795709276738216 0.851094798721059
Chgb 4.65827141201897 0.356294393324147 0.530069326404342
Mal2 4.65173298146947 0.431360911337969 0.498872594656991
Map1b 4.6072498610151 0.474818783943815 0.421733043174351
Cntnap2 4.5945797016059 0.389623984729375 0.321453487814339
Caln1 4.57579954143852 0.462737879800298 0.632326426525975
Scn2a 4.55731120897574 0.527105668607084 -0.276212723031137
Snca 4.53768037695754 0.527987187531201 0.588676027157451
Icam5 4.52772237593096 0.460048845951667 0.583362222106295
Pclo 4.50779991795732 0.556774785798292 0.668707542298205
Nsg2 4.50385897207868 0.40010796559262 0.13040144823945
Olfm1 4.48968363720521 0.281171831456413 0.569624412277326
Prkcg 4.47956954777284 0.539953886429796 0.000286283710156242
Itpka 4.46921923419084 0.457490944165113 -0.035829131165981
Celf4 4.46483488951564 0.356897603037754 0.0872920873012581
Ifi205|Mndal|Ifi211 4.46245166597418 0.850918146214448 0.676204221512809
Tenm2 4.46241526612669 0.611952897635944 0.577751736969574
Dgkg 4.45816304954671 0.754551079763297 0.803286368514069
Lypd1 4.45564368772557 0.470730823713146 0.550408251940578
Slc6a17 4.43623745054649 0.530807699412334 -0.157511071057446
Camkv 4.4259568866138 0.46221608732516 -0.0436685682490359
Ina 4.41894389081733 0.306750564981642 0.299666104454544
C1ql3 4.41853392443618 0.47228190447307 0.778221111930007
Bcl11b 4.3697520721011 0.440555402388529 0.427694822369967
Gabra1 4.35688540668393 0.155878197058908 -0.110585646372254
Serpini1 4.3532439944256 0.394237826767482 0.518371852972981
Gria3 4.30167801072381 0.592389992009779 0.587543526644568
Epha7 4.29227067350262 0.43353373698697 0.0272725339709775
Tenm1 4.28575040162007 0.755096875040571 0.531684375976591
Syt4 4.27507860547472 0.433441946048964 0.403524466650782
Eef1a2 4.22844146956039 0.370087874878436 0.314182938404856
Sstr2 4.219507869986 0.64171684194023 0.667624506839327
Brinp1 4.20419692193745 0.291461034608203 0.369756595567398
AF357355 4.18330342361318 0.722146915754789 0.56211287050627
Atp6v1g2 4.1631113174304 0.442494708114541 0.432578089365454
Slc26a4 4.15883910731024 0.691026255587738 0.795586846562414
Ptprn 4.15798134248002 0.59185040520752 0.259449057439379
Tesc 4.1484907400797 0.321490625698485 -0.108555097833347
Pcsk2 4.14417973363964 0.355835291525985 -0.0587147997093363
Doc2a 4.1252349643522 0.536008723477136 0.240691025401417
Mndal 4.09475316632996 0.860355241128888 0.63682423174956
Slc6a15 4.06931520227655 0.487788884930213 0.361692714428784
Etl4 4.04634883790544 0.614380910504122 0.549158197165565
Prkar1b 4.04340004567015 0.204246119291886 -0.154104385304029
Vsnl1 4.04212723362441 0.106047349410033 0.0980739245568296
Ryr2 4.038425635843 0.468626628833395 0.210232017898237
Nefm 4.03538127528395 0.356377762824047 0.402581239569468
Gng13 4.02395194538619 0.400521605050888 0.666053100601913
Chga 4.01961464502796 0.461472536112849 -0.188359683003471
Eno2 4.01941197944438 0.269002899680097 0.344099279946514
Snap25 4.01467756580006 0.108856553069703 0.041637678304489
Dync1i1 4.00165562448607 0.299916042033354 -0.224351958972085
Fabp3 4.00090799692654 0.413591833386941 0.279826001242522
Neurod6 3.99430516606577 0.470472232234498 0.311799285359305
Slc2a3 3.9844153465531 0.436622203585425 0.181567720878742
Cyfip2 3.98414145336997 0.366046141168302 0.0458011788772248
Ryr3 3.98171002194137 0.662795749987732 -0.00615587065176718
Mmp17 3.97439926773663 0.593343297842623 0.739563042527687
Asns 3.96670695420803 0.143128062461249 0.246595590007986
Calm1 3.95414875485662 0.6278865618643 0.753387982663029
Fhl2 3.88619392970486 0.640401566120755 0.699592252616159
Glipr1 3.87945007538017 0.642920096900861 0.341338997260071
Rgs4 3.87688940504215 0.354513822458617 0.249189537552328
Psrc1 3.85449765578711 0.711620975244449 0.754141620426868
Stmn3 3.85247691376084 0.27084387844259 0.52734315336921
Cnnm1 3.85184018975986 0.582557662557604 0.430248123313924
Slit2 3.82365094590301 0.622347351538103 0.7737503022102
Rab15 3.78046542557379 0.42794139074806 0.625893638746741
C1qtnf4 3.76642841520989 0.164748355859742 0.160530453342353
Rbfox3 3.76492687176417 0.364634421316047 0.0334594171658715
Pcdha10|Pcdha12|Pcdha4|Pcdha8|Pcdha2|Pcdhac1|Pcdha11|Pcdha7|Pcdha1|Pcdha6|Pcdha3|Pcdha5|Pcdhac2|Pcdha9 3.75471944549345 0.611279864505825 -0.0497762161027261
Scn3b 3.74030973788498 0.275274893412595 0.635780749145085
Sept6 3.73330477334326 0.401046500904767 0.212817517928157
Pcp4 3.72049135484917 0.0316452908204855 -0.0373238136411824
Cx3cl1 3.70247357270061 0.342716814342839 0.298900429603339
Nap1l2 3.69822714147539 0.189804410179321 -0.0169417101755891
Pcdhac1|Pcdha1|Pcdha4|Pcdha11|Pcdha9|Pcdha8|Pcdha7|Pcdha2|Pcdha10|Pcdha5|Pcdhac2|Pcdha6|Pcdha3|Pcdha12 3.69411394449484 0.292279261789703 -0.135688110354673
Sh3gl2 3.6894594544327 0.306598966565562 -0.0434686916205212
Gng3 3.67003897418954 0.27851472233905 0.490589955853104
Nptx1 3.6686929541652 0.222790373758145 0.197130167729694
Spock1 3.65000889795359 0.497656237525346 0.636304309194638
Syn1 3.6472415358752 0.48644866940772 0.0273545401194252
Gabrb3 3.62997311288924 0.762910998111311 0.750432056867502
Nrgn 3.62368335915081 0.294472792071014 0.174042521452339
Parm1 3.61719050715317 0.427873860608625 0.307444659800581
Fxyd7 3.61105123952085 0.696951834734989 0.694549913288474
Sema3a 3.61054295223751 0.526617387714842 0.174223684151961
Pcdh20 3.60959560303779 0.443012058592732 0.561023197246083
Syngr1 3.60484836956036 0.613505230368467 0.379297190169098
Slc25a22 3.60296387794122 0.613160258077835 0.264199875102163
Syt13 3.59593055104677 0.526598079960854 0.500823932280589
Fbxw7 3.57782521039962 0.628146195052134 0.0469883893400394
Kif5c 3.5467564457732 0.402355111599392 0.00153006820172742
Tmem35a 3.5203310937813 0.461318838342227 0.37233890757945
Ntng1 3.5023550235851 0.47219975210666 0.124634282473015
Epha5 3.50197485682231 0.4141757861073 -0.224744078037918
Tro 3.46003146074306 0.560695083074565 -0.0653999295555661
Stx1a 3.45109641074681 0.31511641650258 0.330558823262931
Cadps2 3.44424178830612 0.361499444371152 0.422598530864536
Ckmt1 3.43994979598738 0.37474830160531 0.386035200007032
St3gal5 3.43530047045231 0.571929139233462 0.394764753030412
Ar 3.42665441624415 0.740262607802359 0.688693399738236
Klc1 3.4137526780379 0.181107843748684 -0.0128456879093993
Syp 3.41177236064253 0.395575234163421 0.283968288706113
Nell2 3.41040562621242 0.43204921923054 -0.201486986288597
Mapk8ip2 3.39810305206106 0.564823785935123 0.596202114644337
Rian 3.38576213024305 0.550496235303692 0.141097553927716
Svop 3.38436436806712 0.510026414572105 -0.0687986552706761
Arhgdig 3.38317109948008 0.307663788365196 0.572132616643711
Dnm1 3.37222696184153 0.112525446606016 -0.0414324903989878
Tmsb10 3.36644100671302 0.408477609922013 0.296471619117045
Fam81a 3.3584986408735 0.439464150033919 0.560604777689127
Slitrk1 3.35639282977061 0.23203927783707 -0.130099014912686
Nrsn1 3.35293138165816 0.404835734283103 0.520329633180418
Lgi1 3.35197457117237 0.482174685057552 0.675516303035404
Slc7a3 3.35148898213188 0.596572257943025 0.659660667166389
Grin1 3.34336099559382 0.488808309319628 0.0889124721577799
Kalrn 3.33525262275843 0.109278126994827 0.0931677358994947
Klhdc8a 3.33282137370536 0.41886300165344 0.192211129222937
Atp1a3 3.33219189062179 0.477246097278034 0.284259369401677
Pcdha12|Pcdha4|Pcdha6|Pcdha7|Pcdha11|Pcdhac1|Pcdhac2|Pcdha5|Pcdha9|Pcdha1|Pcdha10|Pcdha8|Pcdha2|Pcdha3 3.31333248149347 0.493171163864814 0.385047450547605
Sidt1 3.2770706945732 0.606129849814865 -0.0380180516966909
Il1rapl2 3.20546157534385 0.782233614504701 0.641567903580462
Kcnma1 3.07282364434098 0.657592762222683 0.641278481770762
Gng4 2.98683027270811 0.486560329246549 0.557008981793818
Cntnap4 2.92013231040572 0.612848032438438 0.563762093255679
Matn2 2.83863074800435 0.188490395169966 0.305855211640123
Bdnf 2.80449627858208 0.741631703054723 0.62436912582607
Scn1a 2.76743941679933 0.223235711406977 0.0348042987137012
Tubg2 2.71767019410717 0.401438880791449 -0.211943560283793
Adcyap1 2.62598131247049 0.684786497110655 0.143154280252799
Hcn1 2.59835379735068 0.428387165279756 -0.19901871970139
Rab3c 2.5890365033695 0.342381249864907 0.47592180703158
Igfbp6 2.52404382632749 0.459108531579333 0.26851306841188
Rgs11 2.21758427256145 0.727128156952814 0.694813399955024
