Tfap2b 5.7326544641256 0.80703119950676 0.367915557741284
Sla 5.70134228480626 0.778938592799792 -0.267188652605411
Ptprk 5.64248029071923 0.698649102635491 0.542408384960876
Slc32a1 5.57001737917619 -0.0354066988671656 0.0490052253061562
Socs2 5.50979350290297 0.745188648069226 0.68847244460596
Kit 5.41169270551655 0.766258301544278 0.765095953302908
Xist 5.3479947100483 0.494917797973583 -0.369743355343125
Parm1 5.23946364137703 0.613606175194343 0.568575922034933
Ptprz1 4.94652659654012 0.63669348664574 0.507663980896554
Eml5 4.67040331775262 0.665891105708939 0.54097365290557
Lamb1 4.52804012494373 0.310147893304814 0.382665104743396
Kcnma1 4.48086703118815 -0.0221599739204597 -0.0495009634800088
Cxcl12 4.4314426371125 0.759672386576925 0.623395402812249
Il22|Iltifb 4.32736249677356 -0.0613019814112667 0.661896338044617
Sorcs3 4.29939545531679 0.823889238372625 0.694139826276728
Gabra1 4.25416012652617 -0.0575476474303446 -0.106499120260095
Elavl4 4.23052913487179 0.581243763508694 0.553109166894801
Cacna2d3 4.09976632911296 0.666188504342578 0.44978166791872
Gad1 4.09126037544221 -0.034466429592056 -0.0170744301444965
Pvalb 3.96778363570205 -0.185472515275007 0.0941537916132021
Cntn4 3.92162339603978 0.499330473663367 0.486182694909984
Tfap2a 3.88405357861258 0.408333610795916 -0.18441452737037
Ntn1 3.78955825708019 0.70263482228015 0.710236374401064
Gldc 3.76244725055564 0.644798529405748 0.136597981264491
Snhg11 3.72301332523854 -0.0284064629062171 0.114966853150075
Gdf10 3.66256968759699 0.458543935989464 -0.0820101064062651
Mia 3.66138137645262 0.819280137828692 0.64578280626388
Hcn1 3.63614450037384 0.291202274460455 0.263790385343586
Cidea 3.63057119578452 0.762459075212286 0.311668409807433
Atp1a2 3.56117459459521 0.255378373195198 -0.14734233266709
Mpp7 3.51959596558011 0.732417290052342 0.518279904380854
Apba2 3.45879218989758 0.678223981136633 0.557699257847384
Plxnc1 3.44564203281842 0.587488030003224 0.174599008152351
Timp3 3.44314232495623 0.750922909869441 0.591543642668736
Meg3 3.43420335151018 0.166602848927955 0.0441952290887018
Dcx 3.42027667888665 0.453650607137239 -0.0360353953430934
Dscam 3.40061020310463 0.401370103230773 0.366557400690202
Ly6h 3.39330519792901 0.567311455830935 -0.0826879406550237
Sp5 3.38637411747521 0.814006837789928 0.481399203943062
Gpm6b 3.35927735603766 0.0225375662596708 0.102951954511617
Pak3 3.35671064225494 0.55572275368039 0.323773611303393
Gria1 3.32811024235512 -0.032482659927581 -0.0351340584643253
Slc1a3 3.3232667500265 0.36926052830096 -0.151898197155048
Rspo2 3.15646871371403 0.682260348737327 0.495955937991904
Magi1 2.67428533951899 0.724057224270941 0.380341308751289
Tsks 2.60041554067246 0.572738927495372 0.178312015524137
Syt17 2.5871394042509 0.581264778557978 0.406543752259783
Adamts15 2.56803604110963 0.805515632434855 0.707329116957105
Rec8 2.3410934097125 0.691910424371308 0.0831779401477728
