C1qb 9.40863262021727 0.827792157267328 0.798484772140106
Ccl3 8.83900809019728 0.94205208513197 0.912314784516099
Gpr34 8.2799861273813 0.965435616923044 0.950823624572716
Ptprc 8.233386593505 0.949609205483731 0.933354381225229
S100a8 8.22474061554933 0.96121343336045 0.94366366098056
Atf3 8.20063837206717 0.928243744455648 0.899251610565176
Laptm5 8.17094501783224 0.759492011169565 0.726753672907042
Socs3 8.14764597973003 0.831511876857833 0.773851497062394
C1qc 8.08369457997266 0.913956455382426 0.880013630691379
Ctsc 8.00989999553239 0.791988821588992 0.620442059698606
Xist 8.00731975641459 0.384311318275163 -0.369743355343125
Vsir 7.93697680753466 0.910271293962908 0.871056665570383
Ly86 7.835075530758 0.912973906802294 0.905377107595966
Fcrls 7.81411764521399 0.90111615794971 0.910056392859681
Ctss 7.78317374792968 0.763088406491502 0.716768973556536
P2ry12 7.73082509987856 0.931506742297112 0.88747768300791
Lcn2 7.66494004152034 0.960813660785311 0.943103516857229
Fcgr1 7.64997056197063 0.851780089019114 0.862512077645798
Tmem119 7.64859762000876 0.916788844059836 0.909598599829585
Lyz1 7.611570955722 0.892740237639746 0.876905656115567
C1qa 7.57794712255064 0.896879181025096 0.868490961313158
Rnase4 7.5312119290905 0.909053634135704 0.882127957061351
S100a9 7.47365947388189 0.90698950628431 0.867240364824403
Mpeg1 7.47282713306084 0.916138516222334 0.890490307199568
Fcgr3 7.4663293808246 0.900193326527711 0.89736866083041
Srgn 7.45615931279643 0.87557426102031 0.863215553660588
Fermt3 7.43064294586196 0.785134327349668 0.693881919502928
Cfh 7.42095186996594 0.961326281893718 0.952443760276361
Cd53 7.40827212445468 0.920695163979087 0.912652786359973
Ctsh 7.38957485988464 0.935261678357859 0.920861679237627
Ptgs1 7.36707714881618 0.93836291167521 0.932986801631842
Ccr5 7.33622701034947 0.959813694446774 0.960720871150637
Icam1 7.33376769606008 0.951030905514745 0.944303675107152
Anxa3 7.32876809802194 0.926357292215323 0.922578052477785
Cd68 7.32160917653791 0.927416361868574 0.911144878522202
Lcp1 7.31875503556754 0.712284445000701 0.795618177969598
Cx3cr1 7.25626223379756 0.890512141351881 0.886216534022114
Klf2 7.25515209711429 0.938021053598123 0.939025908238824
Klf4 7.23943198744288 0.788503467508845 0.686800727280082
Chil3 7.22588723273073 0.951326187671722 0.908152941757413
P2ry6 7.20893846614336 0.962113171525896 0.958484307081268
Itgb2 7.20440559786164 0.952587996649423 0.949869296860914
Tgfbr1 7.18562793714638 0.786816877717566 0.788879982637841
Olfml3 7.17816927763881 0.936696701652061 0.935141185428418
Tyrobp 7.17408157369798 0.907241959397163 0.892308001588748
Fcgr2b 7.16445060752786 0.921224856604322 0.906585304772173
Il10ra 7.12409610331282 0.959115091999595 0.951329544690411
Ptpn6 7.05906131781491 0.955153443729499 0.953124129079501
Itgb5 7.03214851277688 0.702496788073672 0.804443116981948
Cd14 7.01572912547716 0.899498662435641 0.89651889234652
Hpgd 6.95088904616636 0.794538741570602 0.849935801985346
Egr2 6.9490699864871 0.846432986799235 0.811116192429533
Naip5 6.93682046400355 0.966409247726442 0.962784784101987
Irf8 6.92063646754383 0.942692072820523 0.944517663660232
Ccl9 6.87298295105965 0.944084962878969 0.939372535090992
Cxcl2 6.84697942330035 0.964410851578584 0.946575841855071
Il6ra 6.84409911099302 0.944643221333928 0.934841476052642
Pld4 6.84111153057973 0.929893813655121 0.926175011246161
Adgre1 6.82480079407439 0.897693535734955 0.833345266132164
Mertk 6.82342617847227 0.824438115967585 0.807827556644309
Ms4a6d 6.80175516926905 0.956147110131685 0.952712873807527
Txnip 6.79841637166014 0.844729478542206 0.876601750933245
Cd86 6.78479937337634 0.948175775799559 0.94184498273079
Rgs1 6.78266145078108 0.945596895872516 0.930948202959126
Nfkbiz 6.77012418149461 0.817271832932631 0.719848006523474
Selplg 6.76877908971948 0.823116771246816 0.838729847403653
Aif1 6.74984688651332 0.918677287105337 0.910911574476716
Fosb 6.73220028694541 0.842019951750834 0.794630738204309
Zfp36 6.7280587386119 0.842549217783136 0.728204666995558
Fcer1g 6.71147489608739 0.925282023396781 0.916691404018849
H2-T23|H2-T-ps 6.68309170408257 0.657905005035063 0.648501724406576
Zfhx3 6.6642466802704 0.903090210323763 0.910319490782436
Bcl2a1a|Bcl2a1b|Bcl2a1d 6.64943450293427 0.938463694606545 0.921962025666072
Adcy7 6.64779618231984 0.690635943746457 0.569965296532402
Ngp 6.56809164528564 0.877708927798696 0.889610861915489
Tgfbr2 6.50738986954035 0.851171680145736 0.829226920723817
Ms4a6b 6.49800802097272 0.937307285471863 0.922575012750461
Tlr2 6.47829141408057 0.917071383083386 0.923134341551575
Blnk 6.47736821997087 0.937797772785406 0.884469264506875
Csf1r 6.47287663638155 0.796174341443911 0.703950231317253
H2-Aa 6.45951654517531 0.941374098373331 0.923243398388716
Hck 6.45372004831689 0.90350682793477 0.904689359502401
Camp 6.44863768085481 0.949700187554441 0.914763779285741
Evi2a 6.43045641297249 0.277935275831857 0.267069382536097
Havcr2 6.42994258732239 0.935023936458465 0.919631039131804
Syngr2 6.42638060874668 0.519758390567563 0.649023462309618
Vav1 6.42363364942439 0.941723054555108 0.932693598522673
Nrros 6.39282526258748 0.89157539263149 0.884799345771771
Ccl4 6.38047244029288 0.824458787419027 0.854453391545669
C3ar1 6.37829429176355 0.923985324904501 0.899597440755253
Il1a 6.35143532465502 0.950510288674778 0.937711884473265
Ugt1a2|Ugt1a7c|Ugt1a6b|Ugt1a6a|Ugt1a9|Ugt1a1|Ugt1a10|Ugt1a5 6.34557962416824 0.802046993098185 0.785209019653851
Klf6 6.33633036229574 0.701004773691999 0.735478397829568
Naip2 6.30787667494947 0.955078196586862 0.948577907890302
Cyba 6.30697154293957 0.906478869573739 0.935518325583103
Lpxn 6.28460073579509 0.920977009305175 0.924936627223495
Fli1 6.28429088878235 0.941640501155756 0.9068124670988
Plek 6.27136121015674 0.832588087775849 0.832621111595786
Ggta1 6.25531572581456 0.954086761300171 0.945969138400018
Tlr7 6.22455917499602 0.936045624274316 0.93081434551839
Pycard 6.18061808775066 0.86306596014391 0.867197566079358
Ccl12 6.16552512994314 0.962711728030712 0.951520916525958
Slc15a3 6.14669704248116 0.940535663219745 0.928752291304101
Ccl6 6.11317263893295 0.943424106268789 0.932099268116224
Cd83 6.10331620166607 0.832369393793669 0.85609209438737
Slc40a1 6.0943955771631 0.903149676628053 0.868693867697656
Gpr84 6.0901187486195 0.922591693804556 0.924094368623355
Alox5ap 6.07246752211457 0.657002585561819 0.818334203996536
Gusb 6.06403973191813 0.762627987171448 0.77573804983345
Inpp5d 6.02325308827648 0.877452957202764 0.86261174213935
Pros1 5.9637348417571 0.906624282181993 0.901652482276624
Capn3 5.94944814098146 0.921431215285286 0.866720294950239
Plxdc2 5.9467711013229 0.553856239891942 0.506207934277742
Epb41l2 5.94113069214796 0.622246403963107 0.688367617365365
Edem1 5.91093431489846 0.782879071258657 0.773787236694352
Fgd2 5.89827265487295 0.925597719426816 0.917690889806386
Slc11a1 5.8746218454233 0.905223040438421 0.910279914566643
Sla 5.87393113606337 0.447208915752224 -0.267188652605411
Rhoh 5.862706718298 0.922406892724816 0.904890661832193
Lyz2|Lyz1 5.85595849663453 0.912302126441278 0.926013136934303
Arap3 5.84402675484128 0.945583172269588 0.935431631076595
Pik3cg 5.84007130728516 0.954104344117117 0.944518244190824
Cd34 5.83922886465533 0.893357815163493 0.861766665238942
Dapp1 5.82929275070525 0.947661167066174 0.925699046915054
Hba-a1|Hba-a2 5.82598642479885 0.658479454086725 0.636344116686716
1700017B05Rik 5.82121398019066 0.894617125193519 0.876216015933103
Junb 5.79742681002308 0.887679396597313 0.890478839021911
Entpd1 5.79525502298446 0.904813689238011 0.898330704339059
F11r 5.78853157055372 0.853767952158912 0.87185512183072
Tgfbi 5.78603057487909 0.789053094734102 0.790701435759925
Nckap1l 5.77543987750944 0.872563752066813 0.880643920216615
Sash3 5.77460332960825 0.857660759829521 0.859126704818396
Ctla2b 5.76430427666003 0.948514204888331 0.941113954215641
Ier2 5.75801373337357 0.752737724331913 0.780950672852895
Ncf4 5.74306725997331 0.933830793668613 0.917806983106501
Slc7a7 5.7398564132925 0.924986326543041 0.871980220607523
Elk3 5.71268511598899 0.795238907949702 0.70619498785287
Lcp2 5.67448558901685 0.917143239860566 0.892714633278185
Lair1 5.66977766841774 0.928122952462767 0.915750044107329
Tnfrsf1b 5.66400453403301 0.912624992775062 0.913987901903429
Cebpd 5.64825068187331 0.619483436801299 0.623671547167257
Spata13 5.63586728733196 0.686472337144636 0.751811207339874
Crybb1 5.63422948131285 0.901872806670185 0.883469492981286
Ccrl2 5.62147337922157 0.897265748258134 0.878384319743693
Cd48 5.59695137475181 0.946255635690486 0.942740681260755
St3gal6 5.58719089614919 0.741671137114852 0.783391845460801
Tgm2 5.58560894834032 0.801521089006384 0.742274293464207
Pla2g15 5.57770619317761 0.866397809508123 0.86335109426631
Map3k8 5.56918358574859 0.934544083771279 0.913174459695961
Mafb 5.56376759106093 0.931630760172038 0.928105478579388
Frrs1 5.55351921533112 0.892467015537893 0.841793620005965
Tlr1 5.54064264717955 0.95266562995438 0.905422652990325
Pnp|Pnp2 5.52772335418324 0.707022743239658 0.813557354301555
Rcsd1 5.52759551265817 0.854865955036388 0.867037975695166
Tm6sf1 5.52492488946154 0.13193806664668 0.102128177176711
Stab1 5.5242657986276 0.897887717449082 0.852946373021183
Ets1 5.52421408198051 0.866765148936981 0.805466496416815
Btg2 5.50178049122256 0.804522893882271 0.727722648000957
Fyb 5.49954832127836 0.904730201925274 0.891885257882174
Stat6 5.48912206520937 0.89606998351573 0.911324550524672
Alas2 5.47939944448046 0.88810063690103 0.869628566497329
Hspa1a 5.4645318023204 0.702206663686373 0.659458615667815
Mlxipl 5.45968926916035 0.772767515640139 0.783090931429248
Ankrd44 5.45428384036339 0.742280696235935 0.750052898445624
Il13ra1 5.44845338781985 0.952209071161024 0.944163955870984
Clec4a2 5.44540069199396 0.93640467668503 0.926815021927972
Zfp36l2 5.43788857412892 0.642972357314731 0.657124282013177
Akna 5.43731534255455 0.871760300358395 0.877795430010581
Ptpro 5.41083833793039 0.589306644569408 0.362524644797489
Hba-a2|Hba-a1 5.40492959923957 0.662851205162785 0.613840203218997
Rab20 5.39843755081997 0.876574778062489 0.852815743460873
Nfe2l2 5.39603146934857 0.589978054417223 0.629876636725738
Trim25 5.39477813759628 0.403939500654482 0.262934992265785
Cysltr1 5.39204671445699 0.954360243411471 0.947564158890143
Ltf 5.35808863870175 0.846066367865854 0.720208282452946
Gas5 5.35256936963494 0.722622025637682 0.608875085670584
Tcn2 5.34794734208377 0.827620592195805 0.834036041008592
Hbb-b1|Hbb-b2|Hbb-bs|Hbb-bt 5.34747115756692 0.707701708899504 0.662231508201759
Ctsz 5.34636791808599 0.693962425858901 0.771069855132344
Adap2 5.32571401794436 0.932393348602203 0.914820971860044
Ncf2 5.28945891040342 0.900566177133819 0.856034160411244
Chil3|Chil4 5.28696784946713 0.92314200537368 0.88354995761421
Zfp36l1 5.28555915937764 0.520304414523546 0.41973427694702
Pmp22 5.27560474640867 0.363814469066928 0.320144684831803
B2m 5.27384626560431 0.690160454497769 0.781833976750569
Hfe 5.26834895319127 0.727607948339054 0.765261950368248
Tpp2 5.26798858710443 0.692439569886921 0.427668513998226
Hba-a2|Hba-a1 5.25745498642506 0.662851205162785 0.613840203218997
Golm1 5.25468495917235 0.782445495031578 0.832907084475515
Ier3 5.25185107887533 0.567297531487125 0.843151079977243
Arpc1b 5.24759799326218 0.542358932858399 0.371414927660857
Srsf7 5.24643601526758 0.758894945913128 0.74991362848451
Glul 5.23503604196933 0.227547094446509 0.059523201909085
Grn 5.21553072429499 0.869774891596692 0.87008783564499
Adrb1 5.21489538395478 0.826716596948509 0.859123780197
Csf3r 5.19842309926438 0.828966560312617 0.820846072667324
Notch2 5.19781382248234 0.69653950663005 0.738453362232215
Casp4 5.19174442982419 0.938757157644079 0.941035014022736
Tlr4 5.18839720303286 0.93283291011206 0.90434529663044
Syk 5.18491062113087 0.872772473229718 0.854882526797159
Ttr 5.16488876210008 0.258103075075542 0.327814477014413
Themis2 5.15403856302327 0.933807273161208 0.919168899786761
Fam105a 5.15025073693045 0.898435446623813 0.904060458001705
Dusp6 5.13460459036525 0.698308230990748 0.685289677701004
Cd300a 5.10622382703597 0.905101898138496 0.897695247687653
Tnfaip8 5.10092654302566 0.657192538181301 0.531152554607896
Cd37 5.08000557956256 0.903531190923025 0.902114767226969
Serpine1 5.07932116006715 0.884866828134893 0.855836711637076
Cklf 5.07331349974242 0.613974527201645 0.59583910516943
Rbm39 5.06682044458509 0.49043094260572 0.224919976646256
Anxa1 5.05098747718593 0.924597488616809 0.854940672040799
Hk2 5.04383107196917 0.661620940816051 0.173752438399486
Cttnbp2nl 5.0369349682483 0.681615131115042 0.447160322065322
Pdgfb 5.02340805633268 0.896148346280994 0.898071504601754
Jun 5.01947778524199 0.625667475802147 0.585392879906802
Ier5 5.01455231107668 0.843635651919805 0.850826050298692
Lyl1 5.01453732580402 0.922934859551552 0.921172160687107
Slc16a6 5.01312367021446 0.77321811708574 0.780429407453743
Clcf1 5.01157508972299 0.947261725462154 0.936794475896756
Csf2rb2 5.00125217519673 0.928480639145858 0.931277237667152
Abhd15 4.98879114778513 0.805461835800306 0.75816475676399
Rassf5 4.9854071389213 0.786182856939759 0.765182838330303
Zeb2 4.9845284327337 0.183130184026087 0.101426372967615
Ifi30 4.98292072351735 0.829515179834388 0.839156632932359
Il10rb 4.95702972760087 0.875017108443957 0.857165325690656
Vwa5a 4.94610101562201 0.740267451306934 0.715177211308486
Trem2 4.9395249637866 0.887573775564033 0.886971430190423
Rgs10 4.93373016180178 0.568424289467438 0.761574968122221
Trim47 4.93295859357321 0.928073744854139 0.930109803184263
Cmtm7 4.93235238049928 0.871644647001381 0.810365516368265
Hspa1b 4.92598135274909 0.624039224742759 0.469817258650711
Fes 4.92597621816118 0.926539303989524 0.910406395993411
Lrrfip1 4.92138839514946 0.623204838206795 0.675867510573898
Nrp1 4.91498537742673 0.81766064306241 0.820960242116088
Pon3 4.91237533892045 0.945720008345501 0.929656911228202
Pld1 4.90128264137682 0.669819232355 0.666829670308411
Hhex 4.89627285059979 0.91894857649442 0.920013961043585
Hexb 4.89378096517815 0.787340823063534 0.778893609617986
Serpine2 4.89142690480887 0.264705115427338 0.0521666485442853
Clic1 4.88685579865556 0.723473166512712 0.77809763953876
Arhgap45 4.88143468388828 0.900296893183255 0.897304734335909
Rin2 4.87630649767242 0.692762921426336 0.614591439272154
Arhgap17 4.87288045975099 0.785008930011733 0.826071369889392
Pla2g4a 4.85485608622598 0.619899101001084 0.442414155104952
Abcc3 4.83408616002869 0.868330834653483 0.862154371719873
Itga6 4.81458870344402 0.719426267963172 0.708612865574574
Coro1a 4.81282058788881 0.593715577229248 0.665733658571366
Sipa1 4.7892845399913 0.915702196080779 0.917497044397112
Cmtm6 4.78468079290471 0.659263998315287 0.649640247564453
Casp8 4.76915246258069 0.926728360641063 0.92504697217102
Wsb1 4.76578074576765 0.534532622480176 0.187841995424052
Ppp1r15a 4.76543714859283 0.879082926469729 0.87404111308677
Spint1 4.75677986715185 0.820952615054824 0.849867778438199
Trf 4.75623836349556 0.0697209409706582 -0.146496361946024
Cd300c2 4.74707724199035 0.763930744352783 0.781114921593561
H2-DMa 4.72272571977638 0.830992986746455 0.824629933106113
Trim30a 4.71148011660399 0.939065152124257 0.920810171419247
Lgmn 4.70681054905477 0.775161878936209 0.760378549654822
Rrad 4.70291423762795 0.879949697800453 0.885980772961869
Myd88 4.69161841946742 0.869812442778269 0.863689917758537
H2-K1|H2-Q9|H2-Q7 4.68778163709667 0.364994134443784 0.46177701032965
Tnfaip2 4.68712176121928 0.66094549080074 0.458271691840117
Tmem173 4.67706023677655 0.842571324047055 0.831385802869903
Klk8 4.67455467827646 0.92701575779932 0.920834755889029
Xlr4b|Xlr4a|Xlr4c 4.6722254864502 0.686879568062754 0.586973754548705
Hvcn1 4.67203838431059 0.925271353981032 0.911699401984868
Lyn 4.67075517307882 0.761510729275201 0.822996009264245
Irf5 4.66661790551717 0.908069531677855 0.913134050340097
Trim30d|Trim30e-ps1|Trim30a 4.65295038928022 0.867740070960829 0.792198156662902
Il16 4.64559171730753 0.770109370596305 0.787128878296533
B4galt1 4.63300337081867 0.804460940278552 0.786149266003602
Malat1 4.62311234189336 -0.277816971360545 -0.237632493197039
Cd9 4.61663464796777 0.167112841828572 -0.0781665759744264
Itpr2 4.60968421533229 0.691644027847057 0.542198635446782
Ptbp3 4.60178314461433 0.772603759647827 0.812724322589886
Slc29a3 4.59855265048415 0.712794801234561 0.660542278832462
Clec7a 4.59665020338278 0.892485997396223 0.863434108916442
Slamf9 4.59612525454639 0.723950399972949 0.699736306635379
Parvg 4.58287630749435 0.831827799840604 0.844299018199972
Afp 4.5824000296675 0.272827563424882 -0.157893794075993
Ifngr1 4.57539978583752 0.866368691144561 0.853960864840079
Abca1 4.57498180591425 0.688936805120434 0.656498321774663
Cxcl10 4.57197773746687 0.944417848440513 0.934999277092772
Samsn1 4.57070710341682 0.957198854845199 0.934183263970494
Il6 4.57002829007193 0.962420761370788 0.932136133792525
Man1a 4.56994265835813 0.364621823113399 0.363888545465187
Sh2b2 4.56096776088501 0.789971956757914 0.501260197042298
H2-Q7|H2-Q9 4.54717031975032 0.853426520738208 0.764233063241408
Siglecf 4.53323993894106 0.947805254664373 0.933374397111567
Ctc1 4.52455838657339 0.868221984847645 0.871134033756538
Lgals9 4.52445420127171 0.887532330727831 0.894275693046508
Arhgdib 4.5178110669384 0.859254321148535 0.864853088149446
Igsf6 4.51744751701113 0.929461854517015 0.912963785055503
Tec 4.51265370362269 0.852030214584128 0.854412771038424
Mfng 4.50737017410812 0.924803274615244 0.919554511893447
Serpinf1 4.50074654039911 0.654432742048989 0.0743044568399635
Ang 4.49652441814554 0.910684870209263 0.891610143296947
Trim12a 4.49618434402917 0.942195207455149 0.928126650447858
Msn 4.49082543423143 0.668066958640728 0.641872421708428
Tcirg1 4.48660160051123 0.82875550904703 0.791451652699704
Npl 4.48429344729403 0.80501540862833 0.824370870594401
Cebpb 4.48151180447063 0.815031872291253 0.80925920790579
Unc93b1 4.48091588473955 0.823185428602306 0.819991161817021
Rel 4.46962839375584 0.896448615569527 0.86866520596421
Ccnl1 4.46043840621746 0.612166457282065 0.55566085330479
Lrmp 4.4587397956568 0.928930112212406 0.925544919881858
Pnp 4.45649493762685 0.646014823722079 0.677706493570273
Adamts1 4.45561407169537 0.697523510650911 0.646217762554788
Fkbp5 4.45489882495888 0.761231614334965 0.691708252133913
Phyhd1 4.43956432962656 0.78755438551274 0.804017529139787
Cyp4v3 4.43645872249194 0.539689307779464 0.500310214781363
Ceacam2|Ceacam1 4.43250321775959 0.836825698631883 0.838712730729099
Mir692-3|Mir692-2|Ftl1 4.42995550818852 0.669747464834988 0.577288341819778
Pnpla7 4.42969803529504 0.732571352868875 0.736624327669169
Gem 4.3981953729387 0.89805184107708 0.83597888982677
Lag3 4.39065293086076 0.885151797654504 0.878617509381895
Mavs 4.38229283984263 0.450591661035075 0.450529338646813
Frmd4b 4.38058006637318 0.379463162934914 0.382833982767199
Skap2 4.37755795278229 0.645006562768958 0.639138429349552
Mcl1 4.37465889234794 0.787252856488999 0.785885064493646
Il7r 4.35649328321658 0.82146769084078 0.775886313113723
Kctd12 4.35612193156507 0.0616922067248675 -0.152236952153812
Cmtm3 4.34762041554051 0.704640554356616 0.521833174817357
Gcnt2 4.33787659149946 0.82666496481481 0.743222553322329
Gmip 4.33736841944229 0.843595129720902 0.824777316289403
Ly96 4.33210039491015 0.612955371650928 0.615776938478862
Plk3 4.32577257610106 0.674163351209493 0.405760086716212
Pdlim4 4.32390951664016 0.663649991836353 0.606370126201045
Man2b1 4.32099030923081 0.744532888157837 0.728045589370392
Galnt4 4.31792330432094 0.68047356862178 0.691336248429376
Arrb2 4.31442191006572 0.782415785307549 0.766235916560156
0610040J01Rik 4.30899969787956 0.589571239857626 0.317905413449888
Rps6ka1 4.30868145388285 0.738574979117509 0.748158140878502
Herpud1 4.30575553894056 0.823583411884232 0.817808949432693
Slc39a8 4.30232555580445 0.88017774723861 0.801183865797912
Tifa 4.30135191075538 0.801705906843742 0.84157918309369
Cebpa 4.30024489902434 0.819546063616328 0.798203947656893
Klf10 4.29967171275762 0.710844306490608 0.830146695374203
Ccl2 4.29891343847204 0.910462313678581 0.903269724407313
Cd52 4.29776087555678 0.893425837690883 0.875219870967802
Tor4a 4.29772839652525 0.415206456799321 0.432044976327092
Mrc1 4.29002712637629 0.91237579990346 0.866574389523594
Spi1 4.28882494689366 0.851972992501251 0.860715834441207
H2-K1|H2-D1 4.28356197199232 0.715322239357008 0.779228108741311
Lrrk1 4.27281978206209 0.870645531422196 0.851644486866588
Adam17 4.27024547518082 0.632934682108608 0.635121794798974
Plcg2 4.2388559496034 0.732294266259412 0.773835103620772
Birc3 4.23619874333614 0.765692286875831 0.800147407087194
Elf1 4.23126158065488 0.658248643657043 0.701168365582104
Tsc22d3 4.22816958409934 0.722035200200547 0.779345129908259
Sult1a1 4.22713720756455 0.846990918185166 0.858173816996962
Ripk1 4.22657500597071 0.80166273031151 0.80279542982031
Atp7a 4.22285994873469 0.738673805411563 0.71372351014417
Lamp2 4.21915047353251 0.4133018553764 0.360184627042418
Lmo2 4.21617781603565 0.33244450636193 0.446521853115944
Rgs2 4.21544620180346 0.799376061666271 0.847493407593008
H2-K1 4.20723008662383 0.862784952600212 0.808086038530433
Nfkbia 4.1944886112834 0.807405347546147 0.807082777675708
Hcls1 4.19077530091434 0.917943071122969 0.901789669699936
Pald1 4.18456460308271 0.816978159975448 0.817641952238771
Slc15a4 4.17791692829125 0.64871070232849 0.727552592203611
Parp14 4.167153130857 0.867444697738615 0.851258180529916
H2-D1|H2-L 4.16190120344451 0.223908818166408 0.241594972219809
Arhgap4 4.15876747975305 0.878237919120739 0.854834423077507
Ceacam2|Ceacam1 4.15866828126645 0.836825698631883 0.838712730729099
Lilr4b|Lilrb4a 4.14550479199164 0.94633524450024 0.915487852470316
Tubb6 4.1449255535985 0.885034990345185 0.896435759345804
Litaf 4.14261675237302 0.235867439825368 0.238697397960746
Casp1 4.13804048291576 0.817034615453399 0.80866265304042
Snx5 4.13803713957264 0.651767657564994 0.671746427529964
Diaph2 4.1346890305596 0.648122021904331 0.533359502535465
Gpsm3 4.12870889986601 0.934653884207115 0.929613940057061
Cep152 4.12610149950504 0.915973954033693 0.893146833362185
1810011O10Rik 4.12312707075176 0.886957650478406 0.847358347458861
Pygl 4.11813660359106 0.904045203494488 0.826821934075336
Mlph 4.11690779393864 0.509291723990186 0.687576726441744
Cd177 4.11294361700376 0.892599023360114 0.859481154455863
Ugt1a2|Ugt1a9|Ugt1a10|Ugt1a1|Ugt1a6b|Ugt1a5|Ugt1a7c|Ugt1a6a 4.10932051146114 0.939393227793232 0.924343875685849
Ctsa 4.10868430167296 0.762388210925677 0.638427387460191
Btk 4.09927973070803 0.868382749381831 0.879087948535501
Scamp2 4.09668778787013 0.749138156727061 0.755470498155073
Ptgr1 4.09079550674613 0.720200744608545 0.683553864974375
Serinc3 4.08376524453161 0.447643989693723 0.304428977408104
Tlr3 4.07725827973912 0.706334251267265 0.786027785021528
Naalad2 4.07431324413607 0.835138245952 0.811203168014137
Myo7a 4.07397631055223 0.825597007614112 0.803152322131239
Slc25a37 4.07344454676459 0.778844624504333 0.809139479599545
Pmaip1 4.06643683283288 0.863811807289131 0.819059966855573
Ptpn18 4.05379155980535 0.901664950169542 0.889219139607619
Zfx|Zfa-ps 4.05278801901306 0.685322044399987 0.611910887265794
Tapbp 4.05032770140901 0.817255484489203 0.842814298114461
Rhog 4.049293642933 0.230110193071823 -0.189479048855305
Dusp1 4.04530976597477 0.659216671170619 0.705470153579115
Cxcl16 4.04268772205853 0.913445548580123 0.888532622698166
Chst7 4.03261911274187 0.735449514441591 0.52956300078203
H2-M3 4.03124555424274 0.702101545218721 0.752860358712422
Il17ra 4.02783705875857 0.754004714895572 0.797919214847787
Uba7 4.02370755909948 0.885232765920841 0.874820551874804
H2-D1|H2-L 4.01776166356564 0.223908818166408 0.241594972219809
Mef2c 4.01369580536488 0.134279830686599 0.0446549361952866
Cyfip1 4.00738060816749 0.644910153015656 0.623644990748529
Wipf1 4.00352941102855 0.204244998106275 -0.181095797791928
Ebi3 4.00029849986539 0.891687133603043 0.883622178470261
Tmcc3 3.99938861079639 0.598269032331166 0.232940567951124
Egr1 3.99216022695921 0.645284841738322 0.720763006881532
Tmem176a 3.99202912309808 0.682506282778564 0.387076336185403
H2-L|H2-D1 3.98686759720258 0.202044082991811 0.330256619520065
Fam111a 3.98254766279086 0.836426003654759 0.683864090440237
H2-D1|H2-L 3.98123619392097 0.223908818166408 0.241594972219809
Fcrl1 3.97841226766312 0.927944080752092 0.924673191776787
Rab3il1 3.97708803807329 0.849480996557903 0.824916468706103
Fam91a1 3.96727332962071 0.600388952810327 0.698736589303517
Hpgds 3.96697026744948 0.908958994363856 0.906466000743905
Igtp 3.96320765975059 0.856496175951363 0.871678267627161
Runx1 3.95665913683078 0.907530689209367 0.876670280875733
Hacd4 3.95618251661891 0.799920187813477 0.740325531561571
Plxdc1 3.95546941329133 -0.180506972361904 0.0646875814458077
Snap23 3.94707062426585 0.164571985287128 -0.217241394153737
Sirpa 3.93989672525498 0.681510808643875 0.726128910689309
Scarb2 3.93613642675787 0.379414440311165 0.126393315571106
Glipr1 3.92981216974026 0.915937188212445 0.910703053785289
Tgif1 3.91416675663697 0.895020945537603 0.888285009946451
Adgrg1 3.91371434946845 0.738452919690993 0.723842733450117
Fos 3.91333236979736 0.290624748577964 0.230721394359683
Prkcd 3.90850145044017 0.236164091364763 0.208616704958475
Dock2 3.9069617019756 0.888282411065317 0.888168257479315
Dnajb1 3.90666600604819 0.847994840004383 0.857150636997471
Sgpl1 3.90240082760559 0.734302519161886 0.801841915199096
Ints6l 3.89259681053537 0.343098777813917 0.228988452279667
Asxl1 3.89041787211727 0.787531375745565 0.757800602234661
Adrb2 3.88935312268305 0.835570827001309 0.807797211978501
Rnasel 3.88740982646805 0.756563694126664 0.306582568626775
Tmed5 3.88635542902432 0.564715500398663 0.503489378471897
Lrp1 3.88028970828384 0.659943803680781 0.700113014312573
Rreb1 3.88002432118229 0.0781006899933754 -0.302512808393045
Naglu 3.87830542553622 0.820858293882103 0.835794525000769
Cd33 3.87378976736454 0.744749795410396 0.723107234831992
Slc2a5 3.87298568061468 0.822454609982089 0.809172490355977
Snord22 3.86796778224731 0.841299206980409 0.803049232354574
Nupr1 3.86619322224172 0.330070252647454 0.280164395604618
Tmem140 3.86560022388134 0.886700670000816 0.874888378474334
Gcnt1 3.86143378093212 0.87679736020185 0.817855826876471
Sqrdl 3.84783043735826 0.746945887085774 0.757136248655776
Maff 3.84626772206952 0.887761452440578 0.882057204486274
Morc3 3.83871589698764 0.667894802793107 0.740472140967456
Vrk2 3.83721398068987 0.707738201500467 0.716054690835675
Sppl2a 3.8358083627406 0.684353011978234 0.818686020520013
Mylip 3.82730043346998 0.627116563740189 0.771269059742182
Trpv2 3.82546771120165 0.84557315340534 0.842263496235483
Slc7a8 3.8178332762874 0.666992396071234 0.630937699018187
Prkd3 3.8172154287358 0.195517400480626 -0.162901031488986
Rps9 3.81104620819713 -0.0756804095274397 -0.0728158308322002
Myo1g 3.80830473545026 0.843936717085867 0.670357999992966
Abcg2 3.80597313798033 0.531151775146627 0.411710607314414
Gbp3 3.79976459690868 0.897691122538467 0.869254409587018
D17H6S56E-5 3.7915023740488 0.907677642294125 0.868364192124889
Ugt1a1|Ugt1a10|Ugt1a5|Ugt1a6b|Ugt1a2|Ugt1a9|Ugt1a7c|Ugt1a6a 3.78466141403276 0.837076654348167 0.832481808514869
Gdap10 3.77771189329903 0.592130340603835 0.409067344038628
Marcksl1 3.76833078067389 -0.0626907493108144 -0.224895353142164
Tbxas1 3.76799902136787 0.869786659527184 0.873017230175324
Plcl2 3.76517434224336 0.77242568569226 0.82091497142587
Rrbp1 3.76450449463948 0.630237522582388 0.644270785234884
Lims1 3.7628041146455 0.522845492704014 0.581362199030429
Plxnb2 3.75314269752265 0.728598448581647 0.81502380930966
2810474O19Rik 3.74926785685527 0.59949031596144 0.297412555736987
Hps4 3.74915319128965 0.775660809872487 0.756777957464735
Ptger3 3.74866015518595 0.904522713913072 0.87139580168456
Gna15 3.7462616424146 0.91286827493477 0.912510559983851
Lrba 3.74062363919349 0.570001777428119 0.515823135038707
Tspo 3.73962193619147 0.491311811980187 0.455169634667922
Myh9 3.73770754201839 0.581037262032587 0.43423843794295
Gns 3.73732196007581 0.822492460617069 0.808967470837804
Parp12 3.73325023387426 0.586323643077161 0.563352901924113
Rgs19 3.73083883339887 0.732639739597371 0.674839286837751
Snord47 3.73073168524118 0.193867614816105 -0.317398262989867
Asph 3.73013256094785 -0.173848663123005 -0.181699182934762
Cables1 3.72490419985021 0.628407643653832 0.115836321878105
Cytip 3.72487436883592 0.720571788034536 0.647195752519283
Phxr1 3.72206317199546 0.666306819193305 0.594621618635901
Mlxip 3.72165324917203 0.769564779027532 0.743801544348496
Parp9 3.72158923405599 0.644010025099251 0.6430618254938
Nrip1 3.72141154359187 0.63599161183177 0.650912390311362
Ifih1 3.70435574712122 0.781296319013027 0.793647448707226
Dock8 3.70231483982868 0.880956905956848 0.871216284605327
Lgals3bp 3.7017261158895 0.857127080766595 0.838533666471434
Acss1 3.69335403053817 0.483701814125625 0.151350168139776
Hspa5 3.68979800842856 0.471597000273578 0.547819701755583
Stt3a 3.68948287280042 0.537834964657344 0.577093839887207
Tnf 3.68167081246679 0.852945905796052 0.853840669883945
Ehd4 3.68119668756434 0.803331241715559 0.831229698283834
Calcrl 3.67204302572259 0.554626505373775 0.12925604355431
Arsg 3.67102722595275 0.308141679118743 -0.204474036317666
Arhgap9 3.66025346494013 0.848580237278763 0.811722322942172
Nr4a1 3.65090696216914 0.694061366397571 0.768863265502841
Clec4a2|Clec4b1 3.64917004268396 0.887471686156015 0.856370483534019
Stk17b 3.64726533324441 -0.150577169175043 0.140749149355921
Smim3 3.64032458678349 0.71400152133937 0.505587438002525
Psmb9 3.63912529897791 0.901386753530592 0.884345224166159
Per1 3.63682578838491 0.832297912604977 0.824613467484197
Ncf1 3.63667784517125 0.903012943847509 0.88924360428445
Lst1 3.63402217625407 0.807548413738036 0.846753755517931
Pik3cd 3.63292532082409 0.910205171088117 0.914883235752458
Erap1 3.62776027053214 0.835709863490954 0.792284307709101
Rp2 3.62573795127912 0.766234521225275 0.732276304568358
Pag1 3.62285463604191 0.69310377294481 0.728609110825068
Tmem63a 3.6153536081209 0.304374518357191 -0.186383658274257
Ifi35 3.60528004646267 0.849422786827514 0.884824611462876
Lgals3 3.60379686704866 0.564802923971944 0.517324931618071
Gbp7 3.60184533499641 0.827260577855614 0.787806989789474
Vasp 3.59982770196059 0.56960343025146 0.439627371014381
H2-Oa 3.5979096306855 0.921287846189554 0.909893308924802
Cd2ap 3.58946365924216 0.728128259870324 0.757634171600939
Hps3 3.58912409423922 0.715739023251443 0.816819190061191
Ptk2b 3.58539793273954 0.566187246001466 0.250884069423266
Tuba1c 3.58402249685324 0.76011463035101 0.760071105723445
Rnaset2b|Rnaset2a 3.57948008608974 0.549614788430988 0.669329939153127
Ssfa2 3.57106538082174 0.626960628277269 0.657694971228367
Rnaset2a|Rnaset2b 3.55476768249274 0.579944948921367 0.653516233948203
Stk26 3.55234716659383 0.832528349423504 0.79333531900107
Rbm5 3.55029924929647 -0.115305630831877 -0.231175949114652
BC028528 3.53992502995421 0.640964413420205 0.282476100337174
Cd79b 3.53753932165019 0.902809499216513 0.873202017174607
Ctsd 3.53562171202221 0.745374186772745 0.726007187052248
Tjp1 3.53255753996579 0.388851700563402 0.509735025541931
AW112010 3.53243124024771 0.859237136933673 0.852292414312735
Npc2 3.52817884515027 0.351728677775677 0.201576087207886
Pbxip1 3.52769933610839 0.72213534995687 0.535396138956085
Pdk1 3.52747481333606 0.624902205063943 0.574827883900934
Apobec1 3.52148580788538 0.705418651964285 0.714328950629396
Sox4 3.52074766781218 0.444853126538332 0.212311777101166
Vamp3 3.51968790557393 0.139713289914513 -0.203024250460749
Rgl2 3.51169865533952 0.565662259997362 0.487525931211029
Clk1 3.51082430881008 0.628451429793458 0.659199913997586
Twf2 3.50797182293932 0.736145337391103 0.792967968016439
Tpst2 3.50557810452955 0.790975999442202 0.764387198703857
Cd82 3.49793801367302 0.296804746703917 -0.213453013615784
Rnf19b 3.49301274564692 0.170890162344986 -0.0586090780684022
Slc25a45 3.48642074358019 0.666760321272675 0.708681416760176
Rsad2 3.48566222704354 0.706393778163181 0.682037570369676
P4ha1 3.48180880128022 0.63365031959253 0.463649975013635
Eloa 3.47191653451759 0.773739651354358 0.818943682547421
Slc46a1 3.47059057883289 0.714804350744302 0.791674993385439
Lpcat3 3.46791874017483 0.632935138429583 0.620430915146296
Mical1 3.46515752661245 0.538109966805784 0.511147846847856
Srgap2 3.46264946213411 0.12069543747565 0.363866937029076
Rhob 3.46162844808054 0.252613582910819 0.265738655210053
Slc16a7 3.45653909354091 0.560773422528862 0.671435109741446
Mfap3 3.45283268412522 0.447386853827317 0.350978281466734
Stard8 3.44741726389618 0.701268220898719 0.590264166463871
Tgfa 3.4473112904475 0.237472978977415 0.0824201206490005
Npnt 3.44722810709305 0.384411170978889 0.138998265204036
Rac2 3.44646331238576 0.753992064919271 0.713318135769972
Fmnl3 3.44562940789708 0.823014765198665 0.838226576714211
Tnfrsf1a 3.44474211753133 0.744057559961959 0.579231234268871
Ptbp1 3.44447848715724 0.744983303935184 0.7571308523501
Selenop 3.43938893893028 0.125667344655586 0.276439551997581
Mknk1 3.43906435842693 0.687975334316654 0.712766986000392
Hp 3.42563519264841 0.89495140233521 0.711869471759309
Dhrs3 3.42498628674563 0.426973689095571 0.681798450683854
Pmepa1 3.42445788132237 0.607065900555756 0.578929573116834
Sgk3 3.41985781967646 0.337801362318972 -0.00299886048977847
Oaf 3.41623130239644 0.726226401800821 0.55490831371586
Ifitm6 3.41581511731853 0.901270788937079 0.814779496304053
Dnttip2 3.4074458666749 0.549873568809687 0.40498071717999
Jmjd1c 3.40716194787172 0.691605778114518 0.72389039505471
Was 3.39273726969432 0.85492768273666 0.8260507279132
Gimap6 3.39017968440353 0.866408995041869 0.854557837072261
Rnf130 3.38643112059203 0.398948122294851 0.124602210622962
Cln3 3.36722013109573 0.594928634684133 0.498838927242542
Rela 3.35730015701382 0.628344876542816 0.658376807896215
Pttg1ip 3.35551865762851 0.292633644764166 0.479335251171599
Bid 3.34699911603011 0.795564398107767 0.751421416309897
Bco2 3.34005669120537 0.750997257069213 0.736357541541502
Mmp2 3.33294183603779 0.559250545782709 0.180348133120184
Samhd1 3.33238273270257 0.835357975187212 0.83761632450694
Rbl1 3.328379680804 0.631290986717667 0.373401220231344
Trib1 3.32796845238384 0.630504742773784 0.625421125247339
Cd164 3.32612313461096 0.611613102358935 0.571533084732767
Dok1 3.32236496870867 0.861105827814279 0.855588993285372
Trim34a 3.32229477726333 0.83950175228681 0.809984602848274
Phxr4 3.31919886480583 0.796045161652716 0.758396941497144
Traf5 3.31750980335034 0.868440097954311 0.842757454602263
Slc37a2 3.31676805373028 0.882785149322725 0.885793999852049
Mrc2 3.29343908408693 0.70877913262407 0.539375204720149
Zfa-ps|Zfx 3.28897353954613 0.682290122159368 0.659823024958492
Clec5a 3.28331608034362 0.90109570801346 0.899084297883293
Casp7 3.27555149880567 0.563445668455165 0.140177045176292
Fem1b 3.26487217006395 0.490775969542456 0.337726769874669
H2-Ab1 3.25055383038278 0.723622236886871 0.671118874292145
Myo1b 3.2458911202922 0.406200272580533 0.276555098297265
Tlr6 3.23537172770454 0.867914231631106 0.842002418044301
Ptger4 3.22195131537599 0.741557678231488 0.574230137608406
Parp10 3.20010196140882 0.841385754939695 0.830775042673151
Tmem100 3.17977154394959 0.479134357094237 -0.019708577620911
Tmc6 3.1672688392725 0.752895730458578 0.706210532018227
Eif4ebp1 3.16122158084419 0.615238274018184 0.59629213638753
Smagp 3.14184911304066 0.852170802103267 0.809865240498596
Cflar 3.13463226156141 0.659148949888292 0.787915751917367
Mcm3 3.13345919175798 0.697644959746716 0.706604998763551
Relb 3.13068179374373 0.761912045946756 0.797081793663554
Isg20 3.11514418492997 0.891484944323157 0.890460851322877
Calhm2 3.09839969130726 0.903897250911454 0.886037752196528
Nfam1 3.08690516232956 0.895858990424512 0.883203839671544
Il1b 3.08416666164138 0.731186677922017 0.639994743010594
Il4ra 3.07469400249064 0.56305771685849 0.521809135885418
Tgfb1 3.04662078543768 0.701884935373624 0.625359376449421
Socs6 3.04423425694347 0.569377735687312 0.597992236013619
Irf9 3.03379574052596 0.874352836103535 0.857223298434275
Batf3 3.01207346345745 0.860657017199593 0.850356112292921
Abcd2 3.01061628359642 0.353773190182647 0.124091883092589
Hlx 3.00997327716378 0.887651633345499 0.877065176720435
Wls 2.99968988736341 -0.112983442934583 -0.149196942917735
Tap1 2.9882862251789 0.782419873082309 0.682329513022631
Gmfg 2.97898830191949 0.816472558379674 0.744606596804263
Map4k4 2.97808605460995 0.169070520789844 -0.105661977822082
Cmtm8 2.94847713614836 0.4293242872835 -0.0908625295260954
Irgm2 2.92110464921577 0.817916322548763 0.808279538119709
Rasa4 2.92017195596445 0.488461350733176 0.403338965259428
Ms4a6c 2.89163489768156 0.794285305388199 0.766349194995727
Tnfsf13b 2.86950649536117 0.844205705308982 0.832375914467814
Pf4 2.84189755882511 0.863632733869492 0.829215775251966
Lpl 2.83031645518528 0.624023568095317 0.297134357688242
Swap70 2.82166514293745 0.816039555660859 0.749040908808341
Smpdl3b 2.76904921436098 0.866085589577572 0.843865690014981
Myc 2.75687297658523 0.771016986936797 0.793025543126931
Pds5a 2.74182067924071 0.319898109386793 -0.115445571157252
2510039O18Rik 2.71199341605168 0.521699408058624 0.438526722628454
Mpo 2.65957165947399 0.752141175208916 0.435560504850254
Emp3 2.64141121069393 0.853441377997744 0.863910563287154
Tor3a 2.61332659457025 0.686101589029496 0.627427011808626
Tmod3 2.60283283530648 0.323481829429702 0.0340531143078279
Ifitm3 2.55753256579961 0.421583553609248 0.389806534484412
Sh3tc1 2.54251524448394 0.815592438514531 0.820158389997409
Srpk3 2.52655994461466 0.753783643545986 0.555825226097238
Acaa1a|Acaa1b 2.50303298913439 0.196308110742765 -0.20360276388767
Slc29a1 2.49423679003274 0.497214241819991 0.446693749824408
Bicd2 2.48120977225118 0.425269396620548 0.149115995175069
Parp8 2.46437635523123 0.482605245212606 0.431383254820777
Gpr137b|Gpr137b-ps 2.39713008997608 0.160106474402771 -0.0972744851058647
Tnip2 2.24920013202046 0.777044707246119 0.729194977259979
Map3k1 2.2450897447646 0.736439880607456 0.603673298702847
Tmem168 2.231393900716 0.601690125758515 0.585073910116529
Cyp4f13 2.21419643006427 0.662564023300198 0.550609127554952
Il21r 2.21263046604458 0.794414548772528 0.716320021946891
Sft2d2 2.20772361486098 0.332465839116874 0.0935161605055622
Dab2 2.20645071302242 0.530942434041971 0.118506158881702
Phf20l1 2.1996473322475 0.471505766039581 -0.0785204253556641
Retsat 2.18131794867045 0.522792018961963 0.499046661509002
