Slc1a6 6.33406259871378 0.706181204564377 0.58031012796099
Pcp2 6.31630774933636 0.659484549299135 0.61976190940907
Nrk 5.91090725253622 0.625531210446296 0.507231410997563
Il22|Iltifb 5.88644953528209 0.545034751941568 0.661896338044617
Ppp1r17 5.61833245148137 0.7537125338509 0.840478311261131
Smpx 5.47442914395843 0.787009642272862 0.748934018363319
Itpka 5.34181649512091 0.792963224462043 0.805491665283672
Ptprr 5.20677054849655 0.846825630265122 0.842894135604576
Krt25 5.16487978872453 0.849090051560505 0.820478986209755
B3gnt5 5.14621045121767 0.618777896204827 0.607315897631103
Grik1 5.14583828838028 0.626610709720044 0.567034132613398
Atp2a3 5.09090848653844 0.774004729280974 0.763891884269742
Trpc3 5.08015574361669 0.775386546666673 0.723970346946018
Ebf1 5.07454405398915 0.763104894033336 0.732261319564296
Plxdc1 5.01139605081349 0.653678139161692 0.0646875814458077
Prkcg 4.98733575067085 0.566166466894968 0.57401121658728
Bcl11a 4.93798661823525 0.709102665971142 0.709019567494001
Lmo7 4.9158574099644 0.659227556945869 0.721893342561898
Slc32a1 4.91141545895088 0.287449496801742 -0.209320910477799
Snhg11 4.88392136094921 0.329229395228229 0.114966853150075
Gng13 4.88045093826562 0.635430868320058 0.757739163517913
Fam174b 4.81510061378588 0.816906953227025 0.83715358241871
Tpm2 4.80111139763929 0.602786786323563 0.276496335125714
Kalrn 4.74357430219657 0.484424480000929 0.416998046719996
Col18a1 4.68498299664826 0.629700451675907 0.43195521194801
Stk17b 4.64058938333993 0.749260963206958 0.140749149355921
Sycp1 4.62477634580833 0.820138580223142 0.776800005026687
Washc2 4.57585091235493 0.602961694774224 0.600867412174874
Cacna2d2 4.57442981861538 0.576081096701222 0.542848301679296
Spag5 4.57346573538144 0.537675773414798 -0.274101211683306
Doc2b 4.54436111575432 0.72619154915891 0.674257152057211
Calb1 4.53982345844447 0.583981867933006 0.663131861727095
Ryr1 4.48572804234049 0.597777276928551 0.337528268831076
Cck 4.47386834674537 0.633064173649693 0.612867182154251
Tuba8 4.44548680154008 0.696213782280604 0.616792132516618
Casq2 4.41429886910263 0.760223271139463 0.616968233318474
Kcnma1 4.38255870461609 0.30948623516393 -0.0495009634800088
Dgkg 4.36554880933022 0.751120616582864 0.602946858843106
Car8 4.20083262010978 0.455622881648591 0.594493277350337
Igfbp3 4.18816168685984 0.571122040229528 0.504888339736445
Rgs8 4.13891856078772 0.547258224644921 0.665748927800863
Homer3 4.12403247798748 0.672477082687685 0.556549343911359
Eps8l2 4.0798685167538 0.726305680131944 0.658426772134797
Rasl11b 4.06717970754684 0.544008043471519 0.544464917886761
Pvalb 4.05310630591006 0.396940253303084 0.0941537916132021
Asph 4.03020538010064 0.661361908874098 -0.181699182934762
Icmt 4.00934841292849 0.778646310790759 0.747619055484996
Cacna1g 3.97944741940891 0.5868004339235 0.437218160356779
Slc5a1 3.95126776949553 0.842327417300556 0.823195349286765
Ebf2 3.93494022064459 0.745981403101032 0.66584678572579
Lhx5 3.88906161121058 0.703030649228064 0.705409112512941
Kcnip1 3.84365853146678 0.610747017158454 0.569372694223245
Tm6sf1 3.83811084457519 0.526579542027018 0.102128177176711
Stac 3.82276850835337 0.827524520938894 0.755807487130575
Hdc 3.79273128681425 0.528572215198318 0.122839832233292
Itpr1 3.78747778652926 0.490290080906861 0.368099115367399
Gria1 3.78727782217654 0.255641292432844 -0.0459892483065755
Arhgap20 3.77816811280743 0.378635241385358 0.101436804246977
Kitl 3.77029538673189 0.484172515013729 0.158345181548004
Tgfb2 3.76472897770055 0.67341245614966 0.63099345540427
Cpeb1 3.68332832157339 0.448188725000529 0.302253329177446
Nefh 3.65979699044263 0.60843687798261 0.44919118603372
Grid2 3.64097702721132 0.531715240821738 0.399184124216987
Car7 3.6092595481176 0.693457466367321 0.505692255743391
Thy1 3.58210510193881 0.59047202981104 0.258707038295389
Ptpn2 3.56178122100614 0.7896953036882 0.729533771237275
Nsg1 3.55957009333535 0.46367516526225 0.421284616399438
Fgf11 3.54728826408193 0.471794964212206 0.321303406318111
Reep2 3.53400484720333 0.500148633492649 0.385190924985398
Adamts4 3.51623275116213 0.110863118607329 0.11065017000067
Tspan2 3.4515271506325 0.282153947984292 0.531247322984913
Inpp5a 3.40936918082868 0.770959511432048 0.841955238499593
Fam117a 3.40687697629733 0.645915774642607 0.61164497485349
Epha5 3.39567214470604 0.379388244537677 0.217375400742258
Gabra1 3.39292136293205 0.190698388524009 -0.106499120260095
Atp2b2 3.37176509351671 0.422288232431541 0.425297518073527
Prkg1 3.36344661281809 0.537787057727248 -0.0165653355377487
Kcnab1 3.36303589709668 0.546036397544002 0.413226663581198
Sptbn2 3.35719595931606 0.397153564235562 0.158641527570013
Rora 3.35714168388584 0.368569263900991 0.0112755333902628
Ugt8a 3.33872556890434 0.188368340313714 -0.253058393058455
Ebf3 3.28694453827374 0.747403817270407 -0.126682403682731
Syt2 3.21591950952163 0.324595842015306 0.0494563352196435
Slc41a3 3.12549469951868 0.617051461765053 0.213345654297475
Vav3 3.04311966161869 0.381259780418515 0.0168524818025417
Gipc2 3.00003278332002 0.680171755805769 0.528764487839478
Igf1 2.98536442462441 0.584969602307213 0.291345218596805
Igfbp6 2.92172258943459 0.643598630971386 0.594877685390316
Gabbr1 2.9008070582719 0.537449144559689 0.374033275339783
Grip1 2.87407242444136 0.483743726619405 -0.0532808801793303
Rhod 2.76983840698875 0.747043027889119 0.342217004248914
Bean1 2.61123681339935 0.747336417644902 0.455192619507185
Atl2 2.59129222730618 0.389631716212439 -0.298637586791779
Ccdc85a 2.51108448881053 0.630561908315465 0.467688281012951
Alpk2 2.41418415504166 0.468110119656648 0.132414804969458
Cntn6 2.39564474519069 0.224034912481768 -0.262179232847225
Dlx4 2.38647565030553 0.726311847687168 0.56809907831493
Medag 2.38290411155245 0.580352249944644 0.152987236424991
Pcdh20 2.32870980584665 0.195606150850045 -0.246963064111432
Cacna1a 2.32148508603385 0.283977947936199 -0.195430932634698
Rps17 2.14642803993045 0.388040721990294 -0.36734924018444
Lgr5 2.0805644953991 0.406816573004059 0.0640602205117006
