69068
67246
76408
11513
11554
11555
11629
11727
16952
106952
70497
171207
216445
11857
11910
381319
170752
17060
12229
72691
12796
12335
68891
12488
217303
12489
12506
15985
12606
56708
26888
56644
67213
102545
12978
12986
68964
13033
13051
20430
227929
76088
192193
13709
13713
23871
223433
107373
26382
14247
22379
14282
14426
231931
14676
23890
14960
14998
14991
15212
15242
54486
12807
193740
15511
74096
213002
16154
16155
16331
15900
16403
16476
259277
52855
16792
16819
19141
107321
80877
16970
16971
233328
16988
17002
17095
17110
16658
17159
17289
17305
17390
17476
218203
246177
72560
27419
74039
18054
18129
268903
18186
99543
70839
64099
228026
30955
224860
18805
104759
140570
68507
16912
19253
15170
19277
66824
110095
19650
19732
67865
19735
20201
20202
24044
20345
19261
98365
100561
104681
20503
67712
107375
71279
56485
56857
53945
50934
69178
20677
56504
54613
236920
27060
21682
21810
21812
21815
230787
211550
21898
231633
68487
21938
24099
30935
83433
217333
23999
74153
54445
69922
12193
