Calca 7.83319033569054 0.97020427987365 0.971399540628765
Th 7.77436895284598 0.954868255864323 0.95233432829012
Resp18 7.54192993517219 0.80329206891218 0.830865350272674
Uchl1 7.51488531395934 0.675519172916633 0.822105596777579
Dbh 7.50945872354547 0.959920648993972 0.95954171369429
Sncg 7.47321931353265 0.959021021345249 0.953667200025558
Nefl 7.24848485225541 0.613408564130807 0.641339342461398
Ddc 7.10269345852048 0.363758217714505 0.614970163674321
Stmn2 6.91881689173374 0.751457384706064 0.766015113715778
Gal 6.91720473789873 0.969802252173481 0.965200796707687
Gap43 6.80465660256826 0.719399873803022 0.769766927106111
Ina 6.75521752378205 0.628079371634121 0.688449335306806
Scn3b 6.55217583893782 0.686767064639247 0.806064380987032
Chgb 6.45694615866525 0.680428548018789 0.711722147213859
Calcr 6.44173823778576 0.969709282595144 0.95642581321468
Cyb561 6.3596975756136 0.789921089865535 0.761263932737537
Chodl 6.33298802570708 0.942709792188286 0.920397153845922
Baiap3 6.26750993571375 0.919307965829115 0.901489556013326
Rnf112 6.18991834466165 0.316720842838287 0.470876819237313
Rit2 6.09727692474108 0.506630476654653 0.474265081320107
Elavl2 6.03641551408814 0.678886458030734 0.716909033146509
Gpx3 6.01232221699963 0.936858947795813 0.943416313503101
Rasgrf1 5.95936080757076 0.695661735411888 0.695205383327205
Snhg11 5.92311541621198 0.749228957237949 0.706119245197172
Pcp4 5.88308788823287 0.285921592061313 0.216450318044509
Susd2 5.86042158832166 0.943439559925432 0.932482661559902
Chga 5.84274189873904 0.790473066652561 0.864375833043499
Tubb3 5.82357360598668 0.603373523654311 0.743744027863242
Fkbp1b 5.74085793660708 0.821812122000538 0.84594188560518
Gch1 5.73058427422733 0.910573784557429 0.898190214846801
Lin7b 5.71805160559199 0.657042323851999 0.695537593264928
Phox2a 5.68226523381942 0.965129189471518 0.963706300541069
L1cam 5.67712805182132 0.810950132934591 0.795467260635335
Asb4 5.64445627064748 0.942453741580946 0.934517703733476
Arhgdig 5.64413146668655 0.664039045303175 0.76358501024017
Rbfox1 5.63265250707813 0.498289289948435 0.453817729976757
Dpp6 5.5659057842619 0.72000117589449 0.777309109184569
Dync1i1 5.55728290261573 0.571634939864843 0.616327666210317
Asns 5.5035424570697 0.332046924236077 0.410674642312459
Cdkl2 5.49090289652322 0.594294147342294 0.787652685160831
Dusp26 5.47963042479133 0.0940533787298513 -0.0432107093166979
Ache 5.47826661710758 0.896321780889784 0.905379441784906
Syt4 5.46818037006486 0.735744961469045 0.745437024834996
Map1b 5.43185125763301 0.640984310011778 0.690625241543748
Ly6h 5.42928769689757 0.675788931052177 0.683574147508481
Sez6l2 5.40438744468941 0.126516883949543 0.118226599804166
Acot7 5.39022416891879 0.27832241863157 0.351191422163481
Prkar1b 5.37907783318833 0.457508529428164 0.463127929916744
Cacna2d2 5.33202114250214 0.705121766237858 0.840884512238354
Celf4 5.32686452465608 0.614384562905883 0.598640309819252
Grb10 5.30775106337053 0.831759009598622 0.822704082193597
Stmn3 5.29565828835822 0.491770441726174 0.666920692081568
Tfap2b 5.28394197392267 0.960746844541003 0.952234653691157
Bcat1 5.27804357503804 0.204452528736343 0.58122139410616
Map4 5.27014977279847 0.570870878655686 0.853826774813065
Rian 5.24476964750295 0.818549255517428 0.821741632559042
Ovgp1 5.23879234020948 0.799785679560797 0.827557439019442
Fabp3 5.22149411677942 0.668473476594046 0.720371509347328
Ckmt1 5.16939005633307 0.695696403661598 0.636210882526843
Pcsk2 5.12569821368006 0.579324528171832 0.647593109696231
Mfsd6 5.10234884188153 0.295989889786207 0.506762446556045
Atp9a 5.07127878302282 0.267806948930482 0.344157348190283
Cd200 5.01863196452392 0.556233695021951 0.761615337307765
Eno2 4.99106555623397 0.470071724939665 0.463355406523583
AF357355 4.96387541752092 0.881833824230711 0.826396445789852
Dnm1 4.93417924283067 0.340425322001272 0.437929840164179
Hpca 4.91087001872897 0.476439338589241 0.367404747535301
Pak3 4.90639462189684 0.695728800258869 0.800582112436482
Ngb 4.87994616565179 0.841527359879236 0.82423933842102
Pcbd1 4.87986848835084 0.724561395627443 0.714791641996865
Ptprn 4.87537840971437 0.814746625341867 0.840585587498216
Syngr3 4.84504594382962 0.820899496715011 0.831838491068904
Napb 4.83950463885653 0.642614248033215 0.601322819813894
Scg2 4.83786091655999 0.703485614788682 0.686833282608151
Klc1 4.8245130976807 0.448417223728267 0.719544016034888
Eef1a2 4.82229152257863 0.501197675417336 0.44477971692893
Slc6a15 4.81297876421755 0.633239178486219 0.733610761430435
Gng3 4.81087793880326 0.448301317438598 0.603837638183275
Cntnap2 4.80523050024047 0.66626750357156 0.619095428450045
Nefm 4.7689987486103 0.414422059566921 0.275754049663852
Bex1 4.76717965646864 0.235188109202541 0.164298243352525
Tspan17 4.7530215451488 0.387442787446922 0.411939318853213
Serpini1 4.75225969630072 0.557678647524591 0.577581492385449
Spock3 4.74138078122861 0.263711712934008 0.143929681337436
Cdh22 4.73709776052014 0.787841504348426 0.807138226654307
Nap1l2 4.72910259013615 0.34883822889256 0.330207400243495
Snap25 4.72726922665663 0.22976850098566 0.0432130581931321
Rgs4 4.70599622668441 0.463111036394564 0.394892092799972
Rab3b 4.7021432779552 0.855865230598831 0.88976683163666
Sstr2 4.68448158485048 0.83653896204248 0.815200563046787
Meg3 4.64598811810737 0.710302577048755 0.737959772358046
Vat1 4.63349422819767 0.807916651111254 0.82728931227097
Lrrtm1 4.63218539088621 0.380366853387804 0.325615262373738
Pcdha7|Pcdha1|Pcdha4|Pcdha9|Pcdha12|Pcdhac1|Pcdha6|Pcdha8|Pcdha5|Pcdha3|Pcdhac2|Pcdha10|Pcdha2|Pcdha11 4.62984210890342 0.477297735930698 0.544892037055299
Slc12a5 4.60451908847572 0.410883009583598 0.337578771288773
Cacng5 4.5964736971489 0.785650033216624 0.784941391881475
Pnck 4.59391686979546 0.727555566015892 0.743509215854442
Rbp4 4.59108239902352 0.774623649153403 0.775368555920563
Sv2a 4.58418755463544 0.431454187513936 0.421830056868231
Crmp1 4.58386881605317 0.646162608320142 0.712615632433639
Slc6a17 4.58196622595005 0.746343992985117 0.691829384458306
Nrip3 4.57501522023405 0.728382740083964 0.706727318341216
Cdhr1 4.55759828698553 0.832647303242854 0.847827617776048
Kcnh2 4.54981626567231 0.857893489599648 0.857527073807441
Cd24a 4.51297252937762 0.676314599570227 0.679813245651935
Gdap1 4.48665125953894 0.419733494541321 0.642126646030005
Gng4 4.48083280006711 0.672455549488777 0.785094016419312
Dlk1 4.4703552315101 0.910913767650952 0.912372131550937
Mab21l1 4.46255871367724 0.933429907321945 0.912759153544555
Parm1 4.45039263262275 0.528185354597824 0.493500251044539
Mal2 4.44891474588137 0.406656402506546 0.287941925221176
Mllt11 4.44846742051198 0.494972554766239 0.748755088825861
Nsg2 4.41673175219489 0.542947872327661 0.580166032226145
Tppp3 4.4158922160291 0.225666732775083 0.101478662552756
Cartpt 4.41208550889646 0.848404297793844 0.822016381111931
Atp1a1 4.40492528789626 0.590003054166533 0.72517465638821
Stx3 4.38570634656662 0.752569869605496 0.772417081281275
Atp1a3 4.37641823015649 0.573423424064005 0.469348734918084
Cacna2d3 4.36482927521155 0.597408909863434 0.584652048825023
Peg3 4.33850590479314 0.729501781281979 0.820320048369243
Stbd1 4.3248581236714 0.812026585572462 0.820772305468311
Arhgef7 4.30759316439406 0.46599787613163 0.606545883935361
Reep1 4.29346100673403 0.395215125408716 0.462784335909413
Tub 4.28231362294972 0.531742683651055 0.522362181359918
Cplx1 4.27970335416668 0.392624997442801 0.310705222475053
S100a10 4.23686561070096 0.728406784240604 0.737789096670002
Cdh13 4.18944688888864 0.833495859584103 0.844492912179673
Pcbp3 4.17918268267442 0.666034883012537 0.669489280123999
Vsnl1 4.17162105989308 0.193424465114829 0.0492811054481615
Mcub 4.1705934490186 0.860140688738576 0.862124888148504
Cygb 4.13644323675145 0.746695959004069 0.757276218791804
Emb 4.13619625774498 0.838980524044681 0.855473760502742
Olfm1 4.13208249422087 0.27166627528135 0.148158429594337
Slc4a10 4.11272075081914 0.509194686203581 0.392843134598832
Bex2 4.0992160070355 0.544262644948934 0.706259954415788
Pcdhac2|Pcdha7|Pcdhac1|Pcdha6|Pcdha5|Pcdha8|Pcdha12|Pcdha3|Pcdha1|Pcdha10|Pcdha2|Pcdha9|Pcdha11|Pcdha4 4.09820636767436 0.821324741853567 0.825844924302603
Crtac1 4.09449178720787 0.384670839880208 0.363450613583715
Chchd6 4.08402119225979 0.353636146016173 0.196527818844007
Slc6a2 4.08065899207315 0.932822506131669 0.902218186343644
Slc29a4 4.05765565587609 0.844848956132054 0.836786476664449
Pcdha2|Pcdha9|Pcdha5|Pcdha6|Pcdhac1|Pcdha7|Pcdha11|Pcdhac2|Pcdha8|Pcdha4|Pcdha12|Pcdha1|Pcdha3|Pcdha10 4.05666068433011 0.704976000553946 0.768601456877123
Chrna6 4.05529857248067 0.928682632417568 0.921334023224708
Qpct 4.05209124601437 0.218544705306345 0.179095357213377
Nucb2 4.03557087840064 0.703537589497907 0.722778579623128
Scn2a 4.02805845623071 0.70354763984888 0.673967814013954
Maoa 4.02040325926442 0.774535457050978 0.880380321171598
Brinp1 4.00658700603667 0.291375022981084 0.10792519728625
2010204K13Rik 4.00290528966295 0.496830426237657 0.447177847431342
4930550L24Rik 3.99436102907238 0.907709165669968 0.846148157227014
Usp29 3.99175991586915 0.840880136677431 0.828028484928804
Flywch2 3.99144296881348 0.610327506753016 0.618039707338258
Rab3c 3.98887973603011 0.604065760131817 0.696702654564647
Gabrb1 3.95677331680629 0.194029653781516 0.773960047760307
Myt1l 3.94211460699113 0.439406888488864 0.345506106216209
Tubg2 3.94200409362809 0.704540317021945 0.743851585105334
Ank3 3.93500477821461 0.0501568902251078 0.00775127019951054
Tmem163 3.93495141784601 0.0607618232625031 0.0901124446933803
Edil3 3.93436696203494 0.000610328869119121 0.0167766732365517
Neto1 3.92648498390103 0.268409603940179 0.11278768682002
Klk1b27 3.92346049471017 0.906915002868494 0.85452058598577
Pacsin1 3.92197452728557 0.673550134219699 0.594858582518494
Oprl1 3.9194561948929 0.35648719746838 0.143115761531274
St8sia4 3.91556178534098 0.625223423871651 0.719810296943606
Stmn4 3.90832569092477 0.0796218811149832 0.49034924962467
Cgref1 3.89479426024177 0.830359580567612 0.84431889034056
Clvs1 3.89390009062142 0.527023217575743 0.71063010421386
Larp6 3.87937212996108 0.0723950913616338 0.118367778861392
Cda 3.87819101590146 0.920637959288561 0.837979238841907
Nipsnap1 3.8677649396526 0.60012686491763 0.616811973162648
Mapk8ip2 3.86441895583245 0.828936214728878 0.860681307520894
Cbarp 3.84551682179939 0.699805457299387 0.735654546181956
Fam241b 3.83382614560116 0.361941308386665 0.238538732527008
Plxdc1 3.81827006943016 0.575588235826098 0.78837341794735
Cyfip2 3.80850525580413 0.313026563670729 0.462865028753706
Tmsb10 3.79120228966569 0.595743828339451 0.750303756784012
Rab15 3.78908439301976 0.594479820918856 0.566558061941852
P4ha2 3.78143782383748 0.41628575702123 0.417030670415867
Ncdn 3.76668302115103 0.41775461824274 0.434070975407935
Adgre1 3.76059657673725 0.605550629197114 0.848809078129945
Cadm3 3.76030871561318 0.80411750428145 0.827150821804833
C1qtnf4 3.75500938974399 0.243773237246002 0.0692829649161367
Syp 3.74961600271141 0.469023532272053 0.35851736254416
Fgfr1 3.74827862046561 0.263914503019254 0.140247223278987
Ptbp2 3.74221048416452 0.499327287787348 0.598500291568087
Nefh 3.73813982910896 0.787115119092899 0.745676880174381
Armh4 3.73518257161985 0.190482109715482 0.359991274002955
Grem2 3.73034644444257 0.855834091378181 0.826178133915618
Arhgap12 3.72929756508142 0.607932934106652 0.688251325843141
Syn2 3.72222154735821 0.723410315740967 0.699807617483751
Stxbp1 3.70869692546065 0.498260802898998 0.456325889613849
D430019H16Rik 3.69954062179073 0.433084848781396 0.484994727348427
Sept6 3.69881671392967 0.579292362191075 0.523929680612557
Snap91 3.68424793141281 0.116816618486302 0.247191212374083
Gnaz 3.67674613715292 0.713869211246054 0.740935708354599
Prkcz 3.66975820150949 0.0642129665442377 0.0456605410902577
Cmbl 3.64627813259959 0.64116638915012 0.734821096166534
Kif5c 3.63916000438537 0.561845984415516 0.630252061586773
2900011O08Rik 3.6160349639246 0.363318164343193 0.345214088119905
Dmtn 3.59878452893336 0.646841542299722 0.591171235473258
Sptbn1 3.59726573334551 0.173128246430713 0.13507750657885
Spint2 3.59679605559533 0.701977856097594 0.756051630125669
Hap1 3.5863132286789 0.816711798207867 0.810657725893202
Tmem35a 3.57985194071094 0.642119966689445 0.703460624374761
Syt9 3.57606077896634 0.566978017749473 0.742133870707961
Tacc2 3.57044017772627 0.484138804346984 0.355883784528277
Rtn1 3.56614278453596 0.66784592909831 0.764918588816735
Ahr 3.55528188418623 0.531606477554715 0.41467680085526
Tro 3.55519961860059 0.782592782930336 0.837612809060412
Klhdc8a 3.54181667721002 0.583554945249982 0.486562124842954
Eya2 3.53551359250737 0.827863429792367 0.799243370997353
Fhod3 3.52630619601302 0.541356468579055 0.523031632954528
Alg2 3.52436802179304 0.784148823481254 0.870903661229624
Ncald 3.51063459037313 0.22892725408289 0.109468243794082
Rab3a 3.51038276286677 0.513338148927139 0.566124117938666
Syn1 3.50687329074553 0.604278397395691 0.609607531511949
Nol3 3.50421389608281 0.721022830364626 0.796403633869181
Pcsk1n 3.49928327490897 0.480983106179411 0.620359517836723
Rph3a 3.49682856484744 0.645907187477682 0.598400892312813
Svop 3.49663803669035 0.713960930893854 0.736949819563856
Mast1 3.49262823979969 0.813578962515251 0.80886705572271
Cntnap4 3.48890717963913 0.746924490053024 0.66856151263458
S100a11 3.47169642255215 0.704874507274428 0.589385144498794
Syt17 3.4680844976986 0.849211676873503 0.838394729334297
Pkp2 3.46411892983401 0.630719416817634 0.623675254162782
Rufy3 3.46129288936573 0.433839764644613 0.72607724813346
Spock1 3.45534870144376 0.564011354709927 0.539388650299687
6430548M08Rik 3.45059435304027 0.780112092505975 0.750413158187742
Fgf13 3.45025750258653 0.692081396628939 0.668003041346957
Tesc 3.44164655543529 0.343704419507049 0.195894617640246
Nsg1 3.43370859484641 0.6045863541535 0.622160820698503
Epb41l1 3.42628467724879 0.530223997641435 0.70983698197972
Cdh8 3.42265871949695 0.860247534885897 0.864859233631045
Rnf157 3.41611032540983 0.385626385386085 0.389120638829485
Atp6v1g2 3.41510492837063 0.388151700679311 0.369192318493045
Slc2a3 3.41396232903945 0.623506907247555 0.585063032764487
Tdrp 3.4100699678051 0.79052799264764 0.853801640787494
Wnt4 3.40957267466099 0.498613601081994 0.403482276078093
Asl 3.40484238598964 0.86502233793865 0.880601576975495
Ntng1 3.4037099626781 0.711148348407076 0.670859991838024
Susd4 3.38139581324717 0.115648250537253 0.0292522551200421
Plec 3.38062523309017 0.543922508101972 0.592007216358
Fam174b 3.3794376318951 0.622582090142203 0.686913505529341
Kcnip4 3.37671033466069 0.805830101978588 0.785323292763488
Hpcal1 3.37159172990681 0.732531221994308 0.873504251821595
Cend1 3.3665612082969 0.652521576806044 0.747980682308344
Rgs11 3.36552749872534 0.90498471497438 0.898706808692068
1110008P14Rik 3.35690761761598 0.534890629455393 0.521428312614221
St8sia2 3.34460951236013 0.777661473175064 0.731848346821873
Flywch1 3.34304357370671 0.738508901027428 0.768926817406235
Cntn6 3.33885612657597 0.632100894830549 0.607711036483218
Cnnm1 3.33249745468528 0.710527330560886 0.705008803392574
Amy1 3.33095076543808 0.249765198826469 0.109456499855888
Stx1a 3.33084952004786 0.460230683880181 0.311753859900452
Camk2b 3.32974588329341 0.520029752692294 0.415287213868132
Kcnc4 3.32367875811469 0.637512817323263 0.791291714001201
Arhgap20 3.22833768984244 0.303210705554738 0.250490687515649
5330417C22Rik 3.21552193647448 0.894557161596885 0.894393984503336
Tenm2 3.19712456372969 0.835299944747581 0.836363724764128
Oasl2 3.16562278351549 0.76990691089188 0.75774433520452
Trpc3 3.12375879969831 0.877313866130727 0.876728753495132
Kcnab2 3.11432550099889 0.500284564331073 0.530540989728524
Grp 3.03565260014791 0.594608009028848 0.53551760912202
Pcsk1 3.0314535130052 0.864863998614503 0.843403846957162
Tmem114 2.98740427077593 0.91018857085694 0.867213964151441
Gstm6 2.94652087846009 0.759143896435373 0.704435443608228
Plppr4 2.9348718702422 0.287344849184812 0.12904830834981
Stk26 2.88459177863118 0.555046826949353 -0.115196498069181
Lor 2.85909936474555 0.338023429079185 0.187018008802042
Atcay 2.84017427931376 0.276120639848027 0.514986952189179
Col4a2 2.80383801546887 0.395431502788866 0.172370182018172
Pmfbp1 2.77984743072343 0.887802081655581 0.827930913921112
Alk 2.76527132087332 0.796288684252637 0.776319022181974
Kcnip1 2.76369586728275 0.324224639373516 0.18504813442682
Adcyap1 2.73960687783767 0.838936270006728 0.82333758229544
Gm5424|Ass1 2.73011062519721 0.664861123531584 0.672515118886303
Akap12 2.72246566619718 0.687555831187658 0.654054927333619
Syt2 2.71147306744468 0.813953068297198 0.783066862096082
Chl1 2.70794102182699 0.616077411769987 0.70785210351965
Dpysl5 2.70687766555173 0.834812324300336 0.824544883866109
Tenm1 2.68812717533263 0.823951608112213 0.729268307304283
Syt1 2.62696245922421 0.727165772953665 0.69358998124786
H13 2.62052505791479 0.793683113183474 0.825856778175303
Stk32c 2.58657162187592 0.665575155741659 0.681323629340821
Clmp 2.58069303765009 0.853994217180424 0.870050800428944
Hspb3 2.53573507515236 0.6186398486123 -0.0295778590474582
Actl6b 2.49526167947139 0.646141354155038 0.643023211501482
Traf3ip2 2.46214261009165 0.753889178803387 0.738917299755855
Rab27b 2.46035237622659 0.442227528721034 0.313889062923021
Abcc8 2.35432207509393 0.837743060371128 0.807247487804177
Grip1 2.34248132771895 0.588892238933421 0.658965613198016
Pi16 2.31577912366105 0.862864911898434 0.822499776732034
Cacna2d1 2.298937887741 0.627462784579556 0.575524017947611
Coa5 2.28965041581939 0.752397988028726 0.851977660530257
Kcnh1 2.23807665400497 0.680967713229094 0.630245601152447
Slc41a3 2.16523881442109 0.602610319694356 0.362010277024617
Timm10b 2.03083413056771 0.157475250708687 0.138581690623564
