Olig1 9.36596877188938 0.425101668870931 0.773403160142552
Mobp 7.97295795525607 0.849610269524665 0.827661737136866
Mbp 7.61262121753025 0.776305421875253 0.819220409500646
Cryab 7.58698284321853 0.559210076444208 0.852050407802229
Plp1 7.43589098712064 0.641555141563592 0.80682601002219
Mog 7.21193419061316 0.885196300021117 0.841286882707691
Tspan2 7.13490841040473 0.84105218751357 0.879516117500782
Mal 7.08360353896347 0.851895333122109 0.906334705367195
Ppp1r14a 6.86040597542598 0.88688269161449 0.880263764054555
Fabp7 6.68845981673218 0.197692286957949 0.177649719014433
Cldn11 6.65541102019781 0.891138274414012 0.863116435501833
Ugt8a 6.49737490145929 0.820181080055314 0.813757059041996
Efhd1 6.43690383877109 0.361370471365328 0.38748675074385
S1pr5 6.30621421513121 0.877252372942312 0.861529592190179
Olig2 6.12910392796045 0.630192808372708 0.698661462896173
Tmeff2 6.11916369503861 0.663783938850389 0.743074943304016
Grb14 5.98765871206937 0.66785072818167 0.874718490946036
Chn2 5.95709843188045 0.784184966316291 0.826720668780968
Sox2 5.91924442655088 0.222762813465863 0.2568584868296
Aspa 5.84036819540779 0.667522432582919 0.684325720516442
Gpm6b 5.82463229408434 0.261757908925323 0.327706582400241
Lrrn1 5.81776205964998 0.705699223904861 0.752337310380631
S100b 5.78762635412863 0.282028033784362 0.122987472536489
Plekhb1 5.77106816140043 0.362008301010083 0.544142483318154
Gpr37 5.75514000526542 0.400752924057164 0.339781304561819
Sh3gl3 5.70339364918952 0.778784435857224 0.905547895639168
Trf 5.61779444304621 0.60245616615386 -0.09037688828102
Anln 5.38082249193097 0.783129790198185 0.758019932681892
Ndrg1 5.35610547191174 0.656475108030089 0.780379490729341
Fa2h 5.3083776391256 0.83566684929588 0.798587447477651
Apod 5.28242083793868 0.713067592660373 0.606323998370772
Car2 5.2659885536012 0.244970516004798 0.00128426818812924
Ptgds 5.2429179225665 0.668189322939586 0.490328377317659
Timp4 5.24162912871995 0.176337721017337 0.324236408148064
Gja1 5.225093329841 0.165309736166731 0.535154532033543
Dusp26 5.21794883597771 0.20810119663063 -0.0432107093166979
Foxg1 5.19746070184666 0.142238988639253 0.10027705199262
Trim59 5.1876640918178 0.861483323440162 0.842680143237264
Sox10 5.11148004599349 0.863579670709274 0.844214464907519
S100a16 5.10656559970811 0.284476149029334 0.145495965397372
Slc44a1 5.10073048487045 0.685203238223094 0.821768590422807
Pdlim2 5.05273057468728 0.795912397208378 0.744082876887141
Lpar1 5.03021562332316 0.812816276518788 0.79220703609352
Itih3 5.01631223886106 0.236533128408682 0.183021296056439
Slain1 5.0156383806078 0.825898770609081 0.880154687245182
Evi2a 4.99673634079231 0.572648172143008 0.123793673495937
Sez6l2 4.99241808368165 0.202831738734485 0.118226599804166
Mag 4.98298335678279 0.746806012868109 0.542380204506206
Stmn4 4.93127982899106 0.326530739915862 0.49034924962467
Pou3f1 4.92969540577937 0.885921932001848 0.879197953420252
Htra1 4.9135129943817 0.179464503485698 0.575936859362658
Scrg1 4.91108715688021 0.2457944964423 0.112704087755725
S100a1 4.80460267154001 0.238689299044648 0.0427421537797832
Adssl1 4.77077312645926 0.792794526625292 0.675888964619331
Gpr37l1 4.76033719096511 0.257079264852519 0.733083747780239
Ddc 4.74926393487985 0.254520720832269 0.614970163674321
Tmem163 4.73080872640279 0.296782188542587 0.0901124446933803
Efs 4.58623131641782 0.275966921358926 0.0145779168707599
Nkx2-2 4.47901625466107 0.652415519871933 0.628247461664321
Edil3 4.45701948532982 0.227910143590918 0.0167766732365517
Gal3st1 4.44791325448145 0.860649692582362 0.774263317925779
C1ql3 4.44092823394485 0.627507998536327 0.644652926093873
Il33 4.38533149705518 0.0527539299565966 0.108817894612257
E330009J07Rik 4.34854451834937 0.664138403526263 0.801339625229183
Bcan 4.34563471696926 0.260031121987836 0.745927732045758
Kcnj10 4.27940487340632 0.263767502632021 0.460499408511415
Pcp4 4.27431701303972 0.0508550137367253 0.216450318044509
Rab33a 4.27043304042889 0.754964517764905 0.849001217619467
Pllp 4.26131016882666 0.891139106339236 0.853954359312462
Bcat1 4.24006566193213 0.268304482466868 0.58122139410616
Ank3 4.22069634655162 0.224866621260212 0.00775127019951054
Ell2 4.20921625164215 0.679672381821873 0.740429974653008
Lims2 4.20886890971235 0.789662142554616 0.77476149106351
Adamts4 4.20294103158685 0.729489102248103 0.604373043314332
Prkcz 4.19487181733265 0.25881196275045 0.0456605410902577
Adora1 4.17274171272549 0.293902423887158 0.1467088268104
Kcna1 4.17037474441615 0.463826196500125 0.344315389478882
Elovl7 4.14009838416934 0.722462348524472 0.62536864721629
Rapgef3 4.12330680294486 0.200449865680658 0.335395972496605
Sytl2 4.09577637674837 0.282738647929861 0.0652102499885381
Nkx6-2 4.04955183318587 0.794982152454173 0.738807573215971
Gng11 4.03841357816879 0.790881093237981 0.758571188016932
Josd2 4.03303525897022 0.771085143027779 0.733028188092096
Larp6 4.01685990869997 0.258489957752453 0.118367778861392
Ttyh1 3.98023321845918 0.251215105115808 0.681241771901208
Sgk2 3.96576722972268 0.748004830193982 0.662590971477859
Efnb3 3.96209374780109 0.608144089310588 0.551522502580419
Mmd2 3.95910586423818 0.218226629576679 0.520948834756598
Plekhf1 3.93821800757932 0.670987866014639 0.597535600674883
Tmem98 3.92455481979845 0.6988738160778 0.679720679822789
Clic4 3.90751577901819 0.33417223341099 0.515080522834173
Rhpn2 3.90332232042644 0.3970273841047 0.36648838955686
Rffl 3.90241178721537 0.611945523263152 -0.0514476373775014
Cacnb4 3.89188692301243 0.281492219888945 0.211330231190069
Gsn 3.88962377212195 0.732763269605709 0.666851360972835
Asrgl1 3.88591661043338 0.221373942450784 0.290279942573485
Gad1 3.8392465843199 0.284174643683005 0.138439212066018
Tubb4a 3.83793829698418 0.345069479522125 0.293155266323712
Acot7 3.82246491520196 0.179975046800454 0.351191422163481
Carhsp1 3.80856422415259 0.509988953647325 0.58529766356601
Cdc42ep1 3.79449397189761 0.553857436037786 0.489913431552343
Atp9a 3.78813322184719 0.165556833853834 0.344157348190283
Nkain1 3.7692853561344 0.547509931638274 0.665591408950952
Pdzrn3 3.73544817717568 0.258086678188242 0.00398259701093229
Plekhh1 3.71463512953444 0.750415657770396 0.585520007190142
Kalrn 3.71247768681929 0.533538267822726 0.404259909127135
Sept4 3.69164897682427 0.689236881205768 0.765623684175878
Brca1 3.65661781737186 0.473287635283947 0.413117197003879
Ninj2 3.65578304465874 0.841633851358109 0.789736617615512
Kctd4 3.60573636543269 0.843237907961703 0.811512024888562
Tnni1 3.55660714120466 0.683825495982663 0.598984664628208
Mfsd6 3.54542137925348 0.189385305287056 0.506762446556045
Dbi 3.53138981604457 0.367602024496321 0.10522868252618
Plpp3 3.52434859254942 0.243555317235178 0.771907271624266
Pdgfra 3.52165697442086 0.365167627066961 0.118634010777737
Phldb1 3.49743237018606 0.736391509523222 0.7410771163124
Tnfaip6 3.48860233913165 0.583642149451364 0.443553559514261
Ggct 3.44637723953585 0.593569807334546 0.710239736242654
Gamt 3.44297573209133 0.775297419617676 0.725521674359548
Mt2 3.3970162001112 0.158554872238122 0.308782290398383
Thbs3 3.39433010577184 0.580192910029112 0.49757457888979
Acot1 3.39420811089309 0.242816644422893 -0.0615653343210839
Dnm1 3.38189977133435 0.185600017622919 0.437929840164179
Gjb1 3.35546157457455 0.729961750687875 0.603026094945951
Tpm1 3.35491545339869 0.573984787368131 0.428029359117149
Frmd5 3.34109192201994 0.573884500845857 0.542918572097545
Car14 3.33509755159478 0.734950840320882 0.548419706967192
Rras2 3.33159265459213 0.683566949492774 0.417228576779198
Fgfr2 3.32949121718866 0.188009406075564 0.224298672133077
Hapln2 3.22742973656037 0.682594932068564 0.486849825243689
Gpr85 3.16872721736987 0.37587160361815 0.40609249656482
Synpr 3.13578788848554 0.655742995471406 0.52704964794522
Pcolce2 3.11059141198983 0.537593385582194 0.377643022065871
Kazn 3.04683697052396 0.806877945652523 0.846008202357999
Hist3h2ba 3.02383566059892 0.298748002975443 0.0976278085265388
Cdk18 3.00795179347697 0.591541439375001 0.565708619950838
Lamp5 2.73713594691965 0.562597697975499 0.183466576435026
Bmp4 2.70442546757388 0.710857511357708 0.544660726002367
Car10 2.69749018206391 0.479266854370816 0.270923255705981
Lad1 2.5433420091073 0.525946415512568 0.188660740461909
Pex5l 2.49008222683145 0.753129204716503 0.700851782926247
Rprm 2.38986344940413 0.457208600079862 0.30166459061043
Rab40b 2.36912653037123 0.416701380180322 0.326152506123952
Dock5 2.29189932386839 0.610963390611939 0.378417969664285
Arpp21 2.215081388291 0.211947240212588 0.108976477222589
Cpox 2.04809583181243 0.770996504249631 0.684540768399231
