Astrocyte	ForebrainCholin	Microglia	Microglia_activation	Microglia_deactivation	Oligo
30956	67326	74211	228790	76408	240913
52538	11423	67477	14595	11513	11735
94180	83766	216991	11796	11555	68743
216739	433855	13733	12259	11576	11815
27360	14570	100182	12260	11629	11484
76187	27220	11656	12363	11727	227580
11541	12404	11690	20293	16952	18417
329828	72269	329154	20296	106952	12955
11668	12564	11745	20303	70497	13038
107747	26366	11810	20308	171207	13195
104776	57754	70719	56706	216445	13643
27494	68567	216869	12774	11857	74559
69538	12652	107350	12475	11910	338521
11761	12903	12010	12508	381319	53897
11829	12904	12262	12522	17060	14431
98660	73720	12267	12524	12229	14618
11932	13056	12362	12608	72691	50915
26362	114886	12370	99100	12796	227753
20893	72185	20302	12984	12335	73940
72014	13447	20305	13025	68891	66124
12411	13599	54199	15945	217303	71529
67896	15569	140497	66102	12489	16485
108686	14077	12490	20310	12506	67557
16007	14226	12493	13654	15985	225341
12444	76917	23833	23872	12606	14745
12494	11936	12514	14127	56708	16979
58187	14406	12628	14130	26888	17136
12759	14419	12655	14131	56644	17153
12830	14432	23845	20321	102545	17196
107869	14573	114584	73690	70031	84004
56448	14608	12835	80910	12978	17433
74519	14778	12721	15162	12986	17441
64385	14783	12960	15216	68964	17988
106648	27281	13036	15284	13051	29862
13123	16392	13040	15894	227929	18088
13138	80334	64138	15937	76088	14912
13175	213417	80281	65972	13593	50913
13371	16874	13057	70110	192193	213019
50781	16875	58861	16172	13713	102693
13527	22342	110956	16175	23871	72287
13618	16939	26377	16176	107373	211945
13649	218763	94176	16190	26382	67801
54326	72585	50498	16193	14247	18823
13731	17758	98878	16391	22379	18991
12496	66815	13732	57444	231931	68458
13850	17380	12495	108829	14676	19337
22350	140781	16456	21847	23890	94226
14066	78593	14129	16822	14960	18952
56473	80883	229499	16978	14998	27219
223254	18216	80891	26410	14991	105439
13998	229759	108101	17210	15212	100434
14184	13180	14159	171531	15242	20665
14221	18573	23880	208104	15446	56363
14230	78977	14537	17534	54486	72160
14261	19217	14594	69774	74096	103743
56188	69908	63986	73656	213002	21952
57265	75141	78816	68774	16154	66949
14366	19711	75612	17874	16155	70747
14400	228543	105348	17969	16170	22239
14560	80515	106512	17970	16331	
14600	19894	14824	17972	15900	
14619	102614	110006	18035	239217	
14623	20194	14961	18037	259277	
104174	20195	14972	80859	52855	
14633	282663	15001	233571	16792	
14732	212531	66775	671535	16819	
14735	20508	171285	547253	19141	
14756	63993	15163	80285	16909	
14813	103098	64209	18626	107321	
12950	20541	15277	18793	80877	
15483	66402	15439	56193	16970	
56741	20618	192232	58801	233328	
16008	216233	15936	19332	16988	
16011	20733	15939	74760	17002	
16404	20257	15979	19354	17095	
209378	29859	80719	74734	17110	
16525	71733	16164	19766	16658	
140492	20974	60504	24014	17159	
16779	20979	16194	75234	17260	
16816	20983	16197	56437	17305	
243914	21338	27056	12394	17476	
16870	57816	54396	67742	218203	
210126	50765	16414	18787	246177	
16206	21823	16477	55942	72560	
17035	19240	16598	23921	17952	
17304	22065	23849	20491	74039	
170790	103768	16768	65221	18054	
17909	57775	18826	67547	268903	
75541	56418	16859	207818	99543	
13004	22771	17001	12702	70839	
215819		17084	20732	64099	
18128		17087	19073	30955	
18217		17096	20963	66857	
102644		17258	21354	224860	
23972		58805	21817	104759	
18508		17533	24088	72324	
229534		17698	21899	68507	
18596		17886	170743	16912	
69239		17912	72512	19253	
18679		17921	21926	15170	
18682		17948	21928	66824	
27226		17951	22019	54153	
18994		105855	20128	19731	
19013		224109	14605	19735	
19038		223433	67951	20111	
53412		27355	22228	20201	
116847		18591	22324	20202	
18760		56744	22695	20345	
19125		18686		98365	
19206		227696		104681	
19283		18707		67712	
110078		192654		107375	
19309		234779		56485	
19883		67220		56857	
225998		67448		53945	
13609		269823		50934	
70097		17872		69178	
219151		19079		27060	
20255		19128		21682	
20971		230257		21810	
68607		67103		21812	
12406		19264		21815	
108052		19271		230787	
57738		54354		211550	
20511		170791		21898	
20512		226594		231633	
55963		19696		68487	
76257		67246		21938	
98396		50778		24099	
54403		58809		83433	
53896		74131		217333	
58807		26943		74153	
57319		233186		54445	
81840		20469		22320	
20678		54353		69922	
20682		18173			
13602		20540			
81879		100127111			
21808		219140			
21859		20375			
68385		14270			
192216		225027			
29820		192187			
66873		20852			
83925		70415			
50500		21391			
22329		21452			
22330		21803			
22339		21813			
22421		21897			
97064		107769			
22601		217353			
		227612			
		76681			
		94094			
		22368			
		22177			
		74048			
		11906			
