Astrocyte	DentateGranule	ForebrainCholin	GabaPV	GabaRelnCalb	GabaSSTReln	GabaVIPReln	Gluta	Microglia	Microglia_activation	Microglia_deactivation	Oligo	Pyramidal Thy1 Amyg	Pyramidal Thy1 Hipp	Pyramidal_Glt_25d2	Pyramidal_S100a10	PyramidalCorticoThalam	Spiny	Pyramidal
72792	216613	27220	235130	12308	14675	235415	228911	76261	11977	76408	240913	60367	18227	20671	12351	12831	11847	11922
30956	170677	12903	12615	18159	14829	15561		74211	14595	11554	68743	100040462		66637	13008	12833	12296	
106861	13511	13599	12862	18552	50706	16590		67477	12013	11555	11484				50722	19142	73712	
52538	109620	14573	227733		19281	21334		216991	12042	11576	76893				64058	75646	56458	
94180	60440	14778	20980			22353		13733	11796	11629	18417				21924		64378	
216739	17219	74318				22418		100182	12259	11727	13195						15930	
27360	18012	16875						11656	12363	106952	74559						16493	
14766	18027	78977						11690	108673	70497	338521						106931	
76187	18168	19217						329154	20293	171207	53897						18143	
77559	19212	282663						70719	20296	216445	14431						23984	
329828	56720	20508						216869	20303	11910	67092						29863	
107747	22068	63993						107350	20308	381319	14618						19049	
104776		20618						12010	12774	17060	56356						218772	
27494		21338						229600	12475	12229	50915							
69538		22065						12227	53599	72691	227753							
11761		22773						12262	12508	12796	73940							
216190								12267	12522	12335	56542							
11829								63955	12524	68891	83964							
11932								12362	12608	12488	66124							
26362								12370	99100	217303	225341							
72014								20302	60322	12489	14745							
12411								20305	12984	12506	17136							
67896								54199	13025	15985	84004							
16007								140497	15945	12606	17441							
12494								12490	66102	56708	18088							
56699								12493	20310	26888	14912							
58187								23833	13685	56644	50913							
12759								12514	14127	211286	213019							
12830								12628	14130	67213	102693							
54381								12633	14131	102545	225845							
107869								12655	20321	12986	211945							
56448								75458	14455	68964	67801							
13110								23845	229900	13051	68458							
74519								114584	80910	227929	94226							
64385								12752	15162	231871	18952							
106648								12946	15216	20148	105439							
114874								433375	15284	76088	100434							
329877								54394	15894	13448	20665							
13405								12960	15937	13593	230661							
330662								19025	65972	192193	21827							
13527								13036	70110	13709	72160							
13618								64138	71586	13713	103743							
13649								80281	16172	23871	66949							
54326								13057	16175	107373	70747							
68801								58861	16176	26382	22239							
13731								110956	16190	14247								
12496								26377	16193	22379								
13850								81489	16391	231931								
232146								94176	57444	14676								
22350								50498	108829	23890								
14066								98878	16822	14960								
56473								12495	16978	14998								
58238								80898	17133	14991								
13998								16456	26410	15212								
14183								210998	17210	15242								
14184								14129	171531	15446								
116701								229499	208104	54486								
14221								80891	17534	12807								
14230								108101	69774	193740								
14261								14159	68774	74096								
56188								14231	17874	213002								
57265								23880	17969	16154								
14405								14537	17970	16155								
14451								14594	17972	16170								
14560								63986	18037	16331								
215751								78816	80859	15900								
104174								106512	74091	259277								
14633								110355	106326	52855								
14661								14824	233571	16819								
14732								110006	671535	19141								
14756								14961	547253	110829								
69590								14972	80285	107321								
14813								15001	18626	80877								
14862								171285	56193	16970								
12950								15163	12795	233328								
15483								64209	58801	17002								
16173								15277	19205	17095								
16324								15439	19332	17110								
16404								15936	74213	17159								
209378								15939	54720	17215								
67374								15979	19697	17305								
69259								80719	19698	17390								
16562								16164	74734	17476								
66277								60504	19766	218203								
16779								16194	24014	246177								
66988								16197	75234	72560								
16816								27056	56437	27419								
243914								54396	12394	74039								
16870								16414	20689	18054								
30937								16477	67742	99543								
210126								16598	18787	70839								
16206								23849	55942	64099								
228357								16768	23921	30955								
70083								18826	65221	18805								
17304								16854	67547	104759								
56615								16859	207818	72324								
170790								17084	170625	140570								
17387								17087	12702	68507								
66234								17096	20732	18753								
17750								26401	20963	16912								
17909								58805	21354	19253								
17920								338467	21817	15170								
67111								17533	24088	66824								
75541								17698	21899	110095								
17986								17948	170743	54153								
29811								17951	72512	19650								
215819								105855	21928	105670								
18128								64685	22019	71956								
67122								224109	20128	20111								
18212								223433	14605	20201								
18217								94212	12257	20202								
102644								27355	67951	56045								
75475								243771	22228	24044								
23972								18591	22323	20345								
18508								56744	22324	98365								
18596								227696	22695	100561								
27273								192654		104681								
56376								18783		67712								
69239								234779		56857								
18679								67220		53945								
18682								67448		52466								
27226								269823		71607								
19013								17872		69178								
53412								19128		56504								
11758								230257		27060								
18760								19224		21682								
19125								54354		21810								
19249								170791		21812								
19283								226594		21815								
110078								19696		230787								
19682								50778		211550								
67442								56470		21898								
74013								74030		319880								
13650								58809		231633								
19771								81910		68487								
13609								74131		21938								
70097								26943		24099								
219151								71514		83433								
20971								20397		217333								
68607								54673		74153								
20498								233186		54445								
108052								20469		69922								
20501								54353										
20511								18173										
20512								20540										
76257								100127111										
98396								54607										
53896								20375										
58807								59010										
319757								225027										
20598								192187										
57319								20852										
20652								16430										
223227								21356										
20682								21391										
20787								21452										
20917								21803										
81879								21813										
68385								21897										
214359								217353										
29820								67706										
66873								208263										
83925								227612										
50500								22022										
57776								76681										
22329								94094										
22330								22177										
22421								329908										
								74048										
								67776										
								11906										
								66869										
