Astrocyte	Microglia	Microglia_activation	Microglia_deactivation	Noradrenergic	Oligo
30956	74211	14595	76408	75352	240913
94180	67477	11796	11513	229722	11565
216739	216991	12259	11554	20927	68743
27360	100182	12260	11555	11423	11815
76187	11656	12363	11576	83766	11484
11541	11690	20293	11629	11516	227580
329828	329154	20296	11727	100303646	69993
107747	11745	20303	16952	14570	18417
104776	11810	20308	106952	65255	243780
27494	70719	56706	70497	11928	13643
69538	216869	12774	171207	545192	192657
11761	107350	12475	216445	56808	74559
11829	12010	12508	11857	12294	338521
98660	12262	12522	11910	140723	53897
11932	12267	12524	381319	94332	14618
26362	12362	12608	17060	12310	66066
29815	12370	99100	12229	12311	50915
20893	20302	12984	72691	27220	227753
72014	20305	13025	12796	100503659	73940
12411	54199	15945	12335	12484	66124
67896	140497	66102	68891	72269	71529
16007	12490	20310	217303	12554	67516
12444	12493	13654	12489	104010	225341
12494	23833	14127	12506	12564	14745
12505	12514	14130	15985	170677	16979
58187	12628	14131	12606	53886	17136
12759	12655	20321	17684	108013	17153
12830	23845	73690	56708	68567	17196
234356	114584	80910	26888	12652	17433
107869	12960	15162	56644	12653	17441
56448	13036	15216	102545	246048	17988
74519	13040	15284	70031	11440	29862
64385	64138	15894	12978	12716	18088
106648	80281	15937	12986	69574	14912
13123	13057	65972	68964	53870	50913
13175	58861	70110	13051	66797	213019
13371	110956	16145	227929	170571	72287
13618	26377	16172	76088	12933	211945
13649	94176	16175	13593	13056	67801
54326	50498	16176	192193	114886	18991
13731	13732	16190	13713	13166	68458
12496	12495	16193	23871	13386	19215
13850	16456	57444	107373	13483	19337
232146	14129	108829	26382	65254	94226
22350	229499	21847	14247	15569	27219
14066	80891	16822	22379	13723	20408
56473	108101	16978	14282	14077	105439
14114	14159	26410	231931	14226	100434
13998	23880	17210	14676	76917	20665
14184	14537	171531	23890	14419	103743
14221	14594	208104	14960	14432	21952
14230	63986	17534	14998	14528	66949
14261	78816	69774	14991	14706	70747
14314	105348	73656	15212	14778	22239
56188	106512	68774	15242	14783	
57265	14824	17874	15446	23893	
14405	110006	17969	54486	14867	
14560	14961	17970	74096	14950	
14623	14972	17972	213002	226180	
104174	15001	18035	16154	16511	
14633	66775	18037	16155	80334	
14732	171285	80859	16170	16728	
14756	15163	233571	16331	22342	
14813	64209	671535	15900	23934	
12950	15277	547253	239217	17116	
15483	15439	80285	259277	17161	
56741	192232	18626	52855	17755	
16008	15936	56193	16792	17758	
16011	15939	58801	16819	60597	
209378	15979	19332	19141	66815	
16525	80719	74760	16909	17263	
140492	16164	19354	107321	17957	
16779	60504	74734	80877	380684	
16816	16194	19766	16970	18039	
243914	16197	24014	233328	64242	
16870	27056	75234	16988	18082	
210126	54396	56437	17002	78593	
16206	16414	12394	17095	80883	
17304	16477	67742	17110	53322	
170790	16598	18787	16658	12659	
75541	23849	55942	17159	23969	
13004	16768	23921	17305	18481	
102644	18826	20491	17476	13180	
23972	16854	65221	218203	59093	
18508	16859	67547	246177	18548	
229534	17001	207818	72560	18549	
18596	17084	12702	17952	18616	
27273	17087	20732	74039	11859	
69239	17096	19073	18054	67451	
18682	17258	20963	114249	56523	
27226	58805	21354	268903	93843	
18994	17533	21817	99543	19275	
19013	17698	24088	70839	104886	
19038	17886	21899	64099	69908	
53412	17921	170743	30955	67295	
116847	17948	72512	224860	19417	
18760	17951	21926	104759	19662	
19125	105855	21928	68507	19711	
19206	224109	22019	18753	50782	
19283	223433	20128	16912	75745	
110078	27355	14605	19253	19894	
19309	18591	67951	15170	20194	
225998	56744	22228	66824	20254	
13609	227696	22324	54153	110876	
70097	18707	22695	19731	235281	
219151	192654		67865	56526	
20255	234779		19735	243328	
20971	67220		20111	103098	
68607	67448		20201	229706	
12406	269823		20202	20538	
108052	17872		20345	20618	
57738	19079		98365	319317	
20511	19128		104681	20733	
20512	230257		67712	20606	
55963	19264		107375	20450	
76257	19271		56485	20452	
98396	54354		56857	52331	
54403	170791		53945	57740	
53896	226594		50934	20257	
58807	19696		69178	20908	
57319	50778		27060	71733	
81840	58809		21682	20965	
20678	74131		21810	20974	
20682	26943		21812	110058	
13602	233186		21815	20983	
26938	20469		230787	23964	
81879	54353		211550	21419	
21808	18173		21898	21823	
21859	20540		231633	19240	
68385	100127111		68487	22065	
192216	219140		21938	22152	
29820	20375		24099	103768	
66873	14270		83433	57775	
83925	225027		217333	26949	
50500	192187		74153		
22329	20852		54445		
22339	21391		22320		
22421	21788		69922		
97064	21803				
22601	21813				
	21897				
	107769				
	217353				
	227612				
	76681				
	94094				
	22177				
	74048				
	11906				
