Astrocyte	ForebrainCholin	Microglia	Microglia_activation	Microglia_deactivation	Oligo	Spiny
72792	73737	74211	11977	76408	240913	11472
30956	11423	67477	14595	11513	68743	11847
106861	14570	216991	11796	11555	11815	244867
52538	27220	13733	12259	11576	11484	59046
94180	72269	100182	12260	11629	18417	11941
216739	64085	11656	12363	11727	12955	108100
68738	66423	11690	20293	16952	13038	14025
27360	12904	329154	20296	106952	13195	58208
14766	13008	11745	20303	70497	74559	12296
76187	72185	11810	20308	171207	338521	12323
11541	13599	171504	56706	216445	53897	235604
329828	14226	70719	12774	11910	14431	67252
11639	76917	216869	12475	381319	14618	73420
11668	14419	107350	12508	17060	56356	108699
107747	14573	12010	12522	12229	50915	77590
104776	14702	229600	12524	72691	227753	12716
27494	14706	12227	12608	12796	73940	12810
69538	14778	12262	99100	12335	66124	13395
11761	15507	12267	60322	68891	16763	73712
11816	80888	12362	12984	217303	225341	13829
216190	213417	12370	13025	12489	14745	208618
11829	16874	20302	15945	12506	17136	14169
98660	16875	20305	66102	15985	17153	108655
11932	66815	54199	20310	12606	17196	14403
26362	18053	140497	13654	56708	84004	64378
72014	78593	12490	14127	26888	17433	15444
12411	18216	12493	14130	56644	17441	15930
67896	13180	23833	14131	67213	17988	228550
16007	18548	12514	20321	102545	67149	16438
12494	18768	12628	14455	70031	18088	545156
58187	78977	12655	229900	12978	14912	16493
12759	19217	75458	73690	12986	50913	16497
12830	19711	23845	80910	68964	213019	226922
74114	228543	114584	15162	13051	102693	268482
29873	20195	12835	15216	227929	72287	76161
107869	20508	12721	15284	20148	211945	380928
56448	63993	433375	15894	76088	67801	17536
74519	66402	12960	15937	13593	18823	140781
64385	20618	13036	65972	192193	68458	17919
106648	20257	13040	70110	13709	94226	18039
13123	71733	64138	71586	13713	18952	18040
13138	21338	80281	16145	23871	27219	18143
13175	22065	13057	16172	107373	105439	64011
13371	22248	58861	16175	26382	100434	18197
50781	22771	110956	16176	14247	20665	66425
13527		26377	16190	22379	21827	23984
13618		81489	16193	14282	56363	18574
216616		94176	57444	231931	72160	207728
13649		67603	21847	14676	103743	29863
54326		50498	16822	23890	66949	56012
13731		98878	16978	14960	70747	20620
12496		13732	17133	14998	22239	19049
13850		12495	26410	14991		19259
13860		80898	17210	15212		104886
232146		23943	171531	15242		67295
22350		16456	208104	15446		217371
14066		14129	17534	54486		218772
76267		229499	69774	74096		268859
56473		80891	73656	213002		52897
58238		108101	68774	16154		232441
223254		14159	17874	16155		67792
14114		23880	17969	16170		19739
13998		14537	17970	16331		225870
14164		14594	17972	15900		20183
14182		63986	18035	239217		110876
14184		78816	18037	259277		57138
14221		75612	80859	52855		22348
14230		105348	74091	16792		237761
14261		106512	233571	16819		20451
56188		14824	671535	19141		104027
57265		110006	547253	107321		72003
14366		14961	80285	80877		72309
14400		14972	18793	16970		57775
14405		15001	56193	233328		
14451		66775	12795	17002		
14560		171285	58801	17095		
14600		15163	19332	17110		
14609		64209	74760	16658		
14619		15277	19354	17159		
14623		15439	19697	17215		
104174		192232	74734	17305		
14633		15936	19766	17476		
14732		15939	24014	218203		
14756		15979	56437	246177		
64297		80719	58185	72560		
14813		16164	12394	17952		
14862		60504	67742	74039		
12950		16194	18787	18018		
15483		16197	23921	18054		
15903		236790	20491	268903		
56741		27056	65221	99543		
16008		54396	67547	70839		
16011		16414	207818	64099		
16324		16477	12702	30955		
16404		16598	20732	18805		
209378		23849	19073	104759		
140492		16768	20963	140570		
16562		18826	21354	68507		
16779		16854	21817	18753		
16816		16859	24088	16912		
243914		17001	21899	19253		
16870		17084	170743	15170		
30937		17087	72512	66824		
210126		17096	21926	54153		
16206		58805	21928	19650		
17035		17533	21937	19732		
11426		17698	22019	67865		
70083		17886	22033	20111		
17304		17921	20128	68750		
56615		17948	14605	20201		
170790		17951	22146	20202		
17387		105855	67951	24044		
17909		106582	22228	20345		
17920		224109	22324	98365		
67111		223433	22695	104681		
75541		94212		67712		
13004		27355		107375		
17986		18591		56485		
18028		56744		56857		
215819		18686		53945		
58237		227696		50934		
18128		18707		69178		
67122		192654		56504		
18212		18783		54613		
18217		234779		27060		
102644		67220		21682		
75475		67448		21810		
23972		269823		21812		
18508		17872		21815		
18596		19079		230787		
27273		19128		211550		
69239		230257		21898		
18679		67103		319880		
18682		19224		231633		
27226		19264		68487		
19013		54354		170706		
19038		226594		21938		
53412		19696		24099		
116847		67246		83433		
18760		50778		217333		
19125		56470		74153		
19249		58809		54445		
19283		74131		22320		
110078		233186		69922		
19309		20469				
114713		18173				
19682		20540				
74013		100127111				
13650		219140				
225998		20375				
13609		14270				
70097		225027				
219151		192187				
20255		20852				
20971		21356				
20351		21391				
68607		69068				
12406		21452				
20498		21788				
108052		21803				
57738		21813				
20511		228839				
20512		21897				
55963		107769				
76257		217353				
98396		57259				
232333		227612				
53896		76681				
26941		94094				
58807		22368				
319757		22177				
20598		74048				
57319		78889				
20652		11906				
81840						
223227						
20678						
26942						
13602						
20787						
81879						
21808						
21859						
68385						
192216						
214359						
29820						
66873						
50500						
22329						
22330						
22339						
22421						
97064						
