Astrocyte	GabaReln	Hypocretinergic	Microglia	Microglia_activation	Microglia_deactivation	Oligo	ThalamusCholin
30956	234797	76770	74211	228790	76408	240913	66952
52538	107831	14570	67477	11977	11513	68743	620078
94180	100303646	54140	216991	14595	11554	11815	12297
216739	11847	54376	13733	11796	11555	11484	320405
27360	244867	12425	100182	12259	11576	18417	110834
76187	12289	12565	11656	12260	11629	74559	56066
11541	12291	68567	11690	12363	11727	338521	227929
77559	56808	12683	329154	20293	16952	53897	13591
329828	12300	12922	11745	20296	106952	14431	74053
11639	94332	13386	11810	20303	70497	14618	15564
107747	72269	13447	70719	20308	171207	66066	16372
27494	170677	14528	216869	56706	216445	227753	16373
69538	11440	103988	107350	12774	11857	73940	54352
11761	235415	14778	12010	12475	11910	66124	70357
11829	14408	15114	12262	12508	381319	71529	16531
98660	14409	15171	12267	12522	17060	225341	17311
11932	14417	15372	12362	12524	12229	14745	218763
26362	14462	56534	12370	12608	72691	17136	17116
72014	14799	16009	20302	99100	12796	17441	53608
12411	15165	16493	20305	60322	12335	14912	17380
67896	16000	80334	54199	12984	68891	50913	140781
108686	16502	16939	140497	13025	217303	213019	56846
16007	72413	105853	12490	15945	12489	211945	18012
12444	14160	64242	12493	66102	12506	67801	230899
12494	16869	67405	23833	20310	15985	68458	18227
58187	109594	18216	12514	13654	12606	94226	207728
12759	17263	13180	12628	14127	56708	18952	20349
12830	11819	18548	12655	14130	26888	27219	212531
234356	18195	18610	75458	14131	56644	105439	20508
29873	18424	69908	23845	20321	67213	100434	20618
107869	231440	228543	114584	14538	102545	20665	216233
56448	59093	192199	12721	73690	12978	72160	66042
74519	219257	20194	12960	80910	12986	103743	20686
64385	93892	13162	13036	15162	68964	66949	20606
106648	26875	20733	13040	15216	13051		21334
13123	18155	22045	64138	15284	231871		21414
13138	170826		80281	15894	76088		104271
13175	19281		13057	15937	192193		21928
13371	19699		58861	65972	13709		22178
50781	102614		110956	70110	13713		22774
13527	20192		26377	71586	23871		
13618	214189		81489	16172	107373		
13649	20370		94176	16175	26382		
54326	20527		50498	16176	14247		
13731	94229		13732	16190	231931		
12496	229706		12495	16193	14676		
13850	319317		80898	16391	23890		
232146	66970		16456	57444	14960		
22350	21338		14129	108829	14998		
14066	21349		229499	21847	14991		
56473	23964		80891	16822	15212		
223254	21955		108101	16978	15242		
14114	22255		14159	26410	15446		
13998			23880	17210	54486		
14182			14537	171531	193740		
14184			14594	208104	74096		
116701			63986	17534	213002		
14221			78816	69774	16154		
14230			105348	73656	16155		
14261			106512	68774	16170		
56188			14824	17874	16331		
57265			110006	17969	15900		
14366			14961	17970	239217		
14405			14972	17972	259277		
14560			15001	18035	52855		
14619			66775	18037	16792		
14623			171285	80859	16819		
104174			15163	74091	19141		
14633			15277	233571	107321		
14732			15439	671535	80877		
14756			192232	547253	16970		
14813			15936	80285	233328		
12950			15939	18626	17002		
15483			15979	18793	17095		
56741			80719	56193	17110		
16008			16164	58801	16658		
16011			60504	19332	17159		
16404			16194	74760	17215		
209378			16197	19354	17305		
16443			27056	19697	17476		
66277			54396	74734	218203		
16779			16414	19766	246177		
16816			16477	24014	72560		
243914			16598	75234	17952		
30937			23849	12394	18054		
210126			16768	67742	114249		
16206			18826	18787	268903		
228357			16859	23921	99543		
17304			17001	20491	70839		
170790			17084	65221	64099		
17909			17087	67547	30955		
17920			17096	207818	224860		
75541			17258	170625	18805		
13004			58805	12702	104759		
17986			17533	20732	72324		
18028			17698	19073	16912		
215819			17886	20963	19253		
58237			17912	21817	15170		
18128			17921	24088	66824		
67122			17948	21899	54153		
18212			17951	170743	20111		
18217			105855	72512	20201		
102644			224109	21926	20202		
75475			223433	22019	24044		
23972			27355	20128	20345		
18508			18591	14605	98365		
229534			56744	12257	104681		
18596			18686	67951	67712		
27273			227696	22228	107375		
56376			18707	53376	56485		
69239			192654	22324	56857		
18679			234779	22695	53945		
18682			67220		50934		
27226			67448		69178		
19013			269823		27060		
19038			17872		21682		
53412			19079		21810		
116847			19128		21812		
19125			230257		21815		
19283			67103		230787		
110078			19224		211550		
19737			19264		21898		
13609			19271		319880		
70097			54354		231633		
219151			170791		68487		
20255			226594		21938		
20971			19696		24099		
68607			67246		83433		
12406			50778		217333		
20498			74030		74153		
108052			58809		54445		
57738			74131		22320		
20511			26943		69922		
20512			233186				
55963			20469				
76257			54353				
98396			18173				
54403			20540				
53896			100127111				
58807			219140				
57319			20375				
20652			14270				
81840			225027				
20682			192187				
13602			20852				
81879			70415				
21859			21391				
68385			21452				
192216			21803				
214359			21813				
29820			21897				
66873			107769				
83925			217353				
50500			57259				
22329			227612				
22330			76681				
22339			94094				
22421			22177				
97064			74048				
			11906				
