209378
225998
75541
13527
17387
56376
20598
12444
214359
21859
27360
23972
29873
107747
76187
67896
13998
104174
102644
17304
30956
210126
13175
14184
53896
18679
58807
14813
70097
72014
16007
104776
53412
107869
13138
14633
29820
18508
18760
67916
26362
17909
13618
56448
97064
18212
20971
30937
14366
13649
68738
74114
229534
14230
20512
108052
76257
20678
81879
11829
74519
68385
58187
13123
20498
22329
83925
20787
15483
19125
12411
13731
22350
66873
57738
12830
16870
14221
56473
11758
18128
19038
57265
12494
18682
58237
54326
16816
14623
108686
22330
19283
50500
12505
57319
16404
81840
98396
22339
232146
14560
116847
329828
16008
22421
11816
27226
216739
140492
67111
69239
12496
19013
26941
13850
219151
223254
75475
11761
14261
106648
64385
94180
69538
14066
17986
19309
18217
