Gja1 10.8614727353197 0.756847128026417 0.468460086422002
F3 10.0894102294808 0.799373637603836 0.445877274961983
Gjb6 9.92818270141491 0.786635431802867 -0.168418371594951
Pla2g7 9.90759449708325 0.699646642531467 0.457699666445594
Slco1c1 9.70407388679259 0.712779936408283 -0.250425616470088
Mfge8 9.67938027514102 0.652630781636119 0.258471088250213
Slc1a3 9.59107847687178 0.682080481973209 -0.0713517993272646
Sdc4 9.08044050820928 0.757674459177811 -0.0961621941476802
Gpr37l1 9.01758179752309 0.81206788538956 0.409344820472501
Cldn10 8.94441194234661 0.769256736090082 0.459174791501977
S1pr1 8.74323830596158 0.712438100327343 0.114855287283906
Plpp3 8.50881574358941 0.754750765768926 0.283848488932263
Lcat 8.4939536156081 0.843862780425066 0.363056841203593
Acsbg1 8.48481159414542 0.837085982337976 0.275626533102702
Ntsr2 8.4410735690933 0.837653312348059 0.474478439799492
Cmtm5 8.40804807047901 0.671801911099852 -1
Slc39a12 8.40754358104819 0.887197534858901 0.396234411305466
Selenop 8.31511842576316 0.47580474511881 -1
Gstm1 8.20077887812647 0.59219513698494 0.438253577085503
Fam107a 8.16055721711788 0.830950860470249 0.196376339782974
Mt2 8.14908016452001 0.691926179607703 -0.0808369035442695
Aldoc 8.11141806626005 0.59866795821216 0.485055875270723
Id3 8.06549323212024 0.540017185431138 -0.303318186076163
Aqp4 8.02480753400436 0.902542955475603 0.597345597727674
Car2 8.02261311275807 0.553667934154839 -1
Slc6a1 7.91129875799287 0.138074586815755 -8.03427531884254e-05
Dhrs3 7.90182199638483 0.387248944361279 0.497781999144222
Ppp1r3c 7.78877408623551 0.816009004956662 0.264603667260793
Tmem100 7.77607054981986 0.540329686650904 -1
Slc38a3 7.7365657264195 0.694682865770122 0.384458861132833
Nat8f5 7.72438430285392 0.949833904598438 0.548174175109394
S100a16 7.70184144767306 0.468212151188639 -1
Cyp2j9 7.69642772380404 0.711331579020517 0.288742450334451
Timp4 7.55645820275294 0.721044428204209 0.131162230854094
Apoe 7.52489646031328 0.653235277476096 0.519882403493909
Slc25a18 7.48483380793147 0.887902272448393 0.592881868747047
Tst 7.47034532117649 0.811933971010609 0.517886824976268
Dio2 7.46473333500284 0.87810039084585 0.470600447062608
Pdpn 7.41552913259869 0.731364851529054 -0.312986820653744
Cbs 7.41514571670279 0.914577461279707 0.622735890300658
Ednrb 7.39636255958402 0.678257195953959 -1
Atp1a2 7.35660932142305 0.711505796079074 -0.322013106145826
Plcd4 7.33288626947885 0.876795849714127 0.566135751505843
Entpd2 7.30187352780061 0.90657661741868 0.582586556824081
Htra1 7.29960437195279 0.699876890188321 0.171495889886139
Prodh 7.21930338508138 0.839580298766833 -0.138870438686564
Trf 7.20697550478121 0.593111862266104 -1
Chrdl1 7.18053654669973 0.945197348714066 0.622625445916947
Vcam1 7.14018515176921 0.652329320721401 -0.333333333333333
Hsd11b1 7.05568772495896 0.406606549612385 -0.18918164623133
Mgst1 6.99192782912877 0.704921472163419 -0.333333333333333
Cpq 6.9241004238547 0.52995413279162 -1
Fxyd1 6.9212169585708 0.687132878379233 -0.272392974860545
Cyp2d22 6.87437116500682 0.803511994912229 -0.132872242172202
Scrg1 6.85577887551045 0.599439844104201 -1
Tlcd1 6.85066200767149 0.831086055062338 0.567696899309346
Pon2 6.81765849429047 0.566643411437518 -0.0384753707402792
Nupr1 6.81361387670687 0.298767912322276 -0.333333333333333
Bcan 6.79458462400941 0.708216183626495 -1
Slc15a2 6.78767464175834 0.779262482452904 0.443774845175318
Sox9 6.77034775222341 0.741183197369416 0.553380904233537
Tmem176b 6.76114107532214 0.330812836560678 -1
Pmp22 6.74254472567255 0.417069964661763 -1
Tcn2 6.73456384304585 0.462291510878934 -1
Tmem176a 6.72359801329588 0.435337455502923 -1
Olfml1 6.66847413595069 0.847676454666596 -1
Aldh1l1 6.66746218030502 0.728552708984774 0.276206217222632
Cd63 6.65770800195578 0.323709064338607 -0.283414309229543
Il33 6.63986513966846 0.785552909313305 -1
Fmo1 6.63703333211262 0.695134527614264 -0.333333333333333
Fabp7 6.60904769595686 0.574651218209978 -1
Mertk 6.57762315139904 0.720156104130103 -1
Phgdh 6.51034157199288 0.460142552396378 -1
Mlc1 6.50627826189018 0.926793598305057 0.647192157235074
Gfap 6.493650841842 0.951518137927736 0.662102475853315
Ttyh2 6.48625726105752 0.510879871318589 -1
Efemp1 6.47597582197553 0.686629870984395 -0.333333333333333
Rarres2 6.47157950782198 0.817015662159267 -0.333333333333333
E130114P18Rik 6.46835793197586 0.747591086969668 0.342788883240662
Ndp 6.44880360599115 0.821905495515776 0.466475316657678
Itih3 6.44365441998212 0.891736747411051 0.646077128560713
Adhfe1 6.40651388110619 0.785101873266722 -0.200615724593062
C030018K13Rik 6.39667593661256 0.92978660347205 0.606559128003095
Gdpd2 6.3342744188668 0.764229774453067 -0.101262588285349
Mfsd2a 6.31771922628395 0.667168787173724 -0.333333333333333
Selenbp1 6.30130897615627 0.568038941460583 -0.276137888051119
Gramd3 6.28375698981379 0.846079690842854 0.226047302265213
Slc9a3r1 6.27410785869184 0.774227624242192 -0.232522768465862
Eva1a 6.2642723599429 0.85693487119734 0.639584719603001
Atp13a4 6.23014414435815 0.912288004711285 0.59384930635826
Dbx2 6.21019340026031 0.85682247672217 0.608874636039147
Hapln1 6.20322200837794 0.638215613912896 0.428100217254076
Nfe2l2 6.1839714458752 0.563163051647787 -1
Smim3 6.1455376910471 0.768025495804967 0.327894563889514
Cd9 6.13040965237482 0.342067427396706 -1
Kcnj16 6.09627500542103 0.663655735353098 0.177981790151839
Ptprz1 6.09308890792206 0.641912229121875 -1
Fgfr3 6.05879280302796 0.854362861904446 0.597682913730173
Slc4a4 6.0465431583204 0.627205331972935 0.102697450187218
Prdx6 6.03800418316681 0.817804873649999 0.529161899992563
Ctso 6.03768571582313 0.669559773833906 0.468439164179818
Fam163a 6.03484632975039 0.788306853128008 0.505910498084913
Cth 6.02843093559335 0.81388562555485 0.445208220968232
S100a1 6.02392796383078 0.369270767980464 -1
Mmd2 6.00855992705039 0.552801113083821 0.0267857813285901
Gabrg1 6.00802516878838 0.778784454382407 0.34874220832232
Chil1 5.97145602093989 0.80026209332382 0.554963991718418
Glul 5.95227409127561 0.546842809364682 0.460015714479758
Rorb 5.93532815833601 0.270209255948484 -0.0460865418070883
Appl2 5.92081240829599 0.664448770378965 0.227639536021707
Luzp2 5.90903237707316 0.420439112505796 -0.00632770361540763
Gpc5 5.90362134508219 0.786352860943146 -1
Tlr3 5.88039962766313 0.810496451259306 0.427921432358269
Maob 5.87380187408029 0.63102279392144 0.305563530090866
Agmo 5.86039762958184 0.768860284632302 -1
Nde1 5.85634377539133 0.454552845555756 -1
Id4 5.85458801432727 0.755598132265472 0.400275432365366
Pdlim4 5.84971503590358 0.8666652055125 0.637306345300776
Tril 5.81297827747066 0.702770177802432 0.572015875067085
Fcgrt 5.79089503296281 0.555517413454798 -1
Grm3 5.78432417388396 0.525150171902606 0.526750161132576
Gldc 5.78362689072449 0.94822676589549 0.627536872992166
Thrsp 5.77488600841799 0.372950696618484 -0.0744838997138067
Timp3 5.76539076506187 0.50916477106734 -0.333333333333333
Cyp4f15 5.75896351743209 0.957432890276312 0.609781799530469
Gstk1 5.74252613781649 0.461765980768124 0.13534383178126
Ezr 5.74190683258897 0.79280548429477 0.436731431098522
S100a13 5.71228220515283 0.476387852175818 -1
Plp1 5.69608194971499 0.589776072893419 -1
Rfx4 5.6810033019287 0.80291545916637 0.252056891483635
Cideb 5.66434910191955 0.834654824428561 0.469666611875298
Mdk 5.66421917543808 0.684823627002952 -1
Mt1 5.64739173684938 0.545397378220604 0.141074534495187
Pxmp2 5.64040707245293 0.833759413522023 0.195977247587088
Tcf7l2 5.63950690600509 0.538388328714661 -0.207393067771414
Cml3 5.61799630747046 0.949908688734431 0.644865159626264
Slc14a1 5.60794290793905 0.964086104046018 0.653566919602985
Hsd3b7 5.60304811918694 0.612025794467571 0.438944815687811
Prelp 5.58855842916037 0.856390331544432 -0.325003782184299
Nkain4 5.58460355436925 0.636489784465033 -0.0258956036734074
Slc7a10 5.57506667985567 0.89573471618655 0.579071332008559
3110082J24Rik 5.56485370987574 0.942316104679517 0.646536621018198
Ccdc141 5.54837027268801 0.661286639053313 -0.0789458167823746
Daam2 5.54644221555765 0.812226326717262 0.3538515508823
Gpx8 5.52128287780388 0.64403471591619 -1
Prex2 5.47994565508315 0.746070392150386 -0.241002730556059
Sparc 5.45598194618232 0.369096996769927 -1
Zfp36l2 5.44737239029504 0.569493954997702 -1
Rftn2 5.43823840617582 0.754089069421301 0.396000798009397
C030037D09Rik 5.43004234061109 0.905389327107589 0.598468461174219
Bmpr1b 5.36736092501661 0.817634926291049 0.475616523008678
Acaa2 5.36531636955895 0.482521797380454 -0.333333333333333
Etnppl 5.36012740695895 0.927561684295823 0.665659409647944
Hepacam 5.35442589795277 0.754455168932792 0.262434168322534
St3gal4 5.35296362537184 0.742754086295658 0.534239388484443
Phka1 5.34908008399218 0.732995830847878 0.517486460682758
Adgrg1 5.33074797858104 0.514512883262196 -1
Cxcl14 5.32157267275582 0.819554093858837 -1
Cyr61 5.30812455833983 0.300018022284808 -1
AI464131 5.29505409957669 0.911700282856277 0.582793869422001
Cnp 5.29177285610622 0.488103333112016 -1
Ndrg2 5.29048472060918 0.367328299744606 -0.227094178596613
Rlbp1 5.25770293470239 0.66232714417481 -1
Scara3 5.25250348515072 0.870731743643859 0.616256622240947
Acat3 5.24955897412751 0.915721162795778 0.55369000610132
Enho 5.24940495104959 0.710130588853648 0.539062291930308
Gm11627 5.24910132245658 0.850077543287145 -0.135400456553074
Hadh 5.23830499775209 0.532371885838498 -1
Megf10 5.22851450879306 0.715950860272841 -0.0155740889054435
Fgfr2 5.2181655712448 0.652068197501908 -1
Tubb2b 5.2005666084469 0.474448437329364 0.175621178824589
Lix1 5.19793560821875 0.632179736181043 0.451580368845955
Hspb8 5.19549776039621 0.635181585180695 -0.333333333333333
Gm5089 5.18958308821525 0.773894446080545 -0.333333333333333
Ddit4l 5.17652173648656 0.257033804419718 -0.333333333333333
Qk 5.16327629787113 0.386909047112509 -1
Ugt1a6a 5.14619863438158 0.965276989200263 0.666666666666667
Abhd3 5.14387943509307 0.608713706209327 0.412867283909622
Nat8 5.13859923552484 0.928879968169558 0.590723193923032
Slc27a1 5.13767436545804 0.747552807831945 0.525559964851539
Slc1a2 5.13605703516792 0.431810316720549 0.247064063271619
Emp2 5.13592680181913 0.705708983549915 -0.333333333333333
Nat8f1 5.08451381402441 0.616375889589845 -0.124669102627384
Echdc2 5.08152444579242 0.531144620844771 0.140188610105308
Mir568 5.07500963057883 0.336343274029523 -1
Cyp4f14 5.06685621177718 0.960920793835476 0.65832103709576
Elovl5 5.06040330605808 0.493343083711054 0.490780522025546
Nudt7 5.05577449620805 0.564872237556456 0.329802157060768
Il18 5.04911043553661 0.528935052473314 0.460604912590369
Cst3 5.04511421864221 0.675947468640615 -1
Cdh19 5.03672209521397 0.777120043692413 -1
Fam20a 5.03176513916286 0.8218285878833 0.406187551889834
2900052N01Rik 5.02757136631426 0.918556909518876 0.595410823786629
Nat1 5.01319216417393 0.944551511551332 0.666466893721239
Abhd4 5.0116093142229 0.534781451582219 -1
Crot 5.00242225973124 0.59643615732162 0.491085871740311
Smpdl3a 4.99003987540177 0.550405177453113 0.152637246068481
Clu 4.98931952477998 0.763414967239364 0.537294457449525
Acsl6 4.98448620426498 0.628237955948136 0.305162720318449
Lpar6 4.98437025324054 0.397506839356161 -1
Gng5 4.98146915987965 0.312311758448771 -0.005318254793726
Agt 4.97079011394348 0.816295627485574 0.498522226378412
Pou3f2 4.95963606290331 0.240066779627861 0.305733247701998
1700084C01Rik 4.9461300920135 0.8995567874859 0.613075213932545
Sat1 4.93524643589839 0.682522951667308 0.481916543552386
Fermt2 4.932770336016 0.620123838999077 0.383066924124663
Cyp4f13 4.93118186242131 0.73587475324266 0.45035360013125
Atp13a5 4.92797968100388 0.731796661378441 -0.333333333333333
Naaa 4.92708626556401 0.668502382493362 0.0756809686494689
Cdkn2c 4.92686001107013 0.668470589618999 -0.333333333333333
AA387883 4.91320296064934 0.875595084199094 0.592644276918554
Elovl2 4.91292281059997 0.821890998787332 0.416294362534268
Psd2 4.90867371440402 0.764716070081174 0.537566601890496
Egfr 4.90681008923671 0.91346480704904 0.419049653981361
Serpine2 4.89955542096018 0.175992423638489 -1
Nat8f4 4.88599388122682 0.705724455996253 -0.196483229794426
Eps8 4.87914979661284 0.594592758702516 0.0855711971823608
Gm5083 4.86935496726472 0.927266193368103 0.64811582071331
Kcnj10 4.86638774187083 0.646190223200529 -1
Pnp 4.843908081368 0.521727581160327 -1
Igsf11 4.82835984938518 0.548043577447193 0.325074584939482
Serhl 4.82814991868462 0.813448066702785 -0.0900787364186409
Hopx 4.81883076979199 0.829358357999744 0.214697932125096
Hist1h2bc 4.81010413714815 0.408044792698556 0.124482326702549
Tmbim1 4.77252513530724 0.636331820250574 -1
Ifitm3 4.77046157682004 0.475408310130165 0.212338079854735
Pbxip1 4.7643076530205 0.679078884736894 0.608534723304016
Eya1 4.75928638644808 0.591653406417554 0.298572293174937
Fam198a 4.75836446988556 0.917027399314142 0.589263160775756
Slc7a11 4.74438302798825 0.802097156870929 -0.333333333333333
Zfp36l1 4.7439387144329 0.546639699756966 -1
Gem 4.74308396158041 0.70806754066955 -1
Ephx2 4.73880217693073 0.528190532449635 0.0718564839617743
Cnn3 4.73592926326147 0.436934410710993 -0.333333333333333
Cd38 4.71626450439594 0.716463948297145 -0.333333333333333
Cpt1a 4.70543652470966 0.592485616067203 -0.333333333333333
Cib1 4.69573867134235 0.550588936830339 -0.259687325818629
Btd 4.67957751478892 0.484548058929219 -1
Swap70 4.67844277279388 0.589078874934655 0.162202498737594
Plin2 4.66791271662579 0.377185371406946 -0.333333333333333
Kank1 4.6657126530917 0.759051156578948 -1
Tsc22d4 4.6627614506472 0.632275222400093 -1
Spata17 4.66198565146502 0.815034021750283 -0.333333333333333
Nr1h3 4.63362044639886 0.82047763415992 0.215305832810932
Pax6 4.63141939608837 0.757487045503277 0.103319786861365
Lhx2 4.62825704877745 0.48807860549442 0.172722527603737
Myo10 4.60066272671439 0.623090878781729 -0.333333333333333
Myo6 4.59956907021515 0.657760152111635 -1
Zbtb20 4.59449346933068 0.588635388107907 0.361852697358118
Sall3 4.58805541450945 0.660996752826925 0.0356431422567151
Notch2 4.5794147026124 0.63946406616251 -0.333333333333333
Pnpla7 4.56624121623901 0.644617942466962 -1
Gsap 4.56235687419295 0.654524818929625 0.0310516558892307
Arhgef26 4.56120877952765 0.856154283402482 0.316253094889483
Cmbl 4.56075132037996 0.416656370865783 -0.333333333333333
Kirrel2 4.55537940746019 0.956213223202022 0.625103978718987
Oaf 4.55141434227534 0.938169361612608 0.645842473805834
Smpd2 4.55107205428081 0.559325653436166 -0.0144361087544438
Fkbp10 4.54457452322108 0.9653385565701 0.654460948644388
Gpt 4.53903501441955 0.674125978244465 -1
Mcur1 4.53832298423761 0.640624432275755 0.192417972788023
Dock1 4.52856131668712 0.517174041642928 -1
Steap3 4.524655597328 0.858830118135422 -0.333333333333333
Id1 4.51237839067889 0.633475153090122 0.201285653458501
Hbegf 4.50484859863881 0.426601738359024 0.291480937193429
Upp1 4.49061490428095 0.964921333476698 0.666666666666667
Nr2e1 4.47926197466641 0.763806364086086 0.395383351318254
Ppil6 4.47313573225338 0.689212513584669 0.161514963038602
Gm973 4.46344621247139 0.959700921273015 0.642585531740954
Egfl6 4.46219871388537 0.817363766680713 0.357068428229167
Pdlim5 4.45182915566714 0.47446090917764 -1
Sorbs3 4.44440173799872 0.586047560316884 -1
Frrs1 4.44144581889579 0.592932772738748 -1
Tnfsf13 4.43630503051514 0.779910756939355 -1
Gpld1 4.43192412856704 0.673422976146616 0.0970308316405695
Dcxr 4.43160211168049 0.789164588476849 -1
Gas1 4.43020131080414 0.803469067692475 0.209103762151307
Celrr 4.42932700040704 0.858125264039469 0.637023679950205
Retsat 4.41706490300009 0.670740098968734 0.314480224944472
Rapgef3 4.41545012762837 0.601015972904845 0.163408682707768
Acot11 4.41291336386268 0.889154802654935 0.590440967118298
Zcchc24 4.40625688136133 0.569438847348467 -1
Aifm2 4.40514492410794 0.559235650397248 0.10577464603265
Zfyve21 4.40032152295541 0.593095820959573 -0.0839485011645286
Lpar4 4.39921781356897 0.796931157745537 0.487601489318765
Plod1 4.39440559160729 0.476884316727792 -1
Sult1a1 4.38683626127392 0.576563270923136 -1
Tmem98 4.38094659778976 0.503980009044251 -1
Atp1b2 4.37728944178322 0.471719190927689 -0.219276074613828
Msmo1 4.3758233144949 0.711877173145446 0.515047986458747
Efemp2 4.3654989959496 0.429056523057724 -0.320130089133056
Naprt 4.36271951153042 0.917427960268388 0.527364159098549
Gpam 4.35788697923666 0.747738493097641 0.547345536342043
Slc26a6 4.34908926829455 0.69748435626224 0.449637499524799
Elovl1 4.34234290475573 0.312771586882571 -1
cx_tRNA-Ala-GCG 4.3362891734032 0.759963547748835 0.482945502179182
Phkg1 4.33424695797487 0.846195877854127 0.455827738672968
Lmcd1 4.31880525594283 0.534684538631461 -1
Soat1 4.30957633201609 0.762500516304611 0.464310263382093
Vav3 4.29669671315395 0.780314980253959 0.642641137532458
A330048O09Rik 4.2941151532338 0.926540839326597 0.657220686114753
Rfx2 4.28826220385445 0.915271209365126 0.262935136903396
Vim 4.28575915934051 0.600066119467946 0.583805716380528
Slc22a4 4.28560955270973 0.687475589199671 0.457172011561025
Aass 4.27058323211302 0.930248786468937 0.611935069283407
Mpzl1 4.26857035549157 0.386333864774443 -1
Prkcd 4.26415761940808 0.750069107238512 -1
Acss1 4.2634958505185 0.78988059547408 0.433300909566135
Paqr8 4.25531956486951 0.72391617697486 0.409068367854215
Slc6a11 4.25086424850257 0.821508206047564 0.405422092103461
Hgf 4.24645299613017 0.829733137445454 0.0377622558497233
Gstt3 4.24302781308934 0.877920768922689 0.231604626078148
Sqrdl 4.23283920877156 0.629493003765245 -1
S100b 4.23008377040086 0.310553095322486 -1
Hist1h4h 4.21648214310762 0.758462168544967 0.502061559627392
Pcsk6 4.21359894740559 0.88900816347627 0.656087741650001
G0s2 4.21348774497828 0.330802088060806 -1
Cyba 4.21203291224586 0.510881574713034 -1
Clmn 4.20395862396332 0.72050241122272 -1
Psat1 4.20203478169414 0.358547175312471 -1
Suclg2 4.1943926902521 0.415628052232253 -1
Ttpa 4.19092718554923 0.921714466460864 0.635843554332624
Cyp2j6 4.18676037575433 0.459982151795882 -1
Smox 4.17890896627389 0.541720860121615 0.0357681674112896
Mir99ahg 4.16864318595364 0.699771621967725 0.183620573922384
Stk17b 4.16665071372201 0.465744139561443 -0.333333333333333
Maml2 4.1656285847504 0.52490825259481 -1
Fas 4.16018100551801 0.668833868196015 -0.253454271530122
Loxl3 4.1543776812044 0.794575337513073 -1
Pou3f4 4.14842196480065 0.697571408857628 -1
Eci1 4.1465109812358 0.537592072046984 -1
Mif4gd 4.14368070593083 0.459092470778319 -1
Plxnb1 4.14214899618461 0.78221334241447 0.376669413650072
Npas3 4.13260636480831 0.501248163974424 -1
Sox2 4.12987600470517 0.544794647941713 0.623406903200595
Gltp 4.12914517982849 0.309690389157 -1
Pax6os1 4.12807467334746 0.966113519709354 0.666666666666667
Acsl3 4.12302621395449 0.643306735662373 0.151109607907203
Utp14b 4.09161886155016 0.653626470395019 0.273032138659601
S100a6 4.08514997062186 0.147675877540948 -1
Snx33 4.0801327880367 0.743420763868393 -1
Tdo2 4.07719169910985 0.744885960555507 -0.260070036004847
Bdh2 4.07110809982733 0.958652508746989 0.586525087469888
Gm13031 4.06818705316365 0.81154030084129 0.485010431562254
Fgd6 4.05612943301 0.899713956747232 0.312395497886941
Vamp8 4.05192337659795 0.283429903431441 -1
Dhrs11 4.05130333121386 0.756586586021343 0.259830433353796
Nat2 4.04788732939655 0.771535052006825 -0.322105270433929
A330076C08Rik 4.04755440408637 0.892962045498416 0.509838252513192
Csrp1 4.0455802032209 0.731671143781937 -1
Rgcc 4.04111781882188 0.222874705275817 -1
Mro 4.03845145860405 0.47778097939554 0.141024259940153
Hist1h4i 4.0378331355651 0.71130983719469 0.457637249805039
Acadl 4.03725320470035 0.243983701024788 -0.333333333333333
Dapp1 4.03617552183947 0.737945564888153 -1
Itgb5 4.03101302396365 0.685389835164012 -1
Apln 4.01569470085825 0.840752636990527 0.609303285804885
Stxbp3 4.01314440351949 0.464845112268748 -1
Aldh6a1 4.00575217843857 0.664921477238239 -0.0465431871512194
Tmem229a 4.00390459830671 0.608147832778639 -1
Tnfaip8 4.00358798416273 0.536729124617632 -1
Cklf 4.00324754837188 0.555276894349769 -1
Lrp4 4.00124321744814 0.598246722031842 -1
Gstm6 4.0007607162499 0.55460964080444 -0.118401565721229
Ptgds 3.9966055426185 0.300235038158386 -1
Ttyh1 3.99513236161121 0.689259635534218 0.45798017201341
Adora2b 3.9833421824936 0.780393894322615 -0.333333333333333
Klf15 3.97825062243047 0.737203302783391 0.367228125417874
Gabrb1 3.97751195152261 0.48507539445574 0.471528839844735
Lpcat3 3.97466877757499 0.534351575722957 -0.333333333333333
Tmem47 3.96246697546133 0.399175661579015 -0.152487731732481
Tom1l1 3.95894618693722 0.481261781266374 0.475807919783852
Gpr37 3.95606998287956 0.575371780575971 -1
mt_AF093677 3.95290055180541 0.49953127618878 -1
Lgr4 3.95189438048266 0.823584511078143 0.532297466448987
Rbp1 3.95152173559166 0.68717715568582 -0.333333333333333
Txnip 3.94787068490166 0.589780749457459 -1
Gstm5 3.94730822754232 0.800432805317768 0.483626486848735
Elmod3 3.94685358418213 0.629917330859189 0.565536975445915
Trim12a 3.94483665924858 0.668155058605766 -1
Grhl1 3.93150534896076 0.484921821375993 -0.108102529084846
Mog 3.93039146535787 0.756301866975503 -1
Alpl 3.92628817038478 0.767005435087249 -0.333333333333333
Meis2 3.92524188732174 0.228227862937929 -0.333333333333333
Paqr6 3.91547643214422 0.843218616019254 0.485409672129569
Mettl11b 3.91456452349394 0.956618948698104 0.665148645513316
Lsamp 3.9066551540965 0.490612279389753 0.018178790663602
Pdzph1 3.90198380782893 0.946140982053588 0.64152941460733
Crlf3 3.89165431581623 0.575170780007983 0.340858363577645
Gdf10 3.88070830243873 0.94051918112737 0.652065392489425
Lap3 3.8800441852467 0.476898821666722 -1
Parp3 3.87339563889671 0.694641467172083 -0.333333333333333
Opalin 3.8726681924939 0.815297512673579 -1
Fgfr1 3.85496596753182 0.540804511202877 -0.0563599206290959
Cyp7b1 3.85201692837987 0.580006712465495 0.410617113587828
Rmst 3.84089984960977 0.824293856340401 0.623315557749997
Ctsc 3.83772205948608 0.590800831554377 -1
Fam234a 3.83562290989786 0.550800764135507 -1
Arap1 3.83539974763299 0.680226723194988 -1
Fpgs 3.83129265523336 0.729283720604152 0.0153307854832292
Lxn 3.82439289706085 0.488570792100155 0.425870947568444
Ddo 3.82268376179861 0.877229361557295 0.0912463230697362
Zfp389 3.82014492519101 0.644511642496806 0.350402491876369
Tnfrsf1a 3.81930566851899 0.552306168154178 -1
Cox6b2 3.81693563127041 0.57463577651468 -0.333333333333333
Plekhb1 3.81266476465393 0.288577658353031 -1
Dok7 3.81010743744164 0.900894185777166 0.665522997977615
Apod 3.81000012840307 0.505730581197768 -1
Grtp1 3.79957632735289 0.642028212029771 -0.333333333333333
Sfxn5 3.79858899139004 0.616291461008724 0.447584132123251
Acy1 3.78630848332982 0.48613062223581 0.011538915503395
Rab7b 3.7862646527583 0.861576566281652 0.595124188189931
Akr1b10 3.78495642785492 0.293492749143852 -1
Pamr1 3.78006098020693 -0.0263509412924133 -0.231464316044698
Lgals3bp 3.77884124496461 0.345894116019783 -1
Cbr3 3.77866314381243 0.722693232759465 -0.312179153154296
4932438H23Rik 3.77568760112435 0.959853963653903 0.659954809644125
Papss2 3.77180838632441 0.876455182046278 0.565531454891191
Sycp2 3.77147924917635 0.865007488197253 0.532338439748317
Dnase2a 3.76293891542204 0.611682477928791 -1
Hes1 3.76273390169308 0.388876948174272 0.0276574845830904
Cdc42ep1 3.75948941894126 0.745580870619171 0.464013457889525
Nmi 3.75585167487845 0.486718437104982 -0.333333333333333
Ugp2 3.74435249615566 0.70979787161035 0.480742591581902
Fads2 3.74396568124737 0.712008917980635 0.304838377509556
Aqp9 3.74290864732708 0.965285773890074 0.666666666666667
c2_tRNA-Ala-GCG 3.73625395800093 0.743005977352932 0.470733520901425
Fjx1 3.73568352384966 0.578063526546605 0.291676345991384
As3mt 3.73507833545932 0.271498500867771 -0.121730293756292
Mir1192 3.73498883683876 0.490303542294833 0.377506833078324
Tmem51 3.73267306829342 0.889940348346403 0.047054703525341
Slco1b2 3.73209247134691 0.964684105259861 0.650933288898961
Lrrc51 3.73129519383804 0.50206703679953 0.0355062974939585
Tsc22d3 3.73002379465093 0.525160826809738 0.0764453729886776
Cd82 3.72218238487279 0.682361891757447 -1
Nwd1 3.72043513961656 0.859599436685744 0.48410456821529
Vcl 3.71677486934608 0.510339061616216 0.40902521542107
Gm216 3.71667422574143 0.659053119436251 -1
Taf4b 3.71246017955046 0.807173396408907 0.484056104577302
Aox1 3.71131561510349 0.917377323788677 0.644499610243788
Pdk4 3.71107926134985 0.854756038288657 0.651873204268346
Sema4b 3.71044901629111 0.802813871261679 0.599277328629488
E030003E18Rik 3.70058293883633 0.762738581407285 -0.165797560090643
Hsdl2 3.69839375097844 0.521194811706368 -0.317813422189965
Slitrk2 3.69651551016446 0.25378181980572 -1
Eogt 3.69363967295525 0.508766022555554 -0.333333333333333
Cmtm3 3.69361514846275 0.498074955777708 -1
Olfr287 3.69205716173146 0.930525203063598 0.638489656903086
Dbi 3.69175281500749 0.546260385411696 -1
Hist1h2bq 3.6862987905127 0.812390158127018 0.532470707712799
Hist1h2br 3.6862987905127 0.812390158127018 0.532470707712799
Idh2 3.6799367502532 0.639933960455053 -1
Bmp1 3.6712943586436 0.43834720801468 0.334323755154563
A2m 3.66907951776445 0.876355359590028 -0.23574663731337
Kcnn2 3.66698814937393 0.408623839864705 -0.0955508458770519
Notch1 3.66504319901617 0.623577378220897 -1
Icosl 3.66107354754214 0.785355464432954 -1
Stard6 3.6599445498014 0.660210670638906 -0.333333333333333
Arsk 3.6589253873764 0.532497942035328 -1
Nek3 3.65864784013723 0.750413594245221 0.0280413486907094
Renbp 3.64367184681775 0.58430700288661 -1
Chst2 3.63993702758291 0.644129738977108 0.440418666463846
Serpina3n 3.6397510670476 0.247838100011987 -1
Nphp3 3.63887686503403 0.721376993533722 0.570739690512249
Decr1 3.63562885146067 0.467667571889415 -0.121280018703321
Wfdc1 3.62774255604782 0.623901467244233 0.277440466603439
Lonrf3 3.62720787221723 0.709355658315371 0.364472512902218
Fgf1 3.62665808979864 0.467712784712467 -1
Zfp783 3.59826132768701 0.780460868849509 0.484796248540892
Znrf3 3.59028952431869 0.651613482250601 0.352422817624834
Zfp438 3.58928447357749 0.574554482635264 0.35457454855069
Gm10052 3.58574717934591 0.462313329458851 -1
Ddhd1 3.58382399069835 0.735315954394912 0.5310347748109
BC013529 3.58131518736665 0.46478998665207 0.444597726885406
Aif1l 3.57240327630756 0.625598222234982 -1
Rpe65 3.57238964162174 0.955226857263204 0.614595942074073
Kctd14 3.57201503362346 0.915690131820763 0.62538849653382
4933407L21Rik 3.57051008890884 0.555372160183746 -0.178037386376928
Ghr 3.56252950426251 0.608830045235908 -0.26496856257913
Trp63 3.55843851212304 0.966503231056509 0.666442274092945
Dera 3.55645908194231 0.689567361653214 0.0770128615251903
2210417K05Rik 3.55141586177106 0.888793366629397 0.560166911886466
Wnt7a 3.55107172014094 0.775446586041817 -1
Sox21 3.54814983510343 0.840212830239696 0.333420467686043
Fzd2 3.54417068765844 0.911919694335775 0.484744890957344
Hist2h3c1 3.54105464990737 0.921395135608104 0.418702998603917
Itga7 3.53708699307531 0.756908866004273 -0.0167989712140283
Dapk2 3.53519081045165 0.248539257122714 -1
Cpne2 3.53093289315299 0.332508982893115 -1
Ptn 3.53085213311868 0.00757060169689866 -0.333333333333333
Hhatl 3.52928612879895 0.457311390728492 0.157703101885994
Btbd17 3.52921079847947 0.962411991641566 0.664853399497875
LOC433374 3.52426198196904 0.924881597690554 0.534969972088943
Gna13 3.52358098891314 0.678080896745719 0.463049700961227
Calr4 3.51384325293005 0.966351411040288 0.663937511255843
Asrgl1 3.51221902743786 0.549308953075687 -0.0338784834292488
Nim1k 3.51013960271541 0.535421974445162 0.321170116009193
Gsdmd 3.50323038446679 0.663371367579885 -1
Sfrp1 3.50320057443514 0.74210176481344 -0.274051687765695
2610203C20Rik 3.50269411485132 0.389636996980919 -0.305696007256158
Zic5 3.500505635263 0.874045833616722 -0.258417455828087
Ifitm2 3.49692319817051 0.162208973536523 -0.139929312207001
Rdh5 3.49491615192002 0.694528256951175 -0.333333333333333
Prr5 3.49457160648513 0.855095775134489 0.645222808886358
Rdm1 3.49229580849763 0.376338480652682 -1
Cldn34c1 3.48937438672787 0.545954848358954 0.164199190128777
Foxo1 3.48843707330654 0.329069079683579 -0.333333333333333
C230035I16Rik 3.47806880372604 0.748336050209427 0.501647179259758
Grk3 3.47728467332966 0.497690552557592 0.32906975601013
S100a4 3.47139921881486 0.677416377117436 -1
Hist2h4 3.46891517852397 0.522535684326164 -1
Pla2g16 3.46562135055966 0.690317974133777 -1
Serpinh1 3.46509305343859 0.731970258349188 -0.317220063470881
Slc30a10 3.46498310893028 0.658933707434287 -0.333333333333333
Neat1 3.46465254953505 0.449850663775526 -1
Ccdc18 3.46192921756209 0.742394194399793 -0.0486766214126965
Gcnt4 3.45765382600299 0.383396828581548 -0.0899529706144094
Kyat3 3.45327443859488 0.528352207644052 0.0802957749918669
Slc12a4 3.45292124564543 0.721304519577683 -0.201365368088978
Lpin3 3.44991162960131 0.883811478778906 0.637469168574855
1810014B01Rik 3.44797308189417 0.563903409316288 -0.224336556875132
Agpat5 3.44778803727901 0.662025355953113 0.290153930314215
Akt2 3.44769049855112 0.620323469844455 0.266542499047329
Ddah1 3.44364236357661 0.225335062070044 -0.175682596501662
cm_LSU-rRNA_Hsa 3.44335202400523 0.503039229544662 0.0226727847913284
Btg1 3.43911630536708 0.429736789237648 -1
Axl 3.43898068746524 0.725868785648877 -0.333333333333333
Gulp1 3.43847854653264 0.685230005079661 -1
Sall1 3.43722777506505 0.758528500368034 -1
Nhsl1 3.43704069642187 0.462139997964185 -1
Litaf 3.43645654326962 0.439246553557443 -1
Wscd1 3.43335364132617 0.143014786171427 -1
Fam181b 3.42970880555751 0.798275158654233 0.502229234839347
Hacl1 3.41814916978845 0.522507112881461 0.119483716303437
Trip6 3.41604032902516 0.675016645830185 -1
Myl9 3.41050573574257 0.522000881039194 -1
Gli3 3.40783593998704 0.941006175805623 0.626781914408133
Pygb 3.4066192237237 0.590980006225843 0.0432894597603933
Atp6v0e 3.40516167963713 0.490966176030607 -1
Tex11 3.40259557876685 0.962045539847295 0.660689069777924
Aga 3.40244068002112 0.356254799231725 -0.186658645950883
Glud1 3.4007855700151 0.624035714373045 -0.0438375558569412
Nfkbia 3.3998437846865 0.41285988366937 -1
Abhd14b 3.39330009850324 0.542745348268462 -0.333333333333333
Ccdc80 3.39211299860634 0.104800165189151 -0.319612417411627
Cox4i2 3.39185998218151 0.820864738841841 -0.333333333333333
Tnfsf12 3.38559439670098 0.559314804215614 -1
Csgalnact1 3.38333647173664 0.29249559804707 0.034777386681507
Tnfrsf19 3.37577512826464 0.346445461802535 -0.333333333333333
Tspan12 3.3716375872207 0.140014605689912 -1
Bcar3 3.36573773866936 0.42894611805314 -0.333333333333333
Pttg1ip 3.36498519654641 0.417640380926336 0.274595811871313
Prkd1 3.3630736228165 0.650405828021746 0.310972243703366
Mtss1l 3.36159408389877 0.509343680293451 -1
Optn 3.36133142046272 0.418519385314559 0.181737329818975
Slc1a4 3.36079584079147 0.542475433706619 0.107575207828601
Fam69c 3.35101580042491 0.766502136008243 0.1428200440263
Emx2 3.34209390201419 0.922971291534032 0.461898372389495
Mpv17l2 3.33425009755447 0.577548784322675 -0.333060981383992
Fndc4 3.3287402844199 0.558158325543846 0.492293720856915
Nrarp 3.32683926043337 0.72902523583782 0.288513979729245
Mavs 3.32500664595057 0.252312054910845 -1
Arid5a 3.32212757049591 0.650058943652213 0.367361291692977
1190005I06Rik 3.2569726946062 0.811847782689105 -0.182371809808369
Flt3l 3.25644390922466 0.68353524087311 0.384754626907484
Gm10731 3.24471044640604 0.907216865443967 0.565320556361005
Mmp14 3.21393807785806 0.842723362913918 -0.333333333333333
Olfr288 3.20327401234334 0.952432199735919 0.570744476325808
Gm10658 3.20165626382692 0.81698746505391 0.226552255427261
Lrrc9 3.19885958717301 0.845590407272863 0.52538254646106
Gprc5d 3.19670219008841 0.928388160426655 0.308383324670207
Glipr2 3.19353961994144 0.900439788126185 0.633276376956709
D630033O11Rik 3.18076959124652 0.961051781271273 0.610517812712729
2410004I01Rik 3.1787331673113 0.808183532649415 0.275239090818881
1700040N02Rik 3.174461942383 0.840474736869195 0.562988343732329
Lama2 3.1677148983745 0.803077966174178 -0.333333333333333
6720483E21Rik 3.16720730985858 0.776538434973189 -0.183272566946753
1700084J12Rik 3.16178463268987 0.963211322925578 0.659822214031742
Sox1 3.13343496872917 0.741199095841305 0.360866968599024
Ugt1a2 3.12905293427356 0.954047235797788 0.664694082204251
Sohlh2 3.12813223647378 0.966666666666667 0.666666666666667
Tekt1 3.08746284125034 0.712736675810533 -0.281792636578637
Hif3a 3.08169179106157 0.938867294994081 0.640252270964803
Gm17660 3.0764079563707 0.95997461890799 0.666666666666667
Lgi4 3.07317464302905 0.855341521569033 0.539219700545685
Frmpd1 3.06846486391643 0.603048004188587 -0.156705773032709
Agbl2 3.04112323291209 0.754040097671827 -0.333333333333333
5033411D12Rik 3.04011765411146 0.853793533660367 0.0232008550442419
Apoc1 3.03954649977398 0.858400962227069 0.655408233159567
4930515L03Rik 3.03287993582247 0.961197676029146 0.620180871254666
Mgmt 3.02811680001036 0.804268720009943 0.493757405687159
Wnt7b 3.01233240008943 0.701778409989163 0.204328155354063
Slc13a3 2.99853139443637 0.831163048666113 -0.333333333333333
Apoh 2.99845737871202 0.701396486173697 0.173439968528734
Mx2 2.99412574569312 0.714115924119122 -0.333333333333333
F2rl3 2.97576667022881 0.945157237849824 0.666666666666667
Fgfrl1 2.96786111983627 0.837250352939927 0.16082965713265
c11_tRNA-Leu-TTG 2.96149411435894 0.950548644919172 0.663629236424722
Vmn2r-ps54 2.95877243598184 0.883632085417047 0.59202119925089
Olfr57 2.95229021811191 0.856181052317368 -0.0264480746995583
Otx1 2.934555368727 0.742128403150763 -0.0890231608256307
2010110P09Rik 2.93339696763178 0.966666666666667 0.666666666666667
Stag3 2.90748575120239 0.852879152245992 0.624259167131499
Epo 2.9035315835186 0.966666666666667 0.666666666666667
Fam181a 2.89764568331769 0.965717936661062 0.665119498115642
Cdca3 2.89651968616323 0.695655130468675 -0.333333333333333
Hpdl 2.8811442174004 0.721057236750999 0.22281541354978
Rnase1 2.84939418999676 0.966195718643587 0.666666666666667
Gjb2 2.84389038406443 0.861568355079136 -0.333333333333333
Acad12 2.83531692059687 0.838125866924007 0.495906060807937
1600014C23Rik 2.83366677664403 0.945309171396198 0.453091713961978
Ccdc37 2.82718540508593 0.729896848891794 0.388123426908806
Dpf3 2.82260192064472 0.762979525950417 0.481407841807915
Ggnbp1 2.82232751952354 0.782154607681917 0.430588810244822
5930403L14Rik 2.8138375769868 0.94254083486006 0.643648882197466
Epx 2.81147103052984 0.966666666666667 0.666666666666667
Tmem52 2.80692348694389 0.963145606522754 0.665047872632812
Syde2 2.79995007664969 0.880281970423292 0.582977719336802
Bglap 2.75717213400558 0.711705862052696 0.0236342357024692
Ccdc69 2.72434569149801 0.871177192075073 0.39634136242799
Angptl4 2.70229673432541 0.747404182221045 -0.333333333333333
Vnn1 2.69682199627896 0.966666666666667 0.666666666666667
Sctr 2.69148222737835 0.965436784938258 0.65436784938258
Gm2115 2.66315924255364 0.744005850453106 0.1937231718257
Ccnjl 2.66052301005291 0.529297838548484 -0.333333333333333
Fmo4 2.65481917398554 0.966666666666667 0.666666666666667
Sdsl 2.63340417460879 0.86058945802554 0.666666666666667
Alpk1 2.62576344499341 0.903202770317839 0.330117692493749
Ucp3 2.61122729069698 0.95877138895305 0.620020159424962
Olfr688 2.6086992350472 0.887076304394984 0.228124637734943
Pgghg 2.60689399771712 0.742248602467346 -0.333333333333333
Snora69 2.60048967860696 0.744458059490752 0.0823973527417461
Gm5475 2.6001994549511 0.633057836875011 0.164262865401351
Fzd7 2.5944573623469 0.86918075642548 -0.184288846838808
Apoc3 2.58457101872367 0.966666666666667 0.666666666666667
Exd1 2.58048323890073 0.890965244265357 0.456475409676116
Dmp1 2.57705638090344 0.921072676136859 0.659575459780395
Olfr461 2.56395269102763 0.966666666666667 0.666666666666667
Gramd1c 2.55792982509706 0.870441364455066 0.511760953663251
AB124611 2.54044867741187 0.883996977690534 0.360490448377486
Fam151a 2.53865365314643 0.948151154039183 0.646295506384807
Ropn1l 2.53707184200305 0.833688258746528 0.00223080742834878
Shpk 2.50840681849252 0.718143184345389 -0.0832481879709894
Lfng 2.50585336150325 0.964550700677891 0.660450841167877
Vit 2.4990753653812 0.891247033815114 0.0771357569796317
1700008J07Rik 2.46047914300046 0.871173523302895 0.506904911312697
2900093L17Rik 2.45594270742604 0.644204027480834 0.0690819220643793
4933413J09Rik 2.43882496621307 0.700244891967743 -0.333333333333333
