Dsp 8.38826045832962 0.942861558549277 0.953477349279728
Xist 7.22690144580752 0.132965881468244 0.0677478822814241
Nptx1 6.95690964368959 0.452325956935586 0.507083229290589
Pcp4 6.47790067958673 0.26675744825827 0.189049894872294
Lmo7 6.45460812708703 0.605119117879202 0.781516350402301
Synpr 6.18798182742143 0.483938062610398 0.708304516983201
Epha7 6.15327159171469 0.651763412190188 0.733041409497467
Mbp 6.07948349125506 -0.117816528546905 0.526290102718084
Pkp2 5.96347285130157 0.592668320190293 0.57340453003728
Kalrn 5.9627576275222 0.345848733044875 0.332995499811302
Neurod1 5.88070625639547 0.759523382291026 0.813149760802996
Lct 5.82648487442881 0.904126125614245 0.877957866032082
Bhlhe22 5.71828591821051 0.597091561325012 0.839793089779033
Rnf112 5.61976879146817 0.449638549893709 0.77963984684804
Npnt 5.56550338516092 0.671257626798559 0.751093829590172
Sema5a 5.45685235072756 0.366150619093955 0.161547424292515
C1ql3 5.45225923719936 0.385320172583565 0.716297247335396
Ogn 5.45205974788364 0.881957348877021 0.805514257366075
Rab40b 5.38503727634666 0.469541900410851 0.557490511233273
C1qb 5.34337985801715 0.457139143452304 0.567797977309056
Gja1 5.34040827500296 -0.239025949477552 -0.255135369694353
Ryr2 5.33729365524497 0.529153720049533 0.710490070045682
Mcm6 5.27241794654396 0.490155473689676 0.439010402318175
Igfbp5 5.23719792781759 0.190030790930188 -0.109309852495751
Cdh9 5.15695927471562 0.706780907252361 0.848940275825028
Rasgrf1 5.07941965750211 0.378349318642851 0.468425006326103
Rasl10a 4.91061028555614 0.549475398942799 0.431592958392293
Kctd4 4.88943630266254 0.320145385281002 0.678174497468261
Calb1 4.86612331053146 0.356244020915399 0.565394706063602
Mal2 4.83783459748347 0.405111615764649 -0.117946179646695
Trpc6 4.76742094734959 0.738592793957186 0.473784831359578
Cdh8 4.75128160695774 0.502062020120955 -0.0607719060216228
Laptm5 4.69342726024422 0.267260425798306 0.35280150784138
Pcdh20 4.6802348870304 0.453287263262174 0.541540405262698
Sowaha 4.6615992087675 0.514631958163069 0.485702115343052
Bcl11b 4.63863570496327 0.416761518955004 0.543480232244779
Cald1 4.63752703500871 0.359900976305265 0.455528644942251
Npy5r 4.63372223985573 0.75569714032707 0.785186723323716
Npy2r 4.56586456431137 0.904486059743756 0.836655788228505
Ccdc85a 4.56164751166361 0.577538310028 0.638559119844814
Plppr4 4.49571357371287 0.389804503111905 0.289682677591453
Tdo2 4.44832886107989 0.780888224641029 0.787858413255048
Syt13 4.42860137619745 0.610170608783693 0.450393216880336
Doc2b 4.39742982047573 0.614321519183142 -0.0933733483825907
Ryr3 4.38953674416073 0.666380097684319 0.577278662010291
Ntng1 4.38007990899932 0.576405062379329 0.624951261153985
Spata13 4.35237584441689 0.244974307276339 0.677835609814542
Itpka 4.30294883977203 0.431528696772182 0.536492092974407
Cxcl12 4.28970566771906 0.705636033152427 0.344146248014757
Baiap2 4.28862309258562 0.521808694916102 0.38760713438274
Hpca 4.28836430826388 0.320930508903655 0.329532217353378
Trib2 4.27272137702436 -0.141700817738989 -0.04937487582124
Rreb1 4.21640086584382 0.488682517521541 0.812235278476704
Vstm2a 4.21214378539289 0.320399969716085 0.453844064146603
Fam131b 4.15873595264926 0.393460899854801 0.757318976661966
Ctss 4.14299644775414 0.195226865185217 0.234243047693798
Pkig 4.14059014559984 0.51579005512246 0.575305129818999
Plp1 4.12406243279874 -0.181342000015153 -0.132901290674533
Gria1 4.1203818945008 0.266722660788642 0.679994893570115
Gad1 4.10473513376208 0.0671194866243501 0.0379758618916923
Stx3 4.09352058138125 0.647540812148607 0.77043970599106
Cck 4.06606204707319 0.201407823531673 0.114539363292395
Grb14 4.03316654680003 0.0484205079705582 0.839740458531455
Tgfb2 4.03304638944383 0.0560498197311233 -0.179238114242052
Flywch2 4.00161912330391 0.579337293246148 0.55435546637723
Ddr1 3.9989545425894 -0.365916903579999 0.0446649918355418
Lamb1 3.98141103943555 0.852544494181038 0.855357297405498
Klhl2 3.95711951980695 0.0922287632988343 0.277245207340482
Lhx9 3.94721723698675 0.902508676041789 0.829975535890034
Scn3b 3.94616003420206 0.352728091559665 0.525004681618617
Nefl 3.94232737020715 0.203937554832895 0.0875885892559874
St8sia4 3.94138540598654 0.550494684813621 0.677931067879728
Ptprk 3.92123609920059 0.553354955492976 0.737451671981084
Rbfox1 3.91298360510665 0.227206042189154 0.489208509597437
Pter 3.91007343202507 0.849980563546496 0.864553892662565
Spock3 3.90909681221886 0.113457504035671 -0.080560596408522
Tanc1 3.9031115717964 0.643827549282377 0.732036395344958
B3galnt2 3.84835629111513 0.732907330081882 0.7712702758188
Slc4a4 3.84504044917178 0.21668030984812 0.105251710085741
Lrrtm1 3.83792144673144 0.405266955413074 0.682853816154159
Epha4 3.83373487500967 0.419818055561222 0.134575444969395
Acp1 3.82419707286752 0.497508071024815 0.640394401309682
Fgf14 3.80887890235664 0.489898987124167 0.334740121112424
Rbm5 3.80596916568477 0.453864921783202 0.623534730246467
Lgi1 3.79104311444415 0.544309082950988 0.551384618769488
Cyp7b1 3.7626874527177 0.104402908975999 0.648095119858015
Eml5 3.74622370822963 0.698196883430514 0.80941250480906
Cdhr1 3.7039463390635 0.825959507391663 0.8752025424792
Tiam1 3.70030421103728 0.580369926610051 0.66970953379825
Wasf1 3.69297412146053 0.2481471877721 0.616301793742564
Gabra1 3.68967862283079 0.0872883543866015 0.207099081175097
Slc4a10 3.68837730488238 0.220625629698988 0.00455597466395747
Prickle1 3.67006625757785 0.0146683721323931 0.152333785760053
Gabrb1 3.65601866597895 -0.0150657376178986 0.613336812003837
Ccdc71l 3.65405315509466 0.614655032277413 0.696822358025176
Btbd3 3.6507188954245 0.733089341650924 0.742528500615581
Dmd 3.64801999195718 -0.0323195773860611 0.382328214958573
Ehd1 3.62349279251201 0.587306310663314 0.777393172508065
Cplx2 3.61176860779033 0.411074340839813 0.174390616612273
Zbtb20 3.59530464174909 0.260087840364669 0.329005205433035
Dsg2 3.59253609537483 0.885896839117901 0.735140784650898
Lin7b 3.57903950821476 0.28490509081739 0.102309444111569
Meg3 3.56421478401869 0.237170353815914 0.627779671879604
Ptgr1 3.54922850975656 0.388321776453676 0.0811863735181136
Scn2a 3.53539691569914 0.33465131293367 0.307952284991126
Nrgn 3.53027575374781 0.319810603614894 0.0344772795349376
Kcnq2 3.52747247616683 0.157200563889997 -0.104542479402856
Icam5 3.46011728750943 0.442290165227514 0.503865522978271
Camkv 3.437815469314 0.371548503143189 0.366570804222146
Cryab 3.39762360162639 -0.128737302193397 0.33721639044629
Notch2 3.39191931666443 -0.0182671678530628 -0.00249168581301142
Kcnma1 3.37066849075416 0.646226445932229 0.364977240826184
Lrrn1 3.34767469582423 -0.187144063518493 -0.186899927618851
Nhsl2 3.34581880654014 0.766070487923281 0.78750707000058
Stxbp6 3.34370956172334 0.185819003919991 0.0993352182674719
Nsf 3.34232001255432 0.355447836338474 0.273774297576313
Pcdh8 3.33135739276717 0.661709946936769 0.787385050293245
Rerg 3.31815118269905 0.580812271702467 0.333170116757164
Pkdcc 3.14219722153904 0.465040310233258 0.498966087965237
Ryr1 3.13143112562467 0.721584719872795 0.259814956627375
Ankrd6 3.13087979901711 0.491328185873745 0.5326425033545
Dcx 3.12763127327302 0.250818255535153 0.260904635008688
Slc29a4 3.11821070134186 0.80068138734681 0.779761275997146
B3galt6 3.11180466392306 0.522491667466818 0.585232822770655
Fbxo32 3.08540511590076 0.215234899014529 0.299636957997052
Syt17 3.03166094582219 0.645582582451794 0.0345421280786153
Spint2 2.99499761753769 0.605541302663433 0.620375416746172
Bcas2 2.87463532229179 0.313916784364751 0.206026456181156
Anxa11 2.87394892673584 0.908466532475714 0.883133839046145
Amy1 2.82249211039645 0.140599229417267 0.0227989151877505
Itsn1 2.82115196677972 0.173913965812218 -0.0701147513802407
C77370 2.78680242974613 0.724732373309914 0.548466297124346
Lamp5 2.76134537863881 0.174139518990879 -0.159973122112743
Rwdd3 2.75459027291188 0.586678520119898 0.558907631242243
Zik1 2.74826402222289 0.355288034292178 0.19609874996691
Cpox 2.66386629946001 0.0564641150715038 -0.152291704352676
Spag1 2.608533318871 0.172987316456081 -0.159638904369319
2810002D19Rik 2.55953422135007 0.317901275078494 0.244667231324416
Robo1 2.51010032967382 0.298459471601407 0.567592716750986
Pgam2 2.42360754568158 0.64559297532436 0.314156209596389
