Olig1 9.25540778249028 0.409429075310657 0.776461144764042
Mbp 7.6128360551127 0.580050790759094 0.810875702629551
Cryab 7.58905675013439 0.56762281488079 0.853447976904885
Plp1 7.43998179251785 0.590818043993191 0.805286679492453
Mog 7.21386723454702 0.865378758862365 0.800448349105707
Mal 7.08680406774767 0.847907079464953 0.904995313097888
Ugt8a 7.08355572063074 0.803926428523935 0.796056482776176
Ppp1r14a 6.98269658271363 0.907543124544699 0.898467268131608
Tspan2 6.76290868514958 0.840548040360481 0.850101970058736
Cldn11 6.65611329444014 0.859463470619722 0.813370478862634
S1pr5 6.30121419829727 0.835975882266603 0.770809032228536
Pdlim2 6.24538690783742 0.785694706341323 0.744524284168248
Plekhb1 6.23117865440864 0.333745859318445 0.542035858310577
Mobp 6.21957023967902 0.878365095994978 0.796621527300019
Olig2 6.21624214044681 0.626867949244677 0.698161855023154
Evi2a 6.13244385930313 0.578859450657394 0.122083941499024
Fabp7 6.09424518023605 0.109173619415221 0.176965330793772
S100b 6.06200853905524 0.25334597046513 0.124959396958816
Grb14 5.97172686870856 0.755218211187421 0.857695785176825
Gpr37 5.9420693052218 0.381361119583709 0.340074477451517
Aspa 5.83127466804175 0.669009817571552 0.68417747258489
Efhd1 5.81821751227096 0.365808118710104 0.388459360248184
Trf 5.53547114071656 0.598977130330746 -0.0912677242073283
Gsn 5.42132222619508 0.624438052577607 0.666446424282181
Tmbim1 5.38803287504343 0.15837385779944 -0.0108646029168858
Ndrg1 5.36075802751094 0.643662079800628 0.364570178248475
Trim59 5.34482888040324 0.781810387983337 0.819341229396944
Car2 5.27063747204601 0.239229206689426 0.0011712971800959
Gab1 5.25922503589214 0.304409921142158 0.417306326483263
Ptgds 5.24423834432678 0.646605688693845 0.406036548099211
Timp4 5.24347536459655 0.0741490857517871 0.0118485374401205
Adssl1 5.17070543413566 0.746675896027303 0.676174592070587
Ddc 5.10861426134678 0.774820120223466 0.684890774625378
Anln 5.0559835351888 0.765732331234438 0.633649018481954
Sept4 4.99135142908044 0.66570072392726 0.764913253155426
Pou3f1 4.92908579375958 0.638155850634545 0.0533909026807903
Slain1 4.80809631683084 0.716712842770868 0.76534854902914
Itih3 4.79321749374714 0.193295775549563 0.183031662938551
Slc44a1 4.72681066770097 0.727816915124965 0.821301697050406
Carhsp1 4.71446402839705 0.510488135399173 0.585812836476302
Cd9 4.67664381990405 0.157192497946067 -0.20040857485584
Sox2 4.67202959218212 0.118503920808441 0.256502273046404
Tmem163 4.62571081332984 0.805169276657046 0.642233864238382
Gja1 4.61879873803537 0.0603051095375401 -0.255135369694353
Gamt 4.60312285995331 0.744730063648064 0.725366004236085
Scrg1 4.54700088873153 0.23743784888088 0.111733237102384
Psat1 4.54541822475668 0.199322164352721 0.0988967160612217
Ddr1 4.48108231466405 0.18761566931918 0.0446649918355418
Nkx6-2 4.44272157893885 0.804188470433716 0.738689353420186
Clic4 4.43997063327178 0.33762233901707 0.517049759324162
Bcan 4.43839129412443 0.240786549260985 0.73743500589354
Id4 4.43048169811306 0.0573039890926288 0.0231313288425136
Mag 4.40417601421291 0.744718474088949 0.542118156611122
Il33 4.38601245762412 0.00617668096964862 0.0822696431685037
S100a6 4.32258758887515 0.361707987331887 0.284979304560157
Rab31 4.29129076191942 0.18649737660198 0.236261379575026
Nkx2-2 4.28591627528532 0.660079462613161 0.628127796461976
Kcnj10 4.28352903091572 0.220255707603045 0.458807731675594
Sox10 4.26464077536076 0.810221059477964 0.847121050552787
Apod 4.26408240507788 0.673670302230815 0.592812205802677
Rffl 4.25356877387882 0.528202758850554 -0.0512880321046809
Lpar1 4.24843372173927 0.804584888761043 0.746055519021234
Fa2h 4.24428071994689 0.74743763036098 0.648173287453022
Plpp3 4.24027514478967 0.200665132541041 0.392883727697688
Pcp4 4.23413492450135 0.229529868927752 -0.0110078233403104
Rhpn2 4.20568672519365 0.393028850330482 0.366601028299514
Idi1 4.19905393714128 0.131288424853531 0.00987942994435621
Cers2 4.18903441364722 0.471632213008244 0.358577793200104
Chn2 4.17483637540978 0.696435495451644 0.824353803516521
Gal3st1 4.14007481205985 0.804971658329138 0.694119896985991
Tmem98 4.10433821764155 0.690516523653614 0.679330416811213
Josd2 4.07279259491097 0.832783879469584 0.784274767543693
S100a16 4.05276903081582 0.272900640201849 0.146090766335559
Pllp 4.03610601988298 0.840518761282847 0.805106189834343
Tppp3 4.02929995084286 0.662774213298912 0.570716420218204
Gpm6b 4.00853158621975 0.209110155220685 0.32781385650888
Fermt2 3.96721833757245 0.219209536828993 0.811227120619852
Gltp 3.94323177184844 0.717158257525132 0.83378201570028
Elovl7 3.89772535232209 0.728580641731891 0.625450245640949
Pla2g16 3.87729050833824 0.520584007451598 0.554604684661062
S100a1 3.87471998505765 0.226036553131534 0.0430599170682172
Adamts4 3.87098158838005 0.704834005420623 0.463675254316259
Edil3 3.86508804159151 0.454900773357189 -0.0642647902182491
Brca1 3.86067493145106 0.468418877030102 0.413008014900029
Prkd3 3.85953619154861 0.0942721603204957 -0.155987928564746
Pmp22 3.84415467591501 0.136263240211808 0.420128184980588
Plekhh1 3.83918560147333 0.775847414013537 0.585794666954507
Trib2 3.83479775160064 -0.0104174209804036 -0.04937487582124
Lims2 3.83317208397886 0.809210700773491 0.719977138655508
Efnb3 3.81600558118134 0.449140832168737 0.0533641014584145
Lrrn1 3.79852254723662 0.401223386749386 -0.186899927618851
Litaf 3.77222168692958 0.531751629943803 0.443693772192225
Scd1 3.73995030154552 0.193963910370198 0.363425028609129
Pdzrn3 3.73521757821587 0.231648387475269 0.00355285415751438
Asrgl1 3.7295108158305 0.215401470143092 0.287757514664353
Rapgef3 3.72218037224703 0.144259640329944 0.334656524905923
Wipf1 3.70680193802954 0.518773920965285 -0.189270711817176
Sgk1 3.70019110140336 0.41107244985376 0.244141776976519
Dbi 3.64224353153453 0.343563651209897 0.105053643489445
Pcbp4 3.63908648980582 0.479430025499258 0.471538979730696
Phldb1 3.63155409619729 0.807307379005601 0.776437236116717
Plekhf1 3.59730534401547 0.685000424308371 0.596925216059921
Sh3d19 3.58832779209682 0.555232335773392 0.259315804677895
Sept8 3.58140882678759 0.0760142656407747 0.198868197485268
Gng12 3.57409521853856 0.171005114032289 -0.00906727997896324
Gpt2 3.55358070512251 0.0898300632509396 0.0752747482735356
Tnni1 3.54609435328658 0.752566655034801 0.564583632430001
Vamp3 3.53316174815954 0.236828024771404 -0.0087334808459183
Dusp26 3.52882877730282 0.495928717640517 0.250824564774077
Gng11 3.52801844201477 0.787345152707358 0.734788358298097
Sgk2 3.52299349455773 0.732032190600432 0.52812081947267
Tnfaip6 3.48834124520719 0.59263223272252 0.443528880457223
Efs 3.4748583630075 0.266177660569028 0.0147712996578795
Smox 3.46506347271086 0.121975362939935 -0.255104900623877
Bpgm 3.46182704019066 0.367478850090946 0.473218129993861
Gpr37l1 3.43460250137243 0.209617984978988 0.659202503996775
Glul 3.4175187990091 0.181194215978299 0.562337959190249
Sspn 3.40960091734175 0.218573828672468 -0.0361990366424846
Pdgfra 3.39256085806101 0.355825958709625 0.11844955132188
Arl2bp 3.38991518964568 0.494683575403584 0.446147237289866
Sh3gl3 3.38287822319411 0.635229876692949 0.854266309439649
Tesk2 3.37728249158242 0.343210947222235 0.349279003752869
Ninj2 3.36860518730825 0.816832488579312 0.71312923264546
Phlda1 3.35631033040355 0.618429269636537 0.633047596957323
Rhog 3.34368573098561 0.558884378768132 -0.0900373870533999
Ctsk 3.28431109473666 0.819963382071949 0.699531961539958
Hapln2 3.22811564273253 0.680864340745471 0.368810000505684
Fam102a 3.12392461554544 0.504663984452355 0.390990442002581
Abhd5 3.05931960844501 0.583576405481044 0.607597808972985
Gjb1 3.05624022784903 0.685226771376209 0.407159003233442
Kazn 3.04735976572959 0.896944846460117 0.87162942156119
Myo1d 3.00220489354596 0.699175065669813 0.417284192309759
Ptp4a1 2.96837445015239 0.28935102828877 -0.087375657675317
Csrp1 2.95299203591519 0.23572250264071 -0.0257095964613683
Cdr2 2.8145791586163 0.533669694491458 0.0855250162575294
Cdkn1c 2.77708544446176 0.579784172185205 0.118072247871499
Card19 2.74585022878583 0.529635598122381 0.0569301534324058
Ick 2.70993970819578 0.707887332558953 0.7207576888183
Commd6 2.6479033154004 0.430092174332215 0.475974126263216
Mcam 2.54982267025306 0.621121084949534 0.361817642183673
Scd2 2.49630955549548 0.232647040351394 -0.0158174572540595
Bmp4 2.4790210941871 0.607060668624017 0.319294172998599
Pex5l 2.41013815247564 0.580385463925662 0.0714953810381895
Rab4a 2.32260356715134 0.370977829608897 0.2001807039617
Alyref2|Alyref 2.30159837016772 0.363930239308557 0.249903548206041
Dock5 2.17502519119933 0.474586759999055 0.00563252856273773
