C1qb 9.48561206271985 0.862347574273035 0.826100809455668
Laptm5 8.90593900650252 0.760003956102022 0.791381444913591
Ccl3 8.55547241187936 0.90973471000073 0.874965583428724
Ctss 8.32827539367183 0.752826965084169 0.783790355135232
S100a8 8.29971998940609 0.974219457752178 0.964670145883132
Gpr34 8.05864180969229 0.955702833371709 0.94898039756534
Itgb5 7.98423802479862 0.439032065974555 0.83172489091188
Fermt3 7.97921820763234 0.877388127449338 0.897026946144149
Ptprc 7.96996964472878 0.703143625284351 0.750345321607988
C1qc 7.93291589472468 0.884493845583125 0.855340219989704
Atf3 7.90144060121824 0.770592684321095 0.830764007673631
Fcgr3 7.74976223715543 0.925566680474633 0.920256426963961
Xist 7.7342334434286 0.243205481023797 0.043416087245151
Ttr 7.70078230375969 0.401477140756995 0.316585366486108
Lcp1 7.62942661005024 0.770809175474612 0.822778027882635
Fcgr1 7.60771653793977 0.912790426806656 0.879315103712133
Lyz1 7.59750208481282 0.886081647458648 0.879329096242757
Lcn2 7.54577362334814 0.944107950190595 0.907870360042973
Nfkbiz 7.42725130599406 0.639524303905223 0.868946319052621
Rnase4 7.40977850334097 0.90839664014203 0.893021472431678
Cfh 7.40835603965394 0.956791508279922 0.954176865101494
Vsir 7.40144788792538 0.712147396303977 0.817506829988976
C1qa 7.39586902510535 0.868874724760249 0.851564118343956
Hba-a1|Hba-a2 7.39445357872242 0.800193543140727 0.79997090141383
Ccr5 7.39043690309066 0.959384605979324 0.963737816425011
Anxa3 7.37342776638399 0.917696177614262 0.918522151461646
S100a9 7.37307968897098 0.943672425660209 0.91937344127007
Cd53 7.36255980234909 0.939649629676267 0.927557102487486
P2ry12 7.36250297573131 0.886796640894473 0.86236366443333
Klf2 7.33835405916157 0.808698504780373 0.769704468031332
Ly86 7.27589302815854 0.904380705147115 0.907458534390297
Tmem119 7.25362020819346 0.908202328404511 0.914693160934049
Klf4 7.24584460497534 0.389419139236858 0.629645760718684
Fcrls 7.20060635853713 0.906991134242115 0.901294879187313
Itgb2 7.19709218178701 0.941150562333882 0.940209250733343
Ctsh 7.18986019926169 0.924725151548484 0.921913629698908
Ptgs1 7.1808218628988 0.589226657082301 0.5355030866188
Olfml3 7.17421151983832 0.945727133305334 0.945017346491035
Socs3 7.17360313140427 0.634878317752232 0.807427989730807
Ptpn6 7.15546868872735 0.96956221704659 0.97023851071766
P2ry6 7.12417916911233 0.956776771756057 0.958511022840041
Il6ra 7.11809837199609 0.967111363904415 0.964271625214237
Ms4a6d 7.07560296361102 0.968141144499305 0.965321514023132
Cx3cr1 7.04721571805432 0.891864354366901 0.87514207145877
Cd68 7.0450021062388 0.910194216011521 0.911444553254431
Hexb 7.03968463748254 0.635158552536795 0.790727990428026
Chil3 7.03843212866489 0.951896422302677 0.902190969828814
Naip5 7.03589396724933 0.954783593031638 0.946854325516848
Il10ra 6.98394603977898 0.961997519306203 0.971201093078449
Evi2a 6.98193688367705 0.100304360247664 0.122083941499024
Mpeg1 6.97957802716695 0.893006827914934 0.883361856541138
Irf8 6.97397801888228 0.939946517813498 0.931962833737715
Bcl2a1a|Bcl2a1b|Bcl2a1d 6.96058379599034 0.923162215721582 0.929832928960105
Adcy7 6.95819218713625 0.864362392603862 0.791049021943171
Srgn 6.95425098208641 0.879858396522235 0.877964467546199
Plek 6.95423065231342 0.902701942590442 0.914335684288107
Tm6sf1 6.95087772656142 0.860601684879308 0.883178529076906
Fcgr2b 6.92600370608128 0.929436368639984 0.919765492348864
Icam1 6.89660332862212 0.908819880058441 0.889225151475047
Hpgd 6.86606458334313 0.861256435303508 0.902267801883563
Adgre1 6.8157710995072 0.913559750883247 0.90924329915282
Tyrobp 6.79500900329549 0.896508029155097 0.892391677983416
Mertk 6.77879373108619 0.222825046569015 0.023616097947432
Cd86 6.77508082313723 0.956157011127635 0.941891027448453
Ccl9 6.71616043370585 0.945288883395134 0.928426291895579
Tgfbr2 6.71072501057685 0.895558610263179 0.907203589929829
Rgs1 6.68512562506269 0.928010660338641 0.913704339101885
Pld4 6.64552464680153 0.95176383941759 0.946623615028717
Ctsz 6.64381427187667 0.511035817955366 0.828783034372294
Cd83 6.62179771091391 0.810375539750765 0.897076184323532
Cxcl2 6.60017159816452 0.925877450284222 0.887336454289424
Ctsc 6.59233449971842 0.458838899313724 0.741998073095641
Vav1 6.53081190497461 0.968681433497887 0.964785272575621
Fcer1g 6.53033635158128 0.923473795819256 0.933923638064222
Cyba 6.48313760949156 0.810870357759879 0.836618912110019
Havcr2 6.48043892316713 0.95946168573179 0.958210014306567
Hck 6.47553760577118 0.933374391961826 0.936215350551696
Aif1 6.46482439345497 0.935421532005144 0.956647663281722
Camp 6.44825685497366 0.945840409265344 0.889476410432585
Txnip 6.43776319388438 0.549049008935748 0.534275457018026
Ngp 6.36736438561199 0.904627462518368 0.931356472660186
Fli1 6.34597744670925 0.964000311869316 0.966257200400884
Cd14 6.34298382027425 0.898671063366254 0.895169706719293
Tgm2 6.34103503962946 0.675551894208883 0.714403151956205
Ier2 6.33512163605877 0.697716290218722 0.761547761270482
Naip2 6.31917473173451 0.966456788310794 0.963547243709924
Il1a 6.29875465210553 0.940756160168013 0.922041603079999
Slc15a3 6.27757313333412 0.948835082212517 0.934309287413246
Zfhx3 6.27751655247055 0.864304781216616 0.864481035696597
Pycard 6.2593278743663 0.882659823594533 0.909516575575799
Tlr2 6.21557886006621 0.957454355934093 0.961962616695745
F11r 6.21483254567968 0.927189074581108 0.954226494950616
H2-T23|H2-T-ps 6.2079069547112 0.789858999669461 0.822586914576969
Ggta1 6.19823314135957 0.758267888072709 0.741996856720129
Hba-a2|Hba-a1 6.19720941946338 0.697775030759171 0.649868222038167
Tgfbr1 6.18514771472943 0.828675438967162 0.896047347290099
Sla 6.16123875362158 0.86111163590739 0.848569106251224
Selplg 6.1533078812596 0.882063920809641 0.916297976204716
Pros1 6.14324001082295 0.767976336980128 0.914430728907859
Lyz2|Lyz1 6.13859140786007 0.923039410727332 0.934628957317102
Ankrd44 6.11296872275084 0.654174728940227 0.77415610152197
Tlr7 6.09371892881143 0.948703856941223 0.96331730323523
Ccl12 6.08073678871606 0.961434068182795 0.959443366840621
Spata13 6.04613888495306 0.650859100980428 0.841974331327327
Lpxn 6.04221517459261 0.945963621472694 0.957658152792717
Zfp36 6.03974343568302 0.764864568584191 0.794312073401642
Ms4a6b 6.02845502626608 0.933590388708415 0.94185197598796
Csf1r 6.01291114867088 0.740892168431557 0.660138098370364
Ccl6 5.9825680106006 0.937123734557229 0.942954255632091
H2-Aa 5.9707301898743 0.905734894516409 0.887851338957158
Ccl4 5.96527259453994 0.886811768262966 0.923551549130329
Blnk 5.95859133064525 0.875759110660874 0.909217094193081
Gpr84 5.9527551541404 0.917736474262473 0.946062028391353
Arap3 5.95242481707622 0.941227526315576 0.927776511211137
St3gal6 5.95159993717713 0.829943382773461 0.792268323049702
Alox5ap 5.91258714057665 0.899288187569462 0.942507627947727
Fosb 5.90526210668158 0.599846544421808 0.716156298176386
Lcp2 5.89586727135902 0.940965527933721 0.939547110838204
Pik3cg 5.85651877771087 0.966126480744344 0.958607482858302
Sparc 5.85307280740815 0.378947664853219 0.570662457871484
H2-L|H2-D1 5.82156041318384 0.779687939804139 0.707632400494705
Ncf4 5.80016057571076 0.964675232182155 0.965959974919039
Crybb1 5.7963703314482 0.91811820722307 0.926819389249503
Zfp36l1 5.75928474644891 0.10197911587828 0.319838572169749
Ctla2b 5.75836570780799 0.938492863313633 0.919468142923761
Rgs10 5.75592862528421 0.764066459720557 0.916892326734329
Slc40a1 5.75499851701325 0.898657618760878 0.899345786037857
Fyb 5.753392528515 0.938917947027407 0.942116486335274
Stab1 5.74370596190551 0.956125346272758 0.949953997409876
Pnp|Pnp2 5.73986559561651 0.241506853858609 0.716726873651538
C3ar1 5.73022717497317 0.901567897833715 0.939883533943102
Lair1 5.69155148447891 0.887043633476066 0.893433065299134
Capn3 5.68852721923813 0.935185105673823 0.894669793778676
Slc16a6 5.68714503262998 0.913566855836462 0.88830236546329
Kctd12 5.67885481418463 0.781261373293603 0.784972493366985
Ier3 5.65142959251271 0.887481275310146 0.892263843568038
Fgd2 5.65021019293507 0.929456671528167 0.924676847540034
Rhoh 5.6453494339764 0.940284720670464 0.933638100882018
Golm1 5.63062885868166 0.792733588540652 0.912453878407437
Ncf2 5.62285078488157 0.854233092718074 0.821452301139409
Dapp1 5.61942428637821 0.62925373317475 0.731428075918814
Slc11a1 5.61763308445352 0.915860663949394 0.955649027044379
Ets1 5.60946729331272 0.825476881316383 0.798717657551142
Tgfbi 5.6083316116927 0.733583888856527 0.774589280932775
Hk2 5.59915805209769 0.860538109008159 0.867128635757137
Tlr1 5.5662568317725 0.953270568619036 0.942935206661479
1700017B05Rik 5.54675102630673 0.840171848943412 0.887403466603492
Tnfrsf1b 5.54291052912023 0.929708949525929 0.941900777503311
Trf 5.54265574209683 0.0250330667887783 -0.0912677242073283
Inpp5d 5.53700904663667 0.901544866071092 0.937033519358415
Cd48 5.53641115624297 0.952969680061851 0.949339819575902
Akna 5.53372640714703 0.811632967069733 0.909971376627676
Adap2 5.50205126182065 0.949346740522822 0.9535047434125
Map3k8 5.49732118138501 0.947701427216674 0.944719361425179
Alas2 5.49479944529367 0.923949447283783 0.924192310723296
Slc7a7 5.48142027909741 0.935508421304108 0.928267391610327
Il13ra1 5.47459097454346 0.820878089749722 0.850783450401933
Rab20 5.44608608927443 0.844615951740463 0.822872062649342
Rcsd1 5.43810542023558 0.913991298088053 0.95809631818699
Rassf5 5.43779150112004 0.890485376467644 0.881256683358701
Mafb 5.42780797351159 0.926418275293094 0.947652022669931
Hba-a2|Hba-a1 5.42548391304993 0.687995301585611 0.646530526782013
Frmd4b 5.42001369079221 0.194322185063225 0.52771899212184
Elk3 5.41966444019841 0.776572527893935 0.777284563967688
Egr2 5.41692427438387 0.823602836112076 0.855156068576675
Clec4a2 5.38844129025361 0.948461031557537 0.939740512581498
H2-K1|H2-Q9|H2-Q7 5.35127816425028 0.894276913977056 0.838745867564463
Stat6 5.31985704471167 0.923353419119156 0.944493126256578
Klf6 5.3187031490427 0.820559373489352 0.853272549475506
Adamts1 5.31854936676452 0.490391288582334 0.775585128551753
Ccrl2 5.29685921260747 0.911473131486058 0.894693179100734
Gusb 5.29570428892302 0.603761271146516 0.783418768187215
Hbb-b1|Hbb-b2|Hbb-bs|Hbb-bt 5.25540821684345 0.787129762779699 0.702867895205896
Asph 5.25432142065107 0.234314550391785 0.204044268100301
H2-D1|H2-L 5.24397837443594 0.808769116264942 0.713311983683372
Ugt1a2|Ugt1a7c|Ugt1a6b|Ugt1a6a|Ugt1a9|Ugt1a1|Ugt1a10|Ugt1a5 5.23389513053131 0.713831997031803 0.856133470982493
Chil3|Chil4 5.2234195688378 0.922498261090359 0.847922894009149
H2-D1|H2-L 5.22236391042484 0.847125613518427 0.758288455248064
Sgk1 5.21682805996543 0.177854597726767 0.244141776976519
Cttnbp2nl 5.21593517088424 0.869753971045547 0.923921964686593
Clic1 5.2090292708983 0.797808512651937 0.837285239945289
Arhgap45 5.20601494619594 0.934500841762598 0.942463507714977
Tpp2 5.19744373005767 0.77759631603925 0.733521750385064
Cysltr1 5.18600124497205 0.944055053761928 0.947388430104924
H2-D1|H2-L 5.17599323238507 0.860740030354252 0.767627423690294
Hfe 5.16457185946704 0.893962178187924 0.898614420527642
Syngr2 5.15884055470668 0.444700931087884 0.678299428842201
Themis2 5.1561954639858 0.945790487100885 0.934169189743477
Nckap1l 5.15021952354983 0.846286649568048 0.918690107442541
Il16 5.14572028414333 0.935172659931393 0.935695142808542
Itga6 5.12540767412133 0.204005908360746 -0.12839271730186
Abca1 5.12271234631317 0.163520685832923 0.131832799862662
Edem1 5.09734942320343 0.753872940435806 0.767825289755816
Nrros 5.08225822837503 0.747729991306827 0.791824786290472
Anxa1 5.08182923466555 0.890026284040542 0.84542318613095
Lmo2 5.08034091945749 0.756682870561258 0.845521615014846
Tlr4 5.08029061788249 0.892885636593186 0.88805775171893
Nfe2l2 5.06963791403936 0.271881744273944 0.452443442925438
Tnfaip2 5.06517091527306 0.837437094715733 0.877782533188518
Lrrfip1 5.05757551600242 0.699776707559272 0.768529682154086
Btg1 5.04686049662848 0.300107232159175 0.814902406461332
Xlr4b|Xlr4a|Xlr4c 5.04442556580874 0.858056059863295 0.808172600014734
Cebpd 5.03366497808163 0.262070177804088 0.450852912095384
Sash3 5.02480809163056 0.860813123339179 0.942725564956864
Btg2 5.0154788293423 0.551781714920612 0.301508566656002
Tsc22d3 5.00923138929501 0.577096059746827 0.687128799337793
Pag1 5.00832633197262 0.388327522156654 0.83022630472362
Ppp1r15a 5.00456948543855 0.762618921829178 0.770078535783624
Abhd15 5.00341777118996 0.894181925212693 0.876915506190415
Cd37 5.00336360621018 0.889587869360152 0.918897630505711
Lyl1 4.99147899894375 0.947429906501607 0.931297183871603
Ltf 4.98308085706919 0.7897754596662 0.752584011727949
Notch2 4.97564127735733 0.159815601441024 -0.0435635125582493
Clcf1 4.97168172403972 0.95034419494014 0.936404110331846
Ppfia4 4.95215891103922 0.936874533282068 0.942205090263253
Pon3 4.9479558992653 0.932496133777533 0.921251022146291
Il10rb 4.94308538109836 0.802697157663573 0.866573122588682
Ifi30 4.93372076628613 0.897886261921633 0.92928259136678
Casp4 4.92936104716383 0.925364003944019 0.950446009074348
Trem2 4.92428932032769 0.919680020674372 0.913713094568005
Entpd1 4.88723705404587 0.895015962122404 0.928738940969013
Casp8 4.88236981309863 0.952243498409015 0.949539444020823
Serpine1 4.87800225635806 0.931315694713404 0.94201328824552
Cd300a 4.8770339294594 0.911995167631435 0.920404722199852
Arhgap17 4.86095327170991 0.745975692790021 0.814221950493466
Snx5 4.85459013602492 0.769565787048488 0.893627169134587
Rps6ka1 4.85340683123913 0.838741878115359 0.846764575512035
Cd300c2 4.84527364646063 0.909048653589861 0.949232197688605
Hvcn1 4.83773725094888 0.946589392133964 0.950073524227792
Cd34 4.83470615631251 0.832444151646536 0.844379365653406
Frrs1 4.83303328070782 0.730058799439319 0.862983752650528
Trim47 4.79857313976718 0.855965266754217 0.932162155501116
Hhex 4.78940540560109 0.924282754756219 0.916912052339117
Csf3r 4.78555333647334 0.85905689750686 0.954297211687871
Cmtm7 4.78052358695238 0.89778857246729 0.915946067026645
Rbm39 4.76780257008437 0.585890385713119 0.627989196309652
Tob2 4.76175841138064 0.462260906714688 0.74728206977533
Zfp36l2 4.75305950971335 0.0626848082427523 -0.0438182143146671
Spint1 4.75138424202907 0.908016726161885 0.954946207915251
Nfkbia 4.75045401498165 0.618721982113352 0.740459639088568
Cebpb 4.73723093649745 0.843248638129231 0.861589666840522
Pla2g4a 4.73714961278961 0.395505730502671 0.265785279023491
Syk 4.73325908232854 0.904445324211483 0.916557463296523
Trim30a 4.72651394193535 0.936692510862804 0.912873254922817
Gas5 4.72393948813819 0.486955743610366 0.579234766118862
Arpc1b 4.72088438670974 0.367467003123645 0.110343180367653
Fes 4.71700140868408 0.928569839747728 0.931546616002212
Pmp22 4.71167360600921 0.000305632260052969 0.0997175273333405
Cyp4v3 4.70004635179712 0.275798076658502 0.610527089597412
Vamp8 4.68274319067912 0.639262848301584 0.723031421900338
Sipa1 4.66829837461381 0.919003651917074 0.937827274659314
Tnfaip8 4.66766061421233 0.0258180499378774 -0.0685184420173606
Lyn 4.66345614623246 0.860473287881977 0.909386164596415
Cxcl10 4.64945020047248 0.838163942106526 0.698499428715145
Rrad 4.64683573607641 0.911662970649801 0.86876722337327
Siglecf 4.6463095708011 0.964572078433263 0.963070686622921
Igsf6 4.64490489943302 0.95601349279344 0.950250863279606
Arrb2 4.63864775103519 0.881143993941442 0.861784174824028
Serpinf1 4.62551647109559 0.450013139234358 0.109349044563373
Cmtm6 4.61721029153432 0.679767038767685 0.820741523022315
Csf2rb2 4.60159665156558 0.934203264526583 0.938113409355797
Irf5 4.59181362950209 0.888277383141852 0.932365450029503
Klk8 4.59047101979212 0.880701489121335 0.941689548991616
Parvg 4.58966824194117 0.890216168894712 0.866141958919061
Ang 4.58480020117228 0.962118356646297 0.939585912991589
Stk17b 4.58079585329615 0.147168234487778 -0.0324488707098534
Npl 4.57176102206027 0.541923268241761 0.699653960707303
Trim12a 4.5656612911513 0.94386181934032 0.914279269347557
Plk3 4.56285718584484 0.424355246279648 0.315143668563012
Unc93b1 4.56021790201945 0.884918766048494 0.888484110420343
Afp 4.55425286109365 0.932961038718115 0.895230193561609
Pnp 4.55160840842666 0.213828174243667 0.710310418535471
Birc3 4.54958420449078 0.930404997641976 0.93490512237169
Fam105a 4.54014768747121 0.719037947385742 0.889871895382464
B2m 4.53865221622529 0.709270521003684 0.715383388366999
Lrmp 4.5265994886265 0.962715199635732 0.946719355349008
Pmepa1 4.51126350457307 0.694618421963407 0.829653595535339
Ier5 4.50482339000313 0.810506943878736 0.835056486466901
Samsn1 4.49691490592055 0.947794366793916 0.9389913560171
Spi1 4.49001204963284 0.929149875556497 0.914256447245679
Pald1 4.48950384148643 0.90121385510793 0.928796233917189
Bach1 4.48839851958417 0.54964182783744 0.82703606069064
Sat1 4.48334991232257 0.0474885199242055 0.00482646491164861
Srsf7 4.46290726532443 0.661128952620492 0.668273534190973
Ifngr1 4.45980549072253 0.826286140216502 0.85916680571495
Rffl 4.44895042140516 -0.0944711534639814 -0.0512880321046809
Pnpla7 4.4378075896989 0.282220396508521 0.454028729854378
H2-Q7|H2-Q9 4.43496631213927 0.804258391285336 0.68841466127215
Tcn2 4.43347579609749 0.577959922083477 0.817475256532993
Grn 4.41898600618836 0.786738726400952 0.873541286168392
Il6 4.41810329124868 0.918792967599259 0.870682946136026
Sh2b2 4.41592950389674 0.86316697649969 0.834331520421962
Rnf19b 4.4158175197687 0.8832616337117 0.874358931625926
Runx1 4.41444290556466 0.94329698128341 0.892513593674008
Rgs19 4.40802140033777 0.706072082560795 0.625340563496616
Abcc3 4.39462546763919 0.917544296227482 0.962562246381057
Ivns1abp 4.37103082912188 0.581825387610995 0.689866477446459
Tcirg1 4.3590288110114 0.683752498438611 0.753380931164687
H2-K1 4.35633610060135 0.637059516248543 0.570739190218655
Pla2g15 4.33551951314492 0.819457933488987 0.911486166080669
Ceacam2|Ceacam1 4.33282470095345 0.905275421852826 0.870997407049921
Slc39a8 4.33218309466052 0.749262875908695 0.764399149766711
Msn 4.32915518042375 0.690598712926274 0.802729585447551
Mcl1 4.32864118436502 0.753809961861798 0.844839258880907
Cd52 4.32822297080911 0.922431066887497 0.901664062342892
Ccl2 4.31417656755187 0.922259512129489 0.916353476454943
Fam91a1 4.31179679922434 0.627094677589207 0.811482767053297
Plekho1 4.30596084633094 0.799786745945337 0.788066034580518
Tifa 4.29621686894344 0.646895260808853 0.842102642979991
Gpsm3 4.28810950892327 0.934824719610842 0.926328927798032
Serinc3 4.28222392055007 0.845108912542513 0.822852265229638
Ly96 4.28138121628789 0.862079227218168 0.871036695931788
Itpr2 4.2796708021984 -0.029151588409478 0.125989773983375
Prkcd 4.27394317911711 0.574956786683025 0.688797133000079
Lgals9 4.26601356106607 0.929313178922064 0.937712183748385
Slc29a3 4.25661646548513 0.476845541799424 0.543906506479103
Ptgr1 4.24255345281968 0.604427556044986 0.775430537021147
Myh9 4.23486171023382 0.792045390392806 0.821358407248178
Ostf1 4.22819931706139 0.191007889486455 0.0640512542726374
Cxcl16 4.2262774682479 0.938599702513594 0.931318901768526
Vwa5a 4.21520476557801 0.504287424612578 0.68249470895965
Mfng 4.21488559088852 0.906033057622142 0.918675242469611
Lag3 4.20661057523921 0.888729376038387 0.928039971190441
Junb 4.19870882556919 0.644286445561338 0.710290375201287
Dusp1 4.1973335323212 0.341336496282534 0.348690815171587
Casp1 4.19198471144062 0.915394096967249 0.891410323924893
Tec 4.19121278155338 0.897074704591725 0.926003565805407
Tmed5 4.18802206939844 0.272028865016028 0.28474799051526
Plxdc2 4.18674999796321 0.751320920426714 0.681115839391099
Zfp110 4.18642590799198 0.339301944737099 0.64912885178446
Tmcc3 4.17795144211203 0.598500786153196 0.532731528637081
Lrrk1 4.17665360565179 0.903729674281234 0.855122280534779
Lgmn 4.17183205921182 0.748568906978423 0.754817110237683
Lilr4b|Lilrb4a 4.16488637681091 0.921065102746796 0.869716312668939
Zfx|Zfa-ps 4.16418769914058 0.777696211646291 0.79178098052844
Selenop 4.15981824628915 -0.325306879205846 -0.0299910695984123
Tubb6 4.15223846504557 0.862183289454859 0.91840370374215
B4galt1 4.15174655923859 0.818289667022795 0.909545678459186
0610040J01Rik 4.15056148620259 0.415902818881909 0.417867811944527
Hcls1 4.14393351879755 0.935036602814516 0.918125425228013
Tapbp 4.1383185462109 0.655311983042907 0.607540332355504
Tmem173 4.13734287090567 0.835929009596993 0.919942854456964
H2-M3 4.10800754967427 0.860621519038515 0.876448767641706
Plxdc1 4.10171636390867 0.68738091561768 0.772160971989998
Zwint 4.09850902552554 0.568715775723968 0.820856692132502
Hpgds 4.09469912709759 0.925214918298955 0.935950268992701
Litaf 4.08881336863873 0.0994075654623691 0.443693772192225
Mlph 4.08771223890369 0.920951041835439 0.949110088583867
Glul 4.08491551863351 -0.202634676406096 0.48517509232173
Cks2 4.07990980089593 0.396242925252771 0.12605776689951
Ptpn18 4.07962816132947 0.882841601481906 0.907807249407794
Nupr1 4.07762616094119 0.323192180234406 0.301691396351225
Uba7 4.07043559203839 0.92450156691913 0.915988327547634
Hspa1b 4.06807206253803 0.359223238162445 0.451331534203058
Tmem140 4.06663646990431 0.93500785483738 0.949944003302915
Sult1a1 4.06451798965314 0.403850563354473 0.148153281074568
Gem 4.06404714519125 0.279538510292096 -0.0434942884069334
Dhrs3 4.05603856661188 0.39517158923874 0.359647258867642
Mrc1 4.05351082403298 0.874505134126508 0.842370244784845
Myd88 4.05243039539611 0.913624839661156 0.904311321382631
Atp7a 4.05234626964153 0.687692668598087 0.790839135989123
Mef2a 4.05054883907035 0.819299073545384 0.846156589889865
Mlxipl 4.04775571159088 0.775142068144046 0.80998248586174
Tlr3 4.04667155513878 0.136129945681141 0.833020662009717
Jun 4.03851801842653 0.404140673865599 0.404707302879475
Vrk2 4.03364064907079 0.795543048011334 0.852334393717817
Adrb2 4.02622487637004 0.949688910906781 0.924123358488005
Slamf9 4.02520816050278 0.811430237206197 0.882868966029878
Rel 4.0199718643846 0.872423954939717 0.864094828906548
Pdgfb 4.00966778674827 0.781852475374023 0.922712490533648
Pmaip1 3.99928388114068 0.938919091954873 0.922962302276302
Sesn1 3.99653744678521 0.575888199405542 0.727068716853079
Pdlim4 3.98483466430793 0.0278678183005634 -0.107626616301089
Crlf3 3.97054677905956 0.270047435453142 0.578448712178758
Sh3glb1 3.96850188363558 0.593741613256709 0.800838556049869
Gmip 3.96795332406792 0.874461579855976 0.881572832636581
Naalad2 3.9675832385598 0.879130159844853 0.902169179248225
Plcg2 3.96147746777541 0.896481748761549 0.872027469815505
Arhgap4 3.9610473281441 0.923462682611788 0.891614161962324
Dusp6 3.95339881029836 0.52463340126037 0.594778117435366
Ctc1 3.94934855346197 0.901994008063591 0.922223630555369
Cep152 3.94789749029928 0.851673831342534 0.817184412170687
Rin2 3.94617319812009 0.534595691180458 0.644402352634606
Trim30d|Trim30e-ps1|Trim30a 3.9458716734765 0.847512853166326 0.865073944632369
Lgals3 3.92855928216062 0.65854861083745 0.480134285385581
Rcbtb2 3.91834411300046 0.515217456312154 0.593457514522923
H2-DMa 3.91770720771971 0.803178074207108 0.921584904017582
Il7r 3.91417846447043 0.8600900650555 0.876762166236885
1810011O10Rik 3.91312913039599 0.489308901543374 0.244803155184718
H2-K1|H2-D1 3.91153182046116 0.625089079262166 0.538659872599817
Coro1a 3.91109131389394 0.459117879915587 0.678169107375858
Sqrdl 3.90742709523023 0.677417102814336 0.782947583720519
Cklf 3.90268688146361 0.551366240900174 0.748346411462709
Ptbp3 3.89185101364615 0.773032672448868 0.777033795321898
Fcrl1 3.88135760186671 0.941595962358578 0.961953409327168
Ugt1a2|Ugt1a9|Ugt1a10|Ugt1a1|Ugt1a6b|Ugt1a5|Ugt1a7c|Ugt1a6a 3.87560313543218 0.862754827394037 0.921197488682175
Adrb1 3.87226130975692 0.681944166221477 0.827598558385828
Gcnt1 3.86722343836553 0.938821619350384 0.909924331203047
Parp14 3.86480507238701 0.86756440622807 0.814433333465474
Mitf 3.85390003134393 0.426607929677205 0.594821563461404
Cd9 3.85002714235131 -0.286383687702216 -0.20040857485584
Lrba 3.83743899669828 0.770198679645761 0.878526198628715
Gna15 3.83214065423833 0.920237860040461 0.927030707091282
Parp12 3.82932728241354 0.295168723218507 0.422840760864534
Elf1 3.82712930585129 0.537347738238973 0.647953626575814
Arhgdib 3.81321225995239 0.742164235725502 0.89339545607553
Cd177 3.80693084475426 0.902371631407339 0.872432727132832
D17H6S56E-5 3.80524494305099 0.934540272902312 0.920851460220941
Slc25a37 3.80199073812285 0.791909437936946 0.755241069273192
Clec7a 3.80009819240647 0.815830433318238 0.907672387137826
Sfpq 3.79924915123728 0.552633751555107 0.693359406989939
Sgpl1 3.79567093192384 0.367126347628841 0.674196841431123
Tmem176b 3.79065699031655 -0.0536844856374664 0.185766591897382
Dock8 3.78963506421989 0.914398986876243 0.879081331351724
Arsg 3.78745305687744 0.0687641522471144 -0.13508894310526
Galnt4 3.78213796685564 0.0763698151318174 -0.0862625467877269
Psmb9 3.78026048912587 0.873327379745185 0.796788960040831
Ceacam2|Ceacam1 3.78004159876382 0.855247619694675 0.85413626420427
Cd302 3.774202999281 0.0676588284750377 0.233377339734932
Npnt 3.76884533187411 0.69790725177927 0.578921424938188
Ehd4 3.76160052799724 0.793561240386353 0.916720750620507
Mylip 3.76120723219542 0.703895101509825 0.845074013968499
Pnrc1 3.75812084354635 0.696211791871699 0.793008066671141
Pfkfb3 3.75769542564927 0.404374659005179 0.708186487593379
Gimap6 3.75218462521695 0.889381278769429 0.928524486000664
Tmem123 3.74682979571845 -0.16613193891956 -0.145493932986386
Tbxas1 3.74302454613438 0.908751035422174 0.879857818653569
Rrbp1 3.74142570706665 0.508208479746252 0.612094773615203
Rnasel 3.73998061047413 0.871380284541621 0.838383762014596
Myo1g 3.73980463132725 0.869865915704983 0.889868460225804
Tgif1 3.73808727681433 0.917610550734384 0.920939396408909
Ncf1 3.73727824892423 0.934971623613048 0.921826963266427
Cd2ap 3.73721839926492 0.575835737979475 0.69316737086587
Cd33 3.73459107527758 0.879994238173412 0.909847727392253
Vasp 3.73043937909816 0.831156043965103 0.879965779855842
Cerk 3.72798353417238 0.571297753377019 0.688980406897594
Arhgap9 3.72557666619721 0.903285660150513 0.893138744799812
Btk 3.71280252257352 0.885863527924181 0.923297150878122
Erap1 3.70390603824269 0.552997520904081 0.632822405285259
Hspa1a 3.69956172111566 0.601038903422112 0.582822142158588
Ifi35 3.69838606668627 0.887253766188578 0.879442068617397
Samhd1 3.69458347909304 0.752191363805881 0.724998842807218
Epb41l2 3.69397017789019 0.29702794093773 0.635034312601949
Rgs2 3.69364512283833 0.749928077502762 0.800746784040893
Ebf3 3.68566338666451 0.927959490897406 0.938549825383594
Gbp3 3.68461201145843 0.38973527840539 0.196402495190063
Tor4a 3.67859288267948 0.798668361518599 0.853062419242747
Pld1 3.67813940451521 0.663912314288737 0.794462402615765
Herpud1 3.67609680143918 0.815213419910883 0.908430030194902
Il4ra 3.6748554432435 0.942463401520134 0.928976822930171
Sppl2a 3.66880221647647 0.406908794353102 0.656780400774987
Dock2 3.6536971867064 0.893736170982771 0.90740472031968
Trim25 3.64955093633544 0.181898276197629 0.11780542760358
Rcan1 3.64902478618222 0.793764694294143 0.782738548706467
Slc2a5 3.64896122428122 0.838104378965736 0.900895925089424
Clec4a2|Clec4b1 3.64896022795681 0.945132025510234 0.927081374938363
Qk 3.64407987422824 -0.495389891430011 -0.0705133172709727
Nrip1 3.63793192519355 0.654228739217753 0.757943220216674
Rab3il1 3.63640357218311 0.894014300858796 0.91113022799313
Adam17 3.63572654004837 0.177137835792961 0.503480885923154
Tax1bp3 3.63426358624274 0.0558704817702728 0.196448166647244
Cmtm3 3.63366464693086 0.138919777303799 0.360412130372395
Cables1 3.63230183057593 0.339952546505656 0.569692128875427
Cited2 3.62920347279846 0.78821798690982 0.784095305995062
Aff1 3.62727777340133 0.345361291938103 0.70689962218495
Fam111a 3.62672709277041 0.762517765293881 0.698672050537225
Creg1 3.62636577988537 0.51197195916434 0.787802378852739
Rp2 3.6247371288027 0.83390860056892 0.820189718788966
Cd79b 3.62144415426501 0.91360594152578 0.902622699616597
Gcnt2 3.62090471381476 0.622211815935288 0.66256892237912
Osbpl11 3.61166691181641 0.737666212004395 0.895634811165106
Tspo 3.60976796460939 0.655259815544198 0.690213753818857
Pbxip1 3.60345790694935 0.159987076241082 0.721219446308713
Rnaset2a|Rnaset2b 3.59063010267244 0.612221879823149 0.746664164221762
Erbin 3.59004171995759 -0.266995979181486 0.145676441612242
Jmjd1c 3.58062403803972 0.735596806617183 0.759113032173227
Cebpa 3.58042192622486 0.816117845913605 0.874981085720788
Dnajb1 3.57874966110609 0.871343841351257 0.849277510573886
Capza1 3.57653393121506 0.128975122589544 0.627084235561955
Hps3 3.57511038354867 0.873546809156096 0.862067047394008
Mir692-3|Mir692-2|Ftl1 3.57042665385352 0.462942318443344 0.385322128414015
Maff 3.56456786373554 0.732988976280391 0.743379318387826
Scamp2 3.54917212805212 0.640717188854153 0.7155737725286
Tnf 3.54557264098414 0.855699822089977 0.865047528398544
Ugt1a1|Ugt1a10|Ugt1a5|Ugt1a6b|Ugt1a2|Ugt1a9|Ugt1a7c|Ugt1a6a 3.53888741252655 0.675446469203327 0.669671935068351
Snx20 3.53031209373078 0.928140104295285 0.913539694694599
Fmnl3 3.52888649167945 0.88397644311184 0.881788877720446
Plxnb2 3.52678343726875 0.466991446600987 0.702560125132365
Hps4 3.51390991960489 0.766438530548609 0.75771234767342
Skap2 3.49996687247337 0.7861341920036 0.770185404238867
Prkab1 3.49805253773791 0.872209748568052 0.888100925068505
Ucp2 3.49185901076206 0.88428612391792 0.925868382298847
Fcgrt 3.4911101033931 0.221281259416254 -0.0875450334054097
Zfa-ps|Zfx 3.49099700497652 0.826934285824047 0.820075310675393
Fkbp7 3.48659292222569 0.589380667311384 0.743059823065835
Slc46a1 3.48484323750631 0.320554932611264 0.558228677076438
Ythdc1 3.48381563312627 0.643641453814659 0.753039641262753
Man2b1 3.47728596759607 0.742116444115039 0.676780720554934
Mknk1 3.47006500649463 0.789306593655156 0.879007235411374
Zfp62 3.468937356906 0.4560143009178 0.587624883037669
Ifitm6 3.46867436750505 0.916479620003614 0.833326310415404
Daglb 3.46623752404959 0.808517022924421 0.840303726502506
Ebi3 3.46592954635201 0.850587234846916 0.907305125447553
Tmem63a 3.45814778313389 0.146686432213157 -0.0979142640358685
Gbp7 3.45688927067535 0.350651746114118 0.316936611536916
Mcm3 3.45427817530882 0.707959282311376 0.722837886467348
Twf2 3.44267139034613 0.748871116829178 0.759409061891711
Slc12a2 3.43922764366616 -0.0443962377691859 -0.182803322205979
Tgif2 3.43631643707222 0.912931069266868 0.88331260196097
Rbm26 3.43180865528368 0.678510395894447 0.668977558032921
AW112010 3.43058427316705 0.933663074471838 0.94221965365335
Gmfg 3.42982627516833 0.869202518938358 0.870911641026766
Grk2 3.42230900499782 0.826970868686151 0.838392404309248
Morc3 3.4218999039221 0.656821491284662 0.697741376464181
Calcrl 3.41846935799108 0.261432029443047 0.0898651710199407
Hacd4 3.41829455297829 0.705899264493861 0.650044042198857
Smagp 3.41769209028929 0.905995481550098 0.902402762555941
Myo7a 3.41549831173676 0.827337008237959 0.858540025702587
H2-Oa 3.41509271409001 0.91902516275225 0.923626450549073
St6galnac4 3.41210872298747 0.605475214065148 0.738509039650439
Igtp 3.40991266839848 0.718463910483049 0.600901838140061
Fos 3.40938404546243 0.00940238914626158 0.396804145337738
Slc37a2 3.40761848048601 0.841856155896705 0.870766065930106
Zfp869 3.39751001033241 0.709470139750108 0.823673778844682
2810474O19Rik 3.39361360994497 0.71828657763116 0.772226787932835
Rhog 3.39356103119168 0.00970579632715992 -0.0900373870533999
Snord22 3.39319633920486 0.640332573520479 0.747003918737636
Ifih1 3.39273329085581 0.767938905452746 0.705954631979613
Scpep1 3.38847573983849 0.594547514273097 0.6433054558388
Cdkn1a 3.38696112087884 0.73404191779065 0.627952110528323
Myl12a 3.38148076537431 0.0334019601151425 0.0959590590939039
Parp9 3.37414767369417 0.77571933373347 0.828266485703612
Zfp90 3.37217479763879 0.866217946673991 0.811241254238745
Slc15a4 3.36647563755186 0.628022638033657 0.687743684855815
Bcl6 3.35921040403723 -0.142741303539272 -0.0668600302261746
Cflar 3.35358167365825 0.444841820031538 0.618290599042918
Rela 3.34860032232331 0.659764383092976 0.690808598805135
Slc7a8 3.34590313129149 0.753773754626878 0.848490891928804
Phyhd1 3.34326881503586 0.693134704508461 0.722037066712868
Tpst2 3.33931102518564 0.718189713189362 0.81442471149183
Acss1 3.33647103812554 -0.117094730521049 0.190585996001574
Sertad1 3.33138098165841 0.843209536332966 0.785603898426304
Dok1 3.32853500456275 0.823509510684749 0.879527644725437
Rbl1 3.31821359236679 0.507555911865936 0.440152162650621
Hp 3.30360735216857 0.861619909337079 0.699378482269643
Mrc2 3.28175729977188 0.885778833002668 0.847166936306999
Abcd2 3.27713451910701 0.338632101028277 0.128055140207547
Ptbp1 3.27499367127273 0.517765709361145 0.512764159168053
Ptger3 3.26911484816413 0.874226464258586 0.872140844216502
Nfatc3 3.26322518165277 0.419813726726249 0.758115020164978
Il1b 3.26250827591217 0.910117824995398 0.905216162745993
Cytip 3.25115425856665 0.75875912949979 0.722212051939729
Myo1b 3.21909335674797 0.662152736765276 0.480518176161786
Nfkbie 3.21484348354178 0.764302358679874 0.708983678523823
Cd24a 3.20879252040168 0.503286359496775 0.530773628159741
Irf9 3.19731120552426 0.785957072794574 0.791887882303619
Pik3cd 3.193784403253 0.817504573700507 0.913958312677361
BC028528 3.18673362918837 0.55314516918346 0.296370649208761
H2-Ab1 3.18448022315275 0.722558855566594 0.638511414524865
Rasa4 3.18060964300394 0.911177558338408 0.925107574996663
Mmp2 3.16619433067055 0.387713460779079 0.690395449167904
Tgfb1 3.12894098221334 0.907639889644361 0.866451076853608
Irgm2 3.07870686398235 0.755359093221861 0.633894504256279
Arhgap39 3.06359743475685 0.790507234593463 0.817546216414326
Batf3 3.04249567800712 0.911757898909074 0.913795733394872
Hspb1 3.00841826567155 0.582531361107815 0.372226037247847
Tlr6 3.00444382773992 0.781601496223473 0.814089924382545
Clec5a 2.99400636959439 0.86299644621437 0.897533329911159
Ifitm3 2.98071692173187 0.237051864545706 -0.118718646844368
Trim34a 2.97036290062224 0.772553838887417 0.682503995305586
Slc35c2 2.96079412675616 0.746430698768932 0.848062215543125
2510039O18Rik 2.96079205977938 0.378126402257325 0.508159538401455
Nfam1 2.96022800161204 0.905660780652896 0.911687481779803
Mthfsl|Mthfs 2.95602376604464 0.353906982677849 0.598019758246297
Usp24 2.93528737507837 0.371141624537842 0.62141033900809
Stk26 2.91362992441915 0.782947067649054 0.753875437553896
Tmem168 2.91018878204576 0.338602148756241 0.285365309257416
Pygl 2.90784298897309 0.381501881375591 0.271644178044282
Isg20 2.90309012987439 0.895439308871962 0.937323588409064
Parp10 2.86455024863135 0.84572328680924 0.774875550771875
Ube2j1 2.86341261581438 0.459297153586366 0.757712832771487
Was 2.8382488436355 0.832475148414891 0.892590848655848
Pf4 2.82255273038707 0.851653239427299 0.836197089844432
Rbm5 2.80832391584337 0.219281521914066 0.168092224971603
Tnfsf13b 2.78213532997574 0.846982323854655 0.862148243072816
Tmc6 2.76552874569837 0.796788740934876 0.7598115818415
Hlx 2.75008277041546 0.852260139415917 0.858846149929325
Myc 2.74055578362494 0.775439909901412 0.836247106327214
Emp3 2.700120898411 0.861689839313305 0.847105022856915
Snap23 2.65539139941021 -0.169628127449454 -0.19177575788238
Zfpm1 2.62641201199215 0.216299456769037 0.182178148726666
Gatad2a 2.61648380301006 0.137364313142975 0.0713889753214941
Srpk3 2.61610688567457 0.573313544535714 0.304890720417605
Mpo 2.60583864878278 0.733133084905926 0.347062668353457
Zfp472 2.57473180803344 0.352985901457588 0.18965423247681
Map3k1 2.52364470568034 0.598781536148713 0.531909400950175
Sh3tc1 2.51461782151897 0.856687121524484 0.904030525397765
Eif3j1|Eif3j2 2.42468130599605 0.37628414869241 0.531891794326966
Il21r 2.40357342035266 0.932543458654434 0.940074712756564
Kansl1l 2.39491155503282 0.187445984803568 0.229572890505895
Gdi2 2.3760994811683 0.304181992778395 0.386049057781556
Bst2 2.34728849011127 0.848132366175811 0.834981756934496
Ehbp1l1 2.32150628246888 0.715674104182425 0.681865689216161
Gpr137b|Gpr137b-ps 2.30221793136344 0.228141469561036 0.183768522428427
Smpdl3b 2.01424605078068 0.502920040108604 0.547057710087703
