Olig1 9.27093767625715 0.405685899036616 0.776461144764042
Ugt8a 7.93316347772082 0.821081404004421 0.813174271842229
Mbp 7.78921895660925 0.763098027714357 0.819232194677574
Plp1 7.72921169628016 0.625570585804844 0.805286679492453
Cryab 7.72387429733884 0.590459661096626 0.853447976904885
Mal 7.64294989370491 0.865449907205103 0.904995313097888
Mog 7.28299202204269 0.87265702442823 0.841263977065496
Ppp1r14a 7.24922061094339 0.908264714872726 0.89966470054045
Tspan2 7.07149442482341 0.891356642417078 0.883776970377081
Cldn11 6.80140694841202 0.886258128034418 0.86320877856103
Gpr37 6.72917409021858 0.364871470895817 0.340074477451517
Sept4 6.6213866079766 0.617120854670361 0.764913253155426
Fabp7 6.59459796080014 0.145590993579046 0.176965330793772
Ndrg1 6.50487054201648 0.852184753644198 0.864184064658469
Mobp 6.25669903110643 0.867661484660229 0.797506296978817
Olig2 6.24838320436262 0.615794033371641 0.698161855023154
Gsn 6.22790281414438 0.59348516268988 0.666446424282181
S1pr5 6.2150056972241 0.897402504322396 0.855538181697172
Aspa 6.02543769483144 0.650068338850832 0.68417747258489
Sox2 5.77631546989943 0.167847472206672 0.256502273046404
Grb14 5.69282983951788 0.876887460695236 0.913553704359548
Efhd1 5.62210195097436 0.327837575361089 0.388459360248184
Evi2a 5.61512882445807 0.548291990955212 0.122083941499024
Clic4 5.60636140934232 0.313758692146067 0.517049759324162
Gja1 5.60550516568373 0.163621915572329 0.534972838500029
Pdlim2 5.60164836962469 0.779224365799156 0.744524284168248
Trim59 5.52189539799507 0.846316069174456 0.842587025520707
Ddc 5.43339693620635 0.858383508432891 0.83604810934524
Timp4 5.4048459627222 0.140721662710806 0.323149282830749
Trf 5.36422882735388 0.570681897873226 -0.0912677242073283
Adssl1 5.32678815261139 0.770949330901923 0.676174592070587
Ptgds 5.17481891579818 0.599182374651567 0.395925926064923
Anln 5.16100032265214 0.778041326357003 0.747972468558199
Slc44a1 5.13278390045276 0.711749689300669 0.821301697050406
Bcan 4.96971166679523 0.262809583459184 0.74587796908394
Pou3f1 4.9504352481672 0.892350145800091 0.879083249089807
Kcnj10 4.91762508754072 0.225499522628612 0.458807731675594
Itih3 4.91348944483031 0.192164762194879 0.183031662938551
Slc6a1 4.87168050679378 0.253208588276835 0.746777345010599
Rffl 4.8632979530088 0.5634041042193 -0.0512880321046809
Slain1 4.86302598558268 0.827027632247796 0.875158611967936
Cds2 4.80561356237036 0.258818649578813 0.219176504231932
Ddr1 4.77310165518442 0.289446497928886 0.323341249518361
Lrrn1 4.69729323402246 0.712400662317724 0.752118177077962
S100b 4.67255389698789 0.193422376573923 0.124959396958816
Scrg1 4.66298228176912 0.193411581623513 0.111733237102384
Cnn3 4.64283823378506 0.193882703486107 0.409700713238245
Gpm6b 4.60274178551733 0.191470894396902 0.32781385650888
Rcan2 4.60179843664037 0.436792893154994 0.657965504671376
Fa2h 4.57646227713447 0.755086460178874 0.68103075003251
Plpp3 4.55618358627848 0.277090629112571 0.811409116318443
Nkx6-2 4.52623412367879 0.790442984500288 0.738689353420186
Sox10 4.49346192002186 0.833326197009656 0.849138270207811
Mag 4.46570843957197 0.730607658807641 0.542118156611122
Carhsp1 4.46043984223991 0.497001449306192 0.585812836476302
Aldoc 4.41011701999426 0.154135533483104 0.520275377811629
S100a1 4.34108814370137 0.189360830563384 0.0430599170682172
Elovl7 4.31242810734836 0.699829440028631 0.625450245640949
Il33 4.3069642144043 0.00612454782376815 0.108539584370652
Idi1 4.30198834524723 0.19126670680382 0.00987942994435621
Gltp 4.29709672553237 0.677158126873576 0.83378201570028
Plekhb1 4.26961400468386 0.322787442429555 0.542035858310577
Nkx2-2 4.26597288053511 0.646944623267363 0.628127796461976
Pla2g16 4.23627182745858 0.500258003674267 0.554604684661062
Psat1 4.22791950948913 0.169038549392895 0.0988967160612217
Cnp 4.21570772126982 0.420645628705205 0.832398992012207
Htra1 4.17530568865793 0.139405940707675 0.336183008544582
Chn2 4.16344964875532 0.727597875192956 0.827283964776349
S100a16 4.15821941463011 0.226437697933887 0.146090766335559
Apod 4.15777359344947 0.65974355067161 0.60633824884296
S100a6 4.12769917095774 0.329654117491689 0.284979304560157
Gamt 4.12551617326023 0.768549810545434 0.725366004236085
Lims2 4.10650739800943 0.828894001091163 0.761499005695105
Tmem98 4.0961662552788 0.681488087355587 0.679330416811213
Asrgl1 4.09385271335685 0.192971391686336 0.287757514664353
Josd2 4.0693146383988 0.826086617035722 0.767260097492923
Rnd2 4.06831911889723 0.276963228220003 0.373584656723311
Tmem163 4.05412336790265 0.644213479754634 0.339632950521998
Gal3st1 4.01886248748233 0.798316442766419 0.701666441193248
Lpar1 4.00600707342432 0.803206802572222 0.759780280084237
Dbi 3.99667976251189 0.304321611649557 0.105053643489445
Pllp 3.99535174545533 0.843913679210769 0.80751333650634
Sgk1 3.97829634449887 0.507217787196746 0.244141776976519
Arl2bp 3.97443960044023 0.48324668731378 0.446147237289866
Scd1 3.95438520509438 0.177132800401861 0.363425028609129
Fermt2 3.90633939897125 0.250105623579577 0.811227120619852
Tmeff2 3.88962489353652 0.479425152721357 0.155450609708526
Rhpn2 3.87310111630345 0.363884815330159 0.366601028299514
Car2 3.85250352486041 0.135256428818972 0.0011712971800959
Qk 3.85174686714446 0.0815871060286259 -0.00590610433129682
Gpr37l1 3.7990282135672 0.217021203339087 0.701902485611933
Plekhh1 3.79115430897499 0.75807971346106 0.585794666954507
Id4 3.76920912729973 0.0854078124465012 0.204168786794948
Rell1 3.7560809699607 0.557377404154386 0.616848790631223
Gatm 3.72931947875181 0.5749765177648 0.627711817094832
Gpt2 3.70502148806581 0.107131073728366 0.154270668894739
Sh3gl3 3.70193339240711 0.545931659899551 0.796376810208315
Adamts4 3.70113591016782 0.682778896434746 0.489554421018114
Nkain1 3.68526899004693 0.735665645766916 0.681372363111314
Brca1 3.66448908282174 0.444589820061554 0.413008014900029
Slc12a2 3.65643948707877 0.476441156575989 -0.182803322205979
Dusp26 3.62993215015208 0.473962854697853 0.182730949658846
Tmeff1 3.62616802134709 0.60185494329354 0.604508904227311
Gab1 3.60150622971127 0.305803124363223 0.417306326483263
Phyhipl 3.59439673566868 0.22197824921071 0.100076732559874
Frmd4b 3.58807653259662 0.141933613576951 0.295133953264321
Pdgfra 3.57572336423672 0.31890193894259 0.11844955132188
Cd9 3.55500600537894 0.118344913780152 -0.20040857485584
Elovl1 3.52900333316135 0.415357478678213 0.268788881262009
Tnfaip6 3.50459780722567 0.563212040191892 0.443528880457223
Tmbim1 3.49934677194341 0.110605691254369 -0.0108646029168858
Ell2 3.48456253232066 0.655071587821239 0.740723877750557
Sgk2 3.44894220890943 0.690500282714464 0.461197634401309
Phldb1 3.44274210948384 0.754686681139945 0.697695471697657
Gng12 3.43803716956248 0.135485074143048 -0.00906727997896324
Gng11 3.43573829783199 0.787829856981535 0.752241318083578
Efs 3.41506699307379 0.210896127400016 0.0147712996578795
Fam63a 3.41132012450269 0.532262512685475 0.709641340345055
Bcat1 3.39905082341363 0.588166062870592 0.298343520338081
Gstm7 3.38541300200605 0.741334329434471 0.658287272669369
Hapln2 3.3525386345827 0.658983927738445 0.364898886584235
Ndrg2 3.35125746123073 0.133371473261224 0.417609279736421
Abhd4 3.34962478927238 0.301566400978856 0.367684264434088
Rhog 3.33715168130988 0.538517411943193 -0.0900373870533999
Fam102a 3.26115190461251 0.474721977669865 0.390990442002581
Csrp1 3.12482951648732 0.196045247397024 -0.0257095964613683
Gjb1 3.10578471425219 0.665709056045049 0.39743580549334
Gad1 3.0282391810968 0.131169622191319 -0.111897112751845
Syt11 3.02008469187387 0.115481088680245 -0.00972936213780938
Iah1 2.96722621555259 0.437415959629177 0.0565473436944168
Kazn 2.94144857131662 0.862736608361453 0.836657520285558
Ifit2 2.91984627456471 0.361486144888448 -0.0557875088099993
Myo1d 2.88959865359734 0.680897366388604 0.417284192309759
Cpox 2.68738648332471 0.775428167376557 0.685517122181355
Sh3rf1 2.66215442626106 0.491135812538538 0.456960817407381
Mtmr2 2.59254398597009 0.53071816464629 0.566619585653492
Card19 2.50320825587116 0.495635059489755 0.0569301534324058
Mcam 2.50257645369823 0.575277490859513 0.261860227880554
Pex5l 2.30327268136952 0.669016437572847 0.46597567976519
Bmp4 2.29268791246843 0.593087607192803 0.322725220233654
E2f5 2.28082996580582 0.116442130013709 -0.054067795928491
Ptp4a1 2.21123786751101 0.244152525765393 -0.087375657675317
3110009E18Rik 2.18490534335009 0.514219061028884 0.227342719180492
Uap1 2.17797685301716 0.261480293421716 -0.185404038978388
