209378
75541
12406
13527
56376
12444
20682
214359
21859
77559
27360
23972
29873
11639
107747
76187
67896
13998
104174
52538
102644
18028
19737
20652
17304
98660
12759
30956
11541
210126
13175
14184
53896
18679
20511
14182
58807
14813
70097
72014
16007
53412
107869
67122
13138
14633
29820
18508
16443
26362
17909
16779
13618
56448
97064
17920
18212
54403
16011
20971
30937
14366
13649
56741
13371
50781
55963
229534
27494
56188
14230
20512
12950
108052
14114
192216
76257
81879
11829
74519
14619
68385
58187
13123
20498
22329
83925
15483
13004
19125
12411
13731
22350
66873
57738
12830
14221
56473
18128
19038
234356
243914
57265
12494
18682
66277
58237
54326
16816
14623
16206
108686
22330
19283
50500
215819
57319
68607
18596
16404
20255
116701
81840
110078
98396
22339
232146
14560
14405
116847
329828
16008
11932
22421
27273
27226
216739
69239
12496
19013
13850
219151
170790
223254
75475
11761
14261
106648
13609
14756
64385
94180
69538
14066
17986
13602
18217
228357
