228790
11977
14595
11796
12259
12260
12363
20293
20296
20303
20308
56706
12774
12475
12508
12522
12524
12608
99100
60322
12984
13025
15945
66102
20310
13654
14127
14130
14131
20321
14538
73690
80910
15162
15216
15284
15894
15937
65972
70110
71586
16172
16175
16176
16190
16193
16391
57444
108829
21847
16822
16978
26410
17210
171531
208104
17534
69774
73656
68774
17869
17874
17969
17970
17972
18035
18037
80859
74091
233571
671535
547253
80285
18626
18793
56193
58801
19332
74760
19354
19697
74734
19766
24014
75234
12394
67742
18787
23921
20491
65221
67547
207818
170625
12702
20732
19073
20963
21817
24088
21899
170743
72512
21926
22019
20128
14605
12257
67951
22228
53376
22324
22695
