Sst 7.3906049009144 0.796912413323353 0.815379236094023
Slc32a1 6.90019783437223 0.711297833946464 0.699315612777826
Col19a1 6.21102614827934 0.904803245365713 0.88066158514297
Gria1 6.0601486436415 0.415578331726068 0.0734953766775515
Npy 5.88334922572588 0.795160415653072 0.819051240839836
Reln 5.64563930008751 0.772581953001748 0.774224251903555
Timp3 5.44694828799456 0.24056442535575 -0.0727266972251775
Dgkg 5.43316926629582 0.55002857157615 0.0211711645529878
Rgs8 5.34093653035192 0.758508160031952 0.85812860817798
Cntnap2 5.31130698912401 0.422113130901469 -0.202539242597922
Synpr 5.26254017974443 0.354985090154829 0.708304516983201
Moxd1 5.25178654398298 0.741299402528508 0.841477217108922
Rpp25 5.15085531825362 0.80425594430812 0.807246549254903
Lhx6 5.12818135626158 0.890390050823704 0.879904876841579
Gad1 5.04772190951888 0.229291302992983 0.273178415798941
Chga 5.02981841262373 0.615770556171702 0.736144620915644
Olfm3 4.9843336062095 0.719595303970126 0.697753105482812
Vstm2a 4.97628089332196 0.452373124125564 0.601560997318453
Rab3b 4.9164203698301 0.857567777049554 0.882791036741346
Meg3 4.90069150628883 0.374534083305843 0.70477804145012
Kcnc1 4.89092400849212 0.814693374329936 0.926254450635499
Pacsin1 4.87548986708527 0.576167659493755 0.470801538344789
Grik1 4.85950167174122 0.510723348740997 0.734852352412679
Resp18 4.83675768159877 0.535870051597042 0.307374525087653
Grpr 4.83057170772904 0.91208683400616 0.896166131781639
Ptprt 4.81999126014155 0.669478832439684 0.700272079722862
Scg2 4.78436645090758 0.443964662301224 0.0246893924195696
Dlx1as 4.72798226564495 0.755462997656203 0.747876318308539
Kcnmb2 4.72744304398366 0.897999835458937 0.905942405086459
Pnoc 4.70375985628957 0.907436984748634 0.828560408513799
Cacna2d2 4.69454411788992 0.653758221265224 0.829580070340207
Cdh13 4.68638257692764 0.81466781276219 0.840498029306432
Snhg11 4.59784486477439 0.385116950874177 0.503901780630006
Arx 4.58213570429101 0.447324208106287 0.538123832660562
C1qtnf4 4.52767877564196 0.435278784134484 0.554382285956539
Slc6a17 4.51691049838936 0.591604783766563 0.758745300900989
L1cam 4.49273027273435 0.507446802578994 0.302246395356347
Pvalb 4.4763720677033 0.731857448766549 0.724558149922978
Cacng2 4.47140269554629 0.825055948034451 0.871585834724122
Cdh8 4.40289752929645 0.467307486149206 -0.0607719060216228
Gad2 4.39831155723386 0.890705763937279 0.879913921593416
Tenm1 4.38833914223112 0.643116371149636 0.215650263671846
Lgals1 4.35638484004314 0.653795445139338 0.721957756234675
Slc8a1 4.32890325939454 0.70388868732534 0.753076364508307
Cacna2d3 4.32705806093418 0.429242463044729 0.416935159762022
Rgs10 4.30889071557421 0.607199745266644 0.90415573569861
Scn1a 4.2473122736938 0.385599943408536 0.575697884558804
Cygb 4.21784199892615 0.709010048638223 0.775942285690081
Cnnm1 4.19746969182584 0.547065849040175 0.717033018347995
Serpini1 4.17552342830578 0.462552230749308 0.678999037385937
Ly6h 4.14751345847951 0.389439888500991 0.0790769523099428
Hcn1 4.14202496997364 0.600256292478553 0.0998500973239547
Cort 4.10834815473207 0.864203387060637 0.734139550649036
Klf5 4.07922062506421 0.869662860336209 0.842361160285556
Ramp3 4.07895100892343 0.807220243674835 0.773953454147901
Ache 4.06783750385377 0.831856248014422 0.812202603795367
Stmn2 4.05236330632957 0.472064741810707 0.141532329876788
Gabra1 4.03279952850289 0.130222389235876 0.0229445419932845
Nrip3 4.01575664117683 0.537751968943872 0.710487723943823
Socs5 3.98527216922301 0.70761079293489 0.830013696170876
Flywch1 3.97793148616221 0.662354436527874 0.502008627997651
Gap43 3.95381744523861 0.308915559428878 0.473210329870339
Gp5 3.95242371597169 0.915645260152566 0.946757630465095
Pcdha10|Pcdha12|Pcdha4|Pcdha8|Pcdha2|Pcdhac1|Pcdha11|Pcdha7|Pcdha1|Pcdha6|Pcdha3|Pcdha5|Pcdhac2|Pcdha9 3.94139299649135 0.612450671659434 0.321756988083361
Elavl2 3.91581217349566 0.561344594027903 0.63892098745143
Tspan17 3.91118854696471 0.295950197210427 0.155302331896256
Syngr1 3.90871181886866 0.66706742746588 0.802748254805527
Igfbp4 3.85770071777205 0.659782270954373 0.612978924410545
Tenm4 3.84339885709397 0.372832665135552 0.0432963809275587
Kcnq2 3.83646331059896 0.200174914885322 0.459365311103368
Etl4 3.83051461518419 0.572099306051334 0.42472839945581
Nefh 3.82017136783299 0.653260265937983 0.778184793173161
Lynx1 3.76878165841673 0.733392512213138 0.847822351942241
Napb 3.75384644978342 0.268500411626446 0.515627100540961
Bcat1 3.71399884406693 0.213783682245029 0.714581351448221
Kcnh2 3.70723850691382 0.823081765708793 0.797600289648219
Ptprn 3.68456842591666 0.581540532645803 0.0532358150712544
Mapk8ip2 3.63921644778281 0.466532834603459 0.633946994270327
Cdh9 3.63286507660635 0.59231595364303 0.78329782424807
Clstn3 3.62529827960953 0.701578426166506 0.850838104765102
Ntm 3.6244417295616 0.132634202557709 0.788482592082969
Rph3a 3.61217385719357 0.589508131555013 0.664061713572097
Slc38a1 3.61091071795647 0.704162556856457 0.77357838368047
Pappa 3.60773547175702 0.875240380549641 0.822486924210148
Syn2 3.60559660685034 0.478443793950352 0.290558293844499
Myt1l 3.60559269420755 0.255959785653549 0.51476002677723
Sez6 3.59925268416468 0.668364593592398 0.560551364691167
Slc2a3 3.58524841559001 0.301109666699128 -0.112529642594961
Entpd4 3.57638837707449 0.657856519555488 0.836260519801313
3632451O06Rik 3.57620402786133 0.0836322841989833 0.134691641884656
Thy1 3.57041621108486 0.224406357664529 0.479147336066154
Grin1 3.56965104157584 0.494983861867023 0.476323472415254
Nxph1 3.56226642592275 0.654285213532176 0.484685001386734
Alk 3.56157438842125 0.744505763158471 0.685424391796504
Gria3 3.55863819615087 0.357489075245787 0.411801244108753
Camk1g 3.55382663427696 0.61244416923987 0.687305471914738
Nsf 3.54557126585262 0.356376812156616 -0.0589975276707373
Dpp6 3.54556291838911 0.383226312341317 0.544425355087161
Map1b 3.53034285064496 0.309253662702412 0.346788695810811
Chgb 3.49221245984637 0.2209461720085 0.24128740750861
Lpgat1 3.45398991364653 0.504115386533663 0.383676328560071
Chchd10 3.44058155019505 0.453488268677191 0.50067066729816
Clmp 3.4381743063533 0.806107700738178 0.769853246187167
Ckmt1 3.42930027872755 0.356625843516248 0.199098472057699
Nsg2 3.42762275207375 0.251253500338844 -0.116092592330673
Fhod3 3.42615907031433 0.469506213390917 0.350164863522417
Hs6st2 3.41806495747106 0.405004517324167 0.166447674329447
Cplx1 3.41551342176848 0.440749787865008 0.577037295941196
Nefl 3.39115160402171 0.157014296909143 0.439785502505577
Slc12a5 3.37286048571993 0.188028992143902 0.17243716368193
Neto1 3.37090193031349 0.273783017394192 0.316220649836653
Postn 3.36981650047673 0.80733647367853 0.659155309636472
Arl4c 3.36785883989248 0.534553698509346 0.0270934671610609
Spock1 3.351812971946 0.611579533725827 0.574999211751748
Dlx1 3.34456519970061 0.721022113125861 0.671984766145768
Fkbp1b 3.34071740927928 0.449160086178692 -0.116830115474308
Gpr83 3.33294978190689 0.769933211278444 0.767296264797449
Uchl1 3.32395972204379 0.361211304874736 0.297601910153858
Slc27a2 3.30054134433257 0.717432848016784 0.66806268720512
Gna14 3.25357963230618 0.931784956105188 0.910007685587194
Nnmt 3.04738402423547 0.871984307427808 0.823749536772041
Il34 3.01827105521823 0.815866482846712 0.673899135539982
Pcsk1 3.01407206606395 0.720910870731746 0.374017258375525
Pcdh18 2.96485112541394 0.785351985894833 0.809007422550593
Pcp4l1 2.87793911250168 0.742181921791572 0.632151448915682
Cidea 2.87761872037173 0.548195472118517 0.317588812844842
Cacna1a 2.70079569004342 0.617095206442618 0.618146951781854
Slc1a6 2.67495260456295 0.814721215004431 0.863650601624394
Akap12 2.61725531799904 0.63893627945539 0.524960559712353
Ercc8 2.4695076121337 0.556796865523753 0.455606545145299
Rgs11 2.36339977318874 0.64285201631203 -0.133463601639624
Dusp10 2.2639267770311 0.117669131654218 -0.147886648625002
Grm1 2.24717178510125 0.731793734846192 0.557190976508987
Cyp2s1 2.22051124083265 0.733000403675727 0.77707037717291
Ush2a 2.17174883645452 0.656473654585456 0.708576448290232
