C1qb 9.44489526985825 0.749489141485905 0.826100809455668
Ccl3 8.58893486538011 0.911557929138076 0.874965583428724
Laptm5 8.53499660370455 0.682874115253415 0.791381444913591
Socs3 8.51371778640184 0.618662123024689 0.807427989730807
S100a8 8.35180380718307 0.976290889327187 0.964670145883132
Ctss 8.12805312123733 0.696767070787595 0.783790355135232
Gpr34 8.01898238298112 0.95545961734436 0.94898039756534
Atf3 7.82197793021057 0.781893840768136 0.830764007673631
Ptprc 7.81277099105336 0.923244372311855 0.849295083018417
C1qc 7.77994670550732 0.879118364938297 0.855340219989704
Rnase4 7.67844751862559 0.913045883388271 0.893021472431678
Fermt3 7.64780179585442 0.877104287790947 0.897026946144149
Fcgr3 7.63019079171811 0.925682269834188 0.920256426963961
Fcgr1 7.62178365825898 0.916924367480028 0.879315103712133
Vsir 7.5536206515008 0.719560093068575 0.817506829988976
Lcp1 7.53183422192042 0.776514446161345 0.822778027882635
Lcn2 7.50743061595617 0.944905749874668 0.907870360042973
Evi2a 7.49925191852211 0.149659646264976 0.122083941499024
Lyz1 7.48952657570089 0.87151319031109 0.879329096242757
Tmem119 7.41737406752449 0.906447365636159 0.914693160934049
P2ry12 7.36621564367588 0.889078372874587 0.86236366443333
Klf2 7.30099612165874 0.818904001086357 0.769704468031332
Ccr5 7.29794845595261 0.957920635130088 0.963737816425011
Fcrls 7.28241215628222 0.903650281788013 0.901294879187313
Klf4 7.27962861502743 0.41162301976351 0.629645760718684
Cfh 7.26683835683582 0.956962838013339 0.954176865101494
Hpgd 7.24147575863261 0.859648724489125 0.902267801883563
S100a9 7.23114139612438 0.941162692259053 0.919272428225159
Ptpn6 7.19670670758247 0.968815199574226 0.97023851071766
Itgb2 7.18093444455069 0.951134250486323 0.940209250733343
Cd53 7.1749498438214 0.943183092017623 0.927557102487486
Anxa3 7.17196119994346 0.919601377854003 0.918522151461646
Chil3 7.15666771280234 0.946692470061485 0.89078592235236
Ctsh 7.13963835191267 0.928256757532267 0.921913629698908
Il10ra 7.12602802230036 0.961093732423634 0.967707601963494
Cx3cr1 7.12575447163582 0.897341613459762 0.87514207145877
Cd68 7.11862140498608 0.905594738838472 0.909257485654606
Ly86 7.05979490083838 0.870089406821625 0.907458534390297
Il6ra 7.05930486820482 0.944730086415561 0.959012491436267
P2ry6 7.02495730338075 0.951219897628002 0.958511022840041
Olfml3 7.02110975969492 0.945639881497193 0.955929543315082
Pnp|Pnp2 6.99783827192003 0.253375401620795 0.716726873651538
Xist 6.99444565157239 0.110601432432067 0.043416087245151
Irf8 6.98921321449408 0.936704746737083 0.931962833737715
Naip5 6.96520959902592 0.966395899469463 0.974637564279688
Srgn 6.93896062423328 0.885521681499006 0.877964467546199
Icam1 6.93064989308341 0.911559311450512 0.889225151475047
Ms4a6d 6.92154485419344 0.964064315040335 0.965321514023132
C1qa 6.9196275441003 0.865777306567487 0.851564118343956
Hba-a1|Hba-a2 6.87103856666301 0.800788565558532 0.79997090141383
Mpeg1 6.8375463802786 0.892155607078414 0.883361856541138
Ptgs1 6.8126066672491 0.620865815184513 0.5355030866188
Cxcl2 6.77608816975425 0.922307950612964 0.887336454289424
Bcl2a1a|Bcl2a1b|Bcl2a1d 6.77358185303511 0.926307488196943 0.929832928960105
Ccl9 6.77322822464665 0.943308736653008 0.928426291895579
Ngp 6.77224944490595 0.905363861830607 0.914009142670927
Fcgr2b 6.73987929777973 0.925717804963061 0.919765492348864
Adgre1 6.70496656963095 0.916760089649454 0.90924329915282
Plek 6.70418251114861 0.910245610845643 0.914335684288107
Adcy7 6.70168162675738 0.889083525281206 0.922205931034976
Nfkbiz 6.6977287801045 0.673753796045124 0.868946319052621
Hck 6.67654221790322 0.926434083020142 0.936215350551696
Cd86 6.67165480296365 0.961549328286084 0.955705564975573
Aif1 6.63544885585829 0.947010135400085 0.956647663281722
Tyrobp 6.61493659192075 0.885202761800248 0.892391677983416
Txnip 6.59491822506092 0.578395301229662 0.534275457018026
Rgs1 6.59001018789902 0.928582322608981 0.913704339101885
H2-T23|H2-T-ps 6.55513933970221 0.787879191934997 0.822586914576969
Tm6sf1 6.54762890384968 0.815727737965062 0.883178529076906
Cyba 6.54075096689279 0.827288828103014 0.836618912110019
Vav1 6.5363327174186 0.968025933368278 0.964785272575621
Camp 6.53565586485069 0.936874643247099 0.884453425909661
Itgb5 6.52601100154471 0.470820851293354 0.83172489091188
Ccl4 6.50009613141253 0.883445281227222 0.923551549130329
Pld4 6.47883777524245 0.93862198713494 0.931290358088142
Syngr2 6.46111770506272 0.414998036467251 0.678299428842201
Havcr2 6.45988964057437 0.958450841872609 0.955052914120282
Cd14 6.45944236505588 0.897072915072523 0.895169706719293
Gusb 6.42082879427129 0.583879187060601 0.783418768187215
Ier2 6.40489524497504 0.704922541176666 0.761547761270482
Pycard 6.39892860617562 0.881659778417233 0.909516575575799
Fli1 6.36426161478161 0.967841285648226 0.966257200400884
Tgfbr2 6.35931883193476 0.888541747298664 0.907203589929829
Tlr2 6.33169462440422 0.947381100238412 0.961962616695745
Sla 6.30715451554431 0.904466457002533 0.917693825895036
Il1a 6.30045707569996 0.940641083827491 0.922041603079999
Ms4a6b 6.30030085562672 0.952864917248693 0.940866532486188
Mertk 6.27162244311921 0.275981967661626 0.023616097947432
Naip2 6.26692597140188 0.963054916222791 0.961344227740942
Fcer1g 6.24245078486236 0.909486933614575 0.933923638064222
Nrros 6.22364458040236 0.768059711151567 0.791824786290472
Pmp22 6.20862105390575 0.0379770400715945 0.0997175273333405
Zfhx3 6.20815952082516 0.847265011050169 0.864481035696597
Ggta1 6.20516364791506 0.772308465253132 0.741996856720129
Slc15a3 6.1958884311195 0.943943443850416 0.934309287413246
C3ar1 6.19582952136747 0.895340177435628 0.938457547750179
Gpr84 6.19582894761701 0.927297709954021 0.946062028391353
Fosb 6.17491327632225 0.610040873291103 0.716156298176386
Ttr 6.15459052167918 0.365059197549991 0.316585366486108
H2-Aa 6.10904519703356 0.902140237747536 0.887851338957158
Ier3 6.09781742471015 0.889289048490341 0.892263843568038
Tlr7 6.08995737386152 0.942486171886254 0.96331730323523
Ccl12 6.082348987606 0.961344011544106 0.959443366840621
Cd83 6.07153330560479 0.832323485964732 0.897076184323532
Selplg 6.06196038014186 0.885379319276069 0.916297976204716
Alox5ap 6.03470652979249 0.908198367918231 0.942507627947727
Lpxn 6.0280085288283 0.945180575375681 0.957658152792717
Zfp36 5.99863991531467 0.757870403067406 0.794312073401642
Spata13 5.99045499582482 0.525653492767994 0.841974331327327
F11r 5.986193549007 0.934908863101997 0.954226494950616
Edem1 5.97270693474816 0.737659480185747 0.767825289755816
Rgs10 5.97030024167728 0.704013440093827 0.929941789254349
Ankrd44 5.9580626809433 0.665761245013358 0.77415610152197
Blnk 5.94863713862093 0.881733159379307 0.909217094193081
Arap3 5.93939441293698 0.941884699331692 0.927776511211137
Pik3cg 5.88593959040176 0.966181849488164 0.955930249476789
Klf6 5.88048108365172 0.798284208983359 0.853272549475506
Rassf5 5.86191028237722 0.872599901847072 0.889229990517197
Ccl6 5.8431892895952 0.934491102722873 0.926396359650308
St3gal6 5.83239596202257 0.830418956807198 0.792268323049702
Slc40a1 5.83188965195438 0.874261365588425 0.899345786037857
Lcp2 5.82159018071834 0.952677314336552 0.958516202649754
Ctla2b 5.79035844327411 0.942989061264695 0.919468142923761
Fyb 5.78326611499672 0.944742982430847 0.942116486335274
Ugt1a2|Ugt1a7c|Ugt1a6b|Ugt1a6a|Ugt1a9|Ugt1a1|Ugt1a10|Ugt1a5 5.76462959396667 0.702518329987394 0.856133470982493
Lyz2|Lyz1 5.76313228931898 0.920445465533537 0.938923292459465
Slc11a1 5.76149895880894 0.901372030739158 0.944583609034339
Zfp36l2 5.7589530127679 0.103391901592662 -0.0438182143146671
Csf1r 5.7545162593072 0.641264619001805 0.660138098370364
Egr2 5.74606967625039 0.809648536319866 0.844803744629437
Inpp5d 5.73810187705322 0.908737549659753 0.937033519358415
Tnfaip8 5.72738801006113 0.0754989080798622 -0.0685184420173606
Tnfrsf1b 5.72176505029116 0.931438730663276 0.939421517035298
Capn3 5.71941860505197 0.804396953007357 0.909850885967263
Pros1 5.71678743363494 0.770820517579776 0.914430728907859
Trf 5.71389805545952 0.0832820763161055 -0.0912677242073283
Crybb1 5.71165230122355 0.925810571306956 0.926819389249503
Rhoh 5.71133130574439 0.933061229656531 0.92497550557464
Stab1 5.70555002174436 0.952650127580778 0.935222017143072
Rcsd1 5.68927713838467 0.928104043605863 0.956515328757654
Tsc22d3 5.68881275340576 0.572406327799382 0.687128799337793
Ncf4 5.6860896678357 0.953110472347297 0.93930288426388
Hba-a2|Hba-a1 5.67535708060578 0.700321002390379 0.649868222038167
Cttnbp2nl 5.67020187991325 0.851504339503444 0.923921964686593
Akna 5.66226869710123 0.818120129308598 0.909971376627676
Lair1 5.65456183918813 0.888162709361168 0.893433065299134
Hspa1b 5.64671905549632 0.317116518480661 0.451331534203058
Tgfbi 5.64412458495045 0.749776027407497 0.774589280932775
Slc7a7 5.64336227534105 0.936483071610513 0.928267391610327
Slc16a6 5.61029658545376 0.882141404596122 0.856063938902067
Fgd2 5.58868360278422 0.927430216039553 0.924676847540034
1700017B05Rik 5.57422639309736 0.838955193226794 0.887403466603492
Junb 5.5702265653579 0.607769635926661 0.710290375201287
Stat6 5.56692004442793 0.92165231088533 0.944493126256578
Rab20 5.55033055368972 0.846377992886882 0.822872062649342
Tlr1 5.52957997135834 0.953866500716545 0.942935206661479
Dapp1 5.52955098629696 0.651313274475866 0.731428075918814
Zfp36l1 5.52865316896603 0.140841550264283 0.319838572169749
Cd48 5.50972269672628 0.957130430092942 0.960329830368917
Ctsz 5.49702056901933 0.628316368234383 0.828783034372294
Tgfbr1 5.48949011955742 0.770204839482817 0.896047347290099
Alas2 5.47994681148538 0.919754966317602 0.924192310723296
Pnp 5.47925690359507 0.236142392159077 0.710310418535471
Tgm2 5.47437015968204 0.698986856839304 0.714403151956205
Map3k8 5.46381765087946 0.942653881171632 0.944719361425179
Hk2 5.46376627641335 0.849000306030621 0.867128635757137
Sat1 5.44020915808428 0.0925424744230031 0.00482646491164861
Hfe 5.43498218640859 0.886896116637937 0.898614420527642
Clec4a2 5.4296636744531 0.953417159622007 0.939740512581498
H2-K1|H2-Q9|H2-Q7 5.40515305259847 0.900564474774093 0.838745867564463
0610040J01Rik 5.39988075644199 0.422055111795454 0.417867811944527
Ccrl2 5.39844131308105 0.910349861945406 0.894693179100734
Il13ra1 5.37065441941557 0.829868872581193 0.850783450401933
Nckap1l 5.35249709717472 0.901735307262303 0.918690107442541
Ncf2 5.34295114105238 0.868686048550652 0.821452301139409
Ets1 5.30030287705535 0.794083179501273 0.798717657551142
Cd34 5.29852617064141 0.741954808997795 0.772608808762342
Entpd1 5.29636455968221 0.901838081238089 0.928738940969013
Cklf 5.29262105283509 0.51376120182929 0.748346411462709
Cysltr1 5.28591409297462 0.942373420060052 0.961869507826943
Mafb 5.26294011424459 0.872348900202852 0.947652022669931
Chil3|Chil4 5.25902682856276 0.926994699972699 0.873544885669927
Pon2 5.25652226300562 -0.214579484134377 0.411683276584525
Ltf 5.22365945228848 0.797488781768235 0.752584011727949
Clic1 5.21745412935625 0.814020735148845 0.837285239945289
Adap2 5.20888047750636 0.934673290069487 0.952659674401075
Casp4 5.18741819925627 0.923274660089122 0.950446009074348
Sash3 5.17417887371663 0.858384603489749 0.941106729648135
Grn 5.17124480420728 0.738942255273497 0.873541286168392
Hbb-b1|Hbb-b2|Hbb-bs|Hbb-bt 5.15286518043296 0.798930643718516 0.702867895205896
Tlr4 5.1385093259439 0.89270731813389 0.88805775171893
Fam91a1 5.12938705728826 0.589704031589657 0.811482767053297
Rps6ka1 5.11452350580176 0.827495826828159 0.846764575512035
Ctsc 5.10896018844419 0.495967318235638 0.741998073095641
Serpine1 5.10062797801216 0.90120905514283 0.888058251316933
Fam105a 5.09557875003851 0.823723341771501 0.890103540087396
Stk17b 5.08759517863421 0.191618164658419 -0.0324488707098534
Hba-a2|Hba-a1 5.07592891275332 0.696555541091331 0.646530526782013
Ifi30 5.07549062525342 0.895416065340028 0.92928259136678
H2-L|H2-D1 5.06784861628414 0.750935896378706 0.707632400494705
H2-D1|H2-L 5.06745247850897 0.841305858023417 0.767627423690294
H2-D1|H2-L 5.04915633519592 0.76341101061733 0.713311983683372
Frrs1 5.04630550544984 0.74222899825506 0.862983752650528
Xlr4b|Xlr4a|Xlr4c 5.04217110061381 0.805097007142642 0.518942536464094
H2-D1|H2-L 5.02515433928876 0.842681916551078 0.758288455248064
Themis2 5.0100160529787 0.933635179284072 0.934169189743477
Glul 5.00741589938428 -0.148400299644536 0.48517509232173
Snx5 4.98713290614403 0.769920499164784 0.893627169134587
Tnfaip2 4.98399779283336 0.845295648372354 0.877782533188518
Cd9 4.97166495687642 -0.240043318045683 -0.20040857485584
Clcf1 4.97093129578621 0.951154874176106 0.936404110331846
Csf3r 4.96986238034844 0.864250884347913 0.930199827327352
Arhgap45 4.96690994186242 0.914870639139577 0.928656200935983
Anxa1 4.96434936481784 0.893070208135028 0.84542318613095
Cmtm7 4.96406815084186 0.893436785208354 0.915946067026645
Arpc1b 4.94980801938096 0.397188678942174 0.110343180367653
B2m 4.94961049003111 0.714085896711587 0.715383388366999
Pmepa1 4.94589546693032 0.659882472768047 0.829653595535339
Sgk1 4.93872281686992 0.19042206866016 0.244141776976519
Casp8 4.93805030985813 0.953155623381749 0.949539444020823
Tpp2 4.92245599545741 0.714933371263633 0.733521750385064
Trem2 4.91007423597615 0.906228563142048 0.914914792535201
Cd300a 4.89056699691949 0.913904494227434 0.920404722199852
Pon3 4.88780334400108 0.935566745425805 0.921251022146291
Il16 4.87676949240978 0.876372422514949 0.935695142808542
Ppp1r15a 4.84993718540888 0.773679888064759 0.770078535783624
Itpr2 4.84769901358183 0.0426673156483824 0.125989773983375
Cd37 4.84730898291663 0.875229577994123 0.918897630505711
Elk3 4.84446484493079 0.779596133381009 0.777284563967688
Abhd15 4.83934201094283 0.89653094036193 0.876915506190415
Dusp6 4.83791016984615 0.446181979658065 0.594778117435366
Spint1 4.81973073200612 0.909434888976805 0.942097722635002
Arrb2 4.81593461930558 0.875053678856827 0.860645100718264
H2-K1 4.80071460796362 0.6465003531844 0.570739190218655
Hexb 4.79422580089785 0.750934088958309 0.790727990428026
Lyl1 4.79252322301005 0.925486330445352 0.939056050124243
Fes 4.78119692642179 0.93068554607011 0.931546616002212
Rrad 4.77503127646386 0.908068834642389 0.86876722337327
Cd300c2 4.76373937187423 0.895791085090718 0.942067633982455
Irf5 4.75696900459036 0.898277507611903 0.920430846265262
Sipa1 4.75255351638428 0.917170089436947 0.937827274659314
Lyn 4.74568257914171 0.857756764481077 0.909386164596415
Pdgfb 4.73504743250547 0.856807701052838 0.898067892176547
Csf2rb2 4.73223123480793 0.942177926033187 0.943798146351722
Pla2g4a 4.72385813975006 0.420686964228782 0.265785279023491
Adamts1 4.72107713428773 0.50285792453934 0.775585128551753
Nfe2l2 4.72065174636031 0.343235876327082 0.452443442925438
Hhex 4.7105659085027 0.933991226148249 0.91008288393405
Birc3 4.70937175319396 0.920889075428584 0.93490512237169
Msn 4.70783567309661 0.688525581432563 0.802729585447551
Il10rb 4.70439541503529 0.809157297884356 0.866573122588682
Plxdc2 4.69221955622093 0.669674086174118 0.681115839391099
Trim30a 4.68558284160159 0.939196060305064 0.912873254922817
Afp 4.68398990205377 0.950859587834147 0.930541586075498
Btg2 4.68236212158866 0.554492745320587 0.301508566656002
Hvcn1 4.68204450704036 0.942011195502497 0.950073524227792
Vwa5a 4.67682763125283 0.516104056442057 0.68249470895965
Ppfia4 4.67444591679139 0.897948888028666 0.942205090263253
H2-Q7|H2-Q9 4.66429512749221 0.809945074392411 0.68841466127215
Srsf7 4.63960404341599 0.66735555220443 0.668273534190973
Klk8 4.63161214722197 0.829753531422429 0.941689548991616
Unc93b1 4.6308464066938 0.890663664862063 0.888484110420343
Rnf19b 4.62565928141297 0.877475020694023 0.874358931625926
Syk 4.61801883906252 0.820664490716596 0.916557463296523
Litaf 4.61661972723101 0.126396882513016 0.443693772192225
Trim47 4.61078757047486 0.866956906941894 0.932162155501116
Prkcd 4.60941053289258 0.603718311602732 0.688797133000079
Sparc 4.59085365921456 0.427710164616552 0.570662457871484
Plk3 4.57589282398271 0.46477500770567 0.315143668563012
Pla2g15 4.57585773919288 0.829872305970268 0.901049698196461
Ostf1 4.57485791643889 0.221905841702877 0.0640512542726374
Igsf6 4.57200670570162 0.952729076590526 0.939493552641596
Vamp8 4.56872643307076 0.633371485901204 0.723031421900338
Pnpla7 4.56558011717813 0.325541074921324 0.454028729854378
Lrmp 4.56186501510007 0.952593979183442 0.913417666681247
Slamf9 4.55257001850451 0.847919990587351 0.901561068996134
Cxcl10 4.55005519212278 0.849959940649378 0.698499428715145
Siglecf 4.54583611240952 0.963713760543287 0.959587865012287
Ehd4 4.54562358726813 0.832509021157624 0.916720750620507
Itga6 4.53845794098394 0.233815153406241 -0.12839271730186
Ang 4.53843611959357 0.959079647026 0.929836401745403
Pald1 4.51487379489144 0.887185285010081 0.919569090546836
Plxdc1 4.51446897043336 0.770703046178696 0.772160971989998
Samsn1 4.51371786239399 0.940568891718198 0.926033407213289
Ifngr1 4.51064109891703 0.827700967880456 0.85916680571495
Tmed5 4.50643508741191 0.307938961563839 0.28474799051526
Trim12a 4.48987634318168 0.946303581856728 0.914279269347557
Cmtm3 4.48406039966171 0.166698508932852 0.360412130372395
Il6 4.47667240169728 0.927485870471801 0.870682946136026
Elf1 4.47178892339264 0.531021866117244 0.647953626575814
Zfx|Zfa-ps 4.4709432121181 0.774584470630264 0.79178098052844
Sgpl1 4.47092663960853 0.373266057779708 0.674196841431123
Abca1 4.46996484587812 0.211221490294765 0.131832799862662
H2-DMa 4.46685346585931 0.865993106607891 0.846445969630432
Cyp4v3 4.46611528804416 0.34117458494638 0.610527089597412
Tcn2 4.46280510514131 0.585883845762562 0.817475256532993
Gas5 4.45880604589051 0.392208836399293 0.579234766118862
Arhgdib 4.45367057525281 0.79777764195843 0.829084884952791
Parp12 4.43957847780225 0.329589157243818 0.422840760864534
Tmem173 4.43471489126065 0.830343229983191 0.908509906402136
Pfkfb3 4.43375398762859 0.405047230071568 0.708186487593379
Sh3glb1 4.43160922062366 0.57743579795683 0.800838556049869
Dusp1 4.43103440119513 0.318333215415826 0.348690815171587
Tcirg1 4.4289847340176 0.708319200517687 0.753380931164687
Npl 4.42475359512185 0.562514324233371 0.699653960707303
Gem 4.42168965564562 0.318361896989564 -0.0434942884069334
Lrrfip1 4.42154012956173 0.709354980576014 0.768529682154086
Cebpb 4.41867598858948 0.795840516436708 0.861589666840522
Lmo2 4.41816411190108 0.744345109773158 0.845521615014846
Mylip 4.41183599694056 0.661230513022064 0.845074013968499
Scarb2 4.39778957737916 0.129979363738087 0.159634584189822
Serpinf1 4.39515704565418 0.483226398929016 0.109349044563373
H2-M3 4.38786691638096 0.776064544525134 0.876448767641706
Tmcc3 4.37530153116065 0.614651737257681 0.532731528637081
Spi1 4.36697380012216 0.926346590964188 0.914256447245679
Runx1 4.36641549540132 0.951169156559084 0.924933705318561
Ctc1 4.3649066738251 0.916467179112146 0.922223630555369
Rap1b 4.3543008805048 0.555496571819144 0.656309212505473
Mavs 4.3527166844399 0.0597447073081915 0.325576224499531
Ceacam2|Ceacam1 4.33090871593714 0.903870922039549 0.870997407049921
Mlph 4.32607666638448 0.909219363094615 0.890978191087726
Slc39a8 4.31625290286246 0.763489519225185 0.764399149766711
Tec 4.31217087950816 0.899649718640429 0.934311938432751
Chst7 4.30582968082009 0.650346431875104 0.649147471830705
Il7r 4.30566373096298 0.884211744041489 0.911736748442457
Dhrs3 4.30103932226692 0.43210070038286 0.359647258867642
Sh2b2 4.29324570830346 0.852571545522214 0.834331520421962
Trim25 4.28517174222348 0.206511626307923 0.11780542760358
Tifa 4.28474688837263 0.657220877119438 0.842102642979991
Nfkbia 4.2775920549185 0.602340377055421 0.740459639088568
Tapbp 4.27415808836113 0.668433225945859 0.607540332355504
Cd52 4.27215012011476 0.924520880254905 0.901664062342892
Epb41l2 4.25979880805631 0.255295695950818 0.635034312601949
Mfng 4.25744301224194 0.799514791910951 0.852414275989835
Ccl2 4.25691083901988 0.920192453219344 0.916353476454943
Abcc3 4.25378815899045 0.89186472010465 0.9259098861709
H2-K1|H2-D1 4.24892837476407 0.617013645660223 0.538659872599817
Rbm39 4.24816414448224 0.602521199954043 0.627989196309652
Asph 4.24791000570094 0.282422798898284 0.204044268100301
Lgmn 4.24313112079966 0.67879828529351 0.754817110237683
Rel 4.24110823731682 0.884748717682554 0.864094828906548
Casp1 4.24058270990548 0.883469296525708 0.894653700907065
Gpsm3 4.23323992822781 0.934015870397654 0.926328927798032
Tubb6 4.23128880048819 0.867785893759522 0.91840370374215
Lrrk1 4.22173067202366 0.908382866260154 0.855122280534779
Lgals9 4.19412060164156 0.917389774440569 0.911484651913775
Lilr4b|Lilrb4a 4.19315079327441 0.913045430843339 0.869716312668939
Galnt4 4.18983040458832 0.129241899744724 -0.0862625467877269
Serinc3 4.18970009263427 0.847644629198207 0.822852265229638
Hpgds 4.17985660237244 0.907471505060577 0.9141107242518
Cables1 4.16873253170066 0.327523574043032 0.569692128875427
Pdlim4 4.16692520290086 0.0839701046041783 -0.107626616301089
Mir692-3|Mir692-2|Ftl1 4.16315832178401 0.486138767385337 0.385322128414015
Sqrdl 4.15959019841695 0.655151476052126 0.782947583720519
Cxcl16 4.15690668210821 0.94396521904582 0.931318901768526
Nupr1 4.15352795120895 0.36362996365294 0.301691396351225
Ly96 4.148586581359 0.862338911044572 0.871036695931788
Parvg 4.12227140491267 0.874531593997973 0.899544303437457
Rgs19 4.121683783004 0.578075264135509 0.625340563496616
Hcls1 4.11090523710148 0.944140153438929 0.92983980585375
Clec7a 4.09290687451319 0.837431758987231 0.884334628945732
Gab1 4.09052854743574 -0.300592050687435 -0.130451116307365
Scamp2 4.0884147935387 0.616117936992678 0.7155737725286
Uba7 4.07866664268163 0.921014603046787 0.915988327547634
Tlr3 4.07550615749833 0.185421706891177 0.833020662009717
Prkd3 4.05752978740321 -0.301929127910733 -0.155987928564746
Ier5 4.05572221186442 0.743401114185134 0.835056486466901
Mrc1 4.05182977127997 0.876798832272724 0.839246715464288
Pag1 4.04732654723158 0.461697976629094 0.83022630472362
Adrb2 4.04716988955259 0.958615811134985 0.93362743252451
Herpud1 4.04477132446654 0.836751620020155 0.908430030194902
Notch2 4.04152654497967 0.0505070206825277 -0.0435635125582493
Fcrl1 4.03808232199662 0.930690365230352 0.945223816298188
Slc29a3 4.03569815423676 0.501162825949526 0.543906506479103
Pmaip1 4.03547546346755 0.940301805731486 0.922962302276302
Mcm3 4.0318585483718 0.696528262344817 0.722837886467348
Kctd12 4.02721630804123 0.649418487527235 0.784972493366985
Cd33 4.02659708377685 0.872913119204928 0.911504250959283
Mlxipl 4.02160052889679 0.782159202069675 0.80998248586174
Myd88 4.02049887121627 0.893976904092549 0.871891643736052
Tmem176b 4.01003703111504 0.0154443694163562 0.185766591897382
Cd177 3.99736285294651 0.898010078886978 0.849919629680675
Zfp90 3.99677845779866 0.85162951810037 0.891339703736435
Mcl1 3.9953757911112 0.732625316579638 0.844839258880907
Btk 3.98865985150736 0.856607411804363 0.834883382942384
Jun 3.98812195176625 0.363919638271889 0.404707302879475
Nmi 3.97833495371204 0.414758062617215 0.663747684754924
Ptpn18 3.97078546767951 0.874066673575412 0.903847042078537
Slc15a4 3.97061703987454 0.576524965665857 0.687743684855815
Slc25a37 3.95621863004472 0.809777611775936 0.755241069273192
Arsg 3.94740513048357 0.123773998729741 -0.13508894310526
Adam17 3.94735696034035 0.209609077605949 0.503480885923154
Ugt1a1|Ugt1a10|Ugt1a5|Ugt1a6b|Ugt1a2|Ugt1a9|Ugt1a7c|Ugt1a6a 3.94648250098104 0.67667390313999 0.669671935068351
Sult1a1 3.94260553487819 0.447289773198653 0.148153281074568
Lrba 3.93151000739683 0.764987182808189 0.878526198628715
Myo1g 3.93135119639302 0.880077125063058 0.830747748728504
Gna15 3.92929261930973 0.913981121353819 0.933370653345899
Pld1 3.92627116715212 0.642232760247261 0.794462402615765
Arhgap17 3.92266483895432 0.744326116208902 0.814221950493466
Parp14 3.92205704050121 0.878722418724958 0.814433333465474
Tmem140 3.92113618095669 0.949907129990411 0.949944003302915
Lag3 3.91879083257945 0.885769620205137 0.898131014927263
Golm1 3.91718198938614 0.558851129719351 0.899899813561782
Gmip 3.91482919126567 0.891694182057566 0.918274678529646
Naalad2 3.91084733258484 0.847452881315716 0.795348347335113
Plekho1 3.90756209576674 0.744172289585152 0.788066034580518
Cep152 3.90755266105955 0.856580069410699 0.817184412170687
Ceacam2|Ceacam1 3.90637109738066 0.856582143442025 0.85413626420427
B4galt1 3.90621546371935 0.812811271748287 0.891830201066889
Npc2 3.89935635487907 -0.125303841003655 0.186009574376278
Gcnt1 3.89741434934438 0.943262144517508 0.900147744878918
Rgs2 3.89274077778761 0.738193487361881 0.800746784040893
Trim30d|Trim30e-ps1|Trim30a 3.89068688823176 0.841194114042467 0.865073944632369
Rab3il1 3.89042701889591 0.877834467222371 0.927793899929495
Phyhd1 3.88995959581215 0.728501301851257 0.722037066712868
Vamp3 3.88137161428598 -0.147704349812788 -0.0087334808459183
Plxnb2 3.87736062977162 0.504050262335586 0.702560125132365
Trpv2 3.87696983172045 0.818362565578559 0.881384526871636
Rcan1 3.87595344132252 0.794954804813329 0.782738548706467
Pygl 3.86917718123908 0.445302260311053 0.271644178044282
Gimap6 3.86769689257237 0.917357440890394 0.928524486000664
Mthfsl|Mthfs 3.86606814400861 0.309861684637402 0.598019758246297
Tmem176a 3.86497475225267 0.149447876031302 0.146756297097563
Wipf1 3.85966265410353 -0.0277011671625648 -0.189270711817176
Fam111a 3.84862566672034 0.783542829598318 0.698672050537225
Ssfa2 3.84444211427106 0.091148224842476 0.159445505663991
Arhgap4 3.84257057091141 0.904688663051157 0.897486864534084
Rffl 3.83922124227519 -0.0778115116446477 -0.0512880321046809
Rnasel 3.83808856166866 0.885293083895676 0.887515924830015
Lpcat3 3.83705632356127 0.235154260133608 0.368487033446007
Rp2 3.8327007187864 0.84196153515502 0.820189718788966
Ugt1a2|Ugt1a9|Ugt1a10|Ugt1a1|Ugt1a6b|Ugt1a5|Ugt1a7c|Ugt1a6a 3.83229891712088 0.871585806822917 0.921197488682175
Acss1 3.82378504562899 -0.0612152033123017 0.190585996001574
Fos 3.82369531492014 0.047761068732483 0.396804145337738
Tgif1 3.82085482332262 0.923665411283841 0.920939396408909
Zfa-ps|Zfx 3.81983665209381 0.812285593734286 0.820075310675393
Vrk2 3.81716546593215 0.811582101633696 0.852334393717817
Mef2a 3.81586057520731 0.705800005771093 0.820627565507884
Crot 3.8145285693396 -0.138658871398555 0.40164358393664
Snap23 3.80834713742485 -0.1388597803252 -0.19177575788238
Lgals3 3.80765682042665 0.675182569156813 0.480134285385581
Il17ra 3.80237715097168 0.77299017094111 0.806286871386214
Dock8 3.79749190737595 0.921918276849659 0.894248859636829
Myh9 3.79396736334821 0.614719912007831 0.820126591372046
Vasp 3.79327863996501 0.829388128644345 0.879965779855842
Gna13 3.78922910693806 -0.00507567940645132 0.366104904727677
Psmb9 3.78529943543289 0.886902675569831 0.796788960040831
Ptgr1 3.7805769821253 0.431928601060879 0.0811863735181136
Ptger3 3.77831716012678 0.867514409866452 0.886644517016187
D17H6S56E-5 3.76837623283374 0.926821743720631 0.883768340039772
Dock2 3.75617710393571 0.878849159987686 0.906969675232492
Rnaset2a|Rnaset2b 3.75502736270155 0.637162435425428 0.746664164221762
Ccdc86 3.73906084577764 0.575099811306668 0.722469381020315
Skap2 3.73487886812263 0.718253293749965 0.770185404238867
Tspan14 3.73247080583098 0.199913030530455 0.410186478896844
Ebf3 3.72662449187977 0.909696896377953 0.843219647775059
Plcg2 3.72426339313117 0.85904016450225 0.872027469815505
Slc16a7 3.72257326615675 0.462524879595457 0.710082885291292
Tspo 3.71962405537571 0.665403843078021 0.690213753818857
Rbl1 3.71731953084161 0.527518619050626 0.440152162650621
Bcl10 3.70790093763406 0.32592365379838 0.517647888142791
Rnf130 3.7068301402594 0.210350141313152 0.0361386970446715
Ptbp1 3.70524754215097 0.517349571220106 0.512764159168053
Cebpa 3.69592962541283 0.851875207707929 0.874981085720788
Lamp2 3.67992844780312 -0.125192561088983 0.127384404431192
Arhgap9 3.67809467869272 0.881668291171414 0.878102438215293
Clec4a2|Clec4b1 3.67408072154333 0.945057928215745 0.927081374938363
Ncf1 3.67124314686018 0.927319018778545 0.900574467733183
1810011O10Rik 3.67075113391541 0.469150626698253 0.244803155184718
Glipr1 3.66846184285277 0.811645960841452 0.733332670855278
Ifi35 3.66782755487731 0.890247815664243 0.879442068617397
Slc2a5 3.66547970185539 0.832660428112713 0.910092518259242
Tbxas1 3.66096284735994 0.904211499214805 0.879857818653569
Hspa1a 3.65976443799455 0.558963174467793 0.582822142158588
Selenop 3.65472973302278 -0.245539604404378 -0.0299910695984123
Cebpd 3.64690585196983 0.217466879736054 0.450852912095384
Il4ra 3.64665979775118 0.927912630828299 0.928976822930171
Ifih1 3.64458809231376 0.769544933911048 0.705954631979613
Maff 3.63808302225678 0.73676036079318 0.743379318387826
Tmbim1 3.63718020257416 -0.0493771699621463 0.556840103194323
Samhd1 3.63272277961538 0.787019856383036 0.724998842807218
Stt3a 3.62151481775522 0.425457586948628 0.569649281125176
Ebi3 3.62093274379018 0.890427900692138 0.899342133031561
Wls 3.61795054998358 -0.198737167542083 -0.148166746587574
Dnajb1 3.60565269275809 0.822547358413583 0.849277510573886
Tor4a 3.60219053395329 0.794018733279293 0.853062419242747
Coro1a 3.59299640817566 0.535388440342256 0.678169107375858
Mlxip 3.59176298222072 0.837598435382973 0.808108716750729
Map4k4 3.59020434995853 0.0660535053177419 0.101736538232366
Man2b1 3.59008224427929 0.750291061069902 0.676780720554934
Per1 3.582146261354 0.694368148745173 0.778717863052323
Klf10 3.58122101962282 0.635250643742244 0.822070037745781
Sertad1 3.57819147173384 0.814076656347097 0.816874320174497
Gbp7 3.57812746765506 0.390203096668793 0.316936611536916
Ube2d3 3.57787056482753 0.219059781379612 0.417422659907688
Erap1 3.57033881616386 0.570657431644263 0.632822405285259
Ptbp3 3.56980022336689 0.730372252867532 0.777033795321898
Cd79b 3.56599065562783 0.91600351624119 0.902622699616597
Ivns1abp 3.55470258214163 0.676317461432618 0.689866477446459
Slc7a8 3.55395565796191 0.845437456386659 0.866870897087618
Tmem63a 3.54961991265388 0.188588112385446 -0.0979142640358685
Cdkn1a 3.54575887037376 0.733695301547979 0.627952110528323
Ripk1 3.54211483372307 0.730200040468091 0.837982319377725
Rrbp1 3.54093045813045 0.421191305310522 0.612094773615203
Slc46a1 3.54055641473236 0.343271758273403 0.558228677076438
Tmem179b 3.5330023463046 0.446754562535537 0.664793369378449
Abcg2 3.52848266741988 0.513183746638244 0.718754896912557
Rela 3.52824363239225 0.658651917083629 0.690808598805135
Zwint 3.52587179270443 0.555052485384331 0.820856692132502
Casp7 3.52462854167469 0.281120844875374 0.0386080424752211
Rin2 3.52150327074734 0.560696523471059 0.644402352634606
Tspan4 3.51992274639173 0.74025322284011 0.848052327723368
Jmjd1c 3.50878113710206 0.60473585935641 0.759113032173227
Camk1 3.50849088000697 0.449781217338232 0.476422974511083
Fmnl3 3.50634663165931 0.882699334387039 0.881788877720446
Atp7a 3.50155326563702 0.693296176260261 0.790839135989123
Tnf 3.49168563688506 0.849568897081058 0.858905085803148
Pbxip1 3.49154380172415 0.214952439645 0.721219446308713
Gns 3.48868425489253 0.740236826143007 0.845369727770393
Grk2 3.486777093627 0.802134093389471 0.838392404309248
Srgap2 3.48639674124791 0.877830753519522 0.884284872483164
Fkbp7 3.46934365775749 0.589194522251848 0.743059823065835
Ets2 3.46860461099906 0.431879323462287 0.537307615802759
Cd164 3.46282076823359 0.375345004232526 0.657410392374433
Bin1 3.46243977927698 0.0378964013299906 -0.185722472897343
Snx20 3.46185977799561 0.925997796113756 0.887683727545276
Fcgrt 3.46031836303883 0.282423987778334 -0.0875450334054097
Arl4c 3.46024753172278 0.546701875425124 0.0270934671610609
Slc37a2 3.45339883611258 0.847615261661414 0.870766065930106
Cited2 3.45188582210825 0.714229486368473 0.784095305995062
Cytip 3.4463899910653 0.777684406721832 0.722212051939729
Gcnt2 3.43001837776222 0.698761962086667 0.66256892237912
Ifitm6 3.4220215082889 0.917542353024192 0.82002152311482
Tpst2 3.42153114633278 0.716611803700639 0.81442471149183
Ucp2 3.41881896747699 0.877024712378882 0.925868382298847
Smox 3.41759769209011 -0.337581191153702 -0.255104900623877
Igtp 3.41669400888609 0.736878315385735 0.600901838140061
Psmb8 3.41588476891797 0.83505006197323 0.83278258013681
Armc5 3.40038566328491 0.638500716643349 0.715452666472638
Rhog 3.40009508086741 0.0580355089281774 -0.0900373870533999
Egr1 3.39810289247136 0.582693216824564 0.776039501561144
Smagp 3.39696888333559 0.905231285586666 0.902402762555941
Gbp3 3.39452253178171 0.42258816627888 0.196402495190063
Plcl2 3.38625618741781 0.555424606596761 0.78892315783237
As3mt 3.38446557236858 -0.215911118353334 -0.141551122941949
Cmtm6 3.38421660592784 0.634579656607361 0.820741523022315
Clec5a 3.38391895667437 0.904194046552148 0.874048156223405
Parp9 3.38288041511065 0.761867165469864 0.828160570151572
Rreb1 3.38021175513809 0.375350592947192 0.786365423721425
Lims1 3.37415110072079 0.525654455912207 0.648677951225633
Ltc4s 3.36860239461602 0.834071963841449 0.875706858396752
Cd2ap 3.35763468669526 0.586429488884646 0.69316737086587
H2-DMb2|H2-DMb1 3.3562260999983 0.852122176898487 0.891658039552898
Tgif2 3.35544226849671 0.92954518169101 0.929216062393869
Tor1aip1 3.35406039943746 0.675246092187215 0.785626072556489
Snord22 3.35134777848369 0.652431605284581 0.747003918737636
Morc3 3.34319247001892 0.63132406771746 0.697741376464181
Hacd4 3.34235237399615 0.64415954353601 0.650044042198857
Rnf135 3.32754337932067 0.486921259178916 0.539872999686406
Slc9a3r1 3.32678491401284 -0.142306765087138 -0.0163311532858406
Pdk1 3.3260863296621 0.531595644512661 0.802632518019173
Creg1 3.32586567765839 0.500360207268725 0.787802378852739
Socs6 3.30680827766056 0.497817159742001 0.551800072214428
H2-Ab1 3.30595086239363 0.738441034652968 0.638511414524865
H2-Oa 3.29413191384366 0.916913726424644 0.908587704348064
Pik3cd 3.27957751427208 0.796467823383588 0.841628948253677
Rasa4 3.27945215217495 0.908283002366454 0.925107574996663
Gmfg 3.27484341481101 0.866431776719109 0.870911641026766
Eif4ebp1 3.24828054251892 0.548321345572235 0.614292899778684
Mmp2 3.24494327736122 0.410117162677858 0.690395449167904
Nfkbie 3.2429487711758 0.759308108735763 0.708983678523823
Hp 3.23466730564371 0.86317788778152 0.677530506571293
Tgfb1 3.23230744009237 0.891119454683086 0.793189966738138
Traf5 3.21790452371777 0.887409698062905 0.878502834087432
Calcrl 3.1944831561017 0.29664756776811 0.0898651710199407
Batf3 3.17934004517637 0.900399481357404 0.892226867205372
Was 3.17585096751193 0.861412276705418 0.895628634723461
AW112010 3.1650979680437 0.915538212040339 0.921647453402338
Tap1 3.14557461833128 0.787642286296587 0.723750925295931
BC028528 3.1391972202067 0.564204343205466 0.296370649208761
Mrc2 3.13080317326324 0.879341601211863 0.8182203435782
Parp10 3.10368653230389 0.827555561915818 0.774875550771875
Abcd2 3.102338356699 0.345346294598052 0.128055140207547
Tmc6 3.09882289546081 0.78574908086357 0.7598115818415
Myo1b 3.09455213510903 0.852016601547862 0.764825770678646
Pf4 3.09397982582598 0.853150524613932 0.836197089844432
Ms4a6c 3.0878105508414 0.840209911251123 0.909238797401425
Nfam1 3.05744922724228 0.895211579806996 0.892671483041154
Il1b 3.04800256535712 0.900344194247218 0.905216162745993
Tlr6 3.03608883362964 0.790177001505645 0.814089924382545
Ube2j1 3.01917282000201 0.451794407925281 0.757712832771487
Calhm2 3.01005378154253 0.876475258644451 0.864638789994067
2510039O18Rik 3.00669436992729 0.414974703729383 0.508159538401455
Irgm2 3.00079128678956 0.772196520325595 0.633894504256279
Krcc1 2.98516525305307 -0.248757165797005 -0.169500480639801
Gdi2 2.96077051025583 0.332423915576273 0.386049057781556
Irf9 2.94656924813495 0.783949077844646 0.791887882303619
Tmod3 2.92740702860043 -0.0664971836594884 0.0532832281328015
Tfpi 2.89374526849763 0.824814907388499 0.819781868419857
Isg20 2.88405926627668 0.879954419987021 0.848342150020785
Trim34a 2.84991913052678 0.772527800664461 0.682503995305586
Ehbp1l1 2.84363807456479 0.723077406197508 0.746887548769812
Slc35c2 2.8411365458624 0.763612593905808 0.848062215543125
Ifitm3 2.83788648050419 0.284553470957855 -0.118718646844368
Hlx 2.82872612026094 0.871618699764131 0.856198867191922
Tnfsf13b 2.79001445737928 0.833305376898831 0.843122072888541
Cmtm8 2.7859170929498 0.664396798558343 0.540309553792562
Emp3 2.74818974731333 0.866108227445619 0.847105022856915
Gpr137b|Gpr137b-ps 2.73852333684872 0.251314709653169 0.183768522428427
Myc 2.73482646664332 0.774001755932822 0.836247106327214
Sh3tc1 2.72419608797222 0.818434194760832 0.823409931255262
Zfpm1 2.70199215197763 0.224230959416022 0.182178148726666
Srpk3 2.69705058849122 0.599004879221272 0.304890720417605
Zbtb44 2.67115457749386 0.511892498075387 0.685633457131912
Smpdl3b 2.66356887746652 0.546537881137839 0.791498206920445
Tmem168 2.65834183772885 0.365312911293921 0.285365309257416
Plaur 2.65807676940902 0.75929693838517 0.70693771362726
Rgl1 2.64120466696436 0.688221624187807 0.76615095019749
Bicd2 2.62953194223722 -0.10103676145286 -0.0839043277592548
Mpo 2.62749088918062 0.730396882855031 0.343986068271605
Parp8 2.56400012433355 0.28262246049702 0.412350506411741
Zfp472 2.55231818236595 0.253187766787299 0.18965423247681
Esyt1 2.5418392445851 0.810448753607623 0.786050876077104
Eml3 2.51547687157415 0.0200038854044136 -0.00933661669287136
Sftpc 2.46869903773967 0.461170018472853 0.27457840037432
S100a11 2.44315612552178 0.782987249887359 0.679998176546252
Senp2 2.41069253953402 0.29793143897007 0.397628451569286
Il21r 2.3936384458953 0.919558996279179 0.923266326774623
Ceacam1|Ceacam2 2.37013282667881 0.801208580352921 0.618969988352532
Sft2d2 2.33966814644912 0.128053144620585 0.174447070399004
Mtap 2.22670487252554 0.192935500093087 -0.0314157356562617
Smad1 2.15054126086812 0.474376814703731 0.284050294018084
Scoc 2.09612569157333 0.449018660823563 0.446327668513162
