Calca 7.83294262023669 0.970191841890726 0.97137817335229
Th 7.77371849278612 0.954933535308501 0.95249250721171
Resp18 7.54022308420228 0.803264735829565 0.830929976710379
Uchl1 7.51472213157067 0.675532315366671 0.822107019307884
Dbh 7.50950345139977 0.959906366999727 0.959535235115189
Sncg 7.47177919624082 0.958991385055342 0.95363395646275
Nefl 7.24784101635534 0.613321613558185 0.64113803634136
Ddc 7.10144333474205 0.363289304436363 0.613887165226555
Stmn2 6.91804867407885 0.751447198940027 0.766097752909008
Gal 6.91604593094219 0.969796339584992 0.965202620332755
Gap43 6.80409248637873 0.719262565380522 0.769604217368713
Ina 6.75354628767481 0.627934512870439 0.688287611357211
Scn3b 6.55053884035912 0.6865891587503 0.80587762303046
Chgb 6.45654877290358 0.680354852641077 0.711616805937745
Calcr 6.44208718195799 0.969650230011803 0.956322821342599
Cyb561 6.36027599347811 0.789854937110055 0.761154843554207
Chodl 6.3324059463867 0.942748785207825 0.920552403407513
Baiap3 6.26610034640092 0.91922471964874 0.901415915605781
Rnf112 6.18968316103242 0.316717139824491 0.470873950477987
Rit2 6.09599437240715 0.506258064059175 0.473626037100778
Rasgrf1 6.04037274445405 0.66400732779114 0.632095267940525
Elavl2 6.03603930026129 0.678910721220078 0.716962601267458
Gpx3 6.01182199125158 0.936888227496429 0.943494519833912
Snhg11 5.92150515334062 0.749113894757594 0.706101457057259
Pcp4 5.88264536065558 0.28566792934029 0.21599452600593
Susd2 5.85986110887455 0.94344639353811 0.932510249455206
Chga 5.84101878884027 0.790429656878046 0.864490017677536
Tubb3 5.82372026946347 0.603498046579541 0.743994446186551
Fkbp1b 5.73905451195977 0.821810373897029 0.845938709886505
Gch1 5.73065570767832 0.910547070250668 0.897998447050775
Lin7b 5.7181419339903 0.657122360194219 0.695783169733451
Phox2a 5.68197021894369 0.965106707470034 0.963698284886968
L1cam 5.67585515944418 0.810827619015806 0.79537028674278
Asb4 5.64372199073674 0.94241817749887 0.934451932468011
Arhgdig 5.64233299383278 0.663901535177295 0.763509607100587
Rbfox1 5.63181563386404 0.498119078286036 0.453570680513702
Dpp6 5.56558767104958 0.720022682611364 0.777298865135638
Dync1i1 5.55678952818882 0.571666200577685 0.616456080764545
Asns 5.50349589669706 0.3319095727112 0.410396196843381
Cdkl2 5.49094278805967 0.594209980880696 0.787690716249953
Dusp26 5.47814736295802 0.0939082661668416 -0.0432486366923592
Ache 5.47669704877658 0.896267330940033 0.905305733675684
Map1b 5.43163347335428 0.641083036470514 0.690952329766805
Ly6h 5.42831675739294 0.675774744038246 0.683610750699738
Sez6l2 5.40339285773048 0.12634747715232 0.118192020709381
Acot7 5.38874012736997 0.277918532824295 0.350447854503654
Prkar1b 5.38107419385886 0.457267385325936 0.462856196231997
Cacna2d2 5.33037648615071 0.705147389717474 0.841064106580352
Celf4 5.32592835607131 0.614241668628285 0.598388218790986
Grb10 5.30681501792586 0.83173623276521 0.822761193718715
Stmn3 5.29357861102359 0.491351753549399 0.666524722866782
Syt4 5.29157463650321 0.652931613629283 0.622263263486549
Tfap2b 5.28318585593144 0.960740711018495 0.952203147311927
Bcat1 5.27751153962983 0.204214381818973 0.580935436025747
Map4 5.27077528411165 0.570904559180318 0.853644816480737
Rian 5.24503577393383 0.818428032266644 0.821618583015512
Ovgp1 5.23999881420765 0.799559924437694 0.827248243015699
Fabp3 5.22201346717226 0.668572056585914 0.720502598758883
Ckmt1 5.17031136161529 0.695687219978991 0.636206775062989
Pcsk2 5.12516478689721 0.579118371078753 0.647200563674426
Mfsd6 5.09919501205647 0.295266440394015 0.505553815823825
Atp9a 5.06924188463934 0.267521516500873 0.344035825823486
Cd200 5.018030610252 0.556280378939018 0.761620753329721
Eno2 4.989583552627 0.469805747847869 0.462976725638934
AF357355 4.96248053029759 0.881725389714866 0.826165709233163
Dnm1 4.9331331285602 0.339868680528005 0.436781790764972
Hpca 4.91029352081105 0.476420439780218 0.367497463859156
Pak3 4.90619484392097 0.695959026570439 0.800969561691831
Ngb 4.87869973647213 0.841544791147134 0.82429568983662
Pcbd1 4.87785728524108 0.724294405552606 0.714498365596587
Ptprn 4.87529830120623 0.814806674931682 0.840847528193487
Syngr3 4.84373417675761 0.820904896857719 0.83194144987432
Napb 4.83759483776122 0.642453602432138 0.601218292485894
Scg2 4.83733839502138 0.703479797410305 0.686912273424254
Klc1 4.82160579633455 0.447730676111311 0.718509034138848
Eef1a2 4.82026329819539 0.500807809433798 0.444103201869228
Slc6a15 4.81169769992048 0.632914203467098 0.73335713734344
Gng3 4.80885479753887 0.447932832883493 0.60306547015726
Cntnap2 4.80539144949352 0.666306527743443 0.61918906916766
Nefm 4.7679567175627 0.414050502047053 0.275380813554102
Bex1 4.76619621218059 0.234997807334924 0.163844430199975
Tspan17 4.75284538362094 0.387386629704686 0.411856848395074
Serpini1 4.75141860067838 0.557683343842059 0.577572255153236
Spock3 4.73916847506851 0.263287669907558 0.143433161795694
Cdh22 4.73720014476847 0.787807169042007 0.807114651856271
Nap1l2 4.7285969927087 0.348648556146161 0.329660453320053
Snap25 4.72512506446264 0.229452873577061 0.0428462869207763
Rgs4 4.70640924752854 0.46313492837636 0.394860322727715
Rab3b 4.70368789661157 0.855913004174398 0.889973954354697
Sstr2 4.68653337050913 0.836584864231518 0.815311410020453
Meg3 4.64423387071457 0.710272564075798 0.738076434163576
Vat1 4.63146693849136 0.807808284353704 0.827136020316299
Lrrtm1 4.63135422069485 0.380209136154908 0.32511600604475
Pcdhac1|Pcdha1|Pcdha4|Pcdha11|Pcdha9|Pcdha8|Pcdha7|Pcdha2|Pcdha10|Pcdha5|Pcdhac2|Pcdha6|Pcdha3|Pcdha12 4.6288373890735 0.477049771982782 0.544482337988019
Slc12a5 4.6027746090375 0.410656095713713 0.337277793718721
Cacng5 4.59507464172708 0.785530010306322 0.784832507560032
Pnck 4.59448637097174 0.727735124546902 0.743776025190255
Rbp4 4.59148807980994 0.774484535963125 0.775267735660077
Crmp1 4.58305121181099 0.646103110865533 0.712570165683412
Sv2a 4.58172874754739 0.43116794351557 0.421341456829292
Slc6a17 4.58135067155876 0.746205802759133 0.691693988949316
Nrip3 4.57411508502571 0.728317239364022 0.706765179523041
Cdhr1 4.55799722116577 0.832515571681868 0.84767909779897
Kcnh2 4.54953098355601 0.85782364667485 0.857528182029402
Cd24a 4.5117112531803 0.676401090706123 0.680003213775406
Gdap1 4.48520340506756 0.419449426691075 0.641167966799432
Gng4 4.47930016253227 0.671971796106546 0.784644016623432
Dlk1 4.47078842781114 0.910839812030437 0.912330374963314
Mab21l1 4.46058306279977 0.933326970016785 0.912590707988011
Parm1 4.44981571733738 0.528153510806585 0.493626793919892
Mal2 4.44718783411886 0.406193332095371 0.287287665891406
Mllt11 4.44607174833901 0.494027639377466 0.747657100703713
Nsg2 4.41448555830755 0.542608896029537 0.579805373635358
Tppp3 4.41259172504552 0.22539645213417 0.101074761928948
Cartpt 4.41142402303375 0.848289196788582 0.821853672341938
Atp1a1 4.40610330992764 0.589592290886706 0.724738514215456
Stx3 4.38448840294312 0.752301324958265 0.772158756330398
Atp1a3 4.37448448702623 0.573085138461256 0.468918796120878
Cacna2d3 4.36404694115896 0.597289302009722 0.584599460885275
Peg3 4.33745005520221 0.729591927463003 0.820760641362915
Stbd1 4.32302021984361 0.811917191251686 0.82026608463688
Arhgef7 4.30623693107904 0.465724754909181 0.606313767001656
Reep1 4.29178292370895 0.394971552372628 0.462219806196978
Tub 4.28136178879165 0.531638426962974 0.522146013595463
Cplx1 4.27689845933987 0.39199057739949 0.30951737480449
S100a10 4.23605232814441 0.728361118465726 0.737687295835252
Cdh13 4.18835029862528 0.833590829385154 0.844713472133018
Pcbp3 4.1784117523899 0.665909619475791 0.669271832340532
Vsnl1 4.17106025596039 0.193308542178015 0.049322819161702
Mcub 4.16951739651622 0.860131768024248 0.862063477662937
Cygb 4.13650438738842 0.746539281566618 0.757175263248267
Emb 4.13556473878279 0.838848592048357 0.855366280361611
Olfm1 4.13133019647563 0.27156793174591 0.147984860189725
Slc4a10 4.11397171226987 0.50918516954397 0.39277946321605
Pcdha10|Pcdha12|Pcdha4|Pcdha8|Pcdha2|Pcdhac1|Pcdha11|Pcdha7|Pcdha1|Pcdha6|Pcdha3|Pcdha5|Pcdhac2|Pcdha9 4.0973703070586 0.821127847068852 0.825703894695557
Bex2 4.09653395261202 0.543821649997408 0.705753529659272
Crtac1 4.09316185226123 0.384513187203821 0.363375205437728
Chchd6 4.0824311504332 0.353299784596632 0.195909717533648
Slc6a2 4.07893540548036 0.932750480672491 0.901980077087283
Slc29a4 4.05498486538014 0.844658318699166 0.836554914548799
Pcdha12|Pcdha4|Pcdha6|Pcdha7|Pcdha11|Pcdhac1|Pcdhac2|Pcdha5|Pcdha9|Pcdha1|Pcdha10|Pcdha8|Pcdha2|Pcdha3 4.05482804056903 0.704612753116489 0.768237300493586
Chrna6 4.05412937657009 0.928632671486269 0.921266863874531
Qpct 4.05047731990751 0.218248104618109 0.178522827298195
Nucb2 4.03459816803401 0.703659085471136 0.723028421782248
Scn2a 4.02692568803563 0.703430482886351 0.673961903099711
Maoa 4.01804704395643 0.774392938786816 0.880229483612203
Brinp1 4.00542018725681 0.291153286909237 0.107611054536463
2010204K13Rik 4.00380252212534 0.4967357478266 0.446908217376858
4930550L24Rik 3.99284302510433 0.907609611014767 0.845939907830765
Usp29 3.99149859242115 0.840695117412323 0.827858729995036
Flywch2 3.98998102755942 0.610136667395011 0.617826229519039
Rab3c 3.98706674696035 0.603509611711949 0.696182465162817
Gabrb1 3.95568339130638 0.19395298830575 0.773752810515152
Myt1l 3.9407751904957 0.439061469256579 0.345188234236637
Tubg2 3.93940063783017 0.704154526381975 0.743416008969669
Ank3 3.93395437772766 0.050019006035213 0.00771228842436005
Tmem163 3.93360473653258 0.0607403161799458 0.0907657077805956
Edil3 3.93233665487084 0.000463940291351259 0.0172165751512664
Neto1 3.92442591047849 0.268243999127304 0.112742002502714
Klk1b27 3.92130677851615 0.906837351186324 0.854345024503926
Pacsin1 3.92096937224139 0.673382507516602 0.594707478210318
Oprl1 3.91815304508655 0.356375423936252 0.142956757470409
St8sia4 3.91468727784642 0.625349693619239 0.719882502442817
Stmn4 3.90841895908866 0.0794629005515678 0.490428953549827
Clvs1 3.89495504797359 0.526997167242633 0.710533268214306
Cgref1 3.89454971651348 0.830260175658926 0.844350572668154
Larp6 3.87821543237448 0.0723366823896509 0.118625394704601
Cda 3.87698307457799 0.92060016473088 0.837930352480537
Nipsnap1 3.86882263967596 0.600070765181254 0.616666837508955
Mapk8ip2 3.86282030467482 0.828937079160617 0.860775841775247
Cbarp 3.84522093766914 0.699491094182657 0.735243874335668
2010107G23Rik 3.83227589499765 0.361792344159834 0.238206318289845
Plxdc1 3.81758929610334 0.575573837025718 0.788389693019134
Cyfip2 3.80778344707634 0.313010272030689 0.462922880281264
Tmsb10 3.79284738985942 0.595459038815852 0.750101004210092
Rab15 3.78680427596539 0.594232486226195 0.566330005040627
P4ha2 3.77993360157743 0.415665625836739 0.414888894227775
Ncdn 3.76468461195397 0.417243636155223 0.433737349560647
Adgre1 3.7591883616156 0.605457675196024 0.848665447507406
Cadm3 3.75896842986815 0.804136479087806 0.827298231848086
C1qtnf4 3.75296927293947 0.243478350678916 0.0690075501190372
Syp 3.74840123906045 0.468874290425346 0.358303178691848
Fgfr1 3.74726074835758 0.263851184592886 0.139968706622489
Ptbp2 3.74202215708094 0.499265917968988 0.59809618290131
Nefh 3.73698967831367 0.787084524489898 0.745667684199028
3632451O06Rik 3.7329920818463 0.190004132419196 0.359337354035928
Grem2 3.730547788403 0.855713380650602 0.826039238629086
Arhgap12 3.72801615876637 0.607761803988102 0.688202952592135
Syn2 3.72084127044695 0.723332974204724 0.699756221416932
Stxbp1 3.7055074358606 0.497769860014533 0.455467682143041
Sept6 3.6985492031652 0.579209230835084 0.523841182568775
D430019H16Rik 3.69735365591372 0.432761456775582 0.484715249890488
Snap91 3.68313145999236 0.116527756791635 0.246489311746192
Gnaz 3.67589243087857 0.713877506707088 0.740995065510329
Prkcz 3.66890315883476 0.0641356298206098 0.0457520403911297
Cmbl 3.64485110662324 0.640726045718753 0.734330866055402
Kif5c 3.63861551586022 0.561890013204551 0.630331193452199
2900011O08Rik 3.61525761528794 0.363256983346435 0.345041062665012
Dmtn 3.59988115552021 0.646871577668114 0.591167157961815
Spint2 3.59609437300731 0.701628065862935 0.755692912817479
Sptbn1 3.59597039990926 0.1730398767689 0.134453144955021
Hap1 3.58861989334095 0.816752104245792 0.810618527338232
Tmem35a 3.57861579797707 0.641748483801875 0.703170536678124
Syt9 3.57613382651188 0.566790981118419 0.742050354949398
Tacc2 3.56882840400949 0.483942774992466 0.355617941411253
Rtn1 3.56597614031567 0.667193455303328 0.764304438154326
Tro 3.55470478917104 0.782498376001596 0.837662941654485
Ahr 3.55394422065001 0.531280261936092 0.414048711883903
Klhdc8a 3.5403034915543 0.583383099571726 0.486421632643722
Eya2 3.53311380087911 0.827781278461543 0.799113281568226
Fhod3 3.52484801074585 0.541167253084458 0.522917160402031
Alg2 3.52397875342454 0.784193136138679 0.871185183502836
Ncald 3.50936113835151 0.228948794776878 0.11008462573583
Rab3a 3.50884681746653 0.513308625575263 0.566100808505852
Syn1 3.50613709830037 0.604072943433675 0.609233998913274
Nol3 3.5026089235349 0.721040991692559 0.796620976087384
Svop 3.49707960713492 0.713860277775705 0.737030802056477
Pcsk1n 3.49704502455454 0.480394346469977 0.619648239682053
Rph3a 3.49499710692656 0.645414914788101 0.597739664493072
Mast1 3.49484416735439 0.813575612492646 0.808946818047618
Cntnap4 3.48611560562717 0.746638509448477 0.668117655293089
S100a11 3.47019569127577 0.704938531595338 0.589702113831892
Syt17 3.46661116266481 0.849010374373931 0.838223584061349
Pkp2 3.46212940588374 0.63039119342128 0.623430215932673
Rufy3 3.45969321000653 0.433427664896855 0.725800075726063
Spock1 3.45468225288209 0.563578892740224 0.53900340696826
6430548M08Rik 3.44953192413923 0.779939965271009 0.749946288333011
Fgf13 3.44915666787181 0.691872164671375 0.667766110027403
Tesc 3.44024599977807 0.343492231428279 0.195617419331382
Nsg1 3.43294699424858 0.60456221267929 0.622133722508646
Cdh8 3.42022475702559 0.860091134617106 0.86460500029209
Rnf157 3.4176888841368 0.384873905083329 0.387035260726351
Slc2a3 3.41633310184285 0.623518269286222 0.584962575940358
Atp6v1g2 3.41482799403355 0.387922950717282 0.368763094696719
Gpr85 3.40932576687115 0.0288769313497141 -0.0510137266751172
Tdrp 3.40851970352655 0.790259413425975 0.853675121019816
Wnt4 3.40780908343062 0.498454555171695 0.403260993773962
Asl 3.40354991873213 0.865228485206317 0.880656244589974
Ntng1 3.40208539168513 0.710847607713425 0.670544226113132
Plec 3.37974001997037 0.544002795594534 0.592477783765913
Susd4 3.37907134425074 0.115325926665639 0.0289252923335431
Fam174b 3.3781953610196 0.622481411628577 0.68691048215803
Kcnip4 3.37441782128076 0.805620185637477 0.785007591468688
Hpcal1 3.37081545698506 0.732370715517359 0.873348102860169
Cend1 3.36514277169262 0.652409486048529 0.748023863468648
Rgs11 3.3640038170562 0.904953935733529 0.898659959493435
1110008P14Rik 3.3560167202157 0.535026503437579 0.521739250417506
St8sia2 3.34264681386995 0.777365927310217 0.731473759835726
Flywch1 3.34194229675786 0.73851471534871 0.76906416591057
Cntn6 3.33593069839102 0.631141404275874 0.606346460424983
Cnnm1 3.33070522739127 0.710242295624362 0.704785197106792
Camk2b 3.33042843906686 0.519946388965178 0.415197868829845
Amy1 3.3298166741224 0.249403505131617 0.109281812638197
Stx1a 3.32841162617034 0.459902825200998 0.311458465877587
Kcnc4 3.32231559820374 0.637551034211289 0.791304943634675
Arhgap20 3.22588028461075 0.30259807971971 0.249767661813519
5330417C22Rik 3.21355850225261 0.894334552222358 0.894186007667699
Tenm2 3.19618572212045 0.835053358911155 0.836112462194787
Oasl2 3.16297378136397 0.769844010605783 0.757747121643737
Trpc3 3.12162460326918 0.877078468414747 0.876497907969826
Kcnab2 3.11232345269318 0.499844988654964 0.530357274040382
Grp 3.03415273507055 0.594081298150164 0.53486510730195
Pcsk1 3.03055166808462 0.864620103919615 0.843067701348278
Tmem114 2.98667270593387 0.9100684292234 0.867085235167167
Gstm6 2.94388774629131 0.758785979291248 0.704034182534521
Plppr4 2.93302769594785 0.286786022371609 0.128414210920522
Stk26 2.88229831112447 0.554821424385137 -0.115094377920861
Lor 2.85764062081158 0.337454256983064 0.18616123575063
Atcay 2.83803381963372 0.275098922791773 0.513702457242635
Col4a2 2.80129778145412 0.39461615685443 0.171143719009818
Pmfbp1 2.77705855676135 0.887671587947133 0.827736840582911
Alk 2.76269492278769 0.795978377465788 0.775932428601469
Kcnip1 2.76095492713812 0.323977743071883 0.185052646251209
Adcyap1 2.73840172192132 0.838712404046908 0.823110446997959
Ass1|Gm5424 2.72759410121933 0.664157642498015 0.67151701106434
Akap12 2.71984750531879 0.687053533644516 0.65340400038844
Chl1 2.70490545310615 0.615468896596142 0.707374875690647
Dpysl5 2.70449993652007 0.834405732807852 0.824160072876101
Tenm1 2.68664460417928 0.823798007695666 0.729281599958623
Syt1 2.62594871039021 0.726823618840201 0.693192603402194
Stk32c 2.58336796906534 0.664818117293506 0.680656404614928
Clmp 2.57923386417555 0.853674513045455 0.86972371163669
Hspb3 2.53301588047377 0.6185360517929 -0.0293364298605332
Actl6b 2.49245560379629 0.645374195738464 0.642245478655296
Traf3ip2 2.45941292510275 0.753344070637476 0.738371537864529
Rab27b 2.45801660110825 0.441615132080339 0.313216489886196
Ehbp1l1 2.36555801241465 0.527029473359696 -0.108084239910104
Abcc8 2.35137517126335 0.8375054163199 0.80702495323225
Grip1 2.33900159368026 0.58791536658347 0.657902635663058
Pi16 2.31297200945362 0.862868857276494 0.822573835966546
Cacna2d1 2.29805288931661 0.626785271744737 0.574883436937742
Coa5 2.28775050128715 0.751832460197833 0.852020851885527
Kcnh1 2.23495978747734 0.680457008590678 0.629868802163356
Slc41a3 2.162455417884 0.602304640055944 0.362994039545151
