Nov 7.11316895745165 0.742806876137212 0.674799764196715
Dcn 6.88417633662229 0.903438675718604 0.851899080789478
Grp 6.75695534968534 0.83202016132123 0.801360080457053
Pde1a 6.40025359892766 0.781138552238406 0.812644447485099
Rasgrf1 6.35337401597631 0.522975204539334 0.628344722929318
Gria1 5.78784212852787 0.389928466121413 0.0734953766775515
Gap43 5.76030823600791 0.555882129179633 0.670068935828377
Nptx1 5.74852902403809 0.32477353770669 0.322953346481848
Itpka 5.66643808996107 0.57753817612965 0.69450324770215
Cck 5.60514987401269 0.466426980803068 0.529794624988142
Meg3 5.57606104343176 0.445666040700186 0.70477804145012
Bcl11b 5.564322124756 0.536053687166532 0.543480232244779
Cntnap2 5.54304066037695 0.442882542254906 -0.202539242597922
AF357355 5.50519093883691 0.554921463914067 0.554896427181588
Hpca 5.49305067948481 0.463041384073447 0.511017032022818
Snhg11 5.36064790444729 0.469382972063534 0.503901780630006
Neurod6 5.24196263216691 0.5315908721572 0.281708237692102
Ldb2 5.23913842741294 0.770782662894048 0.772008857059172
Dgkg 5.15294154892202 0.519856044593219 0.0211711645529878
Crym 5.12080187945643 0.512069105158121 0.563697605698164
Rspo2 5.08776298535395 0.734523032501983 0.767451053011326
Mal2 5.08377496318615 0.436433831720831 -0.117946179646695
Ryr3 5.06992727628209 0.70842162899121 0.577278662010291
Pkp2 5.00619082627983 0.512301332726093 0.57340453003728
Cpne6 4.96050922355595 0.688244063820606 0.804234482920688
Cadps2 4.85335855306582 0.503163196718163 0.674400965028323
Camkv 4.72271107265641 0.536549895974438 0.56085092933315
Thy1 4.6494978349027 0.393375392653815 0.61486741420964
Lmo7 4.6142020257654 0.370971294555599 0.696948750943398
Pou3f1 4.5642767184558 -0.00488545975063617 0.0533909026807903
Myt1l 4.56130320403445 0.38776296729075 0.639106060487613
Scn2a 4.53996486432607 0.45693336811201 0.766827091899509
Crim1 4.46854064576604 0.732443357280993 0.8076411838305
Kalrn 4.46297265724147 0.161790011234809 0.0916329066979532
Gabrb3 4.44766186829176 0.638387066971219 0.724718541271434
Scg2 4.39467613755168 0.392923234951131 0.0246893924195696
Bdnf 4.3928397000166 0.667959429443838 0.254588874893831
Gria3 4.37331049876107 0.461675678051709 0.411801244108753
Tenm2 4.3271653582117 0.606942208432825 0.522705129693922
St6galnac5 4.31638718973325 0.465734795920292 0.771559456696201
Nr4a2 4.31306624750258 0.82835263091848 0.760819582152976
Syt4 4.30753927567338 0.562893677807983 0.513262053233961
Icam5 4.30237656834883 0.529297694455204 0.604308119347733
Doc2b 4.27369316998147 0.605241484457159 -0.0933733483825907
Stmn2 4.26867451876143 0.480311542970765 0.141532329876788
Napb 4.25059427444669 0.342425217996284 0.521446892063581
Plppr4 4.24840762597134 0.348827312582268 0.289682677591453
Nefl 4.23009906101348 0.234714110746088 0.0875885892559874
Calb1 4.19894271381029 0.271041014854363 0.473973445880265
Pcdh20 4.1850893160858 0.378270686634679 0.541540405262698
Fezf2 4.17139973013631 0.60769357343597 0.619617415700229
Gabrb1 4.16767225379658 -0.000821875392395407 0.613336812003837
Epha4 4.15469476150857 0.460950304302835 0.134575444969395
Syn2 4.15229521444117 0.545462257828346 0.290558293844499
C1ql3 4.12452622661672 0.119074033909996 0.463819764118106
Col5a2 4.11376872324103 0.515502646857417 0.0138348379840446
Ndrg1 4.10407518025548 -0.0210806876778229 0.364570178248475
Baiap2 4.10186655901474 0.493064777784765 0.38760713438274
Gabra1 4.06860045420365 0.136347464014232 0.0229445419932845
Dkk3 4.05014585828819 0.14537712917539 -0.137037605659486
Resp18 4.04311123426977 0.469773212573639 0.307374525087653
Tmem158 4.02299385825876 0.266684760829199 0.350424783534642
Snca 4.0163911518569 0.521656930703402 0.707474755516426
Bhlhe22 4.01396019514834 0.351197947351753 0.769914268591138
Cplx2 3.99358678706093 0.43691393429256 0.174390616612273
Nsf 3.98962136988209 0.41081074211984 -0.0589975276707373
Iqgap2 3.98468648123364 0.633049152518735 -0.155993334536555
Myo5b 3.98246767429608 0.396515233364243 0.321903005797392
Npr3 3.98239228436912 0.876436100841771 0.807217896689451
Hs6st2 3.97825467125691 0.48888343188991 0.166447674329447
L1cam 3.94903017691232 0.44324974886165 0.302246395356347
Tenm4 3.94534242976307 0.397056902285392 0.0432963809275587
Rasl10a 3.92477528732621 0.407011199683531 0.431592958392293
Pacsin1 3.91376118797533 0.477219251643727 0.470801538344789
Ppp3ca 3.906542691364 0.616161278184378 0.749047097932609
Slc4a10 3.90132922129044 0.250837841317569 0.00455597466395747
Parm1 3.8451303946249 0.483061805561115 0.422353134706436
Sorcs3 3.81181726128621 0.834893959878671 0.83142681953188
Hcn1 3.80724650240179 0.541832457047909 0.0998500973239547
Rnf112 3.78311506194667 0.200467058442826 0.563989857402059
Chgb 3.78220763716308 0.248014583978776 0.24128740750861
Pclo 3.76016210331058 0.375750701768171 0.69578623919696
Add2 3.75195311383665 0.536626781109498 0.566530536580674
Nrgn 3.71942899320488 0.347241093101704 0.0344772795349376
Slc26a4 3.70234333646579 0.634659872744817 0.264083810952813
Slc12a5 3.6871982508154 0.235278459934634 0.17243716368193
Rbfox1 3.67537878179592 0.19325330982047 0.448426363351633
Ryr2 3.67274280969606 0.335352635087897 0.170208550776656
Itpr1 3.66556680073985 0.415760899424876 0.455549469675234
Map1b 3.66429158774806 0.325216040062582 0.346788695810811
Meis2 3.65823962323788 -0.104085307051752 -0.0504996559877463
Ly6h 3.64270587096004 0.31526687705816 0.0790769523099428
Cacna2d3 3.63762963468135 0.334425462577487 0.416935159762022
Fam131a 3.62886018969977 0.594453092867775 0.374423425145994
Tgfb2 3.61249213834379 0.00864976208824137 -0.101203329306504
Pcdha10|Pcdha12|Pcdha4|Pcdha8|Pcdha2|Pcdhac1|Pcdha11|Pcdha7|Pcdha1|Pcdha6|Pcdha3|Pcdha5|Pcdhac2|Pcdha9 3.60760249560768 0.591655767852123 0.321756988083361
Ntng1 3.5922715724624 0.489939153934337 0.624951261153985
Calm1 3.5854165900146 0.650269456140061 0.559761786986333
Arhgef28 3.57297687575407 0.564548580210721 0.359379103044014
Tyro3 3.55346944855687 -0.0482091690185514 -0.152620647383075
Nsg2 3.53436901953415 0.2662720409902 -0.116092592330673
Ankrd33b 3.53421587795178 0.719215908800176 0.794651564634475
Runx1t1 3.50587527357713 0.646532460625871 0.265139858766368
Cnih3 3.48626534633288 0.720753178915709 0.747792911459571
Sept6 3.46208526486876 0.416544907307202 0.173739654542744
Nts 3.44182371683962 0.831227455766939 0.857113950501257
Brinp1 3.43582860209647 0.347287036400516 0.514345853722779
Htr5b 3.4158082260926 0.850294440155863 0.595162529138834
Kcnq2 3.40508494875126 0.144962537103816 -0.104542479402856
Lin7b 3.40144649525086 0.250463409486254 0.102309444111569
Arc 3.39591822278406 0.377372433722615 0.343500409813741
Neurod2 3.38882752651163 0.652237692560685 0.707005869991763
Ptk2b 3.38308521021646 0.316445956782373 0.073237950198728
Fkbp1b 3.38079472707428 0.452818538604685 -0.116830115474308
Slc2a3 3.37854514761397 0.268873476439012 -0.112529642594961
Psrc1 3.36320506009942 0.836927540796153 0.861349561279902
Tro 3.35840418555056 0.549816614610977 0.603763020768263
Fam81a 3.34949412400884 0.400318366595197 0.0172413263256362
Ina 3.34154217822025 0.238527237997627 -0.00166510942433713
Slc6a17 3.3373762014145 0.447095525215249 0.638523660712843
Serpini1 3.33563721628845 0.354470022352411 0.58776307614145
Slc17a6 3.3012951230724 0.609971061611503 0.44592439627652
Kit 3.28474821165898 0.752083720642482 0.826506119044351
Car12 3.27261573328 0.584112531469296 0.0540341962774465
Ar 3.16034071773472 0.581303868598589 0.147478972686095
Popdc3 3.00963451748805 0.761925158032169 0.695753019112341
Sidt1 2.99985688691733 0.681575947414307 0.680496961333805
Unc13a 2.82162326703441 0.582480407905159 0.254758111649496
Rprm 2.54314035681666 0.0740859757946771 -0.10532845417217
Sult2b1 2.5206387765412 0.717547923002376 0.639671804647457
Pcdhb21 2.36297355296775 0.433633329260553 -0.164631008148201
