30956
268860
94180
216739
27360
76187
11541
329828
11639
107747
104776
27494
69538
11761
11829
98660
11932
26362
29815
72014
12411
67896
108686
12444
12494
12505
58187
12759
12830
107869
56448
74519
64385
106648
13123
16007
13138
13175
13371
13405
13527
13618
13649
54326
13731
12496
13850
22350
14066
56473
223254
14114
13998
14184
14221
14230
14261
56188
57265
14400
14405
14560
14623
104174
14633
14756
195733
14813
12950
15483
56741
16008
16011
209378
16443
140492
16816
210126
16206
17304
170790
17909
75541
13004
18128
18212
18217
102644
23972
18508
229534
18596
27273
69239
18679
18682
27226
18994
19013
19038
116847
18760
19125
19206
19283
110078
225998
13609
70097
219151
20255
20971
12406
108052
57738
20511
20512
55963
76257
98396
54403
53896
58807
57319
81840
20678
26938
81879
21808
21859
68385
192216
214359
29820
66873
50500
22329
22339
97064
22601
