70717
76650
74438
70317
75986
12484
56309
29857
66915
78977
16527
24047
20194
78688
211480
15569
215707
226162
73737
15405
56016
239435
215814
19142
17395
80888
73720
16511
72269
50786
20257
16392
14406
80515
212531
170571
20265
13829
56418
22045
16728
12310
13136
78593
12404
80883
246048
66952
20983
19240
64058
57816
381356
13483
13347
65115
12695
20745
107250
14226
16852
12294
228543
66402
22342
140919
18162
12652
15426
23936
54003
19132
102747
20618
20750
170677
20191
14675
18040
27220
15507
72148
13056
11423
75668
14077
14778
380684
11746
19711
64337
239405
20346
20508
56541
12716
16373
104010
15165
22317
243328
66425
227733
52331
24111
50782
18039
29859
21987
116903
71733
12891
69847
433855
57780
140904
19894
15413
69065
67405
50795
12306
14570
14172
103098
