Astrocyte	Basket	Bergmann	BrainstemCholin	CerebGranule	DentateGranule	Dopaminergic	Ependymal	ForebrainCholin	GabaPV	GabaReln	GabaRelnCalb	GabaSSTReln	GabaVIPReln	Gluta	Golgi	Hypocretinergic	Microglia	Microglia_activation	Microglia_deactivation	Noradrenergic	Oligo	Purkinje	Pyramidal Thy1 Amyg	Pyramidal Thy1 Hipp	Pyramidal_Glt_25d2	Pyramidal_S100a10	PyramidalCorticoThalam	Serotonergic	SpinalCordCholinergic	Spiny	ThalamusCholin	Pyramidal
30956	216233	232345	14172	12351	13511	13162	11481	12903	12862	14408	18159	14729	12818	228911	11474	76770	74211	228790	76408	75352	68743	53313	60367		20671	50722	13848	12705	13711	73712	620078	11922
52538		118452		56410	109620		93760	16875		14409		14829	15561		239083	54140	67477	11977	11554	65255	11484	12373	100040462		66637	21924	75646	74175	14675	56458	110834	
216739		12364		54698	60440		12316	19217		109594		72413	18142		13143	12425	216991	14595	11555	12311	67102	12822						260298	15405	108655	56066	
27360		21948		668253	18168		20878	63993		18424		50706	22353		14257	12922	100182	12013	11629	13166	74559	333182						15006	15426	64378	227929	
14766		104445		13813	239510		12442			21349			22418		19395	15171	329154	11796	11727	14867	338521	13591						19218	17395	15930	13808	
76187		12654		29857	20356		12458			21955					24053	15372	70719	12363	106952	17161	14431	13592						20519	67486	18143	14369	
11541		13142		18508	217517		12479									18548	216869	20293	70497	12659	14618	98845						15567	69847	23984	319625	
329828		59056		66183	56720		107995									18610	107350	20296	171207	11859	50915	215512						22044		18574	15564	
104776		75823		65971			66953									192199	12267	20308	216445	20538	73940	64337								29863	16372	
27494		14872		67525			12534									22045	12362	12774	11857	17112	14745	26558								218772	54352	
69538		319158		22255			67177										12370	53599	381319		17136	57295								225870	53608	
11761		78558					229841										20305	12524	170752		17433	212111									56846	
216190		214944					108000										140497	12608	12229		17441	70810									230899	
26362		17702					74107										12490	99100	72691		14912	16873									18761	
12032		74055					229473										12493	60322	12796		50913	27206									212531	
72014		22038					27214										23833	12984	12335		211945	19051									66042	
12411		19228					13392										12514	13025	68891		67801	19255									21414	
12494		19301					327762										12628	15945	12488		94226	19279									104271	
12759		71660					13605										12633	66102	217303		105439	11854									21928	
12830		19682					14056										12655	20310	12489		100434	20513									22178	
54381		11853					75426										23845	13685	12506		20665	20537									57257	
74114		80837					29875										114584	14127	15985		103743	66106									22774	
29873		20130					57444										12752	14130	12606		70747	20840										
107869		21415					73804										12721	20321	56708			20957										
13110		238257					17220										12960	14455	26888			53857										
64385		140765					217653										19025	80910	56644			28006										
106648		69786					17345										13036	15162	102545													
16007		53620					50927										64138	15216	12986													
329877		22341					215387										80281	15284	68964													
13527		24117					108907										13057	15937	20430													
13618							19366										58861	65972	231871													
13649							74194										26377	70110	20148													
68801							20135										94176	71586	76088													
12496							20419										50498	16145	13448													
13850							70099										98878	16172	192193													
76267							20666										12495	16175	13709													
56473							20683										80898	16190	13713													
218952							21973										16456	16193	23871													
13998							68612										210998	16391	223433													
116701							18140										14129	108829	107373													
14221							232334										229499	16822	26382													
14230							142682										14159	17133	14247													
14261							170753										14231	26410	22379													
57265							68014										23880	171531	231931													
14366																	14537	208104	14676													
14405																	14594	69774	14960													
14661																	63986	73656	14998													
14756																	78816	68774	15242													
70757																	106512	17874	54486													
16173																	14824	17969	74096													
16404																	110006	17970	213002													
16779																	14961	17972	16154													
16870																	14972	18035	16155													
30937																	15001	18037	16331													
210126																	66775	233571	259277													
228357																	171285	671535	52855													
66234																	15163	547253	16819													
67111																	64209	80285	19141													
75541																	192232	18626	107321													
67122																	15979	12795	80877													
102644																	80719	58801	16970													
75475																	16164	19205	233328													
23972																	60504	19332	17002													
54635																	16194	74760	17095													
18596																	16197	74213	17159													
27273																	27056	19697	17305													
69239																	54396	19698	218203													
18679																	16414	74734	246177													
18682																	16477	19766	72560													
19013																	16768	12394	27419													
11758																	16859	67742	64099													
19125																	17087	18787	30955													
19249																	17096	23921	18805													
110078																	26401	65221	104759													
67442																	58805	67547	68507													
74013																	338467	207818	16912													
19771																	17533	170625	19253													
76892																	17698	20732	15170													
225998																	17921	20963	54153													
70097																	17948	21354	19650													
68607																	17951	21817	105670													
20498																	224109	24088	56045													
76257																	94212	21899	140742													
98396																	27355	170743	98365													
20598																	243771	72512	100561													
81840																	18591	21926	107375													
223227																	56744	22019	56485													
20682																	227696	22033	56857													
20787																	192654	20128	53945													
20917																	18783	14605	69178													
81879																	234779	12257	56504													
29820																	67220	67951	54613													
83925																	269823	22323	27060													
22329																	17872	22324	21682													
22330																	19128		21810													
																	230257		21815													
																	19224		230787													
																	54354		211550													
																	170791		21898													
																	226594		319880													
																	19696		68487													
																	74030		21938													
																	81910		83433													
																	74131		217333													
																	20397		74153													
																	54673		54445													
																	233186		69922													
																	20469															
																	54353															
																	18173															
																	20540															
																	100127111															
																	20375															
																	66552															
																	225027															
																	192187															
																	20852															
																	16430															
																	21356															
																	21391															
																	21452															
																	21803															
																	228839															
																	21897															
																	217353															
																	57259															
																	227612															
																	22022															
																	76681															
																	94094															
																	67776															
