Astrocyte	Gluta	Microglia	Microglia_activation	Microglia_deactivation	Oligo	Pyramidal Thy1 Amyg	Pyramidal
209378	93843	110956	18035	70839	67149	110197	110197
75541	94332	54673	57444	69922	67801	12565	12565
13527	228911	12655	17210	72560	71529	12564	12564
17387	18012	27056	547253	16792	69993	20563	20563
20682	21844	17912	20491	246177	14618	170571	170571
214359	12810	14594	12259	17305	74559	14200	14200
21859	140781	210998	17534	15170	14912	11835	11835
27360	104010	74048	14538	68964	70747	100040462	100040462
23972	71733	170791	22323	76088	17433	18573	18573
107747	53870	26377	14130	30955	17988	56742	56742
76187		15439	12524	64099	14745	208618	208618
67896		107769	18787	54445	20665	12313	12313
13998		52696	19073	68507	66949	23985	23985
104174		58805	20308	14991	17153	100303646	100303646
52538		26401	106326	17110	68743	14402	14402
102644		21356	17970	17215	227753	60367	60367
114874		105348	171531	230787	11484	72978	72978
17304		12514	11977	56708	53897	239405	239405
98660		18826	11796	14960	240913	57780	57780
12759		23849	21928	16819	56356	23963	23963
30956		67103	12260	21812	105439	20606	20606
210126		12010	18037	228875	103743		
14600		329154	69774	67213	13195		
13175		54396	20321	65112	22239		
14184		223666	12774	16155	338521		
53896		15163	16978	53945	50915		
18679		67448	80859	12489	18417		
20511		63986	67742	12978	17441		
14182		80281	16176	11629	211945		
58807		64209	16193	66824	100434		
14813		21452	16391	69178	73940		
72014		70415	12394	14998	66124		
16007		16197	12702	19141	17136		
53412		233186	12522	21898	18991		
107869		15277	15216	13051	11815		
14633		17084	22228	15985	68458		
29820		16477	70110	23871	18088		
18508		20375	26410	216445	11565		
18760		94094	20310	102545	213019		
26362		22177	17133	24044	72160		
18994		14961	72512	74039	50913		
17909		100182	22324	13713	16979		
216190		230257	12508	16154	225341		
54381		14159	66102	19735	14431		
114644		26943	74734	71607	94226		
16779		140497	15894	67865			
56448		18591	56193	227929			
97064		81489	17969	27060			
18212		11906	16822	114249			
54403		58809	20963	99543			
16011		14129	65972	17476			
20971		14537	65221	171207			
13649		16164	23921	80877			
56741		16414	74760	19253			
13371		17258	24014	11576			
55963		23880	16190	239217			
27494		70719	17874	11727			
56188		58861	54720	52855			
14230		60504	14127	74096			
20512		27355	22019	231871			
12950		15936	12257	54613			
108052		21391	13654	107373			
192216		12262	14131	54486			
76257		17948	15945	217333			
81879		20305	67547	98365			
11829		11690	24088	56644			
74519		17096	170743	223433			
12334		17886	20293	20202			
68385		13036	21899	15212			
58187		216991	71586	16970			
13123		16768	20732	16331			
22329		21803	22695	15242			
83925		234779	17972	12335			
20787		17951	16175	21810			
15483		11656	15937	18805			
13004		14824	12608	107321			
15200		23845	108829	20201			
23965		108101	21817	17684			
19125		229499	80910	231633			
12411		106512	20303	12506			
13731		110006	12363	14247			
22350		219140	207818	218203			
66873		171285	75234	16170			
57738		12628	68774	12796			
12830		98878	15162	16658			
16870		67477	99100	13593			
14221		227612	671535	12229			
56473		76681	56437	20345			
18128		16194	20128	233328			
19038		56744	15284	192193			
243914		16598	12984	217303			
57265		15939	21926	16952			
12494		20469	13025	16912			
268860		13040	58801	16909			
18682		226594	20296	54153			
54326		54199	17869	14282			
16816		12267	14595	21815			
14623		269823	12475	83433			
16206		74131	67951	11555			
22330		66869	233571	18054			
19283		224109	19332	213002			
50500		20852	59010	17060			
12505		13732		56485			
215819		100127111		268903			
57319		231386		11513			
68607		216869		22320			
18596		13733		104759			
13405		18173		18753			
16404		17533		56857			
14661		11745		17002			
20255		12493		108767			
81840		225027		22379			
110078		21813		231931			
98396		107350		15900			
232146		16859		68487			
14560		192654		106952			
14405		54353		74153			
116847		12960		70497			
329828		105855		21938			
16008		80719		11554			
22421		114584		67712			
29815		12490		12986			
27273		94176		23890			
27226		56470		15446			
216739		12495		381319			
140492		78816		68891			
69239		20302		72324			
12496		17872		56045			
19013		217353		259277			
13850		20540		26888			
219151		13057		12606			
16525		19696		11910			
170790		74211		193740			
75475		54354		17095			
11761		14972		21682			
14261		17087		20111			
106648		50778		76408			
13609		21897		11857			
26942		67220		12807			
14756		23833		26382			
64385		12370		14676			
94180		12362		104681			
69538		80891		211550			
14066		19128		24099			
17986		16854					
13602		17698					
19309		192187					
18217		15979					
228357		15001					
		16456					
