Astrocyte	ForebrainCholin	Microglia	Microglia_activation	Microglia_deactivation	Oligo
30956	67326	74211	228790	67246	240913
52538	11423	67477	14595	76408	11735
94180	83766	216991	11796	11513	68743
216739	433855	13733	12259	11555	11815
27360	14570	100182	12260	11576	11484
76187	27220	11656	12363	11629	227580
11541	12404	11690	20293	11727	18417
329828	72269	329154	20296	16952	12955
11668	12564	11745	20303	106952	13038
107747	26366	11810	20308	70497	13195
104776	57754	70719	56706	171207	13643
27494	68567	216869	12774	216445	74559
69538	80515	107350	12475	11857	338521
11761	12652	12010	12508	11910	53897
11829	12903	12262	12522	381319	14431
98660	12904	12267	12524	17060	14618
11932	73720	12362	12608	12229	50915
26362	13056	12370	99100	72691	227753
20893	114886	20302	12984	12796	73940
72014	72185	20305	13025	12335	66124
12411	13447	54199	15945	68891	71529
67896	13599	140497	66102	217303	16485
108686	15569	12490	20310	12489	67557
12444	14077	12493	13654	12506	225341
12494	14226	23833	23872	15985	14745
58187	76917	12514	14127	12606	16979
12759	11936	12628	14130	56708	17136
12830	14406	12655	14131	26888	17153
107869	14419	23845	20321	56644	17196
56448	14432	114584	73690	102545	84004
74519	14573	12835	80910	70031	17433
64385	14608	12721	15162	12978	17441
106648	14778	12960	15216	12986	17988
13123	14783	13036	15284	68964	29862
16007	27281	13040	15894	13051	18088
13138	50786	64138	15937	227929	14912
13175	16392	80281	65972	76088	50913
13371	80334	13057	70110	13593	213019
50781	213417	58861	16172	192193	102693
13527	16874	110956	16175	13713	72287
13618	16875	26377	16176	23871	211945
13649	22342	94176	16190	223433	67801
54326	16939	50498	16193	107373	18823
13731	218763	98878	16391	26382	18991
12496	72585	13732	57444	14247	68458
13850	17758	12495	108829	22379	19337
22350	66815	16456	21847	231931	94226
14066	17380	14129	16822	14676	18952
56473	140781	229499	16978	23890	27219
223254	78593	80891	26410	14960	105439
13998	80883	108101	17210	14998	100434
14184	18216	14159	171531	14991	20665
14221	229759	23880	208104	15212	56363
14230	13180	14537	17534	15242	72160
14261	18573	14594	69774	15446	103743
56188	78977	63986	73656	54486	21952
57265	19217	78816	68774	74096	66949
14366	69908	75612	17874	213002	70747
14400	75141	105348	17969	16154	22239
14560	19711	106512	17970	16155	
14600	228543	14824	17972	16170	
14619	19894	110006	18035	16331	
14623	102614	14961	18037	15900	
104174	20194	14972	80859	239217	
14633	20195	15001	233571	259277	
14735	282663	66775	671535	52855	
14756	212531	171285	547253	16792	
14813	20508	15163	80285	16819	
12950	63993	64209	18626	19141	
15483	103098	15277	18793	16909	
56741	20541	15439	56193	107321	
16008	66402	192232	58801	80877	
16011	20618	15936	19332	16970	
16404	216233	15939	74760	233328	
209378	20733	15979	19354	17002	
16525	20257	80719	74734	17095	
140492	29859	16164	19766	17110	
16779	71733	60504	24014	16658	
16816	20974	16194	75234	17159	
243914	20979	16197	56437	17305	
16870	20983	27056	12394	17476	
210126	21338	54396	67742	218203	
16206	57816	16414	18787	246177	
17035	50765	16477	55942	72560	
17304	21823	16598	23921	17952	
170790	19240	23849	20491	74039	
17909	22065	16768	65221	18054	
75541	103768	18826	67547	268903	
13004	57775	16859	207818	99543	
215819	56418	17001	12702	70839	
18217	22771	17084	20732	64099	
102644		17087	19073	30955	
23972		17096	20963	66857	
18508		17258	21354	224860	
229534		58805	21817	104759	
18596		17533	24088	72324	
69239		17698	21899	68507	
18679		17886	170743	16912	
18682		17912	72512	19253	
27226		17921	21926	15170	
18994		17948	21928	66824	
19013		17951	22019	54153	
19038		105855	20128	19731	
53412		224109	14605	19735	
116847		27355	67951	20111	
18760		18591	22228	20201	
19125		56744	22324	20202	
19206		18686	22695	20345	
19283		227696		98365	
110078		18707		104681	
19309		192654		67712	
19883		234779		107375	
225998		67220		56485	
13609		67448		56857	
70097		269823		53945	
219151		17872		50934	
20255		19079		69178	
20971		19128		54613	
68607		230257		27060	
12406		67103		21682	
108052		19264		21810	
57738		19271		21812	
20511		54354		21815	
20512		170791		230787	
55963		226594		211550	
76257		19696		21898	
98396		50778		231633	
54403		58809		68487	
53896		74131		21938	
58807		26943		24099	
57319		233186		83433	
81840		20469		217333	
20678		54353		74153	
20682		18173		54445	
13602		20540		22320	
81879		100127111		69922	
21808		219140			
21859		20375			
68385		14270			
192216		225027			
29820		192187			
66873		20852			
83925		70415			
50500		21391			
22329		21452			
22330		21803			
22339		21813			
22421		21897			
97064		107769			
22601		217353			
		227612			
		76681			
		94094			
		22368			
		22177			
		74048			
		11906			
