Basket	Bergmann	CerebGranule	Golgi	Microglia	Microglia_activation	Microglia_deactivation	Oligo	Purkinje
20315	232345	117606	68355	74211	11867	69068	68743	53313
16590	320770	12308	66952	11303	228790	67246	11815	108105
18208	320712	56410	11474	26357	11977	76408	11484	14025
231440	94180	18424	227580	67477	14595	11513	52502	65115
216233	26362	65971	54376	11491	11796	11554	18417	12291
66673	118452	22255	72269	11504	12259	11555	67102	56808
21419	29815		26366	216991	12260	11629	13195	12373
	72014		68567	13733	12363	11727	13643	12424
	12364		12705	14766	20293	16952	74559	12822
	21948		235415	100182	20296	106952	18606	110197
	58187		15569	11656	20303	70497	224794	13447
	57266		14257	11690	20308	171207	338521	13591
	56448		14573	329154	56706	216445	67731	13592
	64385		80888	11745	12774	11857	14431	98845
	13142		16619	11810	12475	11910	67092	100038347
	54326		56839	70719	53599	381319	14618	54120
	13731		74342	216869	12508	170752	118446	64337
	59056		72585	107350	12522	17060	14763	14805
	58238		105853	229600	12524	12229	50915	26558
	75823		66815	12227	12608	72691	227753	57295
	23876		18159	12262	99100	12796	68312	16000
	14184		69908	12267	60322	12335	73940	16009
	56188		19395	12362	12984	68891	77125	16012
	14623		50779	12369	13025	12488	67516	228550
	14632		282663	12370	15945	217303	19144	70357
	107022		24053	20302	66102	12489	14745	70810
	319158		75288	20305	20310	12506	17136	16873
	80876			54199	13654	15985	17433	380928
	16372			140497	13685	12606	17441	27206
	54352			12490	14127	56708	17988	18545
	66240			12493	14130	26888	18025	19051
	16816			23833	14131	56644	14912	19255
	243914			12514	14229	67213	50913	19279
	17242			12628	20321	102545	76477	67792
	17304			12655	14455	12978	213019	11854
	214944			23845	55932	12986	58869	20190
	17702			114584	229900	68964	211945	20513
	98932			12721	14538	13033	67801	20537
	109648			12960	14579	13051	18991	66106
	18217			19025	73690	20430	107272	20840
	74055			13032	80910	227929	223864	20957
	22038			13036	15162	76088	94226	21808
	19228			13040	15216	192193	66222	22065
	19301			64138	15284	13709	105439	53857
	19376			13057	15894	13713	100434	
	54409			58861	15937	23871	20665	
	19682			110956	65972	223433	20447	
	20195			26377	70110	107373	230157	
	219151			54004	71586	26382	103743	
	20971			81489	16145	14247	21930	
	108052			94176	16172	22379	66949	
	53896			19252	16175	14282		
	67847			67603	16176	14426		
	238257			50498	16193	231931		
	140765			13653	16391	14676		
	50500			98878	57444	23890		
	22341			13732	21847	14960		
	24117			12495	16600	14998		
				13822	16822	14991		
				80898	16978	15212		
				16456	17133	15242		
				210998	26410	54486		
				14129	17210	12807		
				229499	208104	193740		
				80891	17534	15511		
				108101	69774	74096		
				14159	73656	213002		
				23880	68774	16154		
				14537	17874	16155		
				100504486	17969	16331		
				14594	17970	15900		
				63986	17972	16403		
				78816	18035	16476		
				75612	80859	259277		
				105348	74091	52855		
				106512	15370	16792		
				14824	233571	16819		
				110006	671535	19141		
				14961	547253	107321		
				14972	80285	80877		
				15001	18626	16970		
				66775	56193	16971		
				171285	12795	233328		
				15163	58801	16988		
				64209	19219	17002		
				15439	19229	17095		
				192232	19332	17110		
				15936	74760	16658		
				15939	19354	17159		
				15979	19698	17289		
				80719	74734	17305		
				16164	19766	17390		
				60504	24014	17476		
				16194	56437	218203		
				16197	58185	246177		
				27056	12394	72560		
				54396	67742	27419		
				16414	18787	74039		
				16439	23921	18054		
				16477	65221	18129		
				16598	67547	268903		
				23849	207818	18186		
				16768	12702	99543		
				18826	20732	70839		
				19039	59010	64099		
				16859	19073	228026		
				14792	20887	30955		
				17084	20963	224860		
				17087	21354	18805		
				17096	21817	104759		
				58805	24088	140570		
				338467	21899	68507		
				17533	170743	16912		
				17698	73130	19253		
				17921	72512	15170		
				17948	21926	19277		
				17951	21928	66824		
				105855	21937	110095		
				224109	22019	19650		
				102644	22033	19732		
				94212	20128	67865		
				27355	14605	19735		
				243771	22146	20201		
				229534	67951	20202		
				18591	22323	24044		
				56744	22324	20345		
				18686	22695	19261		
				18689		98365		
				227696		100561		
				18707		104681		
				192654		20503		
				18783		67712		
				234779		107375		
				18950		71279		
				241274		56485		
				269823		56857		
				17872		53945		
				19128		50934		
				230257		69178		
				19224		20677		
				19264		56504		
				19271		54613		
				54354		236920		
				226594		27060		
				19696		21682		
				50778		21810		
				56470		21812		
				74030		21815		
				58809		230787		
				81910		211550		
				74131		21898		
				20397		231633		
				233186		68487		
				20469		21938		
				18173		24099		
				63959		30935		
				20540		83433		
				106878		217333		
				100127111		23999		
				219140		74153		
				20375		54445		
				66552		69922		
				225027		12193		
				70599				
				192187				
				20852				
				70415				
				16430				
				20947				
				21356				
				21391				
				21452				
				21803				
				21813				
				21897				
				142980				
				217353				
				66058				
				22022				
				76681				
				94094				
				22368				
				56338				
				22177				
				74048				
				67776				
				78889				
				11906				
