Astrocyte	DentateGranule	GabaSSTReln	Microglia	Microglia_activation	Microglia_deactivation	Oligo	Pyramidal Thy1 Hipp	Pyramidal
209378	109620	12823	110956	18035	70839	67801	16826	16826
75541	13660	14829	54673	57444	69922	71529	18227	18227
13527	18168	73173	12655	17210	72560	69993	19055	19055
17387	319670	72413	27056	547253	246177	18952	13179	13179
56376	13511	215303	17912	20491	17305	14618	18573	18573
20598	114249	69908	14594	12259	319880	74559	56742	56742
214359	18012	12554	210998	17534	15170	14912	66673	66673
77559	56720	224613	14270	22323	68964	70747	18133	18133
23972	21844	105727	74048	14130	76088	67971	11922	16590
29873	22068	15569	170791	19766	30955	17433	16590	140919
107747	19212	19281	26377	12524	64099	14745	140919	18162
76187	20908	14417	15439	18787	54445	20665	18162	14402
67896	170677	67464	107769	19073	68507	66949	14402	225642
13998	18295	114886	58805	20308	14991	17153	225642	54713
104174	20733	18231	21356	16172	17110	68743	54713	50766
52538		56808	105348	17970	17215	227753	50766	239405
102644		67792	12514	171531	230787	11484	239405	67405
14164		76527	18826	11796	56708	13038	67405	
114874		111970	23849	21928	14960	53897		
17304		229759	12010	18037	16819	240913		
98660		16010	329154	69774	70031	56356		
12759		20541	54396	20321	21812	105439		
30956		16502	15163	12774	228875	102693		
210126		16852	114601	16978	65112	103743		
14184		59012	18707	80859	16155	72287		
53896		12854	67448	67742	53945	13195		
18679		26458	63986	73690	12489	22239		
20511		18113	80281	16176	11629	338521		
58807		232370	64209	16193	66824	18417		
14813		23936	21452	16391	69178	17441		
72014		12300	16197	12394	14998	19215		
16007		18491	233186	21354	19141	211945		
53412		18548	15277	12702	21898	100434		
107869		20972	17084	12522	13051	73940		
14633		14675	16477	15216	15985	66124		
29820		13390	20375	22228	23871	17136		
18508		56089	94094	70110	216445	11815		
26362		19699	22177	26410	102545	68458		
17909		20370	14961	73656	24044	18088		
54381		11423	100182	20310	74039	11565		
16779		56468	230257	17133	13713	213019		
56448		380684	14159	72512	16154	72160		
97064		102614	26943	215449	19735	50913		
17920		19293	140497	22324	227929	27219		
18212		11682	18591	12508	27060	225341		
20971		20513	81489	66102	99543	56542		
30937		22348	11906	12575	17476	14431		
13649		16874	58809	74734	171207	94226		
56741		14729	14129	15894	80877			
13371		20604	14537	56193	19253			
20351		109648	16164	17969	11576			
55963		19894	21788	16822	239217			
27494		18155	16414	20963	11727			
56188		12224	17258	65972	17159			
14230		50706	110355	65221	117198			
20512			23880	23921	52855			
12950			70719	74760	74096			
108052			58861	24014	54613			
192216			60504	16190	107373			
76257			27355	17874	54486			
81879			21391	54720	217333			
11829			12262	14127	98365			
74519			17948	22019	56644			
68385			20305	12257	223433			
58187			11690	13654	20202			
20498			17096	14131	15212			
22329			17886	15945	16970			
83925			13036	67547	16331			
15483			216991	24088	15242			
19125			16768	21847	12335			
12411			21803	170743	21810			
13731			64138	20293	18805			
22350			234779	21899	107321			
66873			17951	71586	20201			
57738			50498	20732	231633			
12830			11656	22695	12506			
16870			14824	17972	14247			
14221			23845	16175	218203			
56473			108101	15937	16170			
18128			229499	12608	12796			
243914			106512	108829	16658			
57265			110006	208104	13593			
12494			171285	21817	12229			
18682			12628	80910	20345			
66277			98878	20303	233328			
54326			67477	12363	192193			
16816			227612	207818	217303			
14623			76681	75234	16952			
16206			16194	74091	16912			
19283			56744	108673	19731			
50500			16598	68774	16909			
12505			15939	15162	54153			
14766			20469	99100	14282			
57319			226594	671535	21815			
68607			54199	60322	72691			
18596			12267	56437	83433			
106861			269823	20128	11555			
16404			22368	15284	18054			
14661			74131	12984	213002			
20255			19264	13025	17060			
116701			224109	58801	56485			
81840			227696	20296	11513			
98396			20852	17869	22320			
22339			75612	14595	104759			
232146			13732	12475	18753			
14560			100127111	19697	56857			
12654			216869	67951	17002			
14405			13733	18626	22379			
116847			18173	55942	231931			
329828			17533	233571	15900			
16008			11745	19332	68487			
11932			12493	59010	106952			
29815			225027		74153			
27273			21813		70497			
27226			19224		21938			
216739			107350		67712			
140492			16859		12986			
69239			192654		23890			
12496			54353		15446			
19013			12960		381319			
13850			105855		68891			
219151			20195		72324			
170790			80719		56045			
75475			114584		259277			
11761			12490		26888			
14261			94176		12606			
106648			56470		11910			
13609			12495		17095			
14756			78816		21682			
64385			20302		20111			
94180			17872		76408			
69538			217353		11857			
14066			20540		26382			
17986			13057		14676			
19309			19696		104681			
18217			74211		211550			
19682			54354		24099			
228357			14972					
			17087					
			50778					
			21897					
			67220					
			23833					
			12370					
			22751					
			12362					
			80891					
			19128					
			16854					
			17698					
			192187					
			15979					
			15001					
			16456					
