Astrocyte	Microglia	Microglia_activation	Microglia_deactivation	Noradrenergic	Oligo
209378	110956	18035	70839	12311	21952
225998	12655	57444	69922	93843	67801
75541	27056	17210	72560	17957	66066
12406	17912	547253	16792	20974	17196
12444	192232	20491	246177	59093	71529
20682	14594	12259	17305	140723	69993
21859	14270	17534	15170	12484	18952
27360	74048	14130	68964	19417	14618
23972	170791	19766	76088	69908	74559
107747	26377	12524	30955	12554	14912
76187	15439	18787	64099	75745	70747
67896	107769	19073	54445	14528	17433
13998	58805	20308	50934	18549	17988
104174	105348	16172	68507	17755	14745
102644	12514	17970	14991	68567	20665
17304	18826	171531	17110	23964	66949
98660	23849	11796	230787	17263	17153
12759	12010	21928	68750	235281	68743
30956	329154	12260	56708	64242	227753
11541	54396	18037	14960	23969	11484
210126	15163	69774	16819	94332	192657
13175	18707	20321	70031	20194	53897
14184	67448	12774	21812	15569	240913
53896	63986	16978	16155	13723	67516
20511	80281	80859	53945	20450	105439
58807	64209	67742	12489	14706	103743
14813	16197	73690	224860	53886	72287
70097	233186	16176	17952	57740	22239
72014	15277	16193	12978	76917	338521
16007	17084	12394	11629	21823	50915
104776	16477	56706	66824	12653	227580
53412	17001	21354	69178	11928	29862
107869	20375	12702	14998	100503659	18417
14633	94094	12522	19141	11440	17441
29820	22177	15216	21898	16511	19215
18508	14961	22228	13051	108013	211945
18760	100182	70110	15985	20538	100434
22601	230257	26410	23871	17161	13643
26362	14159	73656	216445	14432	73940
14314	26943	20310	102545	229706	66124
18994	140497	19354	74039	103768	17136
19206	18591	72512	13713	13166	19337
21808	19079	80285	16154	114886	18991
16779	11906	22324	19735	72269	11815
13618	58809	12508	67865	12564	68458
56448	14129	66102	227929	26949	18088
97064	14537	74734	27060	20257	11565
54403	16164	15894	114249	20965	213019
16011	21788	56193	99543	56526	20408
20971	16414	17969	17476	170571	50913
13649	17258	16822	171207	56808	16979
56741	19271	20963	80877	66797	27219
13371	23880	65972	19253	13829	225341
55963	70719	65221	11576	65255	94226
229534	58861	23921	239217	16728	
27494	60504	74760	11727	20927	
56188	27355	24014	17159	12310	
14230	15936	16190	52855	78593	
20512	21391	17874	74096	80883	
12950	12262	14127	54613	246048	
108052	17948	22019	107373	20983	
14114	20305	13654	54486	19240	
192216	11690	14131	217333	14419	
76257	17096	15945	98365	20452	
20678	17886	67547	56644	13483	
81879	13036	24088	223433	22152	
11829	216991	21847	20202	14783	
74519	16768	14605	15212	14226	
68385	21803	170743	16970	14867	
58187	64138	20293	16331	56523	
13123	234779	21899	15242	75352	
22329	17951	20732	12335	14950	
83925	50498	22695	21810	11516	
15483	11656	17972	107321	229722	
13004	14824	16145	20201	100303646	
19125	23845	16175	17684	110876	
12411	108101	15937	231633	19662	
13731	229499	12608	12506	12294	
22350	106512	108829	14247	18082	
66873	110006	208104	218203	22342	
57738	219140	21817	16170	60597	
12830	171285	80910	12796	57775	
16870	12628	20303	16658	69574	
14221	67477	12363	13593	545192	
56473	227612	207818	12229	65254	
19038	76681	75234	20345	17758	
234356	16194	68774	233328	12652	
243914	56744	15162	192193	20908	
57265	16598	99100	217303	226180	
12494	15939	671535	16952	67451	
18682	20469	56437	16912	18481	
54326	13040	20128	19731	67295	
16816	226594	15284	16909	20618	
14623	54199	18793	54153	12933	
16206	12267	12984	14282	319317	
19283	17921	21926	21815	23934	
50500	269823	13025	72691	170677	
12505	74131	58801	83433	18548	
57319	19264	20296	11555	20254	
68607	224109	14595	18054	110058	
18596	227696	12475	213002	104886	
20255	20852	67951	17060	18616	
81840	13732	18626	56485	27220	
110078	100127111	55942	268903	17116	
98396	216869	233571	11513	13056	
22339	18173	19332	22320	11859	
232146	17533		104759	11423	
14560	11745		18753	80334	
14405	12493		56857	14077	
116847	225027		17002	14778	
329828	21813		22379	380684	
16008	107350		231931	19275	
11932	16859		15900	13386	
22421	192654		68487	19711	
29815	54353		106952	83766	
27273	12960		74153	21419	
27226	11810		70497	12716	
216739	66775		21938	60510	
140492	105855		11554	104010	
69239	80719		107375	13426	
12496	114584		67712	243328	
19013	12490		12986	52331	
13850	94176		23890	50782	
219151	12495		15446	20733	
16525	78816		381319	18039	
170790	20302		68891	66815	
223254	17872		259277	71733	
20893	217353		26888	19894	
26938	20540		12606	23893	
11761	13057		11910	53870	
14261	19696		17095	20606	
106648	74211		21682	14570	
13609	54354		20111	53322	
14756	14972		76408	103098	
64385	17087		11857	12659	
94180	50778		26382	22065	
69538	21897		14676	13180	
14066	67220		104681		
13602	23833		211550		
19309	12370		24099		
	12362				
	80891				
	19128				
	16854				
	17698				
	192187				
	15979				
	15001				
	16456				
