Astrocyte	Microglia	Microglia_activation	Microglia_deactivation	Oligo	SpinalCordCholinergic
30956	74211	228790	67246	240913	73737
268860	67477	14595	76408	68743	66952
94180	216991	11796	11513	11484	239435
216739	13733	12259	11554	69993	11423
27360	100182	12260	11555	18417	75986
76187	11656	12363	11576	13195	433855
11541	11690	20293	11629	13643	12306
329828	329154	20296	11727	338521	11746
11639	11745	20303	16952	53897	14570
107747	11810	20308	106952	14618	70317
104776	70719	56706	70497	14696	65115
27494	216869	12774	171207	227753	381356
69538	107350	12475	216445	66124	12294
11761	12010	12508	11857	71529	12310
11829	12262	12522	11910	67557	116903
98660	12267	12524	381319	225341	140904
11932	12362	12608	17060	14745	27220
26362	12370	99100	12229	17136	12404
29815	20302	12984	72691	17433	215814
72014	20305	13025	12796	17441	215707
12411	54199	15945	12335	17988	24047
67896	140497	66102	68891	29862	12484
108686	12490	20310	217303	67149	13136
12444	12493	13654	12489	18088	72269
12494	23833	14127	12506	14912	104010
12505	12514	14130	15985	50913	170677
58187	12628	14131	12606	213019	69065
12759	12655	20321	56708	102693	80515
12830	23845	73690	26888	211945	12652
107869	114584	80910	56644	67801	246048
56448	12721	15162	102545	18991	12716
74519	12960	15216	70031	68458	74438
64385	13036	15284	12978	19337	170571
106648	13040	15894	12986	94226	66915
13123	64138	15937	68964	27219	12891
16007	80281	65972	13051	20408	73720
13138	13057	70110	227929	105439	13056
13175	58861	16145	76088	20665	13347
13371	110956	16172	13593	56471	13829
13405	26377	16175	192193	72160	226162
13527	94176	16176	13713	21952	13483
13618	50498	16190	23871	66949	15569
13649	98878	16193	223433	70747	14077
54326	12495	16391	107373	22153	14172
13731	16456	57444	26382		14226
12496	14129	108829	14247		57780
13850	229499	21847	22379		14406
22350	80891	16822	231931		14675
14066	108101	16978	14676		64337
56473	14159	26410	23890		14778
223254	23880	17210	14960		56541
14114	14537	171531	14998		15165
13998	14594	17534	14991		56016
14184	63986	69774	15212		15405
14221	78816	73656	15242		15413
14230	105348	68774	15446		15426
14261	106512	17874	54486		50786
56188	14824	17969	74096		15507
57265	110006	17970	213002		80888
14400	14961	17972	16154		16373
14405	14972	18035	16155		16392
14560	15001	80859	16170		107250
14623	171285	233571	16331		16511
104174	15163	671535	15900		211480
14633	64209	547253	239217		16527
14756	15277	80285	259277		16728
195733	15439	18626	52855		16852
14813	192232	18793	16792		22342
12950	15936	56193	16819		102747
15483	15939	58801	16909		23936
56741	15979	19332	107321		29857
16008	80719	74760	80877		70717
16011	16164	19354	16970		17395
209378	60504	74734	233328		56309
16443	16194	19766	16985		380684
140492	16197	24014	17002		18039
16816	27056	75234	17095		18040
210126	54396	56437	17110		54003
16206	16414	12394	16658		78688
17304	16477	67742	17159		18162
170790	16598	18787	17305		78593
17909	23849	23921	17476		80883
75541	16768	20491	218203		67405
13004	16859	65221	246177		12695
18128	17001	67547	72560		66425
18212	17084	207818	17952		64058
18217	17087	12702	74039		227733
102644	17096	20732	18054		78977
23972	17258	19073	114249		19132
18508	58805	20963	268903		19142
229534	17533	21354	99543		75668
18596	17886	21817	70839		19711
27273	17912	24088	64099		50782
69239	17921	21899	30955		228543
18679	17948	170743	224860		19894
18682	17951	72512	104759		239405
27226	105855	21926	68507		20191
18994	224109	21928	16912		20194
19013	27355	22019	19253		20265
19038	18591	20128	15170		20346
116847	56744	22228	66824		50795
18760	18686	22324	54153		212531
19125	227696	22695	67865		140919
19206	18707		19735		20508
19283	192654		20111		243328
110078	234779		20201		103098
225998	67220		20202		66402
13609	67448		20345		20618
70097	269823		98365		20745
219151	17872		104681		20750
20255	19128		67712		76650
20971	230257		107375		52331
12406	19264		56485		20257
108052	19271		56857		29859
57738	54354		53945		71733
20511	170791		50934		20983
20512	226594		69178		72148
55963	19696		54613		57816
76257	50778		27060		19240
98396	56470		21682		21987
54403	58809		21810		22045
53896	74131		21812		24111
58807	26943		21815		22317
57319	233186		230787		69847
81840	20469		211550		56418
20678	18173		21898		
26938	20540		231633		
81879	100127111		68487		
21808	219140		21938		
21859	20375		83433		
68385	14270		217333		
192216	225027		74153		
214359	192187		54445		
29820	20852		22320		
66873	70415		69922		
50500	21391				
22329	21803				
22339	21813				
97064	21897				
22601	107769				
	217353				
	227612				
	76681				
	94094				
	22368				
	22177				
	74048				
	11906				
