Astrocyte	ForebrainCholin	Microglia	Microglia_activation	Microglia_deactivation	Oligo	Spiny
72792	73737	74211	11977	69068	240913	11472
30956	11423	67477	14595	67246	68743	11847
106861	14570	216991	11796	76408	11815	244867
52538	27220	13733	12259	11513	11484	59046
94180	72269	100182	12260	11555	104445	108100
216739	64085	11656	12363	11576	18417	14025
68738	66423	11690	20293	11629	12955	58208
27360	12904	329154	20296	11727	13038	12296
14766	13008	11745	20303	16952	13195	12323
76187	72185	11810	20308	106952	74559	235604
11541	13599	171504	56706	70497	338521	73420
329828	14226	70719	12774	171207	53897	108699
11639	76917	216869	12475	216445	14431	77590
11668	14419	107350	12508	11910	14618	12716
107747	14573	12010	12522	381319	56356	12810
104776	14702	229600	12524	17060	50915	13395
27494	14706	12227	12608	12229	227753	73712
69538	14778	12262	99100	72691	73940	13829
11761	15507	12267	60322	12796	66124	208618
216190	80888	12362	12984	12335	16763	14169
11829	213417	12370	13025	68891	225341	108655
98660	16874	20302	15945	217303	14745	14403
11932	16875	20305	66102	12489	17136	64378
26362	66815	54199	20310	12506	17153	15444
72014	18053	140497	13654	15985	17196	15930
12411	78593	12490	14127	12606	84004	228550
67896	18216	12493	14130	56708	17433	16438
12494	13180	23833	14131	26888	17441	545156
58187	18548	12514	20321	56644	17988	16493
12759	18768	12628	14455	67213	67149	16497
12830	78977	12655	73690	102545	18088	226922
74114	19217	75458	80910	70031	14912	76161
29873	19711	23845	15162	12978	50913	380928
107869	228543	114584	15216	12986	213019	17536
56448	20195	12835	15284	68964	102693	140781
74519	20508	12721	15894	13051	72287	17919
64385	63993	433375	15937	227929	211945	18039
106648	66402	12960	65972	20148	67801	18040
13123	20618	13036	70110	76088	18823	18143
16007	20257	13040	71586	13593	68458	64011
13138	71733	64138	16145	192193	94226	18197
13175	21338	80281	16172	13709	18952	66425
13371	22065	13057	16175	13713	27219	23984
50781	22248	58861	16176	23871	105439	18574
13527	22771	110956	16190	223433	100434	29863
13618		26377	16193	107373	20665	56012
216616		81489	57444	26382	21827	20620
13649		94176	21847	14247	56363	19049
54326		67603	16822	22379	72160	19259
13731		50498	16978	14282	103743	104886
12496		98878	17133	231931	66949	67295
13850		13732	26410	14676	70747	217371
13860		12495	17210	23890	22239	218772
232146		80898	171531	14960		268859
22350		23943	208104	14998		52897
14066		16456	17534	14991		232441
76267		14129	69774	15212		67792
56473		229499	73656	15242		19739
58238		80891	68774	15446		225870
223254		108101	17874	54486		20183
14114		14159	17969	74096		110876
13998		23880	17970	213002		57138
14164		14537	17972	16154		22348
14182		14594	18035	16155		237761
14184		63986	18037	16170		20451
14221		78816	80859	16331		104027
14230		105348	74091	15900		72003
14261		106512	233571	239217		72309
56188		14824	671535	259277		57775
57265		110006	547253	52855		
14366		14961	80285	16792		
14400		14972	18793	16819		
14405		15001	56193	19141		
14451		66775	12795	107321		
14560		171285	58801	80877		
14600		15163	19332	16970		
14609		64209	74760	233328		
14619		15277	19354	17002		
14623		15439	19697	17095		
104174		192232	74734	17110		
14633		15936	19766	16658		
14756		15939	24014	17159		
64297		15979	56437	17215		
14813		80719	58185	17305		
14862		16164	12394	17476		
12950		60504	67742	218203		
15483		16194	18787	246177		
15903		16197	23921	72560		
56741		236790	20491	17952		
16008		27056	65221	74039		
16011		54396	67547	18018		
16324		16414	207818	18054		
16404		16477	12702	268903		
209378		16598	20732	99543		
140492		23849	19073	70839		
16562		16768	20963	64099		
16779		18826	21354	30955		
16816		16854	21817	18805		
243914		16859	24088	104759		
16870		17001	21899	140570		
30937		17084	170743	68507		
210126		17087	72512	18753		
16206		17096	21926	16912		
17035		58805	21928	19253		
11426		17533	21937	15170		
70083		17698	22019	66824		
17304		17886	22033	54153		
56615		17921	20128	19650		
170790		17948	14605	67865		
17387		17951	22146	20111		
17909		105855	67951	68750		
17920		106582	22228	20201		
67111		224109	22324	20202		
75541		94212	22695	24044		
13004		27355		20345		
17986		18591		98365		
18028		56744		104681		
215819		18686		67712		
58237		227696		107375		
18128		18707		56485		
67122		192654		56857		
18212		18783		53945		
18217		234779		50934		
102644		67220		69178		
75475		67448		56504		
23972		269823		54613		
18508		17872		27060		
18596		19079		21682		
27273		19128		21810		
69239		230257		21812		
18679		67103		21815		
18682		19224		230787		
27226		19264		211550		
26432		54354		21898		
19013		226594		319880		
19038		19696		231633		
53412		50778		68487		
116847		56470		170706		
18760		74030		21938		
19125		58809		24099		
19249		74131		83433		
19283		233186		217333		
110078		20469		74153		
19309		18173		54445		
114713		20540		22320		
74013		100127111		69922		
13650		219140				
225998		20375				
13609		14270				
70097		225027				
219151		192187				
20255		20852				
20971		21356				
20351		21391				
68607		21452				
12406		21788				
20498		21803				
108052		21813				
57738		228839				
20511		21897				
20512		107769				
55963		217353				
76257		57259				
98396		227612				
232333		76681				
53896		94094				
26941		22368				
58807		22177				
319757		74048				
20598		78889				
57319		11906				
20652						
81840						
223227						
20678						
26942						
13602						
20787						
20917						
81879						
21808						
21859						
68385						
192216						
214359						
29820						
66873						
50500						
22329						
22330						
22339						
22421						
97064						
