Astrocyte	Ependymal	Microglia	Microglia_activation	Microglia_deactivation	Oligo
209378	108000	12655	547253	72560	21952
225998	57444	27056	20491	246177	67149
75541	12316	192232	17534	17305	74257
214359	140723	14594	14130	15170	67801
21859	12484	14270	12524	68964	18557
23972	75745	74048	18787	76088	18762
107747	17755	26377	20308	30955	71529
76187	108907	107769	17970	64099	14038
67896	24001	58805	171531	54445	11735
104174	21973	21356	11796	50934	56363
14164	13395	105348	21928	68507	18952
19737	73804	12514	18037	14991	14618
98660	15569	18826	69774	230787	74559
12759	20450	23849	12774	56708	14912
30956	14417	329154	80859	14960	70747
210126	75426	15163	67742	16819	17433
14600	240726	18707	73690	70031	17988
14184	17932	67448	16193	16155	14745
53896	107932	63986	16391	53945	20665
20511	111970	80281	12394	12489	68743
58807	19240	70415	12702	224860	67557
14813	93686	16197	15216	17952	11484
72014	107995	233186	70110	11629	192657
16007	170753	15277	26410	69178	53897
107869	68014	16477	73656	14998	70025
14633	27528	17001	20310	21898	252864
29820	20666	20375	19354	15985	105439
26362	142682	94094	72512	23871	13195
21808	66953	100182	22324	216445	16485
16779	13392	14159	66102	102545	338521
56448	13193	26943	74734	74039	50915
97064	20419	140497	17969	13713	17758
54403	58208	18591	16822	16154	29862
142980	215387	14129	20963	227929	18417
13649	68612	433256	65972	27060	17441
56741	217653	14537	65221	114249	211945
57257	74194	16164	23921	171207	66124
13371	12479	16414	74760	19253	83671
50781	13390	17258	16190	11576	17136
20351	229473	19271	17874	239217	19337
55963	66686	23880	14127	11727	66959
14230	12890	70719	22019	17159	18991
20512	17345	58861	15945	52855	11815
12950	107934	60504	67547	74096	68458
108052	229841	27355	24088	54613	213019
192216	68616	21391	21847	107373	72160
76257	12458	17948	170743	54486	22153
81879	13008	12721	20293	217333	50913
11829	20878	20305	20732	98365	27219
195733		17096	22695	56644	225341
74519		17886	17972	223433	14431
11606		13036	16175	16970	94226
14619		216991	15937	16331	
68385		16768	12608	15242	
58187		21803	21817	12335	
13123		234779	80910	21810	
22329		17951	12363	107321	
15483		50498	207818	12506	
19125		23845	75234	14247	
12411		229499	68774	218203	
14400		106512	15162	16170	
66873		219140	671535	12796	
57738		171285	56437	16658	
12830		12628	20128	13593	
16870		98878	15284	12229	
14221		67477	12984	233328	
56473		76681	21926	192193	
19038		16194	13025	217303	
57265		56744	58801	16952	
12494		15939	20296	16912	
18682		20469	14595	16909	
54326		226594	67951	54153	
16816		12267	233571	21815	
14623		17921	19332	72691	
16206		269823		83433	
22330		22368		11555	
50500		74131		213002	
57319		224109		56485	
18596		20852		22320	
16404		13732		104759	
20255		216869		17002	
81840		13733		231931	
110078		18173		68487	
98396		17533		106952	
22339		11745		74153	
14560		12493		70497	
14405		107350		21938	
116847		16859		12986	
329828		192654		15446	
16008		12960		381319	
11932		80719		68891	
27226		114584		72324	
216739		12490		259277	
140492		94176		26888	
69239		56470		17095	
12496		12495		21682	
19013		78816		20111	
13850		217353		76408	
219151		20540		11857	
16525		13057		69780	
170790		19696		26382	
11761		74211		14676	
14261		54354		24099	
106648		17087			
13609		21897			
14756		67220			
64385		23833			
94180		12370			
14066		12362			
19309		19128			
18217		192187			
66725		15001			
		16456			
