Astrocyte	GabaReln	Hypocretinergic	Microglia	Microglia_activation	Microglia_deactivation	Oligo	ThalamusCholin
30956	234797	76770	74211	228790	67246	240913	66952
52538	107831	14570	67477	11977	76408	68743	620078
94180	100303646	54140	216991	14595	11513	11815	12297
216739	11847	54376	13733	11796	11554	11484	320405
27360	244867	12425	100182	12259	11555	18417	110834
76187	12289	12565	11656	12260	11576	74559	56066
11541	12291	68567	11690	12363	11629	338521	227929
77559	56808	12683	329154	20293	11727	53897	13591
329828	12300	12922	11745	20296	16952	14431	74053
11639	94332	13386	11810	20303	106952	14618	15564
107747	72269	13447	70719	20308	70497	66066	16372
27494	170677	14528	216869	56706	171207	227753	16373
69538	11440	103988	107350	12774	216445	73940	54352
11761	235415	14778	12010	12475	11857	66124	70357
11829	14408	15114	12262	12508	11910	71529	16531
98660	14409	15171	12267	12522	381319	225341	17311
11932	14417	15372	12362	12524	17060	14745	218763
26362	14462	56534	12370	12608	12229	17136	17116
72014	14799	16009	20302	99100	72691	17433	53608
12411	15165	16493	20305	60322	12796	17441	17380
67896	16000	80334	54199	12984	12335	14912	140781
108686	16438	16939	140497	13025	68891	50913	56846
12444	16502	105853	12490	15945	217303	213019	18012
12494	72413	64242	12493	66102	12489	211945	230899
58187	14160	67405	23833	20310	12506	67801	18227
12759	16869	18216	12514	13654	15985	68458	207728
12830	109594	18548	12628	14127	12606	94226	20349
234356	17263	18610	12655	14130	56708	18952	212531
29873	11819	69908	75458	14131	26888	27219	20508
107869	18195	228543	23845	20321	56644	105439	20618
56448	18424	192199	114584	14538	67213	100434	216233
74519	231440	20194	12721	73690	102545	20665	66042
64385	59093	13162	12960	80910	12978	72160	20686
106648	219257	20733	13036	15162	12986	103743	20606
13123	93892	22045	13040	15216	68964	21952	21334
16007	26875		64138	15284	13051	66949	21414
13138	18155		80281	15894	231871		104271
13175	170826		13057	15937	76088		21928
13371	19281		58861	65972	192193		22178
50781	19699		110956	70110	13709		22774
13527	102614		26377	71586	13713		
13618	20192		81489	16172	23871		
13649	214189		94176	16175	223433		
54326	20370		50498	16176	107373		
13731	20527		13732	16190	26382		
12496	94229		12495	16193	14247		
13850	229706		80898	16391	231931		
232146	319317		16456	57444	14676		
22350	66970		14129	108829	23890		
14066	21338		229499	21847	14960		
56473	21349		80891	16822	14998		
223254	23964		108101	16978	14991		
13998	21955		14159	26410	15212		
14182	22255		23880	17210	15242		
14184			14537	171531	15446		
116701			14594	208104	54486		
14221			63986	17534	193740		
14230			78816	69774	74096		
14261			105348	73656	213002		
56188			106512	68774	16154		
57265			14824	17869	16155		
14366			110006	17874	16170		
14405			14961	17969	16331		
14560			14972	17970	15900		
14619			15001	17972	239217		
14623			66775	18035	259277		
104174			171285	18037	52855		
14633			15163	80859	16792		
14756			15277	74091	16819		
14813			15439	233571	19141		
12950			192232	671535	107321		
15483			15936	547253	80877		
56741			15939	80285	16970		
16008			15979	18626	233328		
16011			80719	18793	17002		
16404			16164	56193	17095		
209378			60504	58801	17110		
16443			16194	19332	16658		
66277			16197	74760	17159		
16779			27056	19354	17215		
16816			54396	19697	17260		
243914			16414	74734	17305		
30937			16477	19766	17476		
210126			16598	24014	218203		
16206			23849	75234	246177		
228357			16768	12394	72560		
17304			18826	67742	17952		
170790			16859	18787	18054		
17909			17001	23921	114249		
17920			17084	20491	268903		
75541			17087	65221	99543		
13004			17096	67547	70839		
17986			17258	207818	64099		
18028			58805	170625	30955		
215819			17533	12702	224860		
58237			17698	20732	18805		
18128			17886	19073	104759		
67122			17912	20963	72324		
18212			17921	21817	16912		
18217			17948	24088	19253		
102644			17951	21899	15170		
75475			105855	170743	66824		
23972			224109	72512	54153		
18508			27355	21926	20111		
229534			18591	22019	20201		
18596			56744	20128	20202		
27273			18686	14605	24044		
56376			227696	12257	20345		
69239			18707	67951	98365		
18679			192654	22228	104681		
18682			234779	53376	67712		
27226			67220	22324	107375		
19013			67448	22695	56485		
19038			269823		56857		
53412			17872		53945		
116847			19079		50934		
18760			19128		69178		
19125			230257		54613		
19283			67103		27060		
110078			19224		21682		
19737			19264		21810		
13609			19271		21812		
70097			54354		21815		
219151			170791		230787		
20255			226594		211550		
20971			19696		21898		
68607			50778		319880		
12406			74030		231633		
20498			58809		68487		
108052			74131		21938		
57738			26943		24099		
20511			233186		83433		
20512			20469		217333		
55963			54353		74153		
76257			18173		54445		
98396			20540		22320		
54403			100127111		69922		
53896			219140				
58807			20375				
57319			14270				
20652			225027				
81840			192187				
20682			20852				
13602			70415				
81879			21391				
21859			21452				
68385			21803				
192216			21813				
214359			21897				
29820			107769				
66873			217353				
83925			57259				
50500			227612				
22329			76681				
22330			94094				
22339			22177				
22421			74048				
97064			11906				
