Tlcd1 6.28771748452427 0.629778231496184 0.664887642075919
Aldh1a1 5.94418660083671 0.428986264395503 0.35989528063715
Ntsr2 5.86996828119826 0.702057858924181 0.709516054623983
Itih3 5.83117962210994 0.394334671098571 0.205054646563401
Ttpa 5.73464437361748 0.733657780441773 0.638523229530089
Wif1 5.73047570930866 0.714909426947837 0.081880290080188
Sox2 5.68988836543965 0.428797087606397 0.382343301126242
Mgst1 5.58537329578404 0.528236101251702 0.348191157276625
S100b 5.53655211261501 0.252591575965097 0.227401701775764
Elovl2 5.46617042343109 0.662689375783228 0.684021836356799
Gdf10 5.4641571471216 0.379664631520441 -0.0801410489321484
Gpm6b 5.36277044284128 0.198174242533068 0.104076877292232
Fxyd1 5.3420493446642 0.745943987054074 0.731494208337617
Efhd1 5.3049391053435 0.346850092971467 -0.0739476477828525
Tril 5.21934538397761 0.413900993308638 0.102516196993768
Cldn10 5.1677748234295 0.74423804543729 0.707239973261723
Gjb6 5.1491332069859 0.68961456780727 0.620913189385644
Fabp7 5.11375296451311 0.356124114227992 0.298846370328739
Gpr37l1 5.02426575076739 0.230000005559306 0.326511087305811
Aqp4 5.01915408500759 0.319548428372738 0.0742452798348792
Gria1 5.01751257573164 -0.070110384197557 -0.0449625022546102
Cyp2j9 4.99961313120683 0.500109389955522 0.455036260067419
Slc14a1 4.96664273532309 0.67319925459833 0.533121079840508
Cxcl14 4.9013372740721 0.716549412392836 0.722431609578464
Pdlim4 4.89450917862701 0.752715333724772 0.784280875754992
Lxn 4.89353292935371 0.508765487360237 0.527193671091643
Mal 4.88671285221034 0.195857254965619 0.425478437609066
Gnb4 4.88560643055077 0.56972540767146 0.601035313966644
Cdc42ep4 4.85841696929152 0.567859515882506 0.542431656665734
Mlc1 4.84971346348716 0.459285867717143 0.369624004192378
Cebpd 4.80788654310405 0.624578089022703 0.602372948708703
Plekhb1 4.79114467536145 0.222934490170038 0.441936361345371
Mt2 4.75553708976034 0.389313354777188 0.37849412046234
Dao 4.73520234130919 0.681632468795609 0.63082204956126
Hk2 4.73212266530913 0.607979719330904 0.172069347382287
Tnfaip8 4.70871157112567 0.727570432038248 0.533009831923654
Atp1a2 4.69820328841232 0.289343405750928 -0.147453139835686
Cacng5 4.69362113339727 0.408717862377174 0.0542690034409926
Timp4 4.6854895736978 0.233476587413487 0.0976328723739143
Vim 4.67503455216741 0.243603396920546 -0.0508385305554854
Fam227b 4.66963462755297 0.713791333409558 0.674291936946977
Hsd11b1 4.65842429885887 0.551561374672455 0.726620616949786
Id4 4.61371448811444 0.366664663831358 0.131555684412558
Gramd3 4.56973408300676 0.664840080245135 0.408070277245783
Acsbg1 4.55365799735005 0.572359817509797 0.166824184475238
F3 4.54650855310374 0.524182754310201 0.337815099956717
Efs 4.54354656560762 0.581517165577123 0.290003187610677
Rab34 4.54266932417729 0.578837800552574 0.606345599175271
Fgfr3 4.53159148224883 0.68610170547786 0.675979460038026
Plp1 4.52594730987186 0.110336627112682 0.316921607927448
Apoe 4.49323832682557 0.325068955913355 0.0795290989881965
Slc1a3 4.48834312408028 0.324660886750561 -0.15219595223783
Pla2g16 4.48199426430083 0.361310789145318 0.188407254053583
Baalc 4.47214176182008 0.776871316962732 0.771389884137567
Cdc42ep1 4.44134737696766 0.569573183780223 0.531173169917371
Scrg1 4.43233974243919 0.530239924868801 0.215259795447166
Pmp22 4.41987507510765 0.34583351662041 0.0534176687585902
Gas1 4.40366140357413 0.421125840889427 0.0427762787749071
Cryab 4.36995617826767 0.101367572381471 0.421814422157339
Lcat 4.36287653919268 0.589012394989634 0.227319101763418
Gja1 4.3506366374305 0.179720957474916 -0.170993329414026
Emp2 4.32667508709033 0.73204180073092 0.678804926381658
Sash1 4.32093796782918 0.411943064084297 0.318434681511233
Clic4 4.31780540849183 0.248193300145647 0.344588977470603
Pla2g7 4.3161407661257 0.409132764306775 0.165234732774205
A2m 4.30191023907146 0.612121365192084 0.420326476938745
Kcnj10 4.29579534391411 0.13524420434017 -0.164853776725817
Tmem30b 4.28041086832919 0.588024004349535 0.502813949605177
S100a6 4.26841002629563 0.455774933961776 0.0981931425178475
Metrn 4.2657341749571 0.530218091679769 0.558690908109124
Gstm1 4.26182188276383 0.377716271044358 0.183310477668073
Aard 4.2594479473028 0.602160738855771 0.522331553571658
Wwtr1 4.22706237211021 0.255488180342148 0.356609021674504
Mbp 4.21729469841602 0.022561479288855 0.193314724365087
Sdc4 4.2006528667879 0.650505328881307 0.544933125578724
Slc7a10 4.19985057087936 0.667157143337349 0.640473356239544
Spag5 4.19386689572103 -0.243306214542154 -0.274116228663131
Gabrb1 4.17906578492969 0.456099025738439 0.139383590381833
Pltp 4.16175791139256 0.50864769430171 0.505729714282236
S100a11 4.12687133416712 0.739185301526752 0.764432036558993
Mmd2 4.1244228474349 0.39197514745068 0.290350015415056
0610040J01Rik 4.1229038120675 0.64832758111407 0.318147167797192
Smpdl3a 4.09645904904276 0.550079376064901 0.472030223610346
Hist1h2bc 4.09148599071807 0.316030621202859 0.457869885329564
Casp12 4.07851299951158 0.745927885629533 0.502722333709002
Cd70 4.07451685669954 0.762484583892989 0.678682652443632
Npy 4.06113303442688 0.741960250569844 0.717011794427188
Evi2a 4.05299569959363 0.283680504862047 0.509410787789385
Hpgd 4.0480623687813 0.632827903637385 0.715241219910287
Ramp2 4.03782176608576 0.728542296451925 0.48733594162961
Scara3 4.03551935937561 0.784169569642427 0.68999325903506
Fam181b 4.02574582690937 0.749520677966448 0.677026071851246
Plce1 4.01335622254653 0.620409482056638 0.517924180434614
Plpp3 4.00890913050257 0.303728048513136 -0.174737399404804
Mdk 3.98938287380492 0.659779227101216 0.58203514839937
Dio2 3.97655093903698 0.543624304051763 0.576265047316498
Bcar3 3.97487844396507 0.714508577718438 0.709002014456381
Itgb5 3.96520452538906 0.484169234829411 0.565209380264153
Hist1h4i 3.95319155737994 0.660210264848116 0.639501955172219
Eva1a 3.94546424151888 0.70235037710367 0.142126324183764
Cables1 3.94107572374333 0.681031807482187 0.109838832608133
Trip6 3.93958485850944 0.5651824677645 0.531998974662668
Htra1 3.93188784439942 -0.194162153085405 -0.41411616932728
Ppp1r3c 3.92389580377889 0.592822497980639 0.611665076074893
Rdh5 3.92258886466954 0.688299371310046 0.548706009615416
Ucp2 3.91629546760323 0.753498826093366 0.761019189549171
Car10 3.90897792167992 0.456396907589489 -0.109695040246366
Rnd2 3.90613452543878 0.563911491316393 0.151327460095383
Rhoj 3.89481938881406 0.556655290437022 0.361790009926057
Sept8 3.87254460147811 0.381084176144396 0.368290474760298
Acadl 3.86841062531628 0.506664664826344 0.5798403563609
Rhpn2 3.86534183276585 0.420780340904577 0.2145764021372
Ramp1 3.85626301331178 0.488155175259627 0.290912126735808
Gng5-ps|Gng5 3.85558815866258 0.463093707545695 0.168808580954397
Fmod 3.84425896009098 0.4666424657662 0.44704661772022
Ppp1r14a 3.83927465003753 0.210256874936795 0.457691650878217
Sparcl1 3.83784159387825 0.261939602634391 0.0759246451026385
Ntrk2 3.82035178265792 0.544920060810968 0.571093484142694
Zfyve21 3.80593323870238 0.461822949441709 -0.0643623926546749
Plscr1 3.80295681407923 0.781075467293489 0.774256366124115
Thbs3 3.79834366001969 0.591168269527556 0.174824292808524
Gstk1 3.79805018817202 0.412420634287728 0.00789292013585014
Cnn3 3.78249379226402 0.265982982183558 0.511051221320318
Mpp6 3.77645998712801 0.448155140091653 0.477051300406698
Pxmp2 3.76963689906547 0.677038184544035 0.721047098812666
Cyp4v3 3.75978602634265 0.346974295788025 0.368767412530399
Ttyh1 3.74181186338548 0.212253482503678 0.00226492163804411
Rida 3.74116204255602 0.564721059805029 0.494670079170428
Cyp2d22 3.72409889469042 0.659193916609118 0.674933677685148
Fkbp9 3.72203196753651 0.427194591278535 0.24434624751024
Abi3bp 3.70478360237444 0.629101540732246 0.257274191211217
Zfp36l1 3.68790030603302 0.373043421340637 0.184408276956807
S100a10 3.68773234748641 0.407631583128071 0.209763257557193
Vegfc 3.6722453714562 0.748276609310671 0.714094669549635
Rhoc 3.65756155167337 0.476910791497095 0.256950999887024
Chil1 3.64630513469151 0.776060849654597 0.77321220525149
Tesk2 3.64454389204948 0.564125347783599 0.320702295127953
Lgi4 3.63608845433771 0.63128821015664 0.405632989039757
Myl9 3.63537515096242 0.743829739820847 0.741915457489501
Aldh1l1 3.62465029055526 0.507136717321217 0.0349733473961704
Cd9 3.62375958723113 0.232802929496261 0.138042998278203
Serpine2 3.62140612439278 0.226478084483629 0.260884620733592
Gabrg1 3.61402248275843 0.530959066021979 0.350353057412393
Mfge8 3.6117662900684 0.555957001063051 0.243907332330118
Hopx 3.60901398018959 0.343206762825795 0.50835571395187
Igdcc4 3.60669999493822 0.456778881688905 0.428914062017208
Yap1 3.60083266756198 0.350880008599956 0.603825869163477
Mob3b 3.59453973213131 0.768030962446724 0.757203016682409
Dock1 3.59414409480426 0.472861862140397 0.460376262946061
Fbln5 3.57925382246616 0.763167971078744 0.639698759478528
Jam2 3.57208081241824 0.541276960455012 0.548277937584442
Ptgds 3.57087313797586 0.117291145820446 0.306647879800132
Gstt1 3.55398719740287 0.612732450416122 0.376433454191478
S100a1 3.55350739041668 0.449266746769731 -0.00177290015388872
Tmem47 3.55349721233352 0.303328108429871 0.207676192018558
Prkd3 3.5483805929021 0.374834995670617 0.23695501332699
Slc13a3 3.54648167785138 0.415875131208433 0.389761904882211
Fam81a 3.53361083920459 0.653119775845096 0.605466267663522
Asrgl1 3.52178574253464 0.28314920894394 0.256618347010271
Msx2 3.51649908517388 0.848019011992983 0.782635503910901
Sox6 3.51032455588204 0.58658730590351 0.25422373358944
Lrig1 3.50369223805586 0.378354291850524 0.327507967297431
Ptgr1 3.5006164993027 0.661989884438201 0.648679512061687
Cd151 3.4995593977643 0.645284452991782 0.647082869419088
Rras 3.48996780829933 0.684275150579736 0.652851055606055
Gpx8 3.48967454628521 0.623671198973656 0.257327992066649
2810459M11Rik 3.48131166662514 0.718226627586491 0.606541263814433
Marcksl1 3.4783678058893 0.0599379128911853 -0.0591507695006415
Soat1 3.47074484469053 0.605072389289886 0.682591672231579
Slc9a3r1 3.45471838157767 0.461609792461115 0.6444874522195
Htra3 3.45332373251621 0.678564650134065 0.462794204253291
Olig1 3.44782164257867 -0.0348144748516062 0.36088512530421
Copz2 3.44639701383243 0.750933357271561 0.715434513286809
Rhbdf1 3.44604313653938 0.421710726232906 -0.0583518743878216
Prrx1 3.44499672329103 0.654149937304259 0.403541379811596
Trib2 3.43755565747139 0.576193200914237 0.444812843976335
Btbd17 3.43380878483335 0.735373532345115 0.737703493794552
Gldc 3.42310469602404 0.313015545839553 0.136602446123293
Tcf7l1 3.42219967990422 0.636137477242942 0.42842583899053
Vcam1 3.41585601233946 0.553837505791178 0.0867610677250066
Cmtm3 3.41345800102948 0.747367337361423 0.6464145746277
Ccdc80 3.41170150350488 0.706159205446385 0.680205482967015
Csgalnact1 3.40678413695263 0.568292705914091 0.307329056419504
Glul 3.40610818374303 0.140494988964293 0.0891870955056206
Scd1 3.4012200691789 0.331591217535163 -0.177066141505379
Mt3 3.37884224983024 0.679514138343821 0.696957210090803
Cklf 3.37220484719381 0.513833696861691 0.182349931447958
Ndp 3.37219911785376 0.541129404379381 0.397350910490353
Dbi 3.37004146620745 0.132010369690066 -0.0963038748158988
Chpt1 3.36757165552612 0.413895185065652 0.102900165191519
S100a16 3.36013114928356 0.337623171605071 0.00215787989496021
Cbr3 3.35465320161054 0.606291463365054 0.381716816562891
Gli2 3.35361845251318 0.702530103444277 0.599641386547526
1190005I06Rik|Gm27021 3.34729616726402 0.441680384802178 0.0801993269971199
Klhl5 3.33971006358127 0.486902787003291 0.150868778534824
Pdlim5 3.33506452947653 0.528995093429914 0.38446232578301
Gpd1 3.33221825017299 0.491474851056638 0.538235021300407
Selenop 3.3284774607823 0.218206222532611 0.232198830583804
Nfe2l2 3.32801053269824 0.346845244557676 0.318238849862004
Pdk4 3.29269621094666 0.428352218329331 -0.246670108523379
Kcne1l 3.26660346759397 0.905834445852692 0.911579465403615
Sncaip 3.25874974792776 0.744710907028176 0.738622946778844
Irx5 3.25297631065416 0.619962757621139 0.472564249626461
Ifitm2 3.24890715622957 0.679460408434169 0.657397417458752
Sspn 3.24150090969066 0.427256334116891 -0.0367530227713911
Col9a3 3.2252547881036 0.327857927019496 -0.0810921840049279
Rftn2 3.18529463966431 0.479517454550883 0.170055272485422
Antxr1 3.17747315946829 0.633729251978213 0.390136363011619
Selenbp1|Selenbp2 3.13846705681809 0.308859147597652 -0.124236999005006
Ccn3 3.13665199961753 0.607198201333222 0.484825107676833
Tmprss3 3.07064293022803 0.761587824664249 0.751821183152526
A630072M18Rik 3.06708241740987 0.626733572980349 0.453629632768834
Pth1r 3.01122223194867 0.762530891897677 0.463222814183858
Eps15 3.00564983086463 0.437653567259177 0.0568709347702017
Calml4 2.99558145516228 0.649026220693023 0.529479704440368
Cyp4f14 2.94504654338591 0.675178189189425 0.641468085689627
Rgl1 2.92787688141028 0.596085425103427 0.151044655641435
Tom1l1 2.86072214445413 0.782246864158706 0.775197511428658
Gjc1 2.85060363745178 0.42897461935161 0.0606155676858554
Axl 2.76564270171813 0.732352309845358 0.643906799012601
Gucy1a1 2.65782446848043 0.325174193184112 -0.201774443093166
Tnfrsf19 2.6342975928016 0.676848526992608 0.622109748972839
Evc 2.53137485906848 0.854093614548473 0.79651700860643
Gpr137b-ps|Gpr137b 2.49945062728082 0.406555249512262 0.125669643101768
Casp6 2.46223788106537 0.556272980911465 0.15945578132598
Nedd9 2.42839295662657 0.717345958353413 0.75264923959135
Irx2 2.42248642667875 0.731754099382894 0.46608146435939
Nt5dc2 2.38259204036204 0.327013592410218 0.155174339480677
Gli1 2.38136655992775 0.688911486934982 0.674506179518436
Mdfic 2.37560027772218 0.482766104833553 0.112007766493417
Rai14 2.34899124926292 0.745115463361881 0.656549544564003
Sox21 2.26760401814178 0.62172150680014 0.373370529835507
