Cbln3 4.79083378535701 0.606549435274988 0.504188273186625
Gabra6 4.69308562147526 0.369574521068013 0.194488133441931
Tesc 4.57783633680774 0.626681630378895 0.609264251500576
Uncx 4.56873631430539 0.727627447408563 0.672870712446936
Crtam 4.39858292128802 0.625830746527192 0.535152672462544
Calb2 4.36153569150143 0.629537972889118 0.539078323837106
Cadps2 4.3569335204497 0.457130135165542 0.479645679657639
Rbfox3 4.34968321597374 0.469525031442426 0.553705692431949
Chn2 4.22001333261656 0.408104542486145 0.489327391823994
Patj 4.08702614400676 0.539463129342689 0.450799875705546
Car4 4.08026305577651 0.515815667900886 0.437315790275818
Tmem163 3.97316586901872 0.392545757754165 -0.106400061858191
Car10 3.97085363620459 0.463025312436226 -0.109695040246366
Irx3 3.96780818034673 0.626822527832148 0.274806032986787
Cbln1 3.93280140280103 0.190537786376939 0.163837984843829
Ak4 3.88235936978615 0.545583959854449 0.560641401077289
Wnt7a 3.82400087576698 0.648897258266103 0.518805212508214
Epb41l4b 3.66313304919909 0.641396554321183 0.495743941818312
Arpp21 3.63557584205033 0.555362053741309 0.517416202297755
Fam131b 3.63073153109049 0.429994135710211 0.560573497203584
Gabrd 3.57060975383838 0.491037057674805 0.40447305709214
Trim62 3.51773433776996 0.492019743578266 0.5348935827894
Il16 3.49581664319884 0.678135378817401 0.708651029474758
Tiam1 3.47236924507476 0.454659601787556 0.668608749045453
Pcbp4 3.46616268627409 0.336260770985257 0.249208509868831
Shf 3.45559865405306 0.727906152530239 0.646485764693727
Mapk12 3.44699828012981 0.624761760819371 0.418101988435374
Eomes 3.43049298292241 0.722955987980024 0.581789474233242
Neurod2 3.42695373003595 0.48506591820889 0.6162394963841
Pax6 3.40459856766334 0.614607246122981 0.504986071239908
Rnf112 3.39797048217644 0.587784643418619 0.530661292707563
Rps6ka1 3.37168382782378 0.672353513890083 0.591026180443079
Stard4 3.34919705253034 0.584506241206571 0.644892480252005
Otx2 3.33263836080667 0.698860639722777 0.568595588675879
Sptssb 2.99358234034523 0.619678993904117 0.588493256113238
Tbata 2.84761907077891 0.839552097412157 0.79723869533257
Fzd7 2.82976740408121 0.531796770025691 0.436055982517626
Boc 2.58598585466766 0.602702141851833 0.580624974204942
Ccne2 2.42902824696686 -0.0114076228417763 -0.224492728562174
Clec10a 2.37970338570145 0.722181415700125 0.737130070664273
