Npy 11.518774551745 0.552024396942707 0.17535277909386
Sst 11.1933641460974 0.739619041899654 0.433601903836366
Crhbp 9.87376296830231 0.643097733436573 0.41467407746119
Gad1 8.91822552767831 0.304002984469023 -1
Synpr 8.28489991060035 0.441242440571513 -1
Pdyn 8.20741720376464 0.85494497677645 0.458681559004797
Lgals1 8.20659899844448 0.529391962312046 -0.301633334463823
Calb2 8.07904284549231 0.774194375914659 0.272561511637135
Gad2 7.41947206653738 0.441237910288336 0.506050441236415
Zcchc12 7.3270138965642 0.351166883711015 0.123523948231403
Cort 7.21732504463357 0.56294506000977 0.139533019320142
Calb1 7.2120260311352 0.494713811881319 0.42328929233272
Akr1c18 7.19722636210775 0.615011998803514 -0.406411519072925
Slc6a1 7.05075348425076 0.104644026960683 -1
Nxph1 6.83895250269499 0.264784680003119 -1
Rbp4 6.22629418643233 0.415087327037164 -0.382834834553587
Rpp25 5.93783227318615 0.406876995697847 -0.00519451555269503
Kcnip1 5.90758101240906 0.431991880456764 0.289389136785233
Maf 5.84309933471528 0.293400492421955 -1
Igf1 5.62174242930036 0.670194048487532 -1
Rasl11a 5.61390851939481 0.5663557728574 -0.06872941198081
Slc30a3 5.49845377718995 -0.217577749527329 -0.333333333333333
Dlx5 5.45995300247126 0.42586966745805 -1
Cbln4 5.44041706923072 0.438756325283489 -0.312368950786242
Gm1604b 5.40477284464572 0.415716005482983 0.134188208947861
Cdh9 5.29766316552051 0.334481813816369 -1
Kcnc2 5.23228229773606 0.108467483942509 0.0421199809885432
Ifit3 5.12637620239664 0.440143994767959 0.364977818831383
Rab3b 5.07056502228508 0.193043037224547 0.120308336466063
Mrap2 4.98063121210653 0.753346335250587 0.458221376120249
Nnmt 4.97009573730656 0.661102465778329 -1
Tac1 4.94687681028525 0.283297723006597 -1
Nell1 4.94441624205353 0.207738149166403 -1
Reln 4.93121603420314 0.61370515260554 0.248286253396223
Lhx6 4.91208961862588 0.435230511171605 -0.338816380448403
Gm15881 4.91157307793436 0.0618696497276522 -1
Thsd7a 4.87897908961692 0.364623431459911 0.048321022178883
Nupr1 4.85096536673507 0.154972104948341 -1
Gpr83 4.84586039318295 0.00594556283162113 -0.330692034203718
Cdh7 4.82706594521994 0.362176443066895 -0.311817477745336
Galntl6 4.79026939524693 -0.0354283081234569 -1
Pcp4l1 4.70505806386335 0.0886774457029242 -1
Tuba8 4.69877360399744 -0.0524702820802833 -1
Tmem91 4.68333908265871 0.0460720847355529 -0.412483954691931
Kcns3 4.67245573774936 0.321334579236502 -0.0525326728979414
Olfm3 4.64991820927988 0.22569778613057 -0.0384202070903754
Pcdh18 4.61176873998685 0.709127077092062 -0.333333333333333
Mafb 4.56211872462164 0.397452639260159 -1
Fam84a 4.539406181026 -0.121842877714833 -0.238217373544397
Tmtc4 4.5240065114094 0.557508472291789 0.311021396803166
Nek7 4.51061197242354 0.219800759046178 0.0611892862054214
Ifit3b 4.50727274203622 0.477733254238335 -1
Pvalb 4.49133839984125 0.328793223283414 -0.135007283774519
Sfrp2 4.4366514941476 0.777183235707088 -0.145722334420016
4930452B06Rik 4.41286053226517 0.707160905290924 0.245432608021803
Nppc 4.35714773905722 0.519140839830265 0.00836333369622614
Cdh13 4.32434430794608 0.072091311359062 -0.333333333333333
A930003A15Rik 4.31793394354686 0.712723822304821 0.181913346202873
Timp3 4.25513567878224 0.420298414304944 -1
Gal 4.23607611485346 0.944583699760045 0.586136283061489
Oxtr 4.2329866831817 0.866284516456623 0.257349941830069
Nrip2 4.18961760862701 0.169547667073373 -0.333333333333333
Nmbr 4.16952419715 0.808582038070051 -0.243122096364001
Nrip3 4.10607105224501 0.00564347718993814 -1
Fndc9 4.09917081219682 0.518883197541874 0.22164813381365
AW551984 4.08993570795103 0.805142244135713 0.491187935125287
Rxfp3 4.06919334218274 0.944235538530983 0.487986643432096
Pcdh8 4.06845711103027 0.467202894781844 -1
Dusp10 4.06193057404778 0.325780887817166 -1
Ifit2 4.05965417063099 0.536592544198679 0.26393171611937
Rnd2 3.90769238963078 0.0779276076390906 -1
Kctd8 3.90565826103253 0.509284393772266 -0.236671900723984
Mir568 3.89817784816744 0.243413903994216 -1
Th 3.88584707605551 0.730942433696344 0.128566994203174
Ubash3b 3.87695792039707 0.233380140847416 -1
Stac2 3.8719919772248 0.122218904313283 -0.585823229403827
Ankrd55 3.86766990635225 0.383189131638596 -1
Moxd1 3.86750405803149 0.62928334475302 -0.333333333333333
BC030500 3.86027585590059 0.00988955430343472 -1
Grik1 3.84948390053384 0.179875958031853 -0.508470333462179
Grin3a 3.81678570913141 0.775298360607849 0.361291560416479
Plin2 3.81409369775548 0.271634677694416 -1
Dlx6os1 3.80490178492686 0.389374109319953 -1
Fstl5 3.76814832517139 0.303733510752726 -1
Sox2ot 3.74900062023694 0.268647466722726 -1
Tent5a 3.68125396686455 0.200449394666843 -1
Col19a1 3.66824100796581 0.231572566797721 -0.243495114638254
Lypd6b 3.64076176844444 0.287777733563596 -0.33628919763054
Trpc6 3.58064525681677 0.574678769967917 -0.220389661115971
A530058N18Rik 3.56015190299997 0.276375015152287 -1
Cpne5 3.55169605392671 0.209659618322674 -0.333333333333333
Pla2g7 3.53570161294326 0.111942137844863 -1
Rcan2 3.5329862609951 -0.00736979205892557 -0.174978182782655
Mgat4c 3.47539754061944 0.150214779909228 -0.487205371595847
Rerg 3.47192364205358 0.488335821218589 -0.425122198112217
Dlx1as 3.46970991624376 0.415068568073896 -1
Cd68 3.46541945143127 0.328322945242494 -1
Gm5424 3.46378867491238 0.092484404526389 -0.377461001097424
Prkg2 3.46319173511435 0.280403300666114 -1
Nrsn2 3.44181460078386 -0.0207754318611614 -0.109663879091068
Rbms3 3.4371141227927 0.298887331359776 -1
Ugdh 3.43608702269115 0.389133115768246 -1
Lancl3 3.42781477222389 0.30814622526257 -0.306144718178348
Serpini1 3.40970360815001 -0.0886197642691353 -0.333333333333333
Ass1 3.4057234739981 0.252255085147494 -0.440369246933885
Tnni3k 3.39061747858209 0.872502407586406 -0.01672687638803
Afap1 3.38684332095601 0.120333513899317 -0.0992033848506838
Eya1 3.38189971332433 0.436803715575544 -1
Rtp4 3.37536721188758 0.408528966873457 0.139346667510481
Dleu7 3.37234352548049 0.398853048597776 0.325020972707184
Tmem176a 3.37167401555848 0.160242728533742 -1
Tox 3.3673985319406 -0.13772807084905 -1
Lsmem1 3.35114241106258 0.606662025855224 0.194011579542691
Serpina3n 3.34725475826442 0.200799520381334 -1
Ptpru 3.34236038927931 0.599752796708842 0.0912858633549416
Masp1 3.34118430835971 0.537974270532051 0.305545764601641
Cdh4 3.33678771279311 0.520428724712354 0.394088225166813
Spock3 3.33476070527202 0.10949735075524 -0.0653010607982675
Cntnap3 3.25779120086366 0.508228460143178 0.404115681172467
Prokr2 3.23335766733198 0.930419915555272 0.44727166048452
Sytl5 3.14539083480224 0.524035622874463 -0.297056110680989
Ifit1 3.12962555902734 0.751211962444095 -0.333333333333333
Arx 3.07093094082391 0.413366264759303 0.175973578032491
Hpse 3.02911505156739 0.965753911886982 0.66123356640373
Elfn1 2.9602907269486 0.90522992094861 0.624138359432597
Shisa6 2.82297700237164 0.66426031604829 -0.216897802461504
Slc27a2 2.77211868685039 0.399868348778679 -0.358959769011882
Cacng5 2.77000309011039 0.785206365748469 0.4680920103138
Cdk15 2.58383053123124 0.519483536943907 -0.307981526529467
Fibcd1 2.58284642472153 0.80148839712979 -0.126790902794438
Dmrt2 2.55639334852439 0.846340643423226 0.355217612340186
Rasgrp2 2.51562406878733 0.379530956838783 -0.333333333333333
Hcn3 2.43501836879267 0.477431058796141 -0.00630973104829937
