Nrn1 8.4499067332013 0.0145809851742515 0.0275892070017343
Neurod6 7.355823357109 0.0573511592072622 -0.294910352831325
Dkkl1 6.65900621963058 0.37053845633817 -0.0821125980406323
Gm11549 6.26470188476418 -0.0252404365926217 0.1404387775676
Rorb 6.08559911908449 0.477460225171933 -0.0460865418070883
Lamp5 6.03257443714495 0.176356531027288 0.0921188726871351
Slc30a3 5.88178802123464 0.00051001685726059 -0.158091149929948
Igfbp6 5.81861931236219 0.131036572775904 -0.070153942820017
Ddit4l 5.69640392721595 0.476529163324553 -0.083350417465993
Fam19a1 5.63826933554744 0.138638577868709 -0.197858292954035
Car4 5.55738322265289 0.293589660333886 -0.0017089816217584
Slc17a6 5.55157580532083 0.507970842835798 0.128158122906543
Nrgn 5.48445530595453 -0.039400637580773 -0.0901643622567408
Sv2b 5.47877122143335 -0.164166036685164 -0.307694812687708
9130024F11Rik 5.41872979438657 -0.0281285619101266 0.31277973626945
Krt12 5.29912553139628 0.416093005848348 0.35323555820952
Cbln4 5.20052347108787 0.585910111129036 -0.312368950786242
Hspb3 5.17555395885145 0.409064435720027 -0.0516610478029581
Coch 5.13658662949103 0.525988308403412 0.177993695924806
Neurod1 5.05288147709325 0.423385780827687 0.179125762024494
Satb2 5.04146704523911 0.0700884306819863 -0.126209642895024
Gpr83 5.02405883889699 0.204956429216864 -0.306981931009529
Zmat4 4.9429437437417 0.171099917880809 -0.0400490501162491
Itpka 4.8786084212256 0.0259158532307475 -0.217180549083462
Kcnv1 4.83603661962452 0.0470743146018186 0.227003374877013
Pamr1 4.81385934598835 0.245986541338608 -0.141922397897456
Cpne9 4.75652407710114 0.662902497093213 0.597873866338503
Asb11 4.74566642593715 0.324219421730658 0.298755330599138
Bglap3 4.63127032414851 0.72683982588395 0.190116489454522
Bdnf 4.61831388053914 0.233673410626061 -0.0935499262056005
Rgs4 4.39206995178253 0.172098251609996 0.449067749226904
Tuba8 4.38758882472971 0.0692431843031798 -0.437200725740605
Ptk2b 4.33326562950171 -0.125751209412701 -0.0974493498539551
Calb1 4.31637928620429 0.299434613894944 0.347627825819437
Slc17a7 4.31145466051351 -0.0549821495523952 -0.307246012718858
Plcxd2 4.27107362583738 0.45275361315995 0.0444106999348993
Glt8d2 4.25629321356793 0.0891964269429887 0.312959371023239
Gm765 4.24137012359508 0.564504450175564 0.13904143315794
Endou 4.23275586012467 0.802955484120476 0.279753294878008
Crhr1 4.23138339932921 0.567266209145245 0.33629608396995
Calca 4.20070024634371 0.412122675452372 -0.00321956991766333
Synpr 4.19800022297253 0.160210889189184 0.105295212390261
S100a10 4.18696644133756 0.0895052489371556 -0.16711103876115
Exph5 4.14426649526814 0.572402556279357 0.409777429095755
Arpp21 4.13138340292744 -0.0242283831632908 0.22147584775239
Grm2 4.11160357088933 0.638704130530515 0.5969031292902
Psrc1 4.07296475895305 0.310974116635609 0.308162476875818
Cnih3 4.05530881637587 0.274933615968969 -0.00536547595931667
Arc 4.05153794335956 0.246793093102898 0.405131510703271
Nell1 4.04835819610316 0.20834566943531 0.100564592627469
Ccl27b 4.02542633875926 0.223461379095399 -0.153161073560369
Gm13306 4.02542633875926 0.223461379095399 -0.153161073560369
Gm2506 4.02542633875926 0.223461379095399 -0.153161073560369
Il12a 4.00902295888824 0.343896878296668 0.158049317144281
Slc23a3 3.9500048572354 0.73337429636292 0.0821557240859719
Adcyap1 3.94651470392306 0.451201423872284 0.234462997213499
Unc5d 3.93026730715246 0.323441364924704 0.416822747785799
Cpne4 3.9234017271529 0.227146330201793 0.0151569743278649
Neu2 3.90825385016576 0.165062112718359 0.0520304621909467
Rasl11b 3.89563869841173 0.352310119119093 0.421054979768605
Kcnh5 3.8863006988933 0.531770710741149 -0.373133911883599
Casp1 3.85727589422872 0.654500941234923 0.503185518771442
Car10 3.84507852978706 0.0444687681201756 0.0407498574687554
Dapk2 3.83183924081689 0.468943505783714 -0.22334513527315
Tmem215 3.8224495701057 0.488575203089676 -0.313523114738487
Cacna2d1 3.80467258178295 0.0229884417039313 -0.332601607987749
Ccdc3 3.80372714798574 0.600394356203991 0.267573988305865
Htr5b 3.77929720752036 0.647617963896218 0.251988095557191
Gfra2 3.77843617926226 0.292005162613134 0.129360268524486
Ipcef1 3.72734112057511 -0.0837692526188084 -0.200412907436283
Fam19a2 3.69511133214735 0.0573303016753249 -0.119169875783674
S100a6 3.67596740558082 0.262019996893172 -0.248006581384556
Whrn 3.67387212912107 0.476339420156441 0.0805362078525643
Rspo1 3.66768203930874 0.909743780393997 0.548846327384765
Fmnl1 3.66684723367456 0.283581917983957 0.165614530288297
1110008P14Rik 3.64784915904223 -0.0144920342340845 -0.0360799813683587
Tnnt2 3.63096240105695 0.464080913074029 0.180814021243328
Npcd 3.62119202248814 0.176752822684026 -0.0780000589908647
Tbr1 3.6171682684281 0.0837439599072439 -0.265767793163297
Gm13629 3.61187156218508 0.0911947221602272 0.135394417672608
Hpca 3.59676798357731 -0.0390886741349837 -0.0310801773048963
Pcdh20 3.59134813580106 0.506439492022589 -0.394339964618816
Gm20063 3.58100298428532 0.261519163659461 0.0103075912640298
Nptx1 3.57123796229722 -0.0372548026955235 -0.134239856136248
Tle6 3.5682184314244 0.441414233864121 0.28817443241253
Stx1a 3.54505244345583 -0.0254748153493746 0.385307860168249
Plb1 3.54173467378536 0.695420268043035 0.0652000198774513
Pou3f2 3.52966361509797 0.120509444888017 -0.213629397802504
Cdh12 3.48358979408668 0.174080028053355 0.329521365685299
Cacna2d3 3.47305636469325 0.14086355010539 -0.427075742115341
Ovol2 3.46550266089062 0.393401954795258 0.207490428617127
Cyp39a1 3.45580331494552 0.458559609394104 -0.371122906726873
Foxp1 3.43926629966057 0.14018905661749 0.379152323782607
A330009N23Rik 3.4347855698483 0.298681484948361 0.253730544075355
Hs3st4 3.43447732519664 0.172828422929484 -0.211248481694713
Kcnab3 3.41203947653486 0.141627985729739 0.0103869762253447
C1ql3 3.40037731434409 0.143470889250387 0.289486333094267
Rtn4r 3.39598549297065 0.297519778895261 0.0834299137630126
Vill 3.38937848741638 0.539986256620753 0.316842281302235
Ctxn3 3.35786577771258 0.404370318264716 -0.220992011894626
Grik1 3.35621780045158 0.297309948778719 -0.0921175799939616
Rprml 3.33819972498193 0.112868501092958 0.0595830685028763
Ak5 3.33379972312916 -0.035685046828441 -0.172347809561311
AW495222 3.32590619196392 0.336768902962994 0.36674143062939
Hkdc1 3.26527410613549 0.655810524983588 0.30986757493261
Prr16 3.19867974622001 0.743204711861717 0.360018056079826
Zar1l 3.14740534547796 0.381261246485115 0.0107281718453345
Il1b 2.89175895947168 0.399620370270846 0.00491902636511948
Cdsn 2.87962847981377 0.565669059639845 0.119223244404833
Lemd1 2.78886290502235 0.630800351513023 0.202665822306817
Thbs2 2.74956233615371 0.575750515725213 -0.0252067202173619
Igfn1 2.7327981656287 0.675739962427539 0.152942900990825
Plxnd1 2.70644036938216 0.479469429854779 0.0244984104605523
Neurod2 2.67065261902071 0.0269581007471744 0.107325051378601
Mbnl3 2.60855787605528 0.899006392859647 0.536905976181784
Fam160a1 2.58867526553613 0.561304031268479 0.288611133889721
Mei1 2.56418242838307 0.564171324265565 0.332635761052538
Nxf7 2.56006634529723 0.65522307795756 0.116153016925073
