Crym 8.14472612472853 0.476190119485185 0.170254628735408
Nrn1 7.16228986409255 -0.132627137568552 0.126174519470078
Neurod6 6.87383748806989 -0.0431084412347102 -0.160996552008089
Myl4 6.6248344652947 0.452728101889965 0.00225236641097386
Rprm 6.50351730201605 0.583061825429603 0.47706282964275
Lamp5 6.40878104966257 0.121920653183985 0.0921188726871351
Gm11549 5.93161549632516 -0.131840667828505 -0.421142031214082
Ifitm2 5.87227183561109 0.514143837567327 0.31533323704246
Ctxn3 5.82661279503901 0.618845079509895 0.328208379428626
Mgp 5.79420841910055 0.443031277148185 -0.326590224677735
Arhgap25 5.72935826565954 0.279789350349993 0.0417179462601882
Pcp4 5.62507108718977 0.102353553571178 0.047081880422504
Pdlim1 5.51968373874802 0.231936304111507 -0.221000057711252
Sv2b 5.25838300404682 -0.22313975953693 -0.103207830281447
Hs3st4 5.21079536764635 0.352932308963861 0.0444212167927338
Nptx1 5.16149572658579 0.127051676073651 0.292924818411963
Nrgn 5.08991622278676 -0.163152402819284 -0.459537666828587
Ipcef1 4.97750538468852 0.0464640104625302 0.0836452854891331
Igfbp6 4.73887971509005 -0.0353115165100076 -0.142901648033174
Foxp2 4.70601094640621 0.857742013972342 0.425383880589451
Ly6d 4.70081792560122 0.957518480575654 0.247729897162108
Ramp3 4.56589908258333 0.298152026388153 0.162027989389707
Ccl27b 4.52170653320547 0.221435138648158 -0.153161073560369
Gm13306 4.52170653320547 0.221435138648158 -0.153161073560369
Gm2506 4.52170653320547 0.221435138648158 -0.153161073560369
Vxn 4.50449743846368 0.0812060686837341 0.218017737295372
Ptk2b 4.43922865577502 -0.178087856461669 0.0512370123374713
Tekt5 4.3215514414766 0.407552054224919 -0.0817118768921614
Grp 4.27784905024687 0.417507415789988 -0.291425946735851
Syt6 4.22710262862581 0.702192816145873 -0.333333333333333
Fezf2 4.2190854316315 0.24220863714589 0.307307561554306
Blnk 4.20771633098667 0.376795840891492 -0.0257509148918262
Hs3st2 4.09000708481966 0.173453380691091 -0.0517349091978169
Dhrs3 4.07107516180603 0.00034821339435391 -0.203720818391432
Mas1 4.06989873679841 0.174336162315109 0.207495128288692
Aldh3a1 4.05960628299693 0.760227570684839 0.437783341242758
Urah 4.04694044078132 0.882436095919602 0.636248024766759
Gm10334 4.02822418520031 0.850699897597769 0.327347314666496
Tbata 4.00730476443216 0.771952719750772 0.617985001886727
Ttc9b 4.00458753344226 0.25212719491953 -0.229320660174839
Slc17a7 3.99891526683053 -0.174373979656648 -0.250382035292325
Kcnv1 3.9905582016916 -0.075153167668966 0.223255660255771
Sla 3.97550334384594 0.525104619724397 -0.333363365963566
Tbr1 3.94626174364546 0.0937231322513861 -0.265767793163297
Atp6ap1l 3.92372813977559 -0.0410486741609912 0.0888591456339602
Mia 3.92238823431783 0.692491932466956 0.306983085675656
Meis2 3.87406684418545 0.33695314739647 -0.0680784742182067
Serpinb8 3.83987519709787 0.375487714675078 -0.125055285507743
9130024F11Rik 3.78205402101646 -0.132221250746559 -0.450829177984956
Rab26 3.75411770599126 0.231003624213 0.525123101342087
Gadd45a 3.75396734774347 0.404602117437447 -0.0348303149155911
Asb11 3.73242023997243 0.0417793671936282 -0.249064314289022
Serinc2 3.7146496702354 0.449219286826728 -0.0200573157798149
Prkcg 3.64035231261617 -0.0391582376950246 0.00903313662141325
Ccn1 3.59091679518275 0.0716372973099567 -0.295079692889859
Lmo3 3.56699967716983 0.0132897696331428 0.1587550914595
Rai14 3.51167199534103 0.342070974860952 -0.356212397865053
Dmkn 3.50003663013206 0.378250426276369 0.188876391676212
Itpka 3.47939441014747 -0.09082094387166 0.178621088080943
Tpbg 3.43386162547934 0.460240941135113 -0.0372240583617657
Anxa4 3.43113521253303 0.331749712830255 0.399586288404813
Caln1 3.41318753037522 -0.0841916787087468 0.435324027079187
Aldh1b1 3.40376184879195 0.0990165933705443 0.143147048494945
Mgat4c 3.32983739730422 0.21641301757902 -0.333333333333333
Islr 3.32605425058342 0.573010509179348 -0.0163806251954507
Nefm 3.32367260511771 -0.00125425183656961 -0.257512709408376
Hcrtr2 2.88701992486344 0.609355075172862 -0.333333333333333
Krt80 2.61206537052951 0.794528096589355 0.165139123610607
H60b 2.5272234053804 0.973686662037381 0.487766646969618
Hs3st5 2.43691479897867 0.3830049445777 -0.276198180412308
