Ctss 12.9562651041209 0.91709276401165 0.599443940355132
C1qb 12.3863887413568 0.91915869772032 0.610052529024234
P2ry12 12.2498911961232 0.870632003251094 0.313994246331229
Tyrobp 11.6176635726153 0.896537162707087 0.615527119032625
Fcer1g 11.1828390675283 0.934210855316925 0.606515983337568
Gpr34 11.1046020887297 0.909483622389601 0.597242497128736
Zfp36 10.9942993733861 0.734289997194482 0.448053973490709
Fcrls 10.9642043422547 0.94490338458238 0.612624884826948
Sparc 10.9135151842339 0.630038616936075 0.408367467801438
Ly86 10.9008490837592 0.946514157405035 0.664979601848684
Fcgr3 10.6893925789949 0.946449117944492 0.610192897712887
Laptm5 10.4604503678137 0.899175112495862 0.263719274833202
Selenop 10.3599480649823 0.558124583430362 0.354211057064988
Olfml3 10.3522762218204 0.813444572183212 -0.117183260791506
Rnase4 10.3012444249097 0.799065207909502 0.239244481478756
C1qc 10.104940847472 0.958705473054568 0.663187894205729
Csf1r 9.96017496859814 0.951323185114473 0.611805030015738
Cd53 9.87323049055532 0.936657319818228 0.637213042784201
P2ry13 9.73139441673823 0.928141259158408 0.619395964401999
Ccl4 9.5961812836328 0.963072695631499 0.660732622583895
Cyba 9.58102814876463 0.736915577394174 0.343772443002374
Trem2 9.51071264762598 0.909544247709687 0.509679097598732
Cx3cr1 9.48814114956344 0.944119437099588 0.638275394064188
Susd3 9.48487597728757 0.957158644137069 0.581031730689984
Aif1 9.39954846940557 0.911138784813922 0.489596947630669
C1qa 9.10818702816458 0.958081894825464 0.666512765541994
Rgs1 9.070906841576 0.959710735048441 0.66342181153277
Ltc4s 9.06403105676024 0.895620308171047 0.0146150471309362
Ccl3 9.04400905121891 0.946729848094405 0.606113464665027
Pld4 8.97585241923987 0.953561128135298 0.66658856390177
Ccl12 8.92770389986097 0.940994611871404 0.564975960699914
Cfh 8.90648123569397 0.777402305316293 0.136229809815932
Siglech 8.8538925064878 0.930610558824296 0.642321662100945
Tmem119 8.80002658225762 0.965357271493229 0.664729976711458
Hexb 8.78532455360781 0.816142748997305 0.561474417465457
Trf 8.73323744396502 0.641798964028275 -1
Ecscr 8.73251036507871 0.77622627614747 0.252523939724192
Cd14 8.69282576938912 0.941358857634967 0.665674871381316
Txnip 8.64519714654222 0.769871949788306 0.63597410470924
Arhgdib 8.59135945806275 0.643430353460232 0.272113290330773
Selplg 8.57587987024179 0.938844531431418 0.639088836552816
Atf3 8.54001000387674 0.902133710827237 0.451359240555924
Lgals9 8.3773457777108 0.68721138009253 -0.302853463274859
Vamp8 8.32330447597485 0.632288250260664 0.252821175425066
F11r 8.30512986461961 0.75295552923367 -0.270744746373824
Ctsh 8.27777997004466 0.699913632677812 -0.333333333333333
Cd9 8.26506827466435 0.425608886413142 -1
Anxa3 8.13600917121741 0.683333821917823 -0.333333333333333
Gngt2 8.06787983020972 0.90768356668739 0.342111693638808
AF251705 8.02302847659557 0.928522742225394 0.646886717442572
Tcn2 8.0182581038259 0.543931534861229 0.068093195177884
Cd37 8.01051539258406 0.960451109941659 0.664285787591399
Tgfbr1 7.99413177359673 0.817354109043213 0.470079720590551
Lpar6 7.9846004632143 0.616933084084857 0.0523444797181588
Cd68 7.98403281040761 0.734897540681912 0.401069541275568
Syngr2 7.98232167174957 0.64454756648967 0.29135049571763
Unc93b1 7.95962881528357 0.855061234308737 0.525828720482239
Clec4a3 7.911326763988 0.952905712481834 0.653393272469919
Adap2 7.90173153792523 0.867874494934648 -0.184406022176917
Ccl6 7.88411579620239 0.957674136547489 0.665508211554661
Evi2a 7.87465452300591 0.731605755591977 -1
Lcp1 7.8504881483572 0.904153924386122 0.481733366312011
Fermt3 7.84941520935896 0.934326806616655 0.615396568105335
Cd52 7.8220087791792 0.889742847387107 0.445662539673732
Bcl2a1b 7.81408135713866 0.948436846455888 0.620537180366311
Alox5ap 7.81339816275996 0.780401978940426 0.517104775415164
BC028528 7.75258406873078 0.65212543097863 -0.293716236894921
H2-K1 7.74585201008712 0.664811185998678 0.546548833814059
Itgam 7.74011321623933 0.9586980664589 0.660126835645031
Hpgd 7.68379171084621 0.884935527714427 0.454627440836918
Dhrs3 7.67598813924218 0.364347267860858 -1
Fcgr2b 7.67344078584763 0.966221859059132 0.665480492413666
Ctsc 7.66942920079016 0.782286452828484 0.44971408953574
Vsir 7.66642708746996 0.881391561816323 0.338510653572796
Fyb 7.59597962317092 0.963667117550448 0.666512746171327
Fgd2 7.58335633550316 0.961851566692033 0.665571309750993
Ptgs1 7.58127742796398 0.678890231332377 0.468629540536016
Adgre1 7.55652722410787 0.959840994930673 0.663316692353289
Zfp36l1 7.50889354244458 0.642989274557024 0.584236146829128
Ang 7.48845597426349 0.822175682839033 -0.190998129754378
Rab3il1 7.45770277065202 0.883379497503391 0.609234099773166
Tmem176b 7.43527058152873 0.383916605310605 -1
Fli1 7.42565015584785 0.760515099586138 -0.333333333333333
P2ry6 7.42038899757414 0.947295459412801 0.665670634988412
Lyz2 7.4136702361763 0.897452986542954 0.622129466535661
Bco2 7.33353852000565 0.906860547009826 0.664526294075715
Pon3 7.32939680811719 0.89376733588359 0.274184084532107
Cd48 7.32243213038069 0.96610775750322 0.664430295067011
Lyn 7.31401027923507 0.817965685015784 0.174674480347595
Nckap1l 7.3020979865797 0.950686412200962 0.575362021162635
Sla 7.29187275928925 0.687839023186471 0.141273723623667
Lpcat2 7.25726871671277 0.809500337020646 0.301068014055992
Fcgrt 7.24926217702034 0.606555258820129 -0.295808921554691
Clic1 7.24611877254566 0.615328642121122 -0.229257974682101
Cd86 7.24388368583084 0.964356886299942 0.664686912054245
Tnfaip8l2 7.2295922922068 0.947605143635914 0.653419558381105
Maf 7.21392810821586 0.438991578645402 0.0887236665511222
Tmem37 7.2096138031933 0.718317125173051 -0.292020699729013
Pmp22 7.20444478808017 0.447091626635395 0.357516876013108
Rhog 7.20137337299279 0.677536858218316 -1
C5ar1 7.19861957818695 0.965200683180445 0.665526412679718
Hpgds 7.19403381674033 0.885904825841789 0.515889970001251
Itgb5 7.17646153373839 0.833316742268527 0.344718499894184
Ccr5 7.16922352084042 0.966270511740324 0.666064045102848
Xlr 7.11195040552064 0.843867832408725 0.402113597768259
Tbxas1 7.07462421053724 0.95586569738627 0.647963034842609
Tmem173 7.06552082736284 0.907549305572213 0.173555586911762
Cst3 7.06365150211576 0.768837684716336 0.625184228354386
Il10ra 7.0140610590189 0.955894772567008 0.666666666666667
Mertk 6.97730578657214 0.733893671378016 0.125826733996945
Gm14023 6.96306475706084 0.931613751914024 0.569554011003574
Ms4a6d 6.94256781902676 0.956589041906505 0.570974779333395
Rgs10 6.93994617952856 0.600053071728968 0.441837415299357
Slc2a5 6.93890648452713 0.92115461245142 0.602657631706204
Grap 6.93341800984274 0.838212046646421 -0.234385894525121
Phyhd1 6.92279520089232 0.816776662411378 0.400220776109989
Mpeg1 6.90232774310003 0.941655345320591 0.62421294527165
Havcr2 6.89477518224516 0.944451867235976 0.619515431164706
Casp8 6.8924464420468 0.830608507554738 -0.333333333333333
Hk2 6.8747462937577 0.872379855004652 0.362924576268798
Apbb1ip 6.86494067808003 0.912018594146833 0.548502939447664
Crybb1 6.84571812699273 0.965639101750372 0.666666666666667
Golm1 6.84518832114575 0.725238279552051 0.404594289498066
Msn 6.83743345622475 0.657742426634021 -0.333333333333333
Lcp2 6.8357040489536 0.950250824940864 0.567370740334964
Lair1 6.8355455237376 0.857816674093403 0.499192185615759
Adrb2 6.82070696412922 0.805152110653208 0.380936525045506
Plek 6.81414752683653 0.828549817928825 0.508687250706307
Tagap 6.7929613963159 0.84807233293557 0.568990838677293
Blnk 6.78422003031708 0.541047733020716 -0.0384910428093171
Srgn 6.7792930528552 0.666581867566177 -0.19155079456775
Slco2b1 6.77709725566935 0.805781372789741 0.365094605079756
Gmfg 6.77029448206227 0.954564612337588 0.629190213777922
Itgb2 6.76988700168455 0.946417763101174 0.665322324413197
Lat2 6.76645759260944 0.860191014099862 0.471270805041868
C3ar1 6.76637754921051 0.899111370266525 0.542460284810807
Litaf 6.75467435955946 0.619236055128192 -1
Ucp2 6.74663738673829 0.750430346832533 -0.307505935830775
Mafb 6.73375718752927 0.614988813583351 0.43140791026329
Gm10790 6.68453187319447 0.948346450150192 0.501131300007979
Cyth4 6.68326687270464 0.935509329685564 0.494931428472555
Il1a 6.66322168951377 0.931802708274499 0.580372170676943
Arhgap25 6.65275682275848 0.289102966600509 -0.125026221388538
Ets1 6.65031457443723 0.522649441802948 -0.168185107500958
Gpr183 6.65016218437041 0.892927858853816 0.54848687407573
Bst2 6.64709860726341 0.781331481695223 -0.228926646747866
Psmb8 6.64319370951589 0.877489703796708 -0.0116784403858199
Fcgr1 6.64058933580078 0.961344015481527 0.650603812122332
Lmo2 6.62258008599821 0.731729788384949 -0.29925338961915
Sall1 6.59806438197106 0.872934912254709 0.537347077432894
H2-DMa 6.59481890727847 0.639574121937528 0.179950394266992
Nfe2l2 6.59268363884559 0.577903218233488 -0.333333333333333
Sqor 6.56652459353098 0.731556297136589 -0.333333333333333
Inpp5d 6.52794780568497 0.88469983221531 0.546752452496552
Tmem273 6.5230130002552 0.966568622987585 0.666666666666667
Ms4a6b 6.51212937841616 0.950387783342107 0.6307305110233
Itpripl1 6.48522462287536 0.710558303374714 -0.271702000463906
Hist1h2bg 6.48316737759008 0.9088186862787 0.607616235405466
Cd33 6.47202479443343 0.943963155476581 0.654205543128584
Agmo 6.47171706957119 0.787514976699461 0.595437894913621
Entpd1 6.47034696464871 0.738416533574278 0.566771996776941
Ifngr1 6.45909772357466 0.686731740338907 0.214848214173204
Slc25a45 6.44313792814765 0.895269133443615 0.65395648683198
Clec5a 6.43919244059019 0.959103867862653 0.666666666666667
Tlr4 6.43551591792995 0.937745388657709 0.383553871443641
Zfhx3 6.39678179878661 0.751005101693055 -0.0579527357236327
Apobec1 6.37417432291573 0.965391717619858 0.663730151197694
Fcrl1 6.36534418865133 0.966400730042403 0.665161483143916
Ptprc 6.36107446651525 0.952091536185863 0.666523691581376
Gpr84 6.34744017732072 0.963051538528497 0.658503924130801
Prkcd 6.32484275653338 0.808048871390688 -0.117400305971002
Dapp1 6.31009813634432 0.827142980502703 0.201275472755011
Dnase2a 6.30147951973984 0.728476978822156 -0.16763021304567
C5ar2 6.27066692732039 0.936609733721397 0.650380336169088
Abca9 6.24593111864173 0.864411391493653 0.160151917124674
1700017B05Rik 6.23102927199358 0.871113682958596 0.560897448171083
Nfkbia 6.19761247551261 0.618113186650643 0.0107154923597285
Tgif1 6.16418471294079 0.867110225117631 -0.259333326659552
Kctd12 6.15501695365896 0.750714989959589 0.462101720205517
Arhgap4 6.15179491076868 0.901340801644321 0.369574396945777
Cryba4 6.14932219155524 0.964129693351248 0.666666666666667
Lst1 6.13675819791065 0.811131174574337 0.464285716654312
B4galt1 6.12066571215809 0.693596648988325 0.601470009998148
Casp1 6.11388753292555 0.677895923358888 0.370914638950192
Klhl6 6.09635578344648 0.872359365939382 -0.130117228438913
Samsn1 6.09181521435687 0.958581659412673 0.661036786354522
Uba7 6.07621751428567 0.911235838962602 0.555393987285523
Ptpn6 6.06699800372074 0.920637419743277 0.620058429093505
Irf8 6.06021511069537 0.89693219856358 0.508693391719352
Renbp 6.05268565545569 0.699616697344771 0.497353724360833
Icosl 6.05154369863203 0.866461587661072 0.34444675737355
Tmem176a 6.04314691158023 0.380406065682134 -1
Abi3 6.03402850778501 0.962826624708957 0.665871418963995
Pros1 6.02909911280468 0.639404739996096 0.304033977446967
Filip1l 6.02017162429283 0.748196686112506 -0.182212035730779
Gcnt1 6.01769925269303 0.959586777631253 0.598452229388896
Sash3 5.9899440424305 0.941573221558164 0.429578750490822
Otulinl 5.98876800246543 0.78204235987422 0.300199166506936
Hcls1 5.98796160901485 0.965829925316506 0.666666666666667
Adgrg1 5.94449066896003 0.558500880694695 -0.0294886309141808
Fmnl3 5.93814004313434 0.778153546774258 0.0944476688072465
Stab1 5.93320466195083 0.944410596126765 0.447570268319601
Irf1 5.93122089953868 0.574317144730334 -0.333333333333333
Pon2 5.93094782244625 0.513085129412608 -1
Rnaset2a 5.91915925493316 0.721246795274899 0.236003636274791
Vrk2 5.91838866255185 0.702735291680297 -0.102137606534469
Ebi3 5.90982506361724 0.845190573233222 0.498964187081781
Trim30d 5.89730644122611 0.907450365733747 0.103556127787496
Csf3r 5.89152762136496 0.938151031008899 0.638862786724269
Rab43 5.88318685490431 0.849674201334257 0.578356523421207
Tmem63a 5.87747349922651 0.752897548698349 -1
Mfng 5.86012761095701 0.870853646618321 0.169504911882434
Klk8 5.8357292753622 0.870892226224002 0.0194122567951513
Epb41l2 5.82417084053729 0.709875187340152 0.22617219337391
Nfam1 5.804553469162 0.876497195947654 -0.137070229757461
Cpq 5.80419175642355 0.487093759647154 -1
Sft2d2 5.78703135532452 0.767452858179259 0.423604112608581
AW112010 5.7744396690362 0.678427147895957 -0.124286519818009
Rhoh 5.77036654878184 0.956285703071831 0.653236436683722
Rasgrp3 5.76510391478976 0.67505897539675 -0.333333333333333
Tfpi 5.76106649056883 0.706530754705476 -0.28395075716889
Ncf1 5.75633462570343 0.908175180945955 0.578606085288747
Rac2 5.75374329927899 0.936783136022436 0.63474794534869
Nfkbie 5.74920918094562 0.825112326316007 0.611762970879669
Frmd4b 5.73530311969315 0.631027795943814 0.277586857725509
Pld1 5.73081142478778 0.745890137972508 -0.145079440201588
Nupr1 5.72937487291148 0.210685484427588 -1
Nrros 5.71587130579619 0.786938437098 -0.0305970392080812
Adamts1 5.71352587587817 0.628568398684794 -0.273533630245882
2610203C22Rik 5.7117581455404 0.906452894849352 0.568647102014101
Lag3 5.7066738128188 0.924844599456442 0.607007140207469
Hk3 5.6876206320849 0.966032188522095 0.665878887079944
Tnfrsf1a 5.6793656618307 0.622207375353172 -1
St3gal6 5.67492679251195 0.33161316251952 -0.333333333333333
Capn3 5.65366230901223 0.836500807425954 0.207310182503775
Syk 5.65277719454042 0.954045062131462 0.5860049236335
Pla2g4a 5.65227470180784 0.72669533755756 -0.333333333333333
Igsf6 5.64875802913351 0.925989007707067 0.603175347127007
Ncf4 5.64107304016217 0.959314497790364 0.594879047763932
Ggta1 5.63946730737222 0.803814749337242 0.393443663303069
Zfp36l2 5.61770339042756 0.58044390622659 -0.0770204983420341
Tlr7 5.61700989787188 0.965545451161973 0.664430151234253
Psmb9 5.61450908408415 0.809312402818279 -0.333333333333333
Myo1f 5.61197711113652 0.966480704095251 0.666199731560078
Ccrl2 5.60772363353957 0.741944378962799 -0.233429376131342
Cysltr1 5.60457007600631 0.966401221868037 0.666666666666667
Slc40a1 5.59308413698989 0.616558016187953 -0.333333333333333
Gal3st4 5.58927316358969 0.81728926726204 0.54891866619081
Tspan4 5.5871205716425 0.552618934404376 -0.132792233874934
Rbm47 5.55380729647637 0.966517593427237 0.666172394938571
Tnf 5.55221496393348 0.962030358136399 0.628269502786991
Vav1 5.5400466886072 0.948507620096127 0.651923130193988
Dock2 5.53771962924441 0.96662561414914 0.666666666666667
Scamp2 5.52836130073741 0.626534185387625 -0.0721803829946715
Hspb3 5.52500528750995 0.287036754205314 -0.0516610478029581
Ikzf1 5.51581450397376 0.965450074371994 0.666548877974397
Slamf9 5.51504033364775 0.95246743307579 0.658463702796129
Arpc1b 5.49616697458571 0.669315746716869 0.408650934417548
Hist2h2aa1 5.49311829128506 0.645096088260213 0.23587656989896
Phf11b 5.49242131882446 0.965278275086724 0.655936671032739
Pde3b 5.48214659213832 0.8250619978796 0.435126226604696
Mlxipl 5.47999079379283 0.961290693651179 0.659980536741162
Gpr160 5.4792503637777 0.828303488110709 -0.333333333333333
Bank1 5.47836884072082 0.931981434928157 0.666392507813999
Hvcn1 5.4672325457843 0.952894978120715 0.607557514363121
Tes 5.46293311480287 0.793072055418814 -0.198622485215568
1700110I01Rik 5.45618806525374 0.933885803277242 0.610256262025351
Tmem140 5.44950388178137 0.708789077891361 0.202345246083906
Il16 5.44573590037093 0.93426291997108 0.570642175779864
Skap2 5.44461493356562 0.670677413531893 0.283955119473592
BC035044 5.44401343701578 0.966430683333218 0.666464316874687
Tnfaip3 5.43492010504137 0.803869979378393 -0.0372868982192561
Ceacam1 5.43348582686312 0.691589767481434 -0.333333333333333
B2m 5.42994323968279 0.562245613876485 -0.267677313159037
Lrrc25 5.42798703007655 0.966455114295917 0.666666666666667
Suclg2 5.42700741898599 0.55470570260459 0.428105410746734
Pnpla7 5.42263378520715 0.699748490884807 0.311769339415681
Glipr1 5.41730454667022 0.932430757382008 0.653912132944945
Tec 5.40500275437643 0.804143221996329 0.0380789763692216
Tspo 5.39226265274348 0.631561068717167 0.00842618024143538
Pnp 5.38670284385004 0.561496059442266 0.0435003177272087
Adora3 5.37829091438601 0.965919020556912 0.666666666666667
Lgals3bp 5.36580977580075 0.525179511783992 0.121493476837194
Gstk1 5.35429918399678 0.427133126047577 -1
Lsp1 5.33560658614402 0.714543324889009 0.549510982143604
Tln1 5.33301931271127 0.726691840928512 0.614693952015711
Ugt1a6b 5.31711192536315 0.890263036364683 0.665763910832494
Gimap6 5.31117550089319 0.680482668890934 -0.110070471566747
Gm4070 5.30661985857718 0.808926758434506 -0.227436191525862
Rps6ka1 5.30209598512058 0.754701534269428 0.157127908019683
Nfatc1 5.29919205387436 0.82540865689322 -0.0770763340966377
Tent5c 5.2985583470899 0.915641009220421 0.666666666666667
Gm10345 5.27256679335841 0.846565914733478 -0.247847488384697
Rnf135 5.26935606000228 0.606177288851605 -0.252204437654771
Tlr5 5.26241948998692 0.966137236210587 0.666666666666667
Arl11 5.25904988458703 0.935555913054246 0.666666666666667
Lrmp 5.25659898806174 0.966483659568306 0.665449808201858
Arhgap30 5.25103373181861 0.946768503822808 0.653321934325308
Cttnbp2nl 5.24123731807416 0.704724042708508 0.528145098558843
Cd1d1 5.2286911012566 0.760427263818019 0.476910941939108
Il10rb 5.22715404348632 0.584924342958472 -0.071289953120274
Gna15 5.22470445976616 0.962319643313483 0.644477410747517
X99384 5.22205734252435 0.778397174179176 0.35852338802984
Mylip 5.21623566865002 0.663823525120276 -0.154506282487285
Frrs1 5.19700680612739 0.635193058442227 -0.168778560046914
2900060B14Rik 5.19589564808207 0.743268874272888 -0.0265836280484364
Lpxn 5.17817617884925 0.872073611586577 0.488167336946798
Btk 5.17376343425212 0.966050764616911 0.666666666666667
Cmtm6 5.17150250313319 0.651611558855575 0.0150434834330339
Gm3002 5.17070444208425 0.76923282706055 0.475510645132513
Jun 5.16708324587691 0.606632668556414 -0.103448749890569
Ccl9 5.16578592236871 0.932420226132331 0.603169831769306
Slc29a3 5.15874999166576 0.739360042558594 0.497727879064933
Tcirg1 5.15309839195507 0.571505984664058 -0.293145828181828
Sgk1 5.14799508634255 0.663039313811626 0.522994717137583
Gp9 5.13647851834917 0.966457323700191 0.666354773044189
Rbl1 5.13578720375726 0.764014799976866 0.0800658582897484
Btg2 5.1214845206385 0.628325144815033 0.387180371505389
H2-D1 5.09365420879836 0.519532001674836 -0.333333333333333
Tifab 5.09341036139911 0.966432629312768 0.666509353991593
Ncf2 5.08991812609939 0.742562739573187 -0.280372195603623
Hhex 5.08769461989563 0.789035203638722 -0.297498666881831
Tlr3 5.08331197216119 0.783997551082712 -1
Itga6 5.07914092823407 0.663997602026674 -0.333333333333333
Cd82 5.07604161236887 0.742627351439065 -1
Hcst 5.07118930217061 0.866114587141926 0.208430793143606
Igtp 5.06287288704452 0.444969505072792 -0.333333333333333
Lgmn 5.06075906585951 0.828190724859377 0.517746608660208
Ier5 5.05750786209145 0.585828098540634 0.291027403909281
Tnfrsf1b 5.05676977465531 0.850636948982234 -0.290309838719248
Cyp4v3 5.04714830794238 0.751216313986775 -0.333333333333333
Cebpa 5.04503310871164 0.88150320450625 0.613185768583494
Tnfrsf13b 5.04423513593872 0.966666666666667 0.666666666666667
Ccl2 5.03943752825477 0.848934205161055 -0.333333333333333
Lefty1 5.03889904176358 0.96579198366233 0.666666666666667
Mir568 5.03678069160127 0.333218190826653 -1
Elovl1 5.03645768700002 0.372873660685663 -1
Arhgap45 5.03586380581102 0.966503197118959 0.666666666666667
Cmtm3 5.03281866023839 0.567349547196183 -0.276644904681432
Emp3 5.02837187079005 0.773043771308678 -0.333333333333333
Gem 5.02731839345071 0.72412895174277 0.406631973050701
Tnfsf13 5.02593110541083 0.797855156259331 -0.0887086239709934
Tm6sf1 5.00131356253855 0.39548964781945 -0.251676741644138
Ppcdc 4.99058274531012 0.795548901812925 0.555100800486384
Cd83 4.98833267929874 0.561425946197614 0.098775148510479
Apobec3 4.98359367307497 0.74237986109362 -0.0349479585977613
Mrc1 4.98357406100235 0.962117454835926 0.666588437381461
Rapsn 4.98191861189494 0.838868446146696 0.631302936473833
Nfkb1 4.98171990941835 0.736607680631845 0.441986070638738
Cxcl16 4.97885086335796 0.925365334546697 0.383794713653425
Cd74 4.97256311236604 0.750659627786746 0.204175297686484
Tnfaip8 4.96513760744123 0.598606407083179 -0.305365262672579
Tcf7l2 4.95784839897788 0.498932147171314 -1
Sult1a1 4.9390985027539 0.606996755275691 -0.333333333333333
Rnase6 4.9373871963764 0.966497523291173 0.666666666666667
P2ry10b 4.92887213638841 0.861035420891618 -0.100061435468548
Stat6 4.91857001824021 0.627261690456059 0.459684353369395
Ppfia4 4.9126062901935 0.680574041513659 0.48722061838092
Cables1 4.90950338918065 0.713765974315862 0.370531077438792
Rgs2 4.90036871997734 0.634800427023433 0.422775029715979
mt_AF093677 4.89937553369479 0.588915059270887 -0.0985068083451247
Irak4 4.89716308649005 0.699614003437468 -0.284739108014291
BC046404 4.87910506155991 0.591820806508079 -0.0477872313716568
Plcg2 4.87776101559598 0.862967932242455 0.126545721490138
Ifi30 4.87736368967771 0.687001450269583 -0.193972046928274
Ubash3b 4.87442698515033 0.362195990542541 0.395628987128646
Gmip 4.87304233773338 0.870265913278875 0.504372407315147
Rp2 4.87183887034053 0.802829883830509 0.0320149784454267
Tnfrsf17 4.86892915737321 0.965317752446559 0.659185375468219
Arhgef6 4.86549574444093 0.386569917038187 -0.317921756617864
Zfp90 4.86081436066668 0.762542299854561 0.468383117526013
Tmem204 4.86006758079594 0.536328232548276 0.202282803575283
Btg1 4.85962935925567 0.577115881839297 0.60504786382139
9930111J21Rik2 4.84783750909302 0.966012920933297 0.660129209332969
Tlr1 4.84608297368897 0.966386797557072 0.666666666666667
Sat1 4.84195740066999 0.677101610784047 -1
Aldh3b1 4.83968253925618 0.730518200164291 -1
Vwa5a 4.83918705360548 0.657560034467761 -0.185849704167974
Dock11 4.82704430396672 0.747807040473514 0.45325656089193
Rhob 4.81807178099642 0.650618052538211 0.467093009342317
A630001G21Rik 4.81770774610579 0.944868177731504 0.648719169343955
Nlrp1c-ps 4.81569186068283 0.966507334871883 0.666666666666667
Slc1a3 4.81415003368412 0.453037463614147 -1
Plxdc2 4.8110498069918 0.659165629855838 0.0564156303298151
Dennd1c 4.80840845412341 0.956050298395575 0.602138703196977
Inpp4b 4.80538845999779 0.497855656237796 0.108111271404856
Gng5 4.80487639317575 0.293493137518633 -1
Whrn 4.80259612318369 0.482308146265234 0.0805362078525643
Rreb1 4.79692268292504 0.791055589487802 0.521895205380651
Il4ra 4.79550570213697 0.771203062562916 0.080680323972173
Cyp27a1 4.76793476829357 0.794673036555722 0.378815066282173
H2-Ob 4.7679195858018 0.966628811166807 0.666666666666667
Traf3ip3 4.7679195858018 0.93676728809008 0.666666666666667
Tent5a 4.76215165676826 0.337159200818194 -0.27969332472107
Srrd 4.76093136505073 0.751646147663817 0.455939816580601
Ptpn18 4.75844085100242 0.936218403681668 0.37514579982417
Mvp 4.75636972453821 0.891715919448785 0.493962714379987
Il13ra1 4.74495855281804 0.802559457143991 -0.204799935255254
Snx29 4.73776175530603 0.715810359436358 0.334669201114824
Rptoros 4.73611263188902 0.864554818295624 0.421782439481379
Fblim1 4.73356088813825 0.859757855303819 -0.154923653258333
Gvin1 4.73278566753312 0.838758911935899 0.603177534264761
Irf5 4.72735118298526 0.933354212161821 0.644958755024375
Spidr 4.72392036952031 0.684363705368897 0.106046807136458
Hist2h4 4.71821481354317 0.643513512443231 -0.0289131502996121
Ier3 4.70339694366923 0.494482629998807 -0.0653971022460193
Gm3020 4.69596329170737 0.723638997203242 0.531388870039622
Ptpre 4.68757365730738 0.451897755538783 0.328591805517073
Snora41 4.6673565035351 0.763781323892325 0.275059622674403
Clec4a2 4.66450355108142 0.945937012590813 0.626833931769842
Nfkbiz 4.66422416936113 0.761957611181295 0.16406198573953
Rnf130 4.66309867288866 0.694989974836546 -0.0420405227975011
Hck 4.65458875822969 0.950318553840383 0.640593075987893
Tmem100 4.65313948655186 0.338069750699928 -1
Olfr1030 4.6515214204128 0.966666666666667 0.666666666666667
Mtus1 4.64487020905058 0.462532124916537 -0.304979548480097
Akr1b10 4.64461953621946 0.42611175714551 0.185897416238902
Slc11a1 4.64397488716433 0.876010624885097 0.280771019176946
Smpdl3b 4.64081020151602 0.962823481120674 0.638895320309286
Spint1 4.63128951637023 0.966617261029141 0.666666666666667
Npc2 4.62914547434981 0.546027712505939 -0.149950340845072
Qk 4.62847523118226 0.345439725380451 -1
Dock10 4.61955222627116 0.63867649256579 -1
Rcsd1 4.6124865420906 0.770093234053483 -0.333333333333333
Grn 4.60903971226758 0.749454838224504 0.518517196184199
Gm5129 4.60837225875785 0.82065594840833 -0.0836239907807808
Samhd1 4.6037583311039 0.635660632982036 0.536540122578993
Abca1 4.59879598563711 0.608747802794889 0.5918932438289
Zfp710 4.5924786956674 0.772796623168841 0.381296791972319
Arl4c 4.59052785715722 0.391382471006552 0.379339689952841
Neat1 4.58597956993276 0.512690948981343 -1
Capg 4.57994804810014 0.750791415656471 -0.333333333333333
Trim47 4.57687938690147 0.86863548645074 -0.295687839286929
Spata13 4.57598391720401 0.802337043510513 0.143574407425489
Rnase12 4.57580737445644 0.966666666666667 0.666666666666667
Siglece 4.57485501193306 0.958101850876831 0.646592502445076
mt_AK131586 4.56758867325576 0.269432952423719 0.0735038070321153
Cmtm7 4.56606788022549 0.954629736936491 0.664872676590105
Maml2 4.56181301740466 0.553117842600679 -1
Pik3cg 4.55814938246852 0.939336925133284 0.666526048880913
Ninj1 4.54824068217353 0.54627156775293 0.447532281620335
Plxnb2 4.53730445760211 0.752105220026788 -0.0297766951781714
2610020C07Rik 4.53498450538518 0.864213640043269 0.542075207319397
Fam107b 4.52720173026089 0.699671909363776 -0.323246451063448
Slc15a3 4.52339858735256 0.959178803467611 0.637176036861524
Tgfbr2 4.51901914337111 0.592461644445966 0.357296873210823
H2-DMb1 4.51842068933388 0.915936090623738 0.21930122827315
Il6ra 4.517007030215 0.806111947628986 -0.157610769366362
Nrm 4.51660227787098 0.615517337181515 -0.0789993029489967
Gsdmd 4.50744869781652 0.69091242019297 -0.333333333333333
Ripk3 4.50291495933186 0.947265365824749 0.484572330070117
Hfe 4.4973769191188 0.730722148632904 -0.333333333333333
Catip 4.49384991997324 0.696532952478146 -0.333333333333333
Arap1 4.48753057980854 0.720012370182243 0.0540430879490616
Hist1h1c 4.48744021709765 0.787454792568546 0.570276614754685
G530011O06Rik 4.4827183117717 0.781417959978809 0.576223891041679
Adgre4 4.47897180503294 0.962493613435147 0.660157286614004
Gm5086 4.47865032534924 0.810266459260801 0.467289605128797
Tmem106a 4.47358130230728 0.829580276823526 0.466396637169106
Gpr146 4.46934750837659 0.609435432216129 -0.316445167137008
Fos 4.46727585067565 0.531468572583444 -1
Dcxr 4.46660880392203 0.79045712341967 0.323813766198312
Ptgr1 4.45944641092936 0.794524608915558 0.265970763259431
Tnfsf12 4.45361635793853 0.616273337749634 0.110206414382584
Icam1 4.45215553260051 0.780081097512721 -0.290707817767346
Ctso 4.41995161402894 0.55602839879774 -1
Tifa 4.4115329930722 0.701793363655368 -0.280231572019127
Hist1h4c 4.40913972736562 0.784937517022965 0.358865007362068
Eva1a 4.40698074335648 0.810557495093367 -1
BC049352 4.40520317141297 0.888850985439635 0.556142743920574
Ly96 4.40414114788259 0.569340293493943 -0.107340260489058
Snx5 4.39966431909687 0.807603725610047 0.423499467173928
Ehd4 4.39879446189523 0.721975231605694 -0.244493344631953
Abcc3 4.39761629784987 0.964836890336982 0.652787040596924
Gm10052 4.39673890913512 0.542814044326029 0.339340746175959
Selenbp1 4.39179388236097 0.443328687288947 -1
Slc9a3r1 4.38450118327272 0.721473235935599 -1
Gltp 4.37958838960178 0.328032307149993 -1
Junb 4.37819970311039 0.709269674093794 0.205978858364472
2610528A11Rik 4.37614512640145 0.926391527994833 0.447933089074001
Idh2 4.37536838696671 0.689610067914574 0.492729028681668
Ctsz 4.36993497057585 0.562110743314289 0.312088343515648
Upk1b 4.36648118014768 0.966666666666667 0.666666666666667
Cpt1a 4.36075247961519 0.572325209141513 -1
Inka1 4.35763627777298 0.743140056478102 -0.333333333333333
Oas1a 4.35438163211332 0.956557542466273 0.661552387928803
Tubb6 4.35429382425123 0.604869957391453 -0.0887731721687024
Gm15880 4.35389664306243 0.916961307570294 0.64063814717132
Cd84 4.34564609221016 0.859051490870655 0.486775282022218
Ttf2 4.34344719756029 0.925572693495295 0.492594266869437
Klf4 4.34327574483904 0.64778337140281 0.455165929563265
Card19 4.34244441390362 0.612235902981427 -1
Slc7a7 4.33574293088869 0.882193677758329 0.114920588335024
Pycard 4.33528493643897 0.815391056812897 0.412641850796898
Trim12a 4.31762639143385 0.681817138802798 -0.333333333333333
Lrrc34 4.31343477599487 0.919271267182563 0.590324640206883
Rdm1 4.31220092420122 0.473580288785355 -0.24091406969004
Prkab1 4.3096834820158 0.632803803922949 -0.242307541519102
Arap3 4.30427185979825 0.772833207957813 -0.333333333333333
Mmp11 4.30411092951313 0.621790199638297 -0.333333333333333
Rab27a 4.29874596173253 0.685527937994284 0.323853079409042
Lhfpl2 4.2938723513394 0.607093108617625 -0.333333333333333
Il6 4.29137584197913 0.96644328245931 0.666666666666667
Gpsm3 4.28176768359397 0.95836612350101 0.617958774962264
Erap1 4.27111460366107 0.680274312907924 0.25075172125327
Gm10409 4.26543163797488 0.609267236899227 0.295768298658752
Arsg 4.26103248708009 0.558333402362027 -1
Ltbr 4.25481741263697 0.59635591688007 -0.333333333333333
Fez2 4.25015330886472 0.764111081727329 0.157247473383794
Rasl2-9 4.24555414427023 0.91742025644695 0.555675387780675
Elk3 4.2411639543882 0.677937367693673 -0.216380030530891
Zfp59 4.23383843125661 0.686371704596634 0.425150889582797
Soga1 4.23078035146592 0.810988904346478 0.63915259155471
Cyp4f13 4.22541363130883 0.698637349622641 -1
Fchsd2 4.22011994602775 0.577782761509264 -0.0709703796779427
Nek7 4.21634843861914 0.201372369960883 -1
Usp18 4.21260007929243 0.679499387199586 -0.0102993412683271
Sall3 4.20771324687111 0.634329258346333 -1
Kcnj2 4.20436931041328 0.460073696827211 0.392028024789406
Parvg 4.20266704241584 0.934014957533476 0.523852912522903
Ndst2 4.20025658774796 0.705702688522263 0.53750390645413
Psd4 4.19515483979712 0.912175431609235 0.295876074959411
E230029C05Rik 4.19170769556753 0.859993096943166 0.507387388854769
Mir5129 4.19162007254163 0.893399527872571 0.577663488869349
Notch2 4.18704118458279 0.619636465950884 -1
Sema4d 4.18654526625778 0.732027666082385 0.585150679114655
Gm20257 4.18578836131532 0.655222476386802 0.0496480949459597
Gbp2 4.1817459712463 0.701581604249876 0.467379184813233
Zfp658 4.18047529897355 0.727626195219054 -0.0505331311860937
Ctc1 4.18034747246894 0.777652309895367 0.135649358897166
Ppp1r18 4.17544483224137 0.789985424305496 0.394345976198325
Trip6 4.17444196253474 0.733761010093786 0.12465240817517
Pbxip1 4.17305339240687 0.634597349219086 -1
Dok3 4.16943153820393 0.843864928485986 0.470793765512669
Serpinf1 4.16705570066273 0.632592474981474 -0.333333333333333
Ptpro 4.16687100614836 0.539495760358224 0.079865716042307
Gm3383 4.16524259536831 0.731667387598646 0.541622633965724
Tspan32 4.16419385714644 0.966506523292321 0.666666666666667
BC013712 4.16086153131131 0.944919426965597 0.508240436266097
Tax1bp3 4.16034788348183 0.440673405555711 -0.140872963304384
Ctsd 4.15247469364848 0.783549275625763 0.475782009387945
Spg21 4.15076294281041 0.681836435635251 0.0170939323419504
Rab32 4.15033811548443 0.876692766952929 0.121853358023424
Cklf 4.15022552302165 0.568034659120471 -0.0866319952336447
Galnt12 4.14728243952914 0.905194295651679 0.651462654648969
Abcg3 4.14582944495527 0.863312778730119 -0.215077530748567
Fgd3 4.13761467761159 0.716718374085916 0.365828406160903
Abcd1 4.13627723548234 0.711859124155146 0.308833265018153
Nagpa 4.12902164971714 0.676942835422116 0.375824748885018
Tuba1c 4.12614035010275 0.491592914602292 -0.328151868772578
Mymk 4.11810067773508 0.758932849288555 0.312202886306882
Gbp3 4.11782591086071 0.682378223125549 -0.317718295083231
Tex12 4.11226464438657 0.803379663560223 0.443953399084022
Accs 4.11104261207893 0.6574689078564 0.239077414225848
Rassf5 4.10975882233605 0.648623996696511 0.35113479800836
Tgfbi 4.09887428674445 0.811825737874094 -0.333333333333333
Cib1 4.09781904947839 0.506750546319257 -1
Mcur1 4.09740332295186 0.606016995325423 -1
Plod1 4.09580840318134 0.464915474334785 -1
Spi1 4.09515723304034 0.966490716883052 0.666666666666667
Map3k1 4.09497730145477 0.269802079077599 -1
A130040M12Rik 4.09390651211113 0.699524677354564 -0.326440252894717
H2-DMb2 4.0913921084297 0.920027352228805 0.457766449199536
Cd180 4.09027605219036 0.965625246538573 0.666666666666667
4933406I18Rik 4.0901061400748 0.81299106065715 0.510617034194777
Glul 4.08167245780329 0.397477080846364 -1
Thrsp 4.07451293655602 0.126112542274746 -1
Gm3264 4.07413059740835 0.52926229565751 0.411908213914318
Hps3 4.07251140328131 0.767992676198383 0.497039112709208
Eno3 4.06993664029998 0.695917652263385 0.360385876893107
Rnaset2b 4.06456368931619 0.522549430574981 -0.158005507062626
Rrbp1 4.06118813810305 0.708258929911749 0.504425613781654
Gbp7 4.05903686396831 0.561145722748608 -0.0964949606256921
Tjap1 4.05784857639109 0.742954986731461 0.363494932390271
Zfp429 4.04845469121784 0.661504879411143 0.252383001411758
Lyz1 4.04656003026925 0.930992189416525 0.664613699799119
Lrrk1 4.04606877679522 0.779039794576582 0.132299107900216
Rrad 4.04574477153162 0.835073783247361 -0.148062915475578
Gns 4.04354994691372 0.786580798460765 0.314768463016832
Tap2 4.04224090882135 0.814755523590942 0.543303190305313
4930594C11Rik 4.03982757683668 0.790791460135544 0.45995103165653
Heatr5a 4.03649303450708 0.739438610368157 0.174583842502421
Srgap2 4.03491094082786 0.776345995515001 0.252880344888664
St5 4.03351027133752 0.651560821351868 -0.278200466759109
Smad7 4.0316287965734 0.660295779809908 0.527481242203602
Ivns1abp 4.0215519466889 0.825926201700393 0.470652454234944
Mob3a 4.02057139845896 0.690544063520477 0.313073198732459
Cd63 4.01935364070886 0.0898702364053836 -1
Fkbp7 4.01776250371223 0.410661943285463 0.377701823602823
Pik3r5 4.0094701377692 0.852760329154706 0.486670987503518
Map3k8 4.007956476873 0.605100609037412 -0.333333333333333
Siglec5 4.00756958722988 0.965712287109322 0.665842688377278
Itpr2 4.00743476783588 0.661308432077085 0.518083430219262
Man2b1 4.00724109217087 0.720408528601418 0.425983682459486
Spata46 3.99826650282196 0.630568532176169 0.0822922252158155
Fcgr4 3.99589560166726 0.966442682547118 0.666666666666667
Prr14 3.99406399222456 0.641314341831861 0.229885407156492
Csk 3.99114848349807 0.679847603066868 0.378748207631588
Egr1 3.98216980692802 0.443298940027681 0.342160233407195
Rin2 3.97914975878291 0.500608127459389 -0.220236588368674
Adam17 3.97772437775856 0.683823269546953 0.411250771392796
Socs3 3.97062282156727 0.834619234149389 -1
Dusp1 3.96877388089132 0.578611661124285 0.334001650338234
Gsap 3.96261824779804 0.614316149776417 -1
Pag1 3.9556809469256 0.770552562618231 0.497809136897837
Naip5 3.95315777276691 0.87356120735812 0.558861164996335
Oma1 3.95108620448321 0.554576907785877 0.0929744973372565
Khk 3.95095635045177 0.666455205688909 0.212561365975714
Srpk3 3.95024352291367 0.512685042718888 -0.224544034544684
Dhx58 3.94170124494107 0.708004395872529 -0.333333333333333
Antxr2 3.9407231443761 0.734222021191254 -0.333333333333333
Gusb 3.93885221804139 0.604593654060585 0.248724735273399
Npl 3.9347053484609 0.513634944319694 0.269854276264269
Myc 3.93405362608683 0.605611291601756 0.44909164556708
Gm15850 3.93082333768457 0.907770917355083 0.656715932478854
Frmd4a 3.93014321524863 0.731582308461275 0.375270646367662
4931431C16Rik 3.92697624205187 0.94220310412524 0.641993984609573
Pyroxd2 3.92609808883882 0.726706596399243 -0.333333333333333
Serpine1 3.92174183974209 0.937687513444237 0.620987950269169
Gna12 3.91648674954587 0.744923997049813 0.389755853962424
Il17ra 3.91602823942097 0.635924630322573 0.341983300902802
Gimap9 3.90943434972201 0.74926358529429 -0.333333333333333
Ncaph 3.90761547722107 0.76388154456065 -1
Slc46a1 3.90435738781273 0.464358907042146 0.210082863033526
Tlcd2 3.90356770355346 0.816253931166505 -0.0534253422128051
Rubcnl 3.89998337546604 0.895081653742443 0.515407591067547
Mafk 3.89668159715339 0.806827180528577 0.489921668419545
Cd300a 3.89262144106425 0.867206597796847 0.636569731405034
Stk17b 3.89175735902223 0.440747311656647 -1
mt_AK140187 3.88702025343997 0.628088620465796 -0.200009175540635
Fes 3.88264304936184 0.816355437453061 0.408266722685116
Cntrl 3.87919665571727 0.698071731779633 0.354261670786205
Tlr2 3.87868076088152 0.966349792183984 0.665924385977578
Leng1 3.87538841643904 0.825973650397998 0.593295133938284
Camk1 3.87220253947647 0.648074605296575 0.283337045662829
Galnt10 3.86982509592328 0.814608998014588 0.516183112794881
Piga 3.8688898789625 0.588711708741926 0.363641516410229
Il7r 3.86464286088363 0.964709201134079 0.664685876077339
Snora81 3.86359493348775 0.712457262807833 0.360292626371305
Serpine2 3.86199988178426 0.0453426620351289 -1
Gm10406 3.86011166669548 0.634340241415008 0.417903933228537
Cd79b 3.85286143506992 0.966048940187052 0.666666666666667
Gm3317 3.83704532069228 0.764988905760322 0.532040940750253
Gm3494 3.83704532069228 0.764988905760322 0.532040940750253
Hcar2 3.83270592649818 0.966603979344187 0.666039793441873
Tgfa 3.83104278986644 0.608608921605578 -1
Nat2 3.82703373360342 0.766591168737509 -1
Klf3 3.82669270145462 0.406329763847764 0.370712598188701
Irak2 3.82635547577349 0.683714686389329 0.0122940026559137
Phf11 3.82523056684587 0.911229730773732 0.18489666758821
Prcp 3.82229990418081 0.407182960605789 -0.333333333333333
Cmtm8 3.82191862231557 0.784750088188703 -0.333333333333333
Rrp8 3.82141616642713 0.565127088141269 -0.25222825839118
Mr1 3.81779363206151 0.835717065565258 -0.0508280931094993
Creg1 3.80621801810095 0.603540760227017 0.304417866195089
Bcl2a1d 3.80454173616611 0.964582046717872 0.666666666666667
Slc46a3 3.79972915198312 0.529699467785054 -0.333333333333333
S100a4 3.79753183957196 0.695608057399945 -1
Ddah2 3.79086166922681 0.562567875786727 -1
Eef2kmt 3.78610401582961 0.668148058200846 -0.105093580146554
Trim65 3.78607442976272 0.777670981934318 -0.21062757330919
Ttc7 3.7840913142211 0.803344560368817 0.479282184064438
Sp140 3.77864125345744 0.823097611343147 -0.333333333333333
6030468B19Rik 3.775316269234 0.963330200466301 0.661256641715239
Card9 3.77152829669179 0.948879757200224 0.627868481578687
Ccnl1 3.76806448896585 0.7028977276534 0.0926957633334741
Xlr4b 3.76244546243974 0.879136657717775 0.396551022815248
Plekho1 3.7622542910783 0.593355162944894 0.245091749932693
Mir3101 3.75989295254335 0.72565674658551 -0.0985548196076351
Rnf122 3.74902805442028 0.703047152790058 0.461771203820273
Pkib 3.73931373634608 0.551228997563173 0.339045980839162
Rtn4rl1 3.73759651773185 0.12292577558505 0.0615882222330795
Cntd1 3.7316123080722 0.852669068592037 0.376961078434906
Lamp1 3.72973358738556 0.609102686468103 0.284522285161567
Mthfs 3.72839806266457 0.50294903209581 0.311339707460753
Anxa4 3.72747878041785 0.268817671401693 0.142958604712668
Stxbp3a 3.72664874557247 0.43759628652264 -1
Elf1 3.7217813565072 0.712160490917499 -0.333333333333333
Reep4 3.72120637514976 0.868241349281438 0.546401488752068
Cers2 3.71228734733025 0.422077763073236 -1
Bcl2l11 3.71085795426989 0.63266951973664 0.31484334565686
Bin1 3.71055235550198 0.708489969924992 0.461844104082194
Col27a1 3.70884801361882 0.883584099057941 0.0612786640712665
Frmd8 3.70499589024633 0.603128164618185 -1
Ppp1r3b 3.69681821889493 0.908600878784685 0.646831211846913
Kng2 3.69457632892173 0.96658244688412 0.66626009974812
Hmox1 3.69106425616943 0.45075113808953 -0.118893499241941
Dhtkd1 3.69086370490163 0.691537853559533 0.507681637943665
Fkbp9 3.69039878796611 0.527861655110162 -0.333333333333333
c5_SSU-rRNA_Hsa 3.68796654167758 0.778610468049888 0.35420937402341
Pik3cd 3.68560620876127 0.734436047302375 0.389365194396296
Calcrl 3.6825906584059 0.557194114545036 -1
Rassf2 3.67640434991939 0.566265533474804 0.102568728909017
Qrfp 3.6721756051338 0.924469201684061 0.506066972744043
Hspa1a 3.67117741841682 0.782393909146343 0.142422314543297
Serinc3 3.67003579546299 0.676369807889768 -0.267430176431174
Hist1h1d 3.66792180346597 0.956099923883038 0.652085456760617
C1rl 3.66619935183804 0.899928773761005 0.495054801581665
Tlr6 3.6648965163649 0.865600865887872 -0.333333333333333
Rab29 3.66184752877424 0.393739554171849 -0.299381958616781
Arrdc1 3.65996124511884 0.504601020881244 -0.333333333333333
Snora31 3.65088241725254 0.489457383870504 0.0974733643260045
Myh9 3.64807104223089 0.56926903724148 0.422527858449313
Hrh2 3.64436012279265 0.542935510418328 0.268501917265437
Mcl1 3.63093334084798 0.602751208126743 -0.315516514651906
Sp100 3.61604753085072 0.649761440400223 0.14825957625983
Sapcd1 3.61198845754235 0.81006659969625 0.53519563750165
Trp53bp2 3.61013374423403 0.633538561367762 0.090106626743086
Slc25a37 3.60875429836751 0.599146043968011 0.388266465023945
0610039K10Rik 3.60518930942248 0.921774187969665 0.651548618910797
Mgat4a 3.60336679683322 0.664558212516463 0.507936939136353
Mcat 3.60240484248713 0.575129609201257 -0.0301775737001176
Nfatc2 3.59729132201294 0.705067850139307 0.501082850193355
Abl1 3.59725298323514 0.681943190059286 -0.153034247288112
Plxnb3 3.59528042933494 0.741809256773036 -1
Cenpn 3.59096437568717 0.612671571652646 -0.293380788464924
Zfp619 3.58720802436054 0.722565261092259 0.382452886820397
Rcbtb2 3.58646830477218 0.525547510918044 0.376721572832739
Lrrc3 3.58386199598505 0.807181883650502 0.57209690304972
Rras 3.57963953924853 0.567481671754297 -0.138208655197517
Lyl1 3.57492717917064 0.901483299092828 0.0428406921839303
Tmem219 3.57436751517619 0.630213343115979 -0.0657971397967454
mt_AK140152 3.57428788515079 0.507951287666231 -0.333333333333333
mt_BC128309 3.5738028506754 0.578847440576037 0.206937324530425
Hyi 3.57195204795714 0.660051005867825 -0.0174352130375057
Tmem154 3.56875072982327 0.749604997435201 -0.333333333333333
Osbpl11 3.56587375943872 0.776445608791237 0.310500398758598
Sfxn2 3.55841358570084 0.745852779677975 0.18325713594877
Lppos 3.55630443172002 0.600976360954349 0.271800220157286
Olfml2b 3.54707701718476 0.520499379304605 -0.126849930364619
Eif3f 3.54682585650837 0.56775014317264 -0.193557128695469
Slc26a6 3.54321109585837 0.631083766042087 -1
Slc37a2 3.5417838997421 0.921515992265888 0.41621568002569
Asph 3.53566310599868 0.477834635565495 -0.192668831658427
Arhgap17 3.53529810692626 0.681938619970747 0.092074380481019
Ostf1 3.53510368038256 0.571794211951557 -1
Il15 3.53175006277123 0.657210862595156 -0.321645235004631
Tmem86a 3.53100733822427 0.5436686742484 -0.333333333333333
mt_AJ409479 3.53087412889041 0.630514416044876 -0.333333333333333
Gm10248 3.5271499723381 0.966666666666667 0.666666666666667
Mitf 3.52660765118019 0.47694964876786 -0.145114281454745
Zfp229 3.5264118093147 0.72583855627778 0.398441364395893
Gm3500 3.52638336952244 0.598812606884808 0.297228665993206
Ppp1r15a 3.5215020613889 0.591844759826292 -0.177358927747391
Sept10 3.52119813473653 0.424610953515456 -1
Hist2h2be 3.51495676850301 0.553820551358492 -0.149077315456421
2510039O18Rik 3.51398372347658 0.684677774915718 -0.00693780616214142
Dnase1 3.51176939405308 0.717796101654535 0.327273178541745
Nhlrc1 3.51049309330345 0.693025451575478 0.0155786693727029
Hadh 3.51006450014646 0.388519427729555 -1
Tmcc3 3.50792126900118 0.512204777697991 -1
Gm9320 3.50785974660375 0.743421634344085 0.0762422987047397
P2rx7 3.50701841749029 0.433488465637574 -1
Abhd1 3.50407635346782 0.515653581112734 -0.333333333333333
Cd164 3.50346015715419 0.561202677185351 0.26454068355365
Batf3 3.50271248596606 0.787334690013094 0.213611000335278
Tubgcp5 3.50112177607976 0.781076481381968 0.357085443467057
Ifi35 3.50001843887529 0.457835973317979 -0.333333333333333
Zbtb37 3.49950112894298 0.653904742452777 0.345244591481552
9930111J21Rik1 3.49448573429652 0.692297470651586 -0.333333333333333
Man1c1 3.49190204401651 0.421787145825531 0.0703707458269268
Cyfip1 3.49080887036948 0.572142553843225 0.482910743301992
Tapbp 3.48743486553956 0.620065640126059 -0.144063558481237
Wasf2 3.48484029044643 0.745064272607573 0.313742299928281
Rel 3.48182868020679 0.780350872471383 0.466663750167029
Cd302 3.48141387714744 0.14473983147381 -1
Fhl3 3.4808999556132 0.755649505490221 -0.333333333333333
Ptafr 3.47844238644765 0.966614255672454 0.666666666666667
Vasp 3.47791491992709 0.790173708947156 0.583812295173009
Map3k14 3.47704195027154 0.737741189381442 0.433443402615209
Ctsa 3.47653368628806 0.767745904364836 0.568381432882389
Naglu 3.47610309059151 0.650492986232083 -0.20532196053177
Rassf4 3.47538997487772 0.486723167000393 -1
Det1 3.4731633639332 0.677236078766834 -0.152780311273993
Plekha2 3.46708223119841 0.389321864845282 -1
Myl2 3.46466826700344 0.824967512750576 0.316505968255084
Vangl1 3.46134135015818 0.620754652885984 -1
Cd80 3.45702384669672 0.941265449020474 0.623572271479244
Ntpcr 3.45660198540603 0.69011857164321 0.33229090188064
Casp6 3.45598205440565 0.481283811699253 -0.333333333333333
Uchl4 3.45454736519376 0.754670037775332 0.166641966421283
Gm5796 3.45205894720026 0.571712450767558 0.398788490037824
A830052D11Rik 3.44598893798396 0.675459383866882 0.279941135812492
Bnip2 3.44041493989526 0.528136941443935 -0.240114780950575
E130215H24Rik 3.43644484134253 0.773378619655621 0.461524231921836
Tnfrsf22 3.43104828065111 0.766669799134599 -0.202825460669285
Pik3r6 3.43050360927067 0.491167392256306 -0.333333333333333
Npnt 3.430121063321 0.369986157426988 -0.333333333333333
Mir24-2 3.42949423832916 0.950346990777832 0.666666666666667
M1ap 3.42870276971557 0.966523665022235 0.665732522851588
Arhgap22 3.42815791260065 0.792217049144721 0.404644220464865
Lrch4 3.42722807778822 0.759338211794283 0.0123616351609726
Heatr1 3.42572825965989 0.705841657862646 0.118956953242494
Acadl 3.42401830591071 0.149335218027466 -1
Parp12 3.42281723168377 0.702249882225672 0.274763447326809
BC051142 3.42173957161481 0.696527504679468 0.230751458692613
Pds5a 3.42164903574489 0.691001327713866 0.503844547626132
Ssh2 3.41967758651599 0.723929488184457 0.21312584316141
Mcm6 3.41869149029239 0.656870118272756 -0.0978488133354968
Dynlt1c 3.41674164451403 0.297828670300906 -1
Cln5 3.41523443463646 0.688169310888172 0.183911741544872
Gm16861 3.41331399292601 0.753432227653197 0.252048851785853
Acer3 3.41290505587272 0.627875346240764 -0.127541105149862
Gm11545 3.41030562132891 0.964968698848761 0.660509010761477
Slamf6 3.40283378248057 0.963473599782111 0.634913291331969
mt_BC081549 3.39965358041761 0.47178159334913 -0.179823058889061
Tyk2 3.38923545815925 0.641758114790692 -0.0293646290074147
Cotl1 3.38783367734912 0.692161588038731 0.422725038536077
Sh2d4b 3.38743264482901 0.902648586524548 0.595227636554829
Myo1g 3.38423823428069 0.965441303211941 0.654413032119406
Fam102b 3.37980813973276 0.716752790358174 0.0402234846257541
Hacl1 3.37979576853795 0.517675233623983 -1
Sec16b 3.37573752309061 0.823985036607121 0.471472112360821
Tmem179b 3.37422161921762 0.46669110645959 -0.320268170978566
Engase 3.37189500291753 0.839162226433147 0.349408001498243
Itgb1 3.36979450972788 0.443884954805966 0.476954873712673
Rcor1 3.36272372893944 0.69667695007247 0.39431857609413
Lilr4b 3.35486243964553 0.966562972886278 0.666666666666667
Tmem35b 3.3546195326296 0.502121918833984 -0.333333333333333
As3mt 3.35329188047683 0.203845768919546 -1
Cflar 3.35079816052023 0.634436558409285 0.0447687073765751
C330013E15Rik 3.34964855582395 0.574220788241431 -0.108100089573527
Fam72a 3.34918322515512 0.815716406103737 0.381344041382675
Sh3tc1 3.34792330342031 0.785883428392735 0.181165603767789
Kcnrg 3.34463491436172 0.68968775836282 0.219953528369554
mt_AK139402 3.34213770028905 0.332599929512604 0.139440260209926
Ap1s2 3.34144439836375 0.582262739696934 -0.108675858215661
Ephx1 3.33991675912145 0.254624330704896 0.110566163905869
Gm10825 3.3397534096037 0.9436137628831 0.658362608364529
Zfp52 3.33854545464749 0.662123553717762 0.308353393419759
c1_tRNA-Ser-TCA(m) 3.33770542754924 0.768900209129394 0.604899046960372
c2_tRNA-Ser-TCA(m) 3.33770542754924 0.768900209129394 0.604899046960372
cm_tRNA-Ser-TCA(m) 3.33770542754924 0.768900209129394 0.604899046960372
Ctdsp1 3.3266818539676 0.538981381828334 -1
Picalm 3.3254538177065 0.745523243940124 0.182838771009959
c2_tRNA-Ala-GCA 3.32462156096046 0.760925877160104 0.489564221170466
Npc1 3.32439816829915 0.438496511632688 -1
Hacd4 3.32256668036289 0.64066045965931 0.254581989545843
Nr0b2 3.29785837374148 0.966666666666667 0.666666666666667
Slc41a3 3.2887409572631 0.618051887654191 0.410408846511252
c11_tRNA-Trp-TGG 3.2876163345213 0.802597953220624 0.533876461919294
Clcf1 3.28405642115189 0.882177035134982 0.50005670428872
Zscan20 3.279991264303 0.736930004312836 -0.0347249910356532
Npff 3.26857020628334 0.552767294562562 -0.158657215215361
5730435O14Rik 3.22769907455696 0.814491921653263 0.524177541110046
Nlrp1b 3.20095111799155 0.957807402217642 0.659822763941287
Chd7 3.19632264198435 0.699830553700877 0.505512713851019
Cfap126 3.18324715537909 0.640321830593874 -0.333333333333333
Ldlrap1 3.17962439124318 0.956700721175409 0.663838986507002
Epsti1 3.17849736237172 0.966603661892762 0.666036618927617
Ccdc192 3.16240048433655 0.902337977039979 0.48570017458463
Chst14 3.15051063773754 0.803219991166685 0.45746284109118
Usp50 3.13810488835059 0.86044422510842 0.179932704425439
Plcb2 3.13299157618664 0.909848943006251 0.546674600168529
Myo18b 3.08065823831663 0.934477437439932 0.612056936140586
Smo 3.05214554301293 0.845178335879094 0.635466680503658
Runx1 3.02410224588232 0.89565007783751 0.127969575478427
Trim30a 3.00155409699163 0.825043162896067 -0.333333333333333
Cahm 2.98936604271285 0.900179800315555 0.609032531005397
Rab19 2.9888912138702 0.956026747459584 0.663857327986595
Rexo5 2.98552804790026 0.67115873489667 -0.333333333333333
Creb3l2 2.94757165316181 0.839324440627969 0.541414695097849
Icos 2.947411136018 0.966509976949503 0.66578349527468
Slc24a1 2.93370238235979 0.909800323571635 0.510048622184804
Rnu11 2.93340096038364 0.816875707116002 0.0422510707932709
Mir133a-2 2.92211133254729 0.965032262893071 0.650322628930709
Mir1894 2.91141150135382 0.897257574589428 0.517915717456672
Ccdc88b 2.89283255462102 0.961958009094503 0.622087400290785
Fgl2 2.88521937051115 0.920047470230374 0.407513056605923
Klrk1 2.86702429364336 0.929490538424646 0.611831271321793
Tslp 2.86447881938249 0.791330426620625 -0.333333333333333
Card6 2.85255303340645 0.789911296879358 -0.333333333333333
Nlrp3 2.8180350673583 0.96539215050744 0.664848970284586
B430010I23Rik 2.81737068810156 0.778821737310729 -0.333333333333333
Parp9 2.78414072466828 0.657983169539976 -0.333333333333333
Klrd1 2.78307561902204 0.966589910418346 0.666666666666667
Tlr9 2.78269448302064 0.956888324210773 0.666666666666667
Snord83b 2.78240856492737 0.892971703602543 0.547997879289464
Elf4 2.77431397121492 0.962920792269313 0.647924969164206
Gm10413 2.76715599145257 0.837561667167292 0.57994791002055
F9 2.73617674299884 0.964174962314686 0.663441023601512
c10_tRNA-Asp-GAY 2.72314494778526 0.933597638452157 0.584436128354249
Tnni2 2.70627937384763 0.966666666666667 0.666666666666667
Guca1a 2.70336250066899 0.964084022769656 0.642755850433642
Parp14 2.66230909316538 0.856285942406876 -0.333333333333333
Hist1h2ac 2.6578262589494 0.964069534722562 0.660655908264869
Cmklr1 2.62440754985227 0.922293137307501 0.358300822352996
Cnga2 2.62404890282319 0.717793921547622 0.253991245459293
Fndc7 2.61082946913247 0.950281786467207 0.619252737155428
Mettl7a3 2.61070826522479 0.952110026669979 0.628856109700376
E130317F20Rik 2.59782428142882 0.85891048825539 0.600914646233639
Mir142 2.55548153948763 0.966666666666667 0.666666666666667
Plxna4os1 2.55259814067952 0.838792520821266 0.479321342177311
I830077J02Rik 2.54158241985718 0.934100022341829 0.621717844653397
Slco4a1 2.54092649049 0.801465948663573 0.437491373722736
Scarf2 2.52269394801264 0.96031670232535 0.649061059781254
Csf2rb 2.49894434089609 0.954061145523465 0.615727558837133
Cryba1 2.49598464061071 0.901020222075508 0.546503448417665
Itgb3 2.49370100890654 0.742109020398181 0.344151501194158
