Aqp4 8.63699380436077 0.804028557763462 0.883748625533659
Slc1a3 8.38685084621879 0.819706373604228 0.807293456785459
Gja1 8.17993613650919 0.499340666740967 0.553656114820993
Vcam1 8.17046956679489 0.743967065355355 0.735221645514732
Mlc1 8.0489289429029 0.806849872108542 0.825378370026054
Apoe 7.65842161853212 0.554317597888361 0.666574378143419
Bcan 7.61144582791297 0.72521052844506 0.745927732045758
Slco1c1 7.57087471397447 0.887039964407495 0.87299018999373
Dio2 7.54695123159553 0.771325243409682 0.787471722733219
Fabp7 7.53137371650208 0.571467021858119 0.177649719014433
Atp1a2 7.47402016519283 0.734372177012578 0.869750555250992
Timp4 7.43131091950628 0.624716097111481 0.324236408148064
F3 7.35270436589747 0.799409400555084 0.722474428275171
Plpp3 7.22921013176336 0.66567119783099 0.811978819760046
Olig1 7.20291263569567 0.320810491208668 0.743600254624409
Slc15a2 7.16775228808597 0.799365549984367 0.880663713883188
Gjb6 7.15790960457782 0.784705521875216 0.734317573133935
Tril 6.78004275195784 0.806660665423725 0.806142741710318
Ntsr2 6.69448548665093 0.802888823042571 0.728002606316933
Fgfr3 6.68281896058413 0.851980550592401 0.802723370783223
Acsbg1 6.66816686807734 0.875171115684791 0.848146629069874
Scara3 6.6580765626059 0.808637699653844 0.788206465049001
Pon2 6.63730419772157 0.609118399327346 0.559229481171783
Mertk 6.60527784204258 0.838882074747277 0.0261893883636564
Cyp2j9 6.46780705703057 0.772840829579382 0.716019828295686
Qk 6.44758974697353 0.283549222405264 -0.0744423450645135
AI464131 6.44662999389415 0.905377833538998 0.873227347698636
Aldh1l1 6.41008272769322 0.832431195240039 0.846807638617003
Pla2g7 6.38873223056899 0.798563985402021 0.76681796750778
Itih5 6.26368636984484 0.712699441904378 0.76119937279555
Gpr37l1 6.20820588126392 0.694527644600234 0.733083747780239
Kcnj10 6.1953936907803 0.59199609530658 0.460499408511415
Cyp4f15 6.19005626082171 0.895537943002568 0.878377662992803
Htra1 6.1553148050065 0.57413761251631 0.622722836961478
Ezr 6.14977379142204 0.856795853638091 0.880660169033498
Igfbp2 6.12896960371508 0.813640900145946 0.408553467766989
Tlcd1 6.12469291948905 0.839168032446605 0.744216793632352
Zfp36l1 6.08840173256113 0.546295738206005 0.240107344389942
Adhfe1 6.0818362033399 0.799028739122547 0.712598130426396
Itih3 6.07608670959809 0.662499274028147 0.183021296056439
Slc7a10 6.07536685246741 0.882858987032584 0.852061872672263
Tnfrsf19 6.07251752803126 0.839994091006957 0.883201807792334
Slc9a3r1 6.05392774074929 0.686991299939567 0.646284895513653
Eva1a 6.01165206430339 0.822210815290711 0.738276592709824
Tlr3 6.00768882526604 0.837397294546181 0.858261417080183
Elovl2 5.99614735096676 0.839754854094414 0.86953099495067
Xist 5.99146694542541 0.681400235041272 0.0438292083858103
Cxcl14 5.97254783924471 0.481344777123994 0.0108285046614075
Grin2c 5.96340055237656 0.905415246801656 0.865285144605541
Fzd2 5.9110155155726 0.827417852638545 0.802411547201338
Mgst1 5.90871395810247 0.660268991906451 0.57022102100166
Glul 5.8835808885627 0.564516005102811 0.483954526692674
Aldh1a1 5.88214129419835 0.59864307805071 0.0770776040239592
Reep3 5.88063186746534 0.442915420537748 0.158575198262574
Mfge8 5.86633454318123 0.76014064635212 0.776185206189974
Car8 5.85737604609561 0.694598245752078 0.147790851630843
Cldn10 5.8541882878159 0.867616311487793 0.725881227177818
Gpm6b 5.85318260225535 0.286506526815305 0.257411148277759
Cth 5.79953181734123 0.81879088118916 0.815719197888649
Pbxip1 5.78892208045579 0.859290602677724 0.720814282442406
Pmp22 5.74961959055993 0.550737138440876 0.102555722127942
Pdgfrb 5.74605129094275 0.826776508850069 0.636663458131484
Pnp2|Pnp 5.72251898528019 0.541669667113388 0.717571443896628
Slc13a3 5.71718398689808 0.58986746495959 -0.193862519524303
Acss1 5.71492895613059 0.738921360582533 0.68089049441288
Lrig1 5.7146142946416 0.673266978624997 0.721465009421995
Wwtr1 5.69709256960298 0.747990390435388 0.756990704355561
Il33 5.68152203316084 0.502981970504051 0.108817894612257
Itgb5 5.64627287999667 0.685535591790675 0.73439783258758
Psat1 5.63027165855302 0.356553216485705 0.0998992642256209
Crot 5.62558304137094 0.65043493423774 0.598351629663525
Zfp36l2 5.58346663609644 0.658344486906471 -0.0397896095159471
Cyp2d22 5.57346372739566 0.875595962428638 0.859198077982984
Smpdl3a 5.5716658536801 0.787690535002046 0.856539361347333
Ccn1 5.54177653836976 0.869842890828711 0.646490000365775
Stxbp3 5.52177669583909 0.379774563650563 -0.0631832247857387
Scrg1 5.50899610904578 0.611067021638475 0.112704087755725
Slc1a2 5.4337931887235 0.781726859175113 0.715811655248828
Ttpa 5.43106971278215 0.85055771821136 0.772672191450678
Rlbp1 5.42918913975604 0.665210290521745 0.151462428712924
S1pr1 5.42013151307003 0.853902141553542 0.758346552535745
Prodh 5.41702938849398 0.893204174682097 0.848159221691957
Lhx2 5.40119358224281 0.646385148165776 0.610148485900611
Slc14a1 5.38903779198013 0.911718801743816 0.81487755164395
Myo6 5.3850371938207 0.75036966584539 0.540453592895223
Id4 5.37686734237344 0.204242029262693 0.510556664812665
Gldc 5.37577345334155 0.849070657140143 0.734191753881614
Selenop 5.36753294220768 0.436767521330578 -0.0216241545472818
Emp2 5.35572053280342 0.880450294437111 0.788005963783574
Cyp4f14 5.35524214723412 0.892485257582984 0.858832994772507
Selenbp1|Selenbp2 5.34422412906153 0.663330387138737 0.746311436738478
Hes5 5.34254188973412 0.395844851649948 0.269336182674246
Tmbim1 5.33447324472725 0.514089697397242 -0.0109066754384885
Notch2 5.30511501241733 0.559974275710688 -0.0431145382667697
Pdk4 5.28545063049677 0.738034298643017 0.59812531115307
Ccdc80 5.23049901763647 0.808780167166557 0.844547447434942
S100b 5.23007229915705 0.403761126542602 0.122987472536489
Tnfaip8 5.19702786123749 0.629461442324208 -0.0687511326400445
Ctsc 5.18026709239175 0.609055176245861 -0.0424799009362405
Cyp7b1 5.14442416576343 0.718738972500896 0.648734185390207
Scd1 5.14343475742594 0.627224448751188 0.364739874341661
Stk17b 5.13731910191558 0.705175815984153 -0.0309181338982068
Lcat 5.13347324398904 0.893342714143838 0.858793961130153
Cd38 5.10917794270677 0.899534809134343 0.780415940143321
Oaf 5.10725625243117 0.802356626839817 0.798644918569623
Ppp1r3c 5.0866352696632 0.731237002369447 0.735751623222543
Sept8 5.08560960706443 0.665997347765405 0.255090336416462
Abhd3 5.08254897590235 0.583295662748896 0.815388513410911
Phkg1 5.05873837339623 0.896178085102022 0.813405923972753
Cd9 5.05651626699415 0.502549594241253 0.163936514707816
Gabrg1 5.02657987118696 0.716478721079681 0.756990714669715
Prom1 5.01430176053629 0.605645606801732 0.280166162214014
Notch1 5.014106247359 0.813189955147135 0.764167174464022
Itga6 5.00933815650409 0.789489090991269 -0.124700103526212
Id3 5.00884233533228 0.604650106864987 0.182893338258483
Cpq 4.95937636975884 0.720739006882991 0.803021083384037
Timp3 4.92522676537961 0.68505683646348 -0.0726833106123869
Egfr 4.91658200068232 0.914848363296743 0.826145671569454
Itprid2 4.91524786709058 0.69709888780718 0.159678465284474
Zfyve21 4.89726972985893 0.450517169279908 0.356912998920361
Axl 4.89675029477766 0.887216275958076 0.80705582270249
Gstk1 4.87034614456438 0.609852149204821 0.616503516821624
Fermt2 4.86464728184997 0.585527371117652 0.811857104378506
Slc38a3 4.86106322320812 0.811885316791536 0.859169094456355
Fgf1 4.86083123198021 0.562297859188387 0.572419768991554
Klf4 4.85684796769361 0.617202351694439 0.0724962868790913
Slc1a4 4.83784121290751 0.707635608151679 0.725390396326719
Soat1 4.81063754296106 0.730652732435601 0.305472115319303
Msmo1 4.8061841630343 0.629526548668756 0.410188295635445
Cebpd 4.80036726570054 0.513447820153281 -0.1693990092924
Adgrg1 4.78960177089374 0.802638137533506 0.381297856642244
Abca1 4.78228558218616 0.710252936895986 0.134537026901349
Tmem100 4.7754131027419 0.663620383433835 0.0974590490891886
Asrgl1 4.77166662169281 0.575228074540198 0.290279942573485
Igfbp5 4.76044127248731 0.613673643841711 -0.109766465055627
Pdlim4 4.75651068323781 0.725684468457858 -0.10726267715303
Itpr2 4.73970278236464 0.709324302988423 0.125444356554589
Papss2 4.73101097640047 0.828777177325543 0.734667449623514
Pttg1ip 4.72645842319293 0.474668701164621 0.0536159734314513
Tjp2 4.7237387074624 0.573103500303887 0.298894276727576
Btbd17 4.70853072312551 0.86268849043994 0.848551679387617
Acadl 4.70012116961461 0.486243661395334 0.730376133203143
Car2 4.6937519874143 0.453029543974901 0.00128426818812924
Antxr1 4.69248497951637 0.711624175728421 0.819460475563837
Rapgef3 4.68877554975865 0.527781410740007 0.335395972496605
Ptprz1 4.68842273143173 0.719878525473766 0.818828617240286
Pdlim5 4.67401630489102 0.647372521238647 0.689095577245787
Pnp 4.64940388284137 0.610287213321947 0.711749559477843
Gna13 4.64473913605635 0.612830545011371 0.365976995374097
Elovl5 4.63580401564172 0.660459630429257 0.56619220792534
Nat8f4 4.63289703916401 0.792940669188897 0.774272554907464
Ttyh1 4.61369733404609 0.425212104279153 0.275706769553271
Cbs 4.5914057418153 0.885441701534089 0.872145789365819
Ntrk2 4.58244297687833 0.771195952696375 0.728940262777291
Hapln1 4.58110790914726 0.785477129016654 0.758635480881868
Prdx6 4.57652767951056 0.693517001459804 0.656825804103533
Galnt4 4.57290039260871 0.78161052781489 -0.0888496445825484
Trps1 4.56219431975846 0.520010838942208 0.597722596170511
Sparc 4.54700103336727 0.549541597089923 0.166671250118183
Ndrg2 4.52475934934568 0.597661700372698 0.508374393640426
Gpr37 4.52298338112261 0.398817378462077 0.339781304561819
Ptch1 4.50971967584469 0.335230428966574 0.45187878770473
Gpld1 4.50263512911651 0.812857575535703 0.808736437227135
Fads2 4.49867932700087 0.853775688076028 0.84631677585485
Sat1 4.49006066546871 0.584782139523234 0.00672742670191776
Hsd11b1 4.47641534941556 0.744417965113636 0.869708137028889
Col4a5 4.4693915817201 0.930336649586264 0.871628031328121
Mical1 4.45538644961816 0.666552701281543 0.0144764755355462
Gprc5b 4.44984879427424 0.499296787911278 0.620463981128328
Fam181b 4.44881169399279 0.720795214151372 0.51287461459383
Lmcd1 4.44684465776808 0.802941435822291 0.54919992736903
Gstm1 4.44061311346707 0.668939904568741 0.54981590680719
Gpx8 4.43139168266537 0.668377924094073 0.40611633808638
Gng12 4.42509293578893 0.502383799207448 -0.00783775289348381
Gpam 4.39341949455607 0.780094559255781 0.840968110497017
Nrarp 4.37174587726938 0.757710499776753 0.482849134485129
Fjx1 4.37055606924495 0.742052174030427 0.851385642951651
Add3 4.37041162885475 0.72118864110464 0.705829514370196
Ndp 4.36628787788206 0.776247253662577 0.631767424613954
Nfe2l2 4.35239805340874 0.572033741051815 0.226473357911396
Slc4a4 4.34838075854579 0.42696900112949 0.105182251701148
Zfp521 4.34733824696579 0.167051114383526 0.24150899631715
Lamp2 4.34578418058855 0.501354686604746 0.13123191019055
Nde1 4.3377455888008 0.576362044573675 0.0728356395863586
Appl2 4.33446972168001 0.645235551823897 0.830199670253211
Smox 4.33193053291485 0.528712235012791 0.498146154257842
Jam2 4.32183037568381 0.647504140958747 0.573135742514549
Cyp4v3 4.31747691590746 0.725338290408347 0.610980030295918
Gdf10 4.31386524519388 0.771462379110207 0.726740177993015
Rftn2 4.31048506482372 0.75309807071128 0.580022633254166
Efhd1 4.30286866601595 0.499169299480633 0.38748675074385
Slc6a1 4.30095981659449 0.208351472530344 0.45374705594484
Dtna 4.28720708612299 0.726814046936745 0.725244411877045
Phka1 4.28356252301187 0.703590269787541 0.875128869026012
Slc12a4 4.27817851487014 0.776463696813592 0.703455991387444
Kif1c 4.27230225020244 0.644533614145501 0.589613741459378
Amot 4.24899270549591 0.808518753499778 0.846687299692518
Aldh6a1 4.24544515577445 0.622196619266335 0.76723316164955
Tmem51 4.23160041280218 0.802010313709607 0.65718091844381
Dock1 4.22960644016357 0.623115417501501 0.700167376680665
Nhsl1 4.22751125483291 0.676594381823607 0.231482751976275
Hadh 4.21898548394637 0.443066229591784 0.0904872712437231
Cdc42ep4 4.21872610584159 0.640380528902057 0.606640087447891
Oplah 4.21614773374171 0.820805171090853 0.854297704592262
Tgfb2 4.20919294963522 0.602801913509395 -0.179312149690573
Atp1b2 4.20811704420295 0.654476057892238 0.765441939397806
Selenbp1|Selenbp2 4.20071138275665 0.750520490974666 0.798058883221447
Plp1 4.1943173513448 -0.183786956042506 -0.133250433383331
Cyp2j6 4.1726380439231 0.604494889391182 0.220474368610902
Fmo1 4.17141375752739 0.731230248247941 0.761797626185232
Entpd2 4.13943176142533 0.801588168586852 0.863041573628636
Gas1 4.11692340414757 0.633632593621369 0.433860113387943
Clu 4.11469442308722 0.762452945083185 0.7798997051574
Gli2 4.10765707623294 0.814090532189368 0.727899569828006
Heph 4.08731897024201 0.926413880559396 0.864086925561756
Mmd2 4.0851393698834 0.411375790285553 0.520948834756598
Mt2 4.07935387082752 0.637047141111 0.308782290398383
Wnt7a 4.07895407034572 0.633633871008872 0.317296096564778
Kctd5 4.07068057906271 0.622589200190862 0.539425238475373
Fxyd1 4.06703022722034 0.770899346028451 0.660596061160108
Prkd1 4.06481505245279 0.604185447399212 0.67864565889689
Txnip 4.05555550661373 0.689348203883525 0.160704543657083
Srebf1 4.0418395041119 0.716174141374691 0.82717151806916
Fkbp10 4.0415841278285 0.907533459690396 0.899089644395721
Mmp14 4.0335703807296 0.790644498500725 0.649927060941807
Lgi4 4.02968304026392 0.911444340153622 0.841493115620949
Fgfrl1 4.02479843820384 0.772323888612808 0.592152786115701
Lpp 4.02177090697687 0.855115595250361 0.688617377779324
Acsl6 4.02114602233202 0.697965116178085 0.83016356117573
Thrsp 4.01997521822567 0.455678563308179 0.486240857155612
Pnpla7 4.01991675984276 0.779045172169479 0.453948081481576
Myo10 4.00802845418579 0.800980408059045 0.648873162901774
Agl 4.00407212448642 0.711175969394119 0.56053745396565
Ptpn13 3.99962830153393 0.703780318561245 0.426598513895313
Sox6 3.99542970035311 0.311433531345441 0.0484381774047638
Sdc4 3.98567643397014 0.788370504216045 0.757489124014108
Lrp4 3.95867685520226 0.789542115434845 0.804610416030568
Il18 3.95344264664058 0.540986912011449 0.648888538704206
Chpt1 3.95342038574782 0.44018703944271 -0.00496917454014009
Sox9 3.95241007385795 0.849098931674126 0.799707881114306
Ppic 3.95036134587558 0.802045639916623 0.170236999477278
Rab31 3.9332601165578 0.416771832317037 0.237256674681233
Klf15 3.92765485155067 0.695733490992677 0.617622827277866
Hnrnpa2b1 3.92027316537152 0.659148235393286 0.024113012278018
Prkd3 3.9038327716606 0.454345005340991 0.00165773678475784
Suclg2 3.89843719193847 0.736055355892597 0.154705569909139
Tspan7 3.89441296558044 0.308598625816063 0.0617676545795384
Pdzph1 3.89059476732932 0.8363518472188 0.682676867270913
Cbr3 3.88778812566633 0.224566073991486 0.0882705113668557
Glud1 3.88728699106911 0.569406928072125 0.513679812651654
Cmtm3 3.88399023800246 0.718157032864633 0.350685265855695
Gab1 3.87993823179205 0.360780497254297 -0.130425239108194
Acaa2 3.87524459793691 0.771069661732167 0.827896152385887
Smo 3.8689216473678 0.675829590240268 0.411357834583786
Vcl 3.86060782152709 0.66115716286754 0.834447342014904
Smpd2 3.85187607571334 0.691637295295897 0.795528071005179
Asph 3.8352192507761 0.675056282049477 0.205598381384253
Aox1 3.83465567429982 0.881837390713924 0.593480709364445
Eps8 3.83137037811103 0.518337264507967 0.274340052452792
Ednrb 3.82163524909542 0.794832181367035 0.520434038689209
Sash1 3.80734517440737 0.637974087564819 0.787702825121012
Dennd4c 3.79936681865372 0.620062712498363 0.506901935824868
Cnn3 3.79686492307656 0.442156131223992 0.406596768592915
Plekhb1 3.78788354557902 0.413770324162543 0.544142483318154
Adamts1 3.78640555381672 0.652015909608214 0.649974795533904
Smim3 3.78523841386232 0.663465122004943 -0.139194413983646
Vegfa 3.78283806085834 0.811428923459801 0.606939072247134
Slc41a1 3.78173584383188 0.747787358136944 0.753290726744092
Slc16a1 3.77470115761278 0.61069732230748 0.258266413583417
Adam17 3.77381396597644 0.576965688971031 0.393398933002628
Pdgfc 3.75968051310637 0.492415319968293 0.299818840465675
Sox2 3.75459721053415 0.419669191535506 0.2568584868296
Prelp 3.73219326139468 0.841712981598484 -0.0472301173706425
Rhbdf1 3.7276371653066 0.707807038488151 0.744347241411024
Hmgn5 3.72524663068667 0.501972612515818 0.247853153429823
Lin7c 3.72415592562219 -0.0546909606597863 -0.19866377209563
Celsr1 3.72334201285996 0.817373273717371 0.71729656892025
Lpcat3 3.72192660615849 0.658643133679466 0.370986664449744
Fgfr2 3.71276878464912 0.582671714814476 0.224298672133077
Sorcs2 3.71041423308777 0.590682081317638 0.686460105111303
Pygb 3.70874643421588 0.770827314004161 0.85410003910281
Cspg5 3.70288544132756 0.710891366893341 0.594014793965842
Dmd 3.69386745308806 0.614731792881834 0.523113700464616
Aass 3.68866390185752 0.903934899027185 0.804450685738106
Hmgcs1 3.68433244040391 0.249857400462945 0.0172317321348694
Aldoc 3.68417785813931 0.489393531105036 0.519191494215067
Pygm 3.67693915051857 0.822738268544128 0.590847449604725
Serhl 3.67103356075727 0.717849075801597 0.722306919543469
Sema4a 3.66639088229413 0.632090763429324 0.0265022930980458
Kcnn2 3.65845334126953 0.618568148398331 0.0865752001585932
Retsat 3.65691196084152 0.768470521143395 0.734791503390898
Bcar3 3.64888676459322 0.490296130773695 0.645691148569069
Hspa1b 3.62766874110162 0.391145575137709 -0.0302180195905469
Itga7 3.62162270754188 0.796169786542411 0.547741923515841
Npc1 3.62085093467389 0.423780023036103 0.0821102829203294
Trib2 3.61944343214683 0.16779108934645 0.0679019449093678
Agt 3.61599144550519 0.870588832786557 0.641787613051294
Naaa 3.61146694258697 0.786709267841183 0.692756615237975
Idi1 3.60792775836607 0.263074718892867 0.0110287271495652
Fam107b 3.60311852495203 0.307451460854261 -0.100554427397097
Mdk 3.5979965983535 0.701591148929997 0.285362125560138
Mid1ip1 3.59566093684378 0.507112954045174 0.492642271062862
Tmem176a 3.58602251080485 0.515130984393768 0.147584890948846
Ptger4 3.58413390322646 0.410239540915544 -0.100268729796802
Rb1 3.58061403320397 0.60079892972487 0.550024345091782
4931406C07Rik 3.5776721148986 0.632319521678656 0.680497049092668
Lap3 3.57675406900515 0.584098788045076 0.427194014143894
Pax6 3.57364434547254 0.815531472484982 0.744023487542505
Sox21 3.57113533511104 0.728306449985555 0.428564846108335
Metrn 3.56928748536301 0.726762522404022 0.304947926651721
S100a1 3.56456120875707 0.522178027147971 0.0427421537797832
2810459M11Rik 3.54472048877811 0.726289484046394 0.318754240791455
Ephx2 3.53154771638927 0.782443579812819 0.759413429280368
Tmem176b 3.52809913043939 0.370056913486352 0.23411514229127
Rdx 3.52549719253312 0.365416561050113 -0.00528497391743664
Ptn 3.51964727378857 0.186239876242722 0.11003966012837
Hus1 3.51336799492179 0.572858447111948 0.245314713788238
Fcgrt 3.50486802433529 0.751709150496798 -0.0875959106266034
Cat 3.49489648168807 0.430446656611704 0.290829011162728
Tpp1 3.48783139867409 0.661925863173983 -0.0824802340412958
Inhbb 3.48453201146744 0.65006537417679 0.321554331602304
Cpne3 3.48033742998711 0.598163995189849 0.0939876757225989
Ppara 3.47994154443516 0.871567780607014 0.799276126241346
Serpine2 3.47769211812815 0.103253053884657 0.319041687143218
Acot1 3.4758854459832 0.497898420056744 -0.0615653343210839
S100a16 3.47538705568662 0.556616432281784 0.145495965397372
Tulp3 3.47084035196861 0.74103552111521 0.700509459762376
Gng5|Gng5-ps 3.46975177211414 0.102331489727425 -0.212367557061953
Idh2 3.46113202077738 0.697572363860528 0.204094889476717
Scg3 3.46047452744155 0.592671645364935 0.840175053965371
Mfrp|C1qtnf5 3.45555519084142 0.710493001599588 0.760653565725895
Cyp51 3.45095359850116 0.588771005563362 0.297086766087935
Nat8f1 3.44926453729254 0.751840352911711 0.668349711669731
Limd1 3.44924348207804 0.501463327380276 -0.00483480497206597
Hacd2 3.44910117313712 0.700523491450247 0.733832603403636
Abhd4 3.4351542989466 0.321325493199554 0.364859760672932
Lrrc58 3.43181893306754 0.506208857027225 0.58929903991278
Rdh5 3.42699060133005 0.836419954014225 0.735891528466972
Nkain4 3.42694148161272 0.703011961961746 0.578598975017792
Plod1 3.42679001339674 0.583169588104177 -0.180238367792256
Tmem47 3.41833547224769 0.639238498393717 0.734182590864795
Ghr 3.40874524239618 0.682404868108466 0.457758275848801
Ncan 3.40742717447055 0.656964044078212 0.692164374383692
Dusp1 3.40635439546933 0.639618090520683 0.349844153941768
Spred1 3.405047446223 -0.0184075626450625 0.159743795928734
Sppl2a 3.39733098686647 0.296232232730649 0.0742852535519214
Fgd6 3.39680407476308 0.86532950893584 0.737808856618808
Dhcr7 3.3906721252869 0.618520986295184 0.204773566838275
Carmil1 3.38313119945834 0.644694293843258 0.508799072343809
Mdfic 3.38156440938749 0.443529263153716 -0.150581632285693
1190005I06Rik|Gm27021 3.38091038829823 0.403254854670789 0.193042079486854
Gpt2 3.37652797672181 0.169147575156071 0.153942685027975
Epb41l2 3.35403790845475 0.543026063438353 0.345373091375369
Itgav 3.34775156551534 0.602943309100754 0.754050874493661
Lamb2 3.34646623384177 0.793981146401579 0.770601719116414
Pdpn 3.34517944011984 0.645652761775528 0.404552205690492
Fads1 3.3371125253495 0.772706340408645 0.75852854448739
Neat1 3.29582320346256 0.695365699845226 0.0357790901123398
Gfap 3.26048544218547 0.75106917791687 0.399038087669066
Tor3a 3.20059146960842 0.796687536029305 -0.189967036375195
Prrx1 3.18525086842087 0.544468761604711 -0.128268005319749
Rgs5 3.18003359015935 0.535645200422488 0.146645820185533
Tnc 3.16357934725201 0.808880435004201 0.442396491284207
Hmgcr 3.10665135285538 0.453877572830498 0.202499512603673
Elavl1 3.08291107092874 0.130133957123457 -0.19332220557639
Ginm1 3.06371445958538 0.589011442115127 0.555373105264646
Tfcp2l1 3.05846664414719 0.837685140025786 0.645680356266494
Ddhd1 3.03024302546945 0.50171999291855 0.409823339593902
Swap70 2.9994291137656 0.720937384423054 0.193880719358242
Slc31a1 2.95742493438421 0.542486912544106 0.388430367856497
Trim37 2.90149339748619 -0.0221901711480759 -0.0965885976732298
Plin3 2.88671796009295 0.593393452858416 0.141377108240452
Arhgap18 2.85284487870557 0.739480489320489 -0.162287053575659
Rbl2 2.84815705118937 0.0624734963495403 0.078200501840913
Hsdl2 2.83237014917207 0.411519766692441 0.183606468730613
Fzd4 2.8073529252871 0.74979347144339 0.543831054952889
Rnft1 2.80573122095233 0.56448957690581 0.482145102824029
Gdpd2 2.77546743452836 0.854808993151153 0.654760472838863
Rorb 2.76761123016255 0.773366283321154 0.697775498103128
Mvd 2.67009147878291 0.540949184941601 0.131469451248897
Tst 2.66257816466367 0.721054370269616 0.452542411042973
Cavin3 2.6608310581615 0.506603542368226 -0.149617418927992
A2m 2.65590892518708 0.861928213710421 0.634011997453123
Aldh1a7 2.60760180114474 0.641301389727117 -0.203836422569421
Vav3 2.47655727132076 0.421374963655072 -0.174489988579956
Lppos 2.47500660314843 0.750975160749364 0.580625765798297
Ikbip 2.45937394572075 0.563271354371134 0.426648619560743
Pou3f4 2.389105232171 0.347196411459886 0.164931061859832
