Xist 8.7851891780863 0.675840391419753 0.0680947984543158
Dsp 8.38742046941547 0.955892415481049 0.953475849010791
C1ql3 6.15993272053886 0.426572432976486 0.317572739013953
Mbp 6.07929406210787 0.0340425568159904 0.41938090685174
Gja1 5.94804802103238 0.136980382864807 -0.255404068352016
Lct 5.89547429561192 0.922492206322601 0.851910992955819
Neurod1 5.72716363615024 0.744794800658363 0.813113137274894
Bhlhe22 5.70427386011763 0.518692802414814 0.739914893161795
Npnt 5.44989489811791 0.550882571602727 -0.0380967232734738
C1qb 5.4252491798577 0.674960733423184 0.567979229762687
Ogn 5.40216708289613 0.839152280139283 0.199343609885318
Pkp2 5.3953872045763 0.661340057320715 0.571870259198201
Laptm5 5.26455913388139 0.490018113184645 0.35263224647007
Pcdh20 5.2555124346751 0.578737207398809 0.539558599151672
Rreb1 5.25481413871236 0.684407086417716 0.812129011240477
Notch2 4.97484257921856 0.399848010555688 -0.00219748374488245
Cebpd 4.91021114563864 0.428699315009604 -0.1693990092924
Mcm6 4.8473988885995 0.686581988363604 0.438812158446869
Sema5a 4.80738390335301 0.632678148586926 0.161522542396586
Kctd4 4.78393596136732 0.465234922718667 0.319522244054671
Foxn2 4.73327783355247 0.324111720004249 0.373191235119899
Plp1 4.70180465390324 -0.227039266884003 -0.133250433383331
Igfbp5 4.67852517564411 0.48144058569391 -0.109766465055627
Cald1 4.63528478651374 0.501579325025339 0.433459412001918
Trpc6 4.4967465648294 0.684356759992 0.332762759687234
Nptx1 4.4684053992876 0.397198246985192 -0.267101496686074
Rbm5 4.46027093708861 0.378185192241525 0.142621968075581
Ctss 4.45895464260574 0.43848939531775 0.233922841373858
Tdo2 4.44799177828225 0.837312129929367 0.788020742593633
Tgfb2 4.42686684009734 0.510408245088997 -0.179312149690573
Pter 4.38920662253632 0.821370887780252 0.720830670615648
Spata13 4.35176087934979 0.127179074594935 0.325876152776819
Lmo7 4.29857146033763 0.313824107006094 0.322501272160566
Npy2r 4.20687968583856 0.7874015144047 0.398464999310365
Npy5r 4.10242960850803 0.58939232593147 0.497710292541707
Cxcl12 4.07720114509232 0.58160502276874 0.0835435398298962
Ccdc85a 4.04418226767815 0.581515880567765 0.638608170489363
Cyp7b1 4.03985622359217 0.498672379126114 0.643554072495
Frmd4b 4.022105188013 0.322240144754315 0.181291019303445
Ptgr1 3.95111809225462 0.644871509290042 0.0841776826428077
Nrp1 3.93763929813944 0.419717883883621 0.263799640820912
Zbtb20 3.91160296587825 0.566410534983107 0.327320716318187
Tanc1 3.90235996056437 0.67048749155555 0.731655593578019
Lhx9 3.89598026473481 0.91480490633371 0.829757124354533
Nfia 3.88573597975143 0.541842295731851 0.429755958752891
Epha7 3.8712314548934 0.564135408632375 0.665381926965471
Slc15a2 3.86902864966478 0.432410960443976 0.091623814503394
B3galnt2 3.84870246252753 0.682379826501769 0.556301418609503
Myh9 3.84062486110091 0.359938485397614 0.113400427374455
Acp1 3.8246212948984 0.0285758234265932 -0.133430812391762
Slc4a4 3.81327153959224 0.199932296592235 0.105182251701148
Ddr1 3.78177620378591 0.154704600055456 0.0411617882967342
Mobp 3.76871012182516 -0.102714646993085 0.039471509669963
Reep3 3.76235236899602 0.152759164118079 0.321599343093777
Lin7c 3.7030584572278 -0.202102550219718 -0.19866377209563
Qk 3.69196223069621 -0.214968770081287 -0.0768588974330176
Ehd1 3.64740449215795 0.329102029805371 -0.0818129039315808
Rpl41 3.63204548579421 0.68306312185985 0.658031983822792
Rasl10a 3.62410103403186 0.383654936266186 0.129806271133605
Pnrc2 3.61897068607022 0.326337329908426 0.458359133603077
Dsg2 3.58492338523341 0.725024323121482 0.635115838832725
Sfswap 3.58147318990157 0.288778720674975 -0.0504263187559193
Cdhr1 3.56808557502604 0.766834993347633 0.814565637035949
Csf1r 3.55991182222544 0.592217210224241 0.273462087390675
Qtrt2 3.5288546676659 0.555770038312986 0.690907070801897
Ryr3 3.52883999953294 0.247315681860923 -0.156265187167333
Itpka 3.4798439167519 -0.229201672482955 -0.144823112155094
Pkig 3.45647963070228 0.185227707946142 0.0153790890456066
Synpr 3.41873029773645 0.026540610689112 0.0346361004562323
Mmd2 3.37668198598822 0.195599176602437 -0.0615590082117893
Nfib 3.35558510304976 0.352192477604013 0.227814395196522
Lrrn1 3.34775998091227 0.343331283147524 -0.187291401011812
Cdh9 3.34535149015078 0.430742973645081 0.140734631167814
Pcdh8 3.33115446920656 0.474588750593002 0.682164432664858
Phf20l1 3.2747614574409 0.702632680909563 0.691919524791627
Rwdd3 3.14760549067388 0.479442796271782 0.559370387704288
Pkdcc 3.1418280044908 0.449136166871318 -0.141355700312698
Stxbp6 3.1162905423286 0.491145482921131 0.0985457829742877
Ackr3 3.10741923526876 0.523035261790537 0.10721404007845
Ryr1 3.10621617967137 0.290867460421907 -0.0994732260389042
Skp2 2.96671924963241 0.44402148508909 0.422801637779688
Slc29a4 2.87905414614904 0.666384348561693 -0.109208272291925
Bcas2 2.8747820133789 -0.0342459322481924 -0.107530848401537
Itsn1 2.85893518441931 0.435272106680806 -0.0697767623272844
Anxa11 2.75743389945381 0.816270598515846 0.752469165102058
Sp4 2.73152412094003 0.340012342404531 0.370853892506675
Iigp1 2.72090893956251 0.764927637783139 0.587381428428724
Prpf40a 2.69808695162043 0.495522065380002 0.428914669743876
B3galt6 2.67419334953016 0.102182146527807 -0.18868843668321
Cpox 2.64957506910143 0.440640635519032 -0.152792369570961
2810002D19Rik 2.55942074908767 0.335858987016349 0.244490467912999
Spag1 2.46984401699019 0.568108010123635 -0.159923219440408
Zik1 2.46466182670001 -0.0229551869254747 -0.23604110498736
Nexmif 2.44834058744341 0.637171292827081 0.547225684261438
Xiap 2.25189233213162 0.384992973206813 0.30911383498693
