Lhx8 7.98050778507894 0.822281045370124 0.815354040772911
Zic1 6.76837355240438 0.63760728542987 0.20431315662975
Slc18a3 6.55945189684422 0.923260774381443 0.893492217591166
Sncg 6.22811516542454 0.799876947160857 0.412991953997438
Isl1 6.13339033412038 0.423441013143245 0.19415991122475
Ttr 5.98974938153062 0.35705705657229 -0.0579133756914923
Cxcl14 5.93573591823629 0.412902129461076 0.0108285046614075
Ecel1 5.13637880547585 0.874232042087379 0.8770398875332
Zfp521 5.04648978838758 0.249436791447533 0.375065198569727
Snrpn|Snurf 4.78198867829423 0.133100103697933 0.0345350331869162
Serpinb1b 4.76605388177429 0.677012788638349 0.643281481223548
Mme 4.70194333223504 0.138915006095049 0.148541332987856
S100a10 4.65722531594682 0.332111574858295 0.41205147932633
Crabp2 4.55871926760361 0.772087926038505 0.0750723377407161
Crabp1 4.5219254479026 0.407083318455165 0.146277373869271
Hspb1 4.47649147148169 0.720304812730259 0.395746982197828
Zic3 4.45675325932963 0.688435287122621 0.356139230392652
Popdc3 4.33617669530935 0.790743098376484 0.638908461306735
Hspb8 4.29373748382006 0.63556273395138 0.533817740552284
Ache 4.26522191885193 0.679635895700473 0.314781092838386
Tacr3 4.18981296523892 0.863900294257362 0.86115495668863
Trpc3 4.14752866134906 0.679558026073853 0.638979468249987
Gdnf 4.10091901073914 0.764966260116793 0.672955000049855
Cnot7 4.07601532863108 0.175236894186737 -0.162001764574489
Plp1 3.98707327098242 -0.237865154346731 -0.0757599513603663
Cd44 3.84003406940268 0.655965583631962 -0.034173367678125
Rcn1 3.80337417352486 0.0388983300690259 0.0292830425087706
Rgs10 3.71659734181097 0.25333796797156 -0.117601611686931
Hopx 3.69136709550996 0.553320185230614 0.223039878911818
Socs2 3.68654021891917 0.294066302720811 0.251303355444332
Cartpt 3.65406237944437 0.596430656588313 0.184940019246515
Mtfr1 3.53199745287862 0.365232937102727 0.21976692996262
Ptger2 3.5296594570969 0.784221225613496 0.754880456941982
Gpx3 3.51797153918972 0.73852608150662 0.77546219447113
S100a11 3.50792231276177 0.714778735892889 0.663961448531889
Lhx6 3.45943156613599 0.285659362637967 0.673691897908701
Tppp3 3.43864912584236 0.464580845702339 0.151732593112885
Cbln1 3.4362252362676 0.365370961936135 -0.0430938229120776
Mea1 3.43526757432445 0.355755691984703 0.129389010376458
Mbp 3.4214464755198 -0.285002495656552 -0.0148804263926258
Zbtb8os 3.4072571816046 0.461514807282228 0.481344864672959
Flywch2 3.40490283491658 0.497221502418673 0.258901681839716
Mcub 3.40191443563036 0.637488430721837 0.523083792207716
Slc5a7 3.35222050938109 0.831765786058204 0.758163198079762
Acadl 3.32448337402329 0.159383778013579 0.473509895659304
Uxt 3.15718735461663 -0.0900858081543728 -0.0699645251372852
Eloc 3.06323861544196 0.228233305403045 0.433417320967822
Coa5 3.02368277153259 0.295846345326616 -0.0747617827922866
Gal 3.02123845331842 0.811676738932131 0.762239728186731
Commd6 2.94442891225606 0.0558325455337628 -0.0535529531490907
Racgap1 2.87343999798246 0.507447576993342 0.311064245427352
Qpct 2.86159180511204 0.193967479650194 0.00115518020885828
Ciapin1 2.77628525013833 0.424568078211677 0.305657748031109
Zfp423 2.70306215467668 0.537962772394724 0.301384751467539
Fxyd2 2.66874089649204 0.131300915454383 -0.0711636810484343
Mrps23 2.59318516675726 0.156123942942805 0.263888860707334
Gnpnat1 2.52689698731048 0.414991531258886 0.301502589498329
Rpe 2.23629530078766 -0.0529017657286513 -0.0675535840183135
Xrcc5 2.22983802429394 0.158251200511577 0.218759225386517
Mis18a 2.10955896337113 0.0670414842752307 -0.0333157285455692
