Vip 7.58158608936955 0.812530381651973 0.589160168271342
Cxcl14 6.34712936094804 0.446325825645108 0.0293055311772562
Npy 5.90898200617774 0.507165383783118 0.0737852395319061
Reln 5.50544970698511 0.412991078252727 0.00341954136944487
Tac2 5.42151209217111 0.855536428334225 0.708885273685029
Col19a1 5.38493329184101 0.484619068081328 -0.09806314337289
Kit 5.20481574043122 0.768159681053675 0.682786911657791
Dlx1as 5.08997124050292 0.512014160333913 0.186988158628206
Pnoc 5.04100504409954 0.71095936072964 0.195737893413933
Igf1 4.98243777537558 0.676594514381346 0.405639403607509
Lamp5 4.86659924907692 0.0319109228885362 0.21993085119686
Slc32a1 4.70089169235062 -0.19488193817641 0.0944668734024813
Htr3a 4.52514967489294 0.809209688688562 0.785458077317648
Gad2 4.4662523110701 0.0714205282673947 -0.118789722556761
Grik1 4.44627973815083 0.362517774805222 -0.0806054087547874
Ccn3 4.41036211349954 0.330655870281405 -0.126697625854924
Wnt5a 4.3648144353863 0.784272311691786 0.76936832480012
Cck 4.35304360276717 0.330938134481399 0.375631264120745
Parm1 4.32607439712615 0.427902711256105 0.0922147382481501
Kcnip1 4.22965920147923 0.418159240302099 0.0231796329034793
Nectin3 4.20701321948835 0.587727010739309 0.620268219760054
Sst 4.17106981457141 0.40915386447847 -0.0517572700324579
Sln 4.08817084607573 0.749160099296789 0.149685602559942
Dlx1 4.00484848626825 0.476242227914431 -0.0507968869212589
Cplx3 3.91312425026983 0.630456577069378 0.397458257599315
Arx 3.81107369047777 0.0772342210040702 0.273805408804405
Cntnap2 3.73847762321173 0.198618204631959 0.232569556536187
Cds2 3.73601576146147 0.110763123481217 0.0995845466931401
Rgs10 3.73043021926385 0.253268128485337 0.00665467189915721
Cadps2 3.64894779589704 0.339107529749552 0.378178938711249
Socs5 3.58447806381988 0.429981069577558 0.0135640575580103
Arl4c 3.56352980382547 0.470326851473162 0.764797876648889
Slc6a1 3.54758449943765 -0.00804804073809101 0.298320882641084
Magi1 3.54112818372721 0.429155014425872 -0.057737655624813
Sorcs3 3.53655737598451 0.724170438544662 0.160425917535564
Col14a1 3.51742050756203 0.787928382277153 0.697103003597643
Elavl2 3.4650612406865 0.149927016891804 0.306411274217824
Egln3 3.38534110402786 0.552518878648632 0.405797087026066
Kcnn2 3.35201896841569 0.525395747786617 0.0865752001585932
Pcdh20 3.34638871913122 0.431083816649381 0.262096871328587
Npas1 3.27282282783899 0.761652923886647 0.478467748939359
Plod2 3.12695582403675 0.441834136189834 0.206089188977989
Gng4 3.05327919851792 0.467543352018011 0.065542957922455
Tnnt1 2.74632618262484 0.404360146446307 0.335474155873254
Dlx2 2.65660590169761 0.586628394745171 0.452026951516921
Lima1 2.4425739893242 0.469522729238662 -0.0120059381889865
Abca8a 2.29422210991895 0.497529193217254 0.122841064650032
