Sst 6.61775146377943 0.569668083020248 0.488776083238226
Col19a1 6.41453930668106 0.484766316551472 0.0216102009963401
Npy 6.13184891540971 0.463626295352568 0.0737852395319061
Reln 5.79762194745557 0.395898067548543 0.326444107966483
Moxd1 5.48884389928257 0.581836214567758 -0.119419422545275
Lgals1 5.21880468790666 0.453271167558531 0.542893020716364
Lhx6 5.10072179275337 0.385912426715428 0.0418978500265688
Calb2 4.84482287585046 0.69881398876789 0.55898733529495
Arx 4.83750114306637 0.182284276762669 0.276918346667883
Slc32a1 4.76596148220829 -0.236561586824356 0.0860875690783947
Sox6 4.71282198009377 0.286595725494301 0.0484381774047638
Grik1 4.5622491640979 0.315415153948312 -0.138439956204051
Igf1 4.32214096441166 0.560761822998841 0.405639403607509
Dlx1 4.2382595100089 0.44755009927673 -0.0507968869212589
Man1a 4.18896189642236 0.414070986892926 -0.0747658330847509
Timp3 4.08428052232805 0.498247646344465 0.333495264949917
Rpp25 3.90298141969195 0.0860588688856997 0.0466307237422514
Rbp4 3.87385318665598 0.275949810727922 0.418265341497245
Mafb 3.84570920299139 0.607723731471868 0.614024877414747
Pitpnc1 3.83641636898849 0.39826854421345 0.537870233060497
Gad2 3.7901425314918 -0.0656304262638242 -0.160257370181657
Utrn 3.71483599169956 0.128707469996739 0.143781169378254
Rab3b 3.70032657897086 0.257957026282355 -0.138375016072866
Kcnip1 3.57214023877641 0.272994963501684 -0.143128580073932
Nppc 3.41790816499421 0.842723817857667 0.877591887382055
Slc8a1 3.34415790650748 0.27030921726867 -0.0534389947468445
Cacng5 3.32597894177438 0.465539018871304 0.587378087567195
Cdh13 3.32201425959013 0.330266838481414 0.186206637031113
Pcdh18 2.94135488606205 0.61463261847555 -0.00653316847886567
Pcsk5 2.79501903545638 0.722009343590731 0.220581080983025
