Tac1 5.85846658840592 0.114825682120441 -0.0894380518115716
Pvalb 5.7922702915824 0.78719848674063 0.618902715982285
Col19a1 5.2564798883295 0.628890362745452 0.20265679423624
Slc32a1 5.25486891352661 0.0213256354168921 0.241583615933155
Rbp4 5.15929532925275 0.646179498620328 0.418265341497245
Lhx6 4.90297846391324 0.57514265146062 0.0963673176125472
Grik1 4.61379449911135 0.509502996588616 -0.138439956204051
Syt2 4.54513521479385 0.818311018793641 0.759047919712473
Arx 4.43320324756306 0.300307966801284 -0.103729321779591
Gabrd 4.39634579275375 0.117463245979815 -0.00208127248676568
Cacna2d2 4.36530336449236 0.270659191303833 0.0255851273016297
Cntnap4 4.13393376182696 0.620617651540734 0.41090759976327
Lpl 4.12319795731769 0.140799974677411 0.0661247144116324
Cox6a2 4.0636405059897 0.775638018971356 0.778829926634404
Sox6 3.87263810773117 0.355151207473971 0.093268433455728
Slc6a1 3.80576987617315 0.168454409483002 0.298320882641084
Moxd1 3.72958296316049 0.600249570701761 0.0845158867429326
Prss23 3.65917163119867 0.475522914896928 0.314212766877314
Satb1 3.64819114987234 0.484386698080688 0.259321485408355
Kcnh2 3.62784345318377 0.557458390068212 0.114244345491754
Phlda1 3.60552893742257 0.395982812302549 0.401116903538639
Cntnap2 3.59919507059298 0.315396040256311 0.232569556536187
Parm1 3.56831622652304 0.434538176037629 -0.0132786499623744
Kcnip1 3.55719918453988 0.431505809442321 -0.143128580073932
Pip5kl1 3.52199548023578 0.817231618260411 0.624168424082725
Lgals1 3.49132650196918 0.447492837449934 0.117144108194359
Rpp25 3.47498677997261 0.114233454974963 0.0230534726177598
Npy 3.46422591158987 0.400899703530746 0.294132469970185
St8sia4 3.40257421181571 0.498242748992767 0.251984863989961
Spsb4 3.3666303484893 0.472009120271401 0.28024771065381
Cenpa 3.01457437420439 0.624003986792509 0.289341406631381
Dusp10 2.65961421337639 0.486558744937179 0.26718431809841
Cps1 2.56950192473851 0.628902568701932 0.39079734188577
Adamts15 2.4790982343568 0.749434213876019 0.711511640886859
