Sst 6.28286165337293 0.544712443090126 0.38560339582513
Col19a1 5.97232495684649 0.454899050202315 -0.09806314337289
Npy 5.35486822353467 0.399397617106194 0.437201284269915
Reln 5.31141020287677 0.32506156869618 0.00341954136944487
Moxd1 5.2419030512914 0.561203158014026 -0.119419422545275
Timp3 5.17475765395855 0.569204960561148 -0.0726833106123869
Slc32a1 4.92256185672232 -0.209611590600984 0.197523027608004
Ctsc 4.9013840175644 0.462029095794377 -0.0424799009362405
Lhx6 4.89402962637974 0.366399251696929 0.0418978500265688
Grpr 4.72064854407638 0.872389145883342 0.797300588093953
Pnoc 4.49555516545692 0.599477491039206 0.195737893413933
Lgals1 4.35551288167206 0.36515531199353 0.0974944870128944
Arx 4.2814917481296 0.0896309905883805 -0.103729321779591
Cacna2d2 4.20256862846737 0.0592329274635384 0.0255851273016297
Pvalb 4.16168911261071 0.476815661942592 0.618902715982285
Kcnmb2 4.11389084616868 0.522622480966419 0.746469608170976
Rpp25 4.00212981094876 0.0543401587456856 -0.0480308103324702
Rab3b 3.68193524023643 0.25331062069497 -0.138375016072866
Rgs10 3.63897413384342 0.180300822831734 -0.117601611686931
Slc8a1 3.63594912838234 0.312686206828866 -0.0534389947468445
Olfm3 3.60669345088389 0.433467358402379 0.242716783351241
Gad2 3.59570206445186 -0.0907430536603187 -0.132132530380294
Ptprt 3.59452137967574 0.612111735458466 0.585998578650415
Cort 3.58319951515255 0.557418060269893 0.211515098981586
Cdh13 3.57600187731357 0.392407277612942 0.186206637031113
Kcnc1 3.49859082630617 0.365091529131988 -0.0840318476674068
Socs5 3.49032846430215 0.355629234688401 0.0135640575580103
Golm1 3.48441957634084 0.438312955879866 -0.00700137620948481
Ramp3 3.41283956376768 0.52463192055567 0.40603563087381
Rgs8 3.37834077358882 0.209970499089287 0.750992254039291
Postn 3.37095319330226 0.77084075537622 0.65903081330709
Gna14 3.30872922799202 0.889362594138868 0.884613672184519
Alk 3.08098922110458 0.393193890560516 0.20777564447279
Cidea 2.88077083476858 0.730040779000199 0.317865334200306
