Grp 6.8407160440847 0.700270256904846 0.327681255662234
Lypd1 4.54844070608448 0.495983633137712 0.551181597683705
Tshz2 4.48468409727687 0.802224349267716 0.83358812767374
Kctd4 4.43019945824762 0.402687179648904 0.319522244054671
Itpka 4.35054571355397 -0.143047596202434 -0.0804476370024904
C1ql3 4.28387673100712 0.206067885581809 0.326889031180944
Rprm 4.09251168539052 0.512608315769426 0.368990983546255
Ccn3 3.9947753431456 0.232767565967037 0.0806957380742228
Bhlhe22 3.97468293253226 0.319708260314095 -0.167599628892752
Abi3bp 3.90476338412051 0.687233415005276 0.660339261862489
Ldb2 3.76318487273354 0.355122870827874 0.00232308962978254
Myh7 3.57135952168516 -0.0713136493296666 -0.0933175704268621
Slc17a6 3.24442292063424 0.443936633014218 0.139583460143935
Prkg2 2.93595196486406 0.320558831093053 -0.0869935095903959
