C1qb 9.53272841882273 0.842179577004944 0.826260272738749
Ttr 9.23945774560555 0.553013134379937 0.316776354853328
Laptm5 9.11093568719788 0.767196765952007 0.791436260745034
Itgb5 8.61475832764909 0.713567344064112 0.832456606116307
Ccl3 8.5888572174368 0.940665365192794 0.875010278610411
Xist 8.55457399940893 0.669011563949263 0.0438292083858103
Socs3 8.48590187997846 0.771597966881146 0.807573837512272
Ctss 8.44464654690043 0.769666756135629 0.78372939665311
S100a8 8.33958717545815 0.969494967435896 0.94416928672183
Gpr34 8.201572847245 0.965727438824192 0.949005732697826
Ptprc 8.1008557618667 0.883756484818524 0.750205504110795
C1qc 8.01540938510291 0.91994986362476 0.855364296399817
Vsir 7.95048691539019 0.837356334821579 0.817507082236361
Ctsc 7.94142312162089 0.663277618220002 0.742271812483732
Atf3 7.91269783502904 0.873413924234961 0.830918790269464
Hba-a1|Hba-a2 7.81908491022638 0.834505818582525 0.800086411562127
Fcgr3 7.72733342931138 0.934053375228323 0.920306466436604
Lyz1 7.71166471382202 0.860149378662332 0.879523082964344
Fcgr1 7.7056476215914 0.944437931012372 0.879459405437473
Fermt3 7.65136970302243 0.845608444449448 0.822921217131095
Zfp36l1 7.61392658663215 0.545404971485713 0.321053198039929
Nfkbiz 7.60322020051077 0.773231687830469 0.843628959821786
Lcn2 7.55332607370661 0.963769587812621 0.907947148580474
Evi2a 7.5452896397261 0.624728151762433 0.123793673495937
Lcp1 7.53470138260796 0.862978246369837 0.822900146558026
P2ry12 7.51498345821352 0.925936886407522 0.862550960007451
Anxa3 7.47185061239878 0.863474605233209 0.91864696667275
Rnase4 7.46707965920035 0.880323513317826 0.893119925283091
Cfh 7.46657410953062 0.941705737753418 0.926396449440359
Klf4 7.42503781009486 0.674166680065224 0.630011299392605
Cd53 7.40367354312286 0.938269674390108 0.914042384148667
Ccr5 7.34602139512275 0.961099026962184 0.951519352203952
Tmem119 7.32767945910031 0.91758664579421 0.914694448697459
C1qa 7.32570824315516 0.92727912210279 0.851490235657899
Klf2 7.31623282498583 0.877297744538666 0.769883444767211
Fcrls 7.28227712936006 0.922474028749378 0.901292070530544
Ly86 7.27864563159228 0.892003004957065 0.907463383937587
Ctsh 7.25273259620248 0.922599121585836 0.921969990290907
Hpgd 7.24621870981464 0.867853208077934 0.866636706148778
S100a9 7.23572598357571 0.945543225050231 0.919148238707795
Mertk 7.20016409082951 0.72270123290494 0.0261893883636564
Ptpn6 7.18691108865107 0.956958126611035 0.962965014270181
Cx3cr1 7.1719484928049 0.932545056651792 0.875260216921099
P2ry6 7.15000196945227 0.961075459790488 0.958522990465114
Tgfbr1 7.10799160173002 0.800808930909225 0.895941007327488
Bcl2a1b|Bcl2a1d|Bcl2a1a 7.0783539744304 0.935923207473272 0.9298968864865
Itgb2 7.05977761481175 0.944620222246317 0.940219873686282
Icam1 7.04163774992049 0.920667226821809 0.889251240730328
Cd68 7.03750447790929 0.740284227519775 0.845746059949494
Olfml3 7.0345864332935 0.924602285121978 0.945039820977488
Il10ra 7.00576467501189 0.946010691989573 0.956010516398546
Il6ra 7.00349477267161 0.949530584935418 0.959068433697662
Pnp2|Pnp 7.00127861882166 0.557061229674976 0.717571443896628
Srgn 6.9735235583741 0.851746812670655 0.878047278847563
Irf8 6.97141717876758 0.915102033509877 0.915306295303626
Ms4a6d 6.96432106155451 0.965769370060077 0.965364043877448
Fcgr2b 6.9559873351909 0.926446081441991 0.919854728455445
Chil3 6.91434768087841 0.95025128314014 0.89072160984618
Naip5 6.91109249717993 0.949927807199262 0.941263364905578
Rgs1 6.79468814337222 0.95464021605151 0.913783032329059
Mpeg1 6.792802852909 0.883476973376594 0.883325020049595
Ptgs1 6.76952265006881 0.715186935746882 0.535546514080042
Tyrobp 6.74468013922233 0.91938689557548 0.892467346121742
Cxcl2 6.73969297005592 0.949363488384646 0.887347150467016
Txnip 6.7378441517171 0.769565256761138 0.53409481607691
Cd86 6.73187776392455 0.95158854051014 0.941879740803828
Plek 6.70822273177442 0.852318273246953 0.868506236758925
Adgre1 6.68803137093579 0.882502279299408 0.897136616716711
Ccl9 6.67964482043194 0.952266798447945 0.928511238037821
Syngr2 6.65645522923394 0.668670553612772 0.678839470206685
Pros1 6.58934725961324 0.863644661821583 0.914612661125001
Cyba 6.55976643912251 0.885662409709953 0.836822420217362
Hba-a1|Hba-a2 6.54610354903612 0.778693926698547 0.649753889295238
Pld4 6.5415433056253 0.938647509006971 0.931128609562945
Camp 6.5401699826862 0.9519874889448 0.871274717776208
Vav1 6.51156887121337 0.949497285987185 0.941695921644265
Havcr2 6.49281986933435 0.951566964688121 0.937297158744926
Cd14 6.46201285948082 0.882826940726229 0.895224222052279
Gusb 6.45607740309662 0.710449644956703 0.783390853831904
Pmp22 6.44802328270518 0.499000347944043 0.102555722127942
Tgfbr2 6.41660410484233 0.788839140515892 0.809769321077653
Hck 6.40310658337027 0.916908540415447 0.928713779249944
Fli1 6.36701314471531 0.940703442062723 0.942313497197261
Aif1 6.35153085207785 0.859804373782807 0.848881875018954
Zfhx3 6.34925717916263 0.598083075838141 0.709283611700285
Cd9 6.31464224617604 0.452568613440687 -0.198812014371934
Fcer1g 6.31187556752378 0.923629883483521 0.927659352004837
Ms4a6b 6.30537462841167 0.938772415184917 0.940757324828452
Sparc 6.3053279185908 0.621318554829581 0.5712743831825
Il1a 6.29877752875282 0.948936561811931 0.922074681523627
Naip2 6.2685818051485 0.959768097301143 0.95768471536034
Csf1r 6.26741951967854 0.770883336414802 0.660291347313418
Slc15a3 6.26649481735039 0.955869328211693 0.934368395362971
Pycard 6.24603251877326 0.901449976310982 0.909626848879343
Nrros 6.22949792330637 0.862215748291444 0.792080354658163
Ngp 6.21682508210533 0.888043802354231 0.914097952986915
Ggta1 6.20630729075413 0.892599252838519 0.742119145974757
H2-T23|H2-T-ps 6.18282291328466 0.758787433536913 0.709417652149737
Fosb 6.17873287154954 0.74736080469467 0.716245626208222
Qk 6.17665814967537 0.135775107941029 -0.0744423450645135
Tm6sf1 6.17577298494445 0.589940947825729 0.572619551327092
Cebpd 6.16980843323672 0.552726831061763 0.45065287968563
Tlr2 6.16837400528305 0.945705909846836 0.948709660774221
Cd83 6.16598918928873 0.801872648116476 0.897147056600767
Zfp36l2 6.10329910622262 0.570118555526773 -0.0397896095159471
Zfp36 6.09048773842556 0.81943500042439 0.793942399564921
Ccl12 6.08391453099116 0.963599643436274 0.954932975876901
Selplg 6.0655386700813 0.875627747436499 0.916390716868
Edem1 6.01756289524421 0.805005381459387 0.767918324079887
Tlr7 6.01342736881083 0.923050142363456 0.941903641243823
Spata13 5.99362283424346 0.465962977274723 0.756258912597832
Ier2 5.96351001285871 0.771513578323327 0.761337970588246
Ankrd44 5.96156808785901 0.765495073941733 0.774227736142258
Blnk 5.9515392379829 0.858700163225901 0.836092988230942
Arap3 5.94091802314252 0.848398674253758 0.828525793933383
Adamts1 5.91825098923878 0.717876289003578 0.775484383005765
Alox5ap 5.91725753262413 0.877792471495297 0.862306258318734
Elk3 5.8813677390627 0.838736787421642 0.777628378042196
Pik3cg 5.87463974026442 0.955347223913364 0.945485852672746
Lpxn 5.87355447342322 0.917758763169492 0.945666491073607
F11r 5.8597719777406 0.913109188774373 0.93724303793423
Cmtm6 5.85326081435449 0.644841582099628 0.816637496004347
Ccl6 5.84390697286882 0.942891598391426 0.926404082157659
Gpr84 5.83791536157476 0.905652920030661 0.923325791747621
Slc40a1 5.8353711615749 0.881927149471116 0.897769547319859
H2-Aa 5.83373846755935 0.871845832629028 0.83065833478043
Hk2 5.83006021015058 0.862872100798385 0.867097005396443
Tob2 5.8236121802694 0.561645421109724 0.746918701070787
Arhgap17 5.80102531221427 0.776231343718533 0.814797078135117
Ctla2b 5.79124078874156 0.916302242362019 0.810546355769521
Hexb 5.78755450909717 0.712765530438611 0.7904495650039
Stab1 5.77043057431495 0.949879138178074 0.93520463913421
Lyz1|Lyz2 5.76833978527883 0.902394262187709 0.934831158619893
Egr2 5.7478524406809 0.581627533386822 0.70658878569922
Crybb1 5.74312792643949 0.926223598398653 0.9230993733319
Akna 5.73470448125845 0.885766484679379 0.910062558306999
Fgd2 5.73276019553129 0.937606246549707 0.924591888366743
Fyb 5.72731568005212 0.946461750587165 0.942190799937016
Lair1 5.71399575947547 0.927329530645661 0.893564252231407
Ncf4 5.71080074962423 0.955580431097438 0.939417921115712
Hba-a1|Hba-a2 5.68790976839127 0.785374776516957 0.64631733596174
Adcy7 5.68781160325601 0.747539927055765 0.75253960867942
Trf 5.68280108071157 0.567522677029964 -0.09037688828102
Rhoh 5.67893790978169 0.935059972835237 0.920541560870316
Cttnbp2nl 5.67216431417659 0.672684742163566 0.508524144902822
Tnfaip8 5.67096073653457 0.542572817645449 -0.0687511326400445
Rab20 5.66955255247123 0.903061985411725 0.823035733235841
Ccl4 5.6683299751303 0.827485306678905 0.878659261480908
Sla 5.66697589872563 0.763211216346584 0.716450345575183
Capn3 5.66166661223014 0.875718005900331 0.89454568426686
Nfe2l2 5.65476356154573 0.580425003373998 0.453204696832214
Tgfbi 5.65175154644524 0.773140805765165 0.774506568660179
Hspa1b 5.64867895282314 0.544253643932337 0.452262978230158
Lcp2 5.64789509497516 0.932750917641341 0.932404228147638
Slc7a7 5.64461474062225 0.923141611939304 0.915361201002863
Dapp1 5.63111502221358 0.84523578550094 0.7316654390012
Notch2 5.62813092427772 0.465982104986163 -0.0431145382667697
Ets1 5.6241786840834 0.826846768484936 0.794814426508033
Vamp8 5.60647628143787 0.702228468450875 0.723195666338738
Tsc22d3 5.58859301443551 0.716272837140686 0.687236910718014
1700017B05Rik 5.57574753189206 0.87517528746048 0.887736329966601
Tlr1 5.57525443901175 0.957450929891599 0.90289235928589
Il13ra1 5.56863441894519 0.856382696596683 0.851013587645032
Tgm2 5.55232441610555 0.761354562301196 0.714558247291975
Tnfrsf1b 5.5521817458123 0.90620284070727 0.938224416069331
Plxdc2 5.54845245302396 0.743323918962559 0.681432637933602
C3ar1 5.54300748569585 0.888188849570836 0.923908054311429
Klf6 5.53981315601886 0.820004293906766 0.801422926851023
Ctsz 5.49829134333169 0.669178939894859 0.802389772909744
Ugt1a2|Ugt1a9|Ugt1a10|Ugt1a6a|Ugt1a5|Ugt1a6b|Ugt1a1|Ugt1a7c 5.48755918478449 0.812914958927741 0.856600531425976
Pnp 5.48373013376431 0.567779477580523 0.711749559477843
Alas2 5.48093048128232 0.926934648334763 0.924253691584636
Selenop 5.46868516743793 0.32130483951436 -0.0216241545472818
Pon2 5.46238178980641 0.391499065562249 0.411878372559407
Clic1 5.46038722520253 0.827565076428027 0.837498015711099
Tmem123 5.45980985396644 0.334406747152172 -0.14520813890067
Ncf2 5.45776317266173 0.924479147459672 0.821566928619307
0610040J01Rik 5.43273343126701 0.717816189168828 0.418756621518981
Map3k8 5.42172014651548 0.948114102489421 0.944718327523361
Reep3 5.41913127212348 0.289892767884245 -0.118153589258345
Hfe 5.41328152386966 0.819733280179055 0.898690086936897
Lrrfip1 5.40737327705653 0.773174111976562 0.768638722666259
Cd48 5.40660732768016 0.945695545215472 0.938739103649771
Inpp5d 5.40484824737776 0.870034519704709 0.838171688846782
Nfkbia 5.38581160659758 0.687060130094868 0.740443446254942
Slc29a3 5.36547381963639 0.651949308798199 0.544499143390683
Ier3 5.36014610135104 0.824316367939526 0.892575784455379
Nckap1l 5.35319435909461 0.863674224557266 0.894124907642003
Clec4a2 5.34851567672049 0.941715485566193 0.938081239277317
Golm1 5.34684081832061 0.629814448585592 0.736554849579434
B2m 5.345050924626 0.698661890114419 0.715184919529906
Apoe 5.3439621596316 0.230850083664161 -0.21624011285445
H2-Q9|H2-Q7|H2-K1 5.33591917732441 0.902656495770389 0.839085208581476
Fam91a1 5.33299951450595 0.626387273481997 0.811755672813766
Gas5 5.32608127444641 0.665201602792094 0.579511280860838
Adap2 5.32462005937081 0.910804391654076 0.88078306122427
Stk17b 5.32359027365846 0.597293277984271 -0.0309181338982068
Entpd1 5.31818555548509 0.914388532812619 0.92871377916462
Hbb-bs|Hbb-bt|Hbb-b1|Hbb-b2 5.31656702195071 0.863228033503376 0.702822936030939
Ccrl2 5.30698376175642 0.87986888232873 0.89476894373723
Rgs10 5.30602727603575 0.475605446703779 0.810662489834256
H2-D1|H2-L 5.30440397606614 0.759262693254781 0.713519505520334
Frrs1 5.26761709711409 0.830707707789392 0.863091113981946
Mafb 5.26614241001796 0.739633475847349 0.618852089046285
Slc11a1 5.25594493572033 0.89340333936199 0.940839689903807
Chil4|Chil3 5.24788987794185 0.936970542875196 0.8477671028818
Slc16a6 5.23053211364236 0.827685262312406 0.856267505234872
H2-D1|H2-L 5.20877566839151 0.742697370909232 0.707796442936603
Arpc1b 5.19155000030258 0.679995968994188 0.11048556736705
Tlr4 5.18940058825026 0.920942564184233 0.888197520393592
Itpr2 5.18618930066948 0.603237935343985 0.125444356554589
Il10rb 5.18240214213348 0.817644890645461 0.866829486587767
Tpp2 5.17934885571611 0.836386384734605 0.733933028598939
Mcl1 5.17025792612481 0.758731558256572 0.844813275571466
Cklf 5.16601431266358 0.667289405460788 0.748925563337602
H2-D1|H2-L 5.14726265961987 0.857254918524969 0.75846323307839
Rcsd1 5.14466347605689 0.854644022970926 0.868375766241189
Itga6 5.14055401639212 0.659210293279548 -0.124700103526212
Cysltr1 5.11195999083926 0.939292206431674 0.932745740766637
H2-L|H2-D1 5.10791662984768 0.791522678860558 0.767797222031011
Abhd15 5.10304542423945 0.9150359329773 0.877001403572972
Rassf5 5.10160176962469 0.692100227658763 0.822074423455011
Anxa1 5.08458615653103 0.816579813780735 -0.094205751766072
Ifi30 5.07685396983232 0.849359540633784 0.866539842443334
Rps6ka1 5.07242574638969 0.802114454087027 0.84682949472598
Grn 5.07165205365706 0.798183757957146 0.864984201572507
Tnfaip2 5.07114844538007 0.876169270399385 0.878006962288565
Arhgap45 5.06723084819145 0.935279681446198 0.928698992818158
Dusp6 5.05373116680396 0.550461552712866 0.595104011435609
Cyp4v3 5.0485815984705 0.641075101018107 0.610980030295918
Trim25 5.04603199652791 0.414542561722074 0.118536900086809
Btg2 5.04442429727354 0.75725863499873 0.302019874538366
Mavs 5.04180396412948 0.458015453712485 0.32768195016282
Abca1 5.03795474919963 0.596908900740776 0.134537026901349
Themis2 5.03731323536373 0.930216249990908 0.921978712105559
Rbm39 5.03534481696646 0.385543152135476 -0.0374899433586514
Il16 5.0281988350805 0.904204324543061 0.915287336342511
Glul 5.00856191600545 0.355511029200247 0.483954526692674
Junb 4.9974843534828 0.720963948274808 0.710325676330519
Ostf1 4.99469591008175 0.510884773399613 0.0640992146630397
Lyn 4.97822234171291 0.880351599323165 0.909644388166988
Clcf1 4.97723186300994 0.954921317317573 0.936458027389983
Vwa5a 4.953919234866 0.643801898349656 0.682523105789763
Pmepa1 4.94269871874595 0.0173276502710704 -0.0990557287349739
Msn 4.93836114351837 0.7931684743104 0.803008847870909
Elf1 4.93805859648992 0.688619754533807 0.648389017927976
Stat6 4.93282140551637 0.804562963237704 0.869379735143062
Pag1 4.9313456826145 0.614647649352684 0.824742738135673
Sqor 4.91925092256226 0.702517540931557 0.782891644335599
Trem2 4.91138737146456 0.903194831393016 0.913847186606425
Xlr4b|Xlr4c|Xlr4a 4.90121929565867 0.818764401975608 0.519131814106328
Pon3 4.89615654108823 0.944668335300661 0.92133875979289
Pnpla7 4.89345373063916 0.697002727649711 0.453948081481576
Snx5 4.89193601452986 0.752205606430544 0.799020103365918
Pald1 4.88852438536835 0.890511063020474 0.901789464046444
Casp4 4.87914840669233 0.922644273492873 0.950523297744447
Lyl1 4.87399098290282 0.912555991003433 0.922388757738958
Cmtm7 4.86816623849991 0.907173133359456 0.91599783592074
Casp8 4.85720661276238 0.918877949571562 0.929683132157772
Ppp1r15a 4.85310471395798 0.838741749254519 0.769972582969436
Litaf 4.85133365585161 0.567644809897707 0.446164633416549
Cd300a 4.8447530445505 0.913457405418497 0.916963848528484
Rrad 4.83816988660867 0.923356975235207 0.86885441043746
Adam17 4.83553200062385 0.573328441045847 0.503749337160444
Stxbp3 4.83492826779876 0.184593726293858 0.0827979612203232
Sat1 4.8215079119739 0.506259768087806 0.00672742670191776
Pdlim4 4.80963200177949 0.599083345403709 -0.10726267715303
Hvcn1 4.80749146791042 0.857492194183991 0.866500931061877
Tcn2 4.78571543477125 0.68197952423554 0.817371209963856
Fes 4.78171446264008 0.942657614511201 0.931599858038054
Trim47 4.77577344375064 0.88414612247507 0.921538913262994
Trim30a 4.7585760634653 0.945568902996965 0.91299778038857
Sppl2a 4.75476474676091 0.521880823749278 0.657250592555432
Ltf 4.75427130815017 0.821330287497218 0.752621472053893
Cebpb 4.72786724773316 0.79860334209524 0.847574768725629
H2-K1 4.72757084187981 0.82660307910407 0.571151271462752
Cd37 4.72427345047725 0.879477404954151 0.901010514801959
Pla2g4a 4.72078413820887 0.74763479810213 0.265679578354155
Btg1 4.71849938594712 0.496942416594835 0.815583691862119
Asph 4.70395840490522 0.644263573078178 0.205598381384253
Lamp2 4.70114083676597 0.41204030785351 0.13123191019055
Igsf6 4.69669977565291 0.932807574768943 0.918485018837562
Klk8 4.69157275196517 0.894840053794518 0.930099856256281
Cd300c2 4.68966638755919 0.851813070756771 0.877463373899276
Sash3 4.68751844176289 0.808799359786408 0.908908406568615
Ifngr1 4.6853020010402 0.852468455666029 0.859010231008067
Myh9 4.67522529856658 0.495993071710505 0.382919647697374
Tmed5 4.67467398732981 0.60373601039191 0.284702529007432
Afp 4.67095882169131 0.824348655430633 0.708350691531687
Ppfia4 4.66644592181532 0.732101766094625 0.845158733127188
Chst7 4.66601119301036 0.705476301802381 0.649251307858187
Npl 4.66517898150445 0.693043623940088 0.700004523370205
Cxcl10 4.64357988711115 0.923664769162553 0.69856176833123
Srsf7 4.64112907482545 0.774745759993738 0.66856877761714
Csf2rb2 4.63453978466977 0.926268872710737 0.932246748151153
Hhex 4.63402478903293 0.90713608195668 0.910169941005002
Epb41l2 4.63233351760883 0.580914388819671 0.63651975349556
Tcirg1 4.62561257353199 0.757058411743944 0.753210413303783
Pttg1ip 4.62306493439427 0.343487039187466 0.0536159734314513
Sgpl1 4.62195620719202 0.663755660698101 0.675218489090254
Trim12a 4.61870608313152 0.917604187736628 0.842912698929624
Rin2 4.61839853975999 0.726596337386136 0.6446135270599
Prkcd 4.61058725359669 0.743025588384253 0.688708725514112
Cmtm3 4.6005237820101 0.652947786673174 0.359412207355567
Cd34 4.60049188469973 0.685037544316716 0.767787385294124
Sh2b2 4.58555139422356 0.889459548637942 0.83455325094322
Siglecf 4.58543108222274 0.957140532229161 0.90222039810489
Syk 4.56689157576445 0.824303780758231 0.878518529556598
Tlr3 4.56565015892325 0.643077324977024 0.833342645686074
Ang 4.5619595349484 0.939701687006101 0.912577349357089
Sipa1 4.55833217797008 0.902175536840351 0.874741852684122
H2-Q7|H2-Q9 4.55429900807226 0.859435661007575 0.685826234696513
Bach1 4.55416116217805 0.609407722234381 0.706022709422117
Rnf19b 4.54741526481588 0.364736480507393 -0.0121835587791494
Unc93b1 4.5408221359166 0.834705798744492 0.863976254894897
Serpine1 4.51521674157294 0.88634274235851 0.888034092410253
Pla2g15 4.51335975113968 0.832004065610042 0.894096713842092
Ly96 4.50935210244343 0.825232850076675 0.836523095257111
Spi1 4.50678624717116 0.935835244081607 0.914316561861161
Arrb2 4.49728600162475 0.809143264968481 0.77611671622256
Zfx|Zfa-ps 4.48876879183385 0.648095762487961 0.541678296840214
Il6 4.48743751264701 0.95262424558545 0.870859115857809
Birc3 4.48654404333244 0.912346140765102 0.907690736522525
Stt3a 4.48456141445143 0.54675640643745 0.569207059401557
Samsn1 4.48304123079517 0.936684513468565 0.926092404275534
Parp12 4.47674156284918 0.622476304842496 0.423930618896923
Irf5 4.47099446623076 0.878768612562574 0.903521918067083
Serpinf1 4.46672319209927 0.569088210918365 0.0240845290232607
Rrbp1 4.46341931705416 0.625600680482199 0.613184915400422
Tmcc3 4.45534698490538 0.791506350328437 0.533104613879965
Galnt4 4.44613477443055 0.641320162895002 -0.0888496445825484
Sh3glb1 4.43369911805536 0.686448785011344 0.800871318416691
Spint1 4.43315459017195 0.760694856425783 0.839465046389838
Jun 4.43288520141382 0.603235250534109 0.407492586906477
Rreb1 4.42044583206062 0.616780035931431 0.787064077130586
Mylip 4.41880819235429 0.701570549570947 0.79686919531217
Vamp3 4.41810453085679 0.270736884692455 -0.0066814181626329
Atp7a 4.41750598656008 0.765664132933947 0.791527745787337
Scarb2 4.40120561870111 0.501388532277713 0.160543727144091
Nupr1 4.39990333353772 0.545290217070793 0.302237592466249
Plk3 4.39814764899608 0.703736215333554 0.31595241466277
Tax1bp3 4.39794415841405 0.389615736344888 0.200794934084161
Tapbp 4.39613447244418 0.751053196529704 0.607679622986832
Rffl 4.39003138491894 0.201434901134308 -0.0514476373775014
Gem 4.38642429555634 0.721693566748362 -0.0428587386634424
Mfng 4.38485730807008 0.870230899218369 0.852258192883306
Tifa 4.37804052259717 0.779211496127748 0.842208727064751
Dusp1 4.37652836249734 0.644535243473867 0.349844153941768
Prkd3 4.37099880464195 0.376481019359065 -0.155128712744896
Runx1 4.36893089171601 0.903381663347242 0.856939383022059
Skap2 4.36380702669606 0.649351008023735 0.745882811736739
Ceacam1|Ceacam2 4.36233966483972 0.919803802838895 0.871167305317215
Pld1 4.35953939876788 0.673638272843364 0.794539732732298
Serinc3 4.35901437967291 0.467577211431448 -0.11797386751747
Lrmp 4.35401185494094 0.939096344768254 0.913335344448764
Slc39a8 4.35114745475361 0.787118391870381 0.636250945332891
Map4k4 4.34626086064215 0.182953922143542 0.00777230598257886
Lpcat3 4.34283485345087 0.589620565205364 0.370986664449744
Lrrk1 4.32273937426393 0.873717282300358 0.766042575394189
Snap23 4.30937455132263 0.295277643977358 -0.191035716606133
Itprid2 4.2891238983244 0.533689453765734 0.159678465284474
Tspo 4.28599946677749 0.704653413035029 0.309356910382582
Csf3r 4.28531274294745 0.799479498411254 0.884873143521515
Scamp2 4.284693124189 0.714509754992168 0.715696763220685
Otulinl 4.27626419377165 0.718879242858762 0.861818121021498
Lmo2 4.27431503827517 0.0925851689412276 0.362554380195494
Tmem173 4.27143294694823 0.763268063833477 0.834472142807631
Zwint 4.26843229402918 0.426831772990342 0.591012951720197
Ccl2 4.2659801105261 0.936696775641259 0.916482200341481
Tubb6 4.25753373845257 0.891931001182376 0.918326801092498
Abcc3 4.25569493997578 0.891735444530977 0.903927475751747
Wipf1 4.25301647002325 0.48050350890555 -0.189837624912386
Zfp110 4.2528693835531 0.472727630380061 0.649779795192234
Dhrs3 4.24712645075149 0.654160708171641 0.359202952261275
Parvg 4.23721090792172 0.862250006777063 0.866286442675537
Lgmn 4.23603668258795 0.649537052731405 0.75538821184546
Cd52 4.23511571660805 0.920873288576699 0.901795616698258
Gab1 4.22641469537283 0.281513352458073 -0.130425239108194
Tspan14 4.22535393937312 0.529468641271776 0.410817272224325
Cxcl16 4.22018690294314 0.908760713954509 0.903835984262218
H2-K1|H2-D1 4.21637603238838 0.634267324571207 0.538827231906372
Sesn1 4.2008366447122 0.553790051629723 0.727376456909311
Il17ra 4.19729311272951 0.760942004606961 0.806217033563063
Gpsm3 4.19092933805114 0.929573763129287 0.917855307147484
Ptgr1 4.18361376025306 0.665477707308732 0.0841776826428077
Lgals9 4.18015862477553 0.910665975039532 0.911263428650267
Ctc1 4.17015805754592 0.845952920516867 0.822563912738408
Rel 4.16860516884842 0.860033405282718 0.864259189795859
Myd88 4.16074844941889 0.828961453418817 0.871841368549175
Sult1a1 4.1579423452601 0.634906159933593 0.148317382320863
Aff1 4.15676330602995 0.485658467569937 0.707188852446044
Casp1 4.15406573143042 0.83387443328492 0.835275318797279
Pnrc1 4.15310426993008 0.398154003629452 0.678130796392589
Ftl1|Mir692-2|Mir692-3 4.1369831742173 0.700235538613214 0.386635058772273
Arhgap4 4.1312881621029 0.925691180144919 0.891523024809203
Rgs19 4.12204672954389 0.576047047760593 0.625774703356778
Phyhd1 4.11966033229609 0.798420865484373 0.722017233311674
Slc9a3r1 4.11895423770433 0.385138388051563 -0.0154722026617556
Pfkfb3 4.1147061594389 0.395923674865796 0.70823309886308
Hcls1 4.11353592142187 0.946381900452752 0.917943312080686
Cd302 4.11118774365017 0.263279543066046 0.234022298859599
Tcim 4.1011921693939 0.681897527874723 -0.102836496918168
Rnf130 4.09550608446201 0.574004883732429 0.0387590718017491
Vrk2 4.09424824147482 0.635851162384115 0.517232243932592
Tmem176b 4.0937895180963 0.328380621093935 0.187462411178388
Lilr4b|Lilrb4a 4.09336752234822 0.939359467754038 0.869890159977523
Calcrl 4.09038728919957 0.684776186435491 0.090445464157904
Rbl1 4.08991818267802 0.735107118887408 0.441093516327229
Uba7 4.08193784132563 0.894061679594415 0.868019131776508
Lgals3 4.0790229909767 0.831550022299191 0.48078304706377
Nfatc3 4.07317381937195 0.450891598516899 0.659882229554589
Mlxipl 4.07309017617242 0.772700770750178 0.810263329246178
Gbp3 4.06142629520235 0.682652096945964 0.197688377819953
Ier5 4.060058713101 0.600082621921235 0.818505874681814
Mrc1 4.05851969072351 0.902657954205217 0.839257640722531
Gng5|Gng5-ps 4.04078741544972 0.0972098365833299 -0.129443401430981
Pmaip1 4.03882225933926 0.862523411192125 0.706277089072301
Mcm3 4.03338909849488 0.766051567742341 0.72368498800329
Kctd12 4.03143256897725 0.52486690538204 0.347433747318668
B4galt1 4.02751780775037 0.789286454197815 0.891734496722326
Osbpl11 4.01986713143075 0.690562216999756 0.827928628553238
Adrb2 4.01836271433051 0.900223748489298 0.814507778036027
Tmem168 4.01764043624381 0.446534784212022 0.287647594978816
Tmem140 4.0032731323578 0.882004472485483 0.892726058207021
Gmip 4.00078540685863 0.875392402370269 0.851103062859323
Tmem176a 4.0001178268595 0.448639649316194 0.147584890948846
Lag3 3.99822639854877 0.88817993324617 0.898194110947697
Npc2 3.99812636198476 0.418272145665078 0.186939254642915
Nmi 3.99325823658122 0.575280864825285 0.664273986172134
Derl2 3.99069875044215 0.357389228221584 0.357992769238701
Herpud1 3.98481786024873 0.777413846622769 0.851863285313854
Ugt1a7c|Ugt1a6a|Ugt1a2|Ugt1a6b|Ugt1a9|Ugt1a5|Ugt1a10|Ugt1a1 3.97093013805464 0.905319432942712 0.9117543876887
Fam107b 3.97032687856811 0.267970308561612 -0.100554427397097
Vasp 3.96959162284163 0.858491756871558 0.879980192537098
Lrba 3.95974386993546 0.729238893078211 0.631930753366872
Tec 3.95151683079438 0.824934981240044 0.900631532579269
Arsg 3.94972548589397 0.590054013203395 -0.13454317901363
Elovl1 3.94257515446612 0.346475458632567 0.269296156409433
Slc25a37 3.9403963755403 0.715006458823421 0.651045365367556
Cd2ap 3.93969421857152 0.723182074337122 0.693218984781947
Pbxip1 3.93817172831633 0.65560020625451 0.720814282442406
Cep152 3.9349558464388 0.895911785322588 0.817513234654921
Hspa1a 3.93440281607942 0.592076483021227 0.583085555598923
Pdgfb 3.93264698051457 0.803882265044988 0.874478433453931
Plcg2 3.9324865824382 0.804318392758575 0.834662408732112
Mlph 3.93041549715775 0.909220945957203 0.890951324169733
Ceacam2|Ceacam1 3.92720548114128 0.886697875253569 0.854413328593084
Cd177 3.9254600352128 0.915295120542236 0.850091384142016
Parp14 3.92203011271049 0.885574616673434 0.814696809414452
Hpgds 3.91724446810958 0.911239782605614 0.914080791022191
Naalad2 3.9122849835197 0.875222996098073 0.795054041972424
Plxnb2 3.91194146083541 0.677012002826147 0.702591554700873
Plekho1 3.90939526138812 0.689390213828735 0.711510824379727
Cflar 3.90445009299466 0.646853469335582 0.619827847499305
Snx18 3.90049557076842 0.692777863718871 0.77287795022491
H2-DMa 3.89992240090763 0.739437412790819 0.846666887550581
Acss1 3.89918609153064 0.462063700893652 0.19101637815828
Gna13 3.89691268189045 0.392324036962385 0.365976995374097
Frmd4b 3.89331197612113 0.29665656328744 0.181291019303445
Trim30a|Trim30e-ps1|Trim30d 3.89036361231349 0.817824941413499 0.865158599382529
Ptpn18 3.8899722846086 0.881279595218314 0.903618346049797
Tor4a 3.87978038318967 0.791221588262785 0.853479901834411
Rela 3.87537850467763 0.670820765451712 0.691315995201326
St3gal6 3.87352210524097 0.46468598635845 0.249972238760731
Rdx 3.87100481454298 0.3055681874562 -0.00528497391743664
Rp2 3.86641021873244 0.789786615775389 0.746278310137627
Morc3 3.85952774416952 0.63505469666322 0.668144253184975
Lims1 3.84471583735934 0.62181948507399 0.648840678026141
D17H6S56E-5 3.84445551304091 0.935442308548045 0.883703989457476
Tgif1 3.84016688403281 0.913769939181021 0.897452911615861
Ehd4 3.83658468474091 0.779764205980424 0.857131798119799
Mthfsl|Mthfs 3.83123346028777 0.486894880671299 0.599037647272875
Sgk1 3.82621726490262 0.412763097458239 0.245624872193521
Gcnt1 3.82278226750149 0.925523733423676 0.882385589524797
Slc15a4 3.82145784103155 0.721895088946718 0.688582923841821
Crot 3.81608647130952 0.315606450680549 0.402802516230072
Erap1 3.80350739950879 0.764759374739628 0.633822422530596
Rbm26 3.80246481564241 0.708966232275674 0.670076666145012
Ptbp3 3.79858786838767 0.733575037546479 0.777432801346045
Parp9 3.79794457336416 0.773195102703933 0.827920044854638
Daglb 3.79778713625583 0.677736390502809 0.645962887486853
Gna15 3.7928226900051 0.921448953522101 0.921153867181507
Psmb9 3.78674253616342 0.873310412432433 0.797192482441821
Rhog 3.78587791913423 0.542457127865481 -0.0956691681287438
Rnaset2a|Rnaset2b 3.78502681974861 0.626312503463052 0.74798179999113
Zfx|Zfa-ps 3.78453711614733 0.641834546449634 0.469299103468052
Slamf9 3.78351188241774 0.769964968593998 0.882722435715996
Ptbp1 3.77579382292144 0.645590739788043 0.514292176793496
Cr1l 3.76729938148837 0.689980532455577 0.702508530829015
Fcrl1 3.76576044928176 0.917994393898911 0.935466119082414
Ccdc86 3.76333186675699 0.612863217542527 0.722378338746283
Fkbp7 3.75848910588471 0.709509589601547 0.743450199582044
Il7r 3.75503111837413 0.845618244119393 0.876793797716183
Slc46a1 3.75264244399399 0.680336672029848 0.560205739892461
Dock8 3.75240301641478 0.911622000045128 0.878916907507489
Arhgap9 3.74198691940673 0.891374492085945 0.839507795791895
Tbxas1 3.73013805098817 0.912787558560806 0.879936905457404
H2-M3 3.71754331440034 0.648988806938179 0.840375528008244
Fam111a 3.71013502611503 0.842712627112653 0.699300212943908
Cables1 3.7046867741958 0.656232733733851 0.570082140732402
Cebpa 3.70247551907342 0.84893139046948 0.865924687272814
Sfpq 3.69403982932011 0.352927567169569 -0.11132174546196
Jmjd1c 3.67964268316043 0.459614648846278 0.264731194509093
Clec4b1|Clec4a2 3.67673844509796 0.942282834574255 0.927183710969544
Eed 3.67661040603894 0.478483635197333 0.63839614962968
Ncf1 3.67415605310272 0.921317849215421 0.90037209383965
Leprot 3.67213197356626 0.375704777935316 0.237701740065206
Ifi35 3.67020659295592 0.815649107816664 0.787380413681337
Ebf3 3.66779469366196 0.869644635104934 0.841588044257688
Ugt1a7c|Ugt1a10|Ugt1a2|Ugt1a6b|Ugt1a9|Ugt1a1|Ugt1a5|Ugt1a6a 3.66777268287747 0.772469121016378 0.670144410937881
Fmnl3 3.66403550747483 0.876576453843242 0.881955950156956
Grk2 3.6584310655548 0.758132636446729 0.728203375458379
Pygl 3.65010594577726 0.658722905085318 0.274371462721545
Samhd1 3.64913826554871 0.778364518439951 0.725833438877533
Crlf3 3.64853110040518 0.61206075756072 0.578365291512316
Ube2d3 3.64577563331469 -0.00348110566566925 -0.0107003880813376
Tmed10 3.64410966074224 0.219775390323705 -0.136359323937056
Maff 3.63785384375175 0.820618671754289 0.743797013341992
Dnajb1 3.63748729325536 0.809883921834916 0.849492330129476
Nrp1 3.63557257882734 0.386145868592669 0.204494922270208
Tmbim1 3.63202217345043 0.276268490567336 0.55582508232344
Bcl10 3.63154592857003 0.575571993400207 0.520204035598561
Ctsa 3.63032876571538 0.660365933446724 0.534366056690974
Tial1 3.61406939125744 0.348633983234945 0.351887511308886
Tmem179b 3.60631512540947 0.594351917620322 0.665025782181551
Ifih1 3.60355087316088 0.741442421526886 0.706495043247053
Ripk1 3.60146593543182 0.733492798254116 0.838147934214828
Plxdc1 3.60133484643594 0.605875736775335 0.530493069988989
Adrb1 3.60051040385189 0.704373518191967 0.790684770046562
Gimap6 3.59953691761174 0.878392464785784 0.866219775812286
Tmem63a 3.5984374987924 0.603764555759469 -0.0975183256489013
Tor1aip1 3.59812036270064 0.776187826582152 0.785906807057124
Rcan1 3.59625432228091 0.668499126579435 0.783724936844556
Il4ra 3.59466189836655 0.930092216089962 0.910882838316037
Mlxip 3.59458875448273 0.832980663736052 0.808187350003158
Man2b1 3.59264761164182 0.716330139137178 0.677482272613863
Dok1 3.58936001384316 0.85977790341888 0.879845399696476
Tpst2 3.58473034252585 0.769621517420259 0.814376567990135
Clec7a 3.58470601830901 0.785466390024403 0.861009853889551
Tpp1 3.58202582271167 0.545348763976824 -0.0824802340412958
Gbp7 3.58110889503476 0.722638014647157 0.318783171697342
Sertad1 3.58053323692799 0.738613249332245 0.785463684782563
Btk 3.57735954641317 0.819932281877463 0.834753461608131
Pxn 3.5666109165861 0.479124896374567 0.775179697499402
Myo1g 3.56529145477142 0.842737482636769 0.745884823456093
Rnaset2b|Rnaset2a 3.56373029773378 0.600462173158334 0.58384600711788
Ebi3 3.56193811625966 0.852945166816723 0.833870217216854
Cd79b 3.55706595619578 0.921596583658245 0.902792662395606
Naglu 3.55442066137717 0.799132498512631 0.814074881687475
Rcbtb2 3.54090274270275 0.595366897214293 0.593817060985219
Creg1 3.53793279558618 0.625231660393424 0.7879940393521
Stard8 3.53473567679223 0.573042728432738 0.0592476810424324
Trpv2 3.53388863982036 0.757387620330357 0.83415484834068
Gspt1|4930594C11Rik 3.53343658614002 -0.0285811898983135 -0.0470274188830734
Trip6 3.52910792133097 0.524635398129489 -0.157788894892922
Gng5-ps|Gng5 3.52895879738324 0.252150426860462 -0.205907125279135
Per1 3.52653303252753 0.660448659164918 0.768700898595192
Cln5 3.52087741594201 0.615307852418514 0.780935626720386
Marcks 3.51373368431898 -0.128755142858216 -0.313811138264289
Cd164 3.512132979621 0.488883650837696 0.658634079350468
Snx20 3.49183916348742 0.919424184277069 0.887672813341278
Tnf 3.49091905490829 0.835252526969837 0.858760967585506
Abcg2 3.48410308949557 0.555732995687584 0.718903841160524
Resf1 3.46580790337559 0.716497465690347 0.771653040501601
Fcgrt 3.46211155188739 0.651835290087157 -0.0875959106266034
Slc37a2 3.45493192036358 0.89427649270828 0.870871332826267
Myl12a 3.45259213852705 0.338103356070612 0.100512808140225
2510039O18Rik 3.451154725282 0.532854322898166 0.509716543266307
Hps3 3.44848472637906 0.853158438930644 0.784154449488239
Cd33 3.44406355852032 0.820281213379372 0.867758875716866
Snord22 3.44251777417525 0.767478253040451 0.747652135155631
H2-Ab1 3.43709522565397 0.797930870472031 0.639214100328447
Casp7 3.42256987930877 0.625816181680958 0.0390400474179801
Gns 3.42199578342803 0.685125577509163 0.759261333292149
Plod1 3.42185522776222 0.45975832986987 -0.180238367792256
Psmb8 3.41854970882525 0.848857256672528 0.833212751846696
Ivns1abp 3.41794467165334 0.0422226534163623 -0.0781157980089501
Igtp 3.41701443923428 0.726344799917968 0.601433483571723
Cln3 3.41640202015873 0.583538639683199 0.549921350237961
Coro1a 3.41198768558806 0.570570997359332 0.678631306779883
Zfp869 3.41155594636382 0.710683750867426 0.80038729409263
Armc5 3.40338994733787 0.714837605438302 0.715801398681453
Srgap2 3.40068435786882 0.843923745019203 0.845955959525306
Ucp2 3.39766869980971 0.805598657519853 0.831571033377976
Tgif2 3.39741948600927 0.884519170393922 0.883424583703785
Man1a 3.39192953515123 0.319293439476763 0.0118387649728409
Cks2 3.38958074124024 0.584202134329498 0.126543943405615
Smox 3.38740462568586 0.315462748234963 -0.255117354475457
Sall3 3.38423101282915 0.755662773106781 0.44769549997939
Ifitm6 3.38149641952084 0.894428970861797 0.808353003493481
Srsf3 3.38028072049118 0.445998121100049 0.409311423511557
Fos 3.37172001734567 0.272540806417673 0.397663788507443
4930594C11Rik|Gspt1 3.36587672586714 0.0310717084279257 0.0412848373992293
Mmp2 3.36453661402918 0.676814797128917 0.690780587454023
Dock2 3.35580234754644 0.84204200713112 0.874616090173776
Orai1 3.35572079639417 0.630063421434092 0.50767953774009
H2-Oa 3.35221288372145 0.916664014938173 0.908570934828723
Pnrc2 3.34779674122848 0.256801867248441 0.308471927796251
Nfkbie 3.34679378343949 0.800155337931307 0.709695613664964
Twf2 3.34323362719272 0.660779628495005 0.734043457335766
Wsb1 3.34310551025989 0.605236672575379 0.428163634759953
Hacd4 3.3422400833009 0.766717219377945 0.650509092278048
Slc2a5 3.33375801857226 0.783622208992844 0.886221826568116
Rab3il1 3.33324899678023 0.771515696971509 0.882879174385567
Smagp 3.33156219569009 0.896942864780328 0.902573560776099
Rnf135 3.33081635476418 0.629118034741511 0.540345324821062
Rnasel 3.30789798196706 0.745055216277634 0.798632465146481
Ptger3 3.30731898322017 0.646747669141365 0.219730296156558
Ceacam1|Ceacam2 3.28701884533522 0.911658476780125 0.854546007478846
Gmfg 3.27758388072284 0.873513270134383 0.871157297350848
Usp24 3.26750829945758 0.57784327660268 0.622261158994516
Zfp62 3.2526400893922 0.487700921573774 0.588397958699848
Eif4ebp1 3.24975166282602 0.631835609228745 0.615190795188297
As3mt 3.24068944881494 0.301329735760701 -0.140335102093633
Hp 3.23609401667704 0.886937808191968 0.674689355260133
Tap1 3.2049532134002 0.85393434762869 0.724211993986736
BC028528 3.19736466645892 0.735406058301803 0.296661843788185
Clec5a 3.19699442108547 0.876568154538297 0.824096700605805
Rasa4 3.19398678726536 0.880612145498829 0.884780250376785
Socs6 3.18981881105045 0.587726283529197 0.552431256749709
Clcc1 3.18328639915918 0.372298123807636 0.376368066191533
AW112010 3.16439149388692 0.889207398421477 0.908909856387074
Gdi2 3.13865671969011 0.0490852371415971 -0.0364826336759461
Cytip 3.13662724226141 0.763826091583325 0.722608789559203
Mrc2 3.13404343364367 0.87749577177044 0.818107918488522
Ncl 3.13109240692155 0.0369964476121806 -0.112550851651063
Irgm2 3.12620169034093 0.783130081474443 0.606452918398838
Pias1 3.10445235894763 0.416828565313744 0.338766623417655
Abcd2 3.10416813364095 -0.00588758761340808 -0.216873079561179
Tmc6 3.10057043654764 0.855030700292982 0.760202015860069
Myo1b 3.08355014309759 0.125086674620113 -0.0385519506870861
Irf9 3.06856084425861 0.825502573392202 0.792342799295709
Relb 3.06441636178606 0.766510143462241 0.80420584735345
Il1b 3.05144165913604 0.879864547930743 0.882089732064164
Tlr6 3.03811413881062 0.875573542164264 0.814454308742572
Ube2j1 3.02249804970035 0.194539773778513 -0.121291064842415
Tgfb1 3.01350436259522 0.878166082077195 0.793432656753817
Wls 3.01323988494306 0.294332689994099 -0.147123870113591
Pf4 3.00666071487627 0.884074932715801 0.831374580265833
Calhm2 2.97067351151918 0.853405051170734 0.788445110959703
Trim34a 2.93841389023019 0.799702095111795 0.683217445325645
Sowahc 2.90935556442825 0.524333615012758 0.191767980863585
Isg20 2.9074719324191 0.871275084644729 0.848456906798345
Batf3 2.90688539941283 0.891772967881199 0.892224944412606
Tfpi 2.89563692777706 0.635590369231067 0.194359007071792
Parp10 2.87193472063645 0.78796676153229 0.775427265527832
Tnpo3 2.87043816585977 0.0868651819189198 -0.106075972011348
Nfam1 2.86489425872824 0.88509873369069 0.875307410407893
Eml3 2.84408309066981 0.362819310801598 -0.00517251147098701
Slc35c2 2.84402135670082 0.445011569951313 0.532045860820505
Krcc1 2.82844235212422 0.274664667329255 -0.168050464390284
Map3k1 2.82296369652982 0.684945250654327 0.533624925019659
Ddx21 2.77880221794915 0.279744257057666 -0.119027584206518
Hlx 2.74246688544822 0.859877286491892 0.851839217969374
Was 2.7140303430726 0.811348039164689 0.856470256096503
Gpr137b-ps|Gpr137b 2.71319175837673 0.556556358926521 0.185357464488346
Zbtb44 2.67456131736602 0.147762542300764 -0.139371979753291
Smpdl3b 2.66660279163418 0.560734704941435 0.54742976359056
Parp8 2.63610936986446 0.446535643278186 0.415526260027035
Srpk3 2.61240213666157 0.739123566711717 0.304828228240171
Bicd2 2.6010037265341 0.458467266540773 -0.0815026172651759
Tnfsf13b 2.56972794261403 0.718612421805352 0.75979575146074
Zfp472 2.55589674676682 0.513889792618608 0.191274397324117
Zfpm1 2.54363494302779 0.463437079201189 0.183563764094728
Sft2d2 2.52490503013955 0.523407939175763 0.176036726495517
Sh3tc1 2.49514113868806 0.82777814187707 0.823466317851005
Rgl1 2.49289042183871 0.247396332988793 -0.177830591097945
Il21r 2.39461183427239 0.920329754740278 0.91827684054802
Bst2 2.35864626012965 0.811225444679371 0.835425022437038
Mpo 2.24194971842648 0.722883022567827 0.194220221744309
Mtap 2.23053702190434 0.287200713667039 -0.0309912088864148
Chd7 2.18180066999716 0.208672343725833 -0.21013351645857
Ceacam2|Ceacam1 2.15667066265666 0.792803519678104 0.619281807244611
Smad1 2.15406219317841 0.588931158012218 0.285199394050637
