Olig1 9.14370454167257 0.581211204978646 0.773403160142552
Mal 8.19432792312114 0.669841712211577 0.851914014047041
Plp1 8.0150662081431 0.497816136478968 0.781543280422838
Mbp 7.61262121753025 0.463213525511449 0.754306764069856
Mobp 7.44173356519136 0.627947278700669 0.684148159195635
Mog 7.32226266551844 0.847008956173958 0.759777130064492
Ppp1r14a 7.27977342317541 0.798441661829224 0.855858636534486
Ugt8a 7.07387690018272 0.757851617799938 0.782357315511131
Cldn11 6.8362129518684 0.609514993383441 0.637534311775805
Gpr37 6.59266300094866 0.658025766843601 0.339781304561819
Fabp7 6.31504552662475 0.491985111693468 0.177649719014433
Qk 6.30836549905821 0.345431901901164 -0.0125143765704588
Pdlim2 6.24399250498436 0.82916594445534 0.688631598264072
Evi2a 6.17305187610872 0.760577153068947 0.123793673495937
Olig2 6.10322195641466 0.760888086260905 0.698661462896173
Cd9 6.0143563524677 0.637583957315287 -0.198812014371934
S1pr5 6.01372864124323 0.714931185073519 0.737385907291151
Tspan2 5.9426440507778 0.801107808093331 0.835477004125392
Aspa 5.82713635459832 0.75786551628236 0.62537211601122
Efhd1 5.70186001560722 0.675473131887851 0.38748675074385
Gsn 5.61914896807817 0.635601923892082 0.611873842754058
Trf 5.49531543437997 0.741960520334698 -0.09037688828102
Reep3 5.47266716405842 0.48153743986626 -0.118153589258345
S100b 5.44381776343661 0.509196201011363 0.122987472536489
Stxbp3 5.41465181255107 0.445068700277518 -0.0631832247857387
Ddc 5.39294122900217 0.741501202587404 0.63039244814241
Gab1 5.3924908173916 0.600762568028338 0.415327320881204
Timp4 5.39086650778568 0.431625449313134 0.0118854431208319
Tmbim1 5.37838970581404 0.592307994891175 -0.0109066754384885
Elovl1 5.35619263181266 0.6646177624219 0.269296156409433
Ndrg1 5.35610547191174 0.538522546137324 0.363481724904423
Trim59 5.34187569463002 0.690638316753809 0.806784452598102
Kcnj10 5.30605419728065 0.612282303101794 0.460499408511415
Ptgds 5.2429179225665 0.591478893279447 0.108565722605054
Gja1 5.225093329841 0.146476807379904 -0.255404068352016
Cryab 5.1926734733824 0.53004794539992 0.801181366004963
Pla2g16 5.16609531128292 0.682587807443545 0.554792221022789
Psat1 5.15507782358024 0.367393145405967 0.0998992642256209
S100a6 5.15507363133293 0.419302690344623 0.0612876108612022
Anln 5.03647725583846 0.778580812973192 0.595269613536451
Apoe 4.90953713079911 0.318153557840562 -0.230931513984078
Slc44a1 4.90238356627733 0.809790096409885 0.821768590422807
Gatm 4.89301644715864 0.60779344848578 0.627408804196056
Itih3 4.84287377198992 0.655561586812676 0.183021296056439
Pou3f1 4.83337948842437 -0.0133357462883587 0.0532222781965575
Rffl 4.80252821356744 0.457434547951576 -0.0514476373775014
Gltp 4.74287612153055 0.753732095604406 0.813459152327626
Slain1 4.72265580919459 0.624555222436113 0.763188231020727
Plekhb1 4.7194937707656 0.593274169018939 0.544142483318154
Carhsp1 4.71344207726318 0.0917381249006184 0.294745363403572
Scrg1 4.6447007922887 0.62808717329082 0.112704087755725
Clic4 4.60539557125847 0.497466846077412 0.315187512418396
Mag 4.48566065426152 0.839183468709284 0.542380204506206
Gamt 4.46357514946661 0.711618715317924 0.7068635116281
Car2 4.44283080679205 0.497932659768707 0.00128426818812924
Bcan 4.43595673737337 0.554418649681124 0.660563894930191
Adssl1 4.4019147459626 0.532680327179324 0.364461152969589
Selenop 4.37296296239637 0.416935635889885 0.400457360145401
Nkx2-2 4.35722167334836 0.747298714462908 0.628247461664321
Nkx6-2 4.35306684618132 0.762782096920318 0.73019476341944
Rab31 4.28999910195242 0.540854347517186 0.237256674681233
Grb14 4.28613941820573 0.685020821019217 0.841229704196184
Ddr1 4.26156956558475 0.431263816069019 0.0411617882967342
Lpar1 4.24529797255717 0.802381754332981 0.722408483399042
Plpp3 4.2365706024819 0.380543482712576 0.393198898687332
Il33 4.22664377207908 0.336150685138966 -0.0572775618310835
S100a1 4.21843112211519 0.632253165550798 0.0427421537797832
Cers2 4.20149834344656 0.668274200132169 0.3570333720753
Tmem163 4.19557701034603 0.690046156815728 0.335591549943136
Prkd3 4.17095139143073 0.548058596864395 -0.155128712744896
S100a16 4.13813522207279 0.676350926640991 0.145495965397372
Wipf1 4.0974634184755 0.665228436259208 -0.189837624912386
Sspn 4.09719213603081 0.628290283156518 -0.0360584217927719
Cnp 4.09308390520777 0.483395711160795 0.735773776338047
Tmem98 4.08586141257868 0.786451879440751 0.679720679822789
Elovl7 4.07751280059141 0.729356159264128 0.62536864721629
Pmp22 4.07708574219699 0.442043401131995 -0.000316761796012342
Vamp3 4.06526828395129 0.38786019647814 -0.0066814181626329
Josd2 4.06262586249101 0.768978772114651 0.530473834118902
Fa2h 4.06041105122054 0.793212351282142 0.634166101383144
Apod 4.04742878506288 0.70402589264199 -0.00367716416326156
Rhpn2 4.02676558624291 0.61015177700764 -0.104045007679256
Sox10 4.01560336833389 0.797408899456373 0.81945681226584
Gpm6b 4.00633337144424 0.158819329812011 0.0507540037113363
Litaf 4.00057394474101 0.708393930756987 0.446164633416549
Pllp 3.99347756138185 0.806936481626233 0.709284113815296
Abhd4 3.99078890292072 0.474623178882176 0.364859760672932
Gal3st1 3.98212472245202 0.800223014605687 0.693884565877407
Sept4 3.93316250409873 0.566859556001687 0.579080260864718
Tgfa 3.91081544585208 0.216644415896895 0.15939518230599
Gng5|Gng5-ps 3.89402793872777 0.227796025770477 -0.129443401430981
Hadh 3.87827443700545 0.478635628042469 0.0904872712437231
Brca1 3.86071657991756 0.522191940679568 0.413117197003879
Tppp3 3.84653565947023 0.609868501186566 0.151732593112885
Lims2 3.82935006235164 0.877279543547373 0.709888116611999
Gng12 3.82907827208289 0.516505207731062 -0.00783775289348381
Plekhh1 3.82723357499766 0.712384954201859 0.49041253043683
Chmp1b 3.79870446657029 0.368588548573246 0.566981124537559
Lrrn1 3.79826931585574 0.59869494429086 -0.187291401011812
Gpr37l1 3.79789535521015 0.579830121333261 0.64831565869679
Tjp2 3.79510367494209 0.541117653866077 0.298894276727576
Asrgl1 3.79121797593925 0.544596351060033 0.290279942573485
Piga 3.78987322635281 0.605712510635259 0.57172630725272
Fam107b 3.78358792033629 0.421052092885648 -0.0964430517252972
Dbi 3.77517462877808 0.240787098660661 0.10522868252618
Adamts4 3.7431922107875 0.748202890239105 0.383813545105318
Rhog 3.72362768387767 0.730298483611835 -0.0956691681287438
Tesk2 3.71285114452261 0.657132455054206 0.349970256834316
Scd1 3.65572828308343 0.554702222113718 0.364739874341661
Trim25 3.64988616423664 0.294243952623702 -0.136244330026725
Tax1bp3 3.64225255058186 0.440280358232279 -0.132629004908167
Sept8 3.63049709319449 0.527567452673339 0.198092837555834
Bpgm 3.61819581096213 -0.00390850357130845 0.0254245184738879
Gstk1 3.6108540279673 0.545451785394226 0.594298408065089
Fermt2 3.58605990730002 0.518770658326593 0.764324907374323
Efs 3.57452432585904 0.617268312753566 0.0145779168707599
Gpt2 3.55113233939048 0.29157984112873 0.0751859021940822
Spsb1 3.54783942674262 0.52216132118064 -0.00432411636633791
Prom1 3.54557228875681 0.513188543939418 -0.156766037011991
Phldb1 3.53983162243584 0.779012783126193 0.696850026002027
Jam3 3.5302010017153 0.746570396953427 0.514645888928842
Tmed10 3.52970870853167 0.375614104727463 -0.136359323937056
Gng11 3.52528736351952 0.759558289516673 0.189342711001325
Thbs3 3.52304060086341 0.718213931003837 0.286978497812897
Enpp2 3.51609271187014 0.561750479028306 0.0619967864239357
Slc12a2 3.50659294783929 0.624865949999669 -0.182555214631647
Tnfaip6 3.49616197466775 0.794715440121403 0.443553559514261
Sptssa 3.49167790916068 0.328353053048387 0.280150000672115
Lamp2 3.47869670147009 0.482893106681384 0.211971125052142
Abhd5 3.44525160273314 0.352494501170708 0.127503686868425
Smox 3.43080503150147 0.51459642782888 -0.255117354475457
Glul 3.41448653645597 0.282957773165773 -0.174389828879222
Rdx 3.41129580840555 0.421162670922985 -0.0170378936586963
Cd82 3.4088186373072 0.701956680179986 -0.0888061997125519
Acot1 3.39420811089309 0.557534674538761 -0.0615653343210839
Pdgfra 3.39031649830449 0.617527536689895 0.0748406399421284
Arl2bp 3.38821639586232 0.377838605003382 0.0195744807235716
Dnajc24 3.35755208394542 0.613570997542596 0.614260232987334
Idi1 3.35526444671124 0.283254686461257 0.0110287271495652
Sgk2 3.33267240939618 0.757951076473989 0.460917123200645
Hapln2 3.33219008298602 0.790982911174614 0.364501374587217
Npc2 3.32823037821328 0.517952036117278 -0.0118630510048362
Pttg1ip 3.32666784776121 0.298251736865897 0.702071495086636
Fam102a 3.20333289822386 0.169665835934384 0.391742649174373
E2f5 3.11877239068835 0.382044168445351 -0.054091764418527
Ptp4a1 3.10092437636345 0.503967757663052 -0.0881388465740204
Csrp1 3.03093792123277 0.318309526598736 -0.0255311066201
Myo1d 2.91755482859147 0.736660248658851 0.398724540330166
Kazn 2.88515372366626 0.248151564354036 0.0538157119373777
Gjb1 2.86228965501789 0.799532731059799 0.396612098792934
Card19 2.82793603765182 0.660087358751004 0.0556317142881806
Ick 2.72394579953689 0.776047784319259 0.720416667584236
Ezh2 2.68081488033106 0.51897368650064 0.12639536082665
Mcam 2.55202831818338 0.811151552463168 0.261143932255115
Scd2 2.4952878043364 0.229122316854616 -0.0160200695571893
Marcksl1|Marcksl1-ps4 2.22115453243648 0.494829982088111 -0.00884392328898694
Pex5l 2.11391864961172 0.395083106408125 0.0610217753838933
