Satb2 4.73746535700357 0.492488409534619 -0.082960751270198
Cntnap4 4.73463931942232 0.470101086663634 0.41090759976327
Cxcl12 4.65654084248249 0.618740432511675 0.0813776642493229
Nptx1 4.47579892524209 0.398209020428111 -0.267101496686074
Rai14 4.38369494024646 0.637672360901011 0.658005091538069
Nrp1 4.32607115137501 0.461514847634229 -0.053366337524108
Prss12 4.29971005961301 0.588596860231839 0.682583452702688
Tnnt2 4.28562598132462 0.0524785094776766 -0.146308021033502
Rprm 4.26790489709186 0.532393737731181 0.368990983546255
Ramp3 4.22742213772198 0.615974780470367 0.471581402711322
Col5a1 4.13478191218035 0.884328600729301 0.913343036414647
Spon1 4.03564794905459 0.322821745563556 0.48323568314546
Crym 3.89585022349086 0.143796576163887 -0.188390723531043
Col6a1 3.86034850289165 0.751055836152256 0.682272108594106
Tbr1 3.83668801561715 0.545300782570611 0.0962371965598089
Ccn3 3.83336695626833 0.21760671429601 0.0806957380742228
Ryr3 3.7610313955347 0.293713184699446 0.00356359400386637
Dkk3 3.72137919769826 0.371951816860787 0.400504813953976
Fezf2 3.71692027291565 0.458016708252251 -0.0610759463563468
Rspo2 3.71058792897367 0.282967929601981 0.18029017835656
H2-T23|H2-T-ps 3.61224831852397 0.531789386601853 0.457844563113582
Sla 3.56459024723374 0.620731687363253 0.383744412006313
Myh3 3.49691040414443 0.592003180665889 0.193619220816406
Ldb2 3.48307235905448 0.308487317943386 0.369032878949413
St3gal5 3.47653304829612 0.546119040014069 0.584403835403435
Ntsr1 2.6503246565129 0.555709396121195 -0.182877325979006
