Ptgds 7.87095327104968 0.646766964586831 0.202723837502923
Fmod 7.33986692791301 0.826252452155049 0.746919060454791
Rbp1 6.63709239195301 0.674480745429711 0.588803293625446
Zic1 6.56143974800104 0.556027029154998 0.20431315662975
Ogn 6.33199171800822 0.863699054100084 0.199343609885318
Aldh1a2 6.04974597841633 0.926433179997566 0.888787114694917
Mgp 5.99758643650703 0.790025787401694 0.280597543987932
Slc13a3 5.86309867210857 0.476087928567861 -0.193862519524303
Atp1a2 5.85071714912045 0.500365826535588 0.698321002186637
Gja1 5.79229278353254 0.117696358591079 -0.238463969289356
Nupr1 5.78254172177595 0.670950913853099 0.542196486094463
Vim 5.61320801221447 0.408025602779384 0.00338369637603794
Spp1 5.53486753572945 0.846030069616041 0.463092067061277
Mpzl2 5.53109016752207 0.941921604157635 0.862476234514403
Apoe 5.36344860607353 0.232188176747559 -0.230931513984078
Neurod6 5.31419622499648 0.463309501057204 0.257039750585281
Crabp2 5.29974966321312 0.751610709216658 0.0750723377407161
Cxcl12 5.24142923804622 0.660683114036243 0.103158916947595
Tnnc1 5.18881061694999 0.753408313018601 0.794044219602111
Gjb6 5.18331245365389 0.558792219896431 0.370235351304952
Ifitm3 5.02238067675646 0.652296022430614 0.454467547839148
Anxa1 4.97111619368014 0.815072243821755 -0.094205751766072
Ifitm2 4.93832600303581 0.832658593991956 0.786893260159294
Efemp1 4.91625063492543 0.620337007140474 0.0664846907733689
Aldh1a1 4.85034615126527 0.415251579522959 0.0770776040239592
Phldb2 4.83009324940274 0.677055026381973 0.426238393649208
Igfbp2 4.79940834332312 0.623849685526694 0.408553467766989
S100a11 4.77917809019205 0.736710892575669 0.79072241633098
S100a6 4.75696041553619 0.225445137009874 0.0612876108612022
Anxa3 4.73198768981098 0.773795163583169 0.763215993167839
Krt12 4.66106212888648 0.448320844283337 0.381928578338804
Lamp5 4.58525415201985 -0.0792638499966619 0.00673628489693743
Pcolce 4.53720375542015 0.811451728800503 0.688806107761319
Sphk1 4.51956821285717 0.794524599804029 0.756455001495179
Ccn3 4.5096882712069 0.282571600092547 -0.126697625854924
Foxd1 4.49910068312567 0.940275854907419 0.921284073847769
Vtn 4.45443111681286 0.831129827886402 0.641098673738615
Foxc2 4.45102176765284 0.912217788509516 0.937689245965977
Islr 4.37799200218797 0.736002300069197 0.268549312770445
Igf2 4.3204230390335 0.829032711646473 0.832588249160047
Tnfsfm13|Tnfsf13 4.31755409804752 0.743571923476547 0.664836632997019
Ccn2 4.30458896590762 0.387128188618503 0.214339796915862
Myl9 4.28082356513088 0.728805850897268 0.311155302790461
Slc22a8 4.2742770869489 0.914839075803516 0.892426743808907
Plp1 4.25710576052258 -0.29254471175904 -0.198711130208192
Klf4 4.24272416209509 0.458280287917333 0.0724962868790913
Bmp6 4.23003243597405 0.784824963095667 0.839190178889326
Ifitm1 4.21481686945382 0.887676352949816 0.857204770622349
Zfp36l1 4.20786389202556 0.239122581347971 -0.114928609390296
Itpka 4.1917565880251 -0.173893500882442 -0.157899193177449
Cald1 4.17850871035127 0.443261380764645 0.307681126832452
Lgals1 4.11382989395633 0.340531523247021 0.0974944870128944
S100a10 4.11218738109898 0.170523582854003 0.186505752197389
Bhlhe22 4.11035743204026 0.33675035671196 -0.167599628892752
Cnn2 4.09616522338872 0.79990564719446 0.747129131928762
Vamp8 4.05474699179627 0.560028524409855 0.475008642691781
Bmp7 4.03458992523486 0.650474081873027 0.549631237082006
Anxa2 4.0015346554429 0.745973378425008 0.724108990533462
Wwtr1 3.98949414871756 0.484060329691845 0.457309759002973
Foxc1 3.92583348055898 0.943986441919486 0.930294889574044
Csrp2 3.91927713198066 0.662225995515187 0.656814771460926
Medag 3.88777484677866 0.596033937810937 0.200912366595489
Twist1 3.86857935452289 0.942083374899686 0.913897256258055
Pkib 3.83392635862113 0.53444733127234 0.0213544494007269
Id3 3.83335424133483 0.371807441987265 0.162522924189748
Apod 3.81312714866931 0.513004579468264 -0.00367716416326156
Coch 3.79360430836516 0.0505228688177964 -0.219848108955094
Gstm2 3.76526257896562 0.910594967691645 0.859404688520244
Dcn 3.7648785871226 0.674087467030884 0.220360528966809
Sh3d19 3.75567025788632 0.407618400410367 -0.131555800779422
Gjb2 3.74797052516531 0.720881067104679 0.606872039768575
S100b 3.72333163743937 0.14403328319357 0.570660779726774
Myl4 3.71301687552867 0.669800403145725 0.121616710488694
Hspb1 3.71234019918764 0.595484981478621 0.395746982197828
Osr1 3.7046077074989 0.909492811629233 0.892432627970146
C1ql3 3.64747957408571 0.123181239751183 -0.00124021184253785
Ddit4l 3.59648618139249 0.300799146480261 0.0152998484380745
Cmbl 3.57979320708989 0.477598179211475 -0.162450605404972
Cdkn1c 3.56197096605739 0.476739248076719 0.0522829816958607
Slc6a13 3.55931737934224 0.87683348669085 0.884537665460071
Pdzrn3 3.55360576832982 0.346601348510269 0.285476405266048
Clic4 3.55234500057771 0.173988661618672 0.0170805542193709
Myl12a 3.54771512104465 0.355801064749429 0.120915078714736
Tax1bp3 3.52876568293505 0.25759861201721 -0.132629004908167
Nfe2l2 3.49850783721264 0.358468165939672 0.226473357911396
Dtl 3.48239710393046 0.658842894069567 -0.158789773975651
Nnat 3.45214472310633 0.203685625631462 -0.0954411608585978
Sult1a1 3.44681523326813 0.579509051957399 -0.0576599702196123
Glul 3.42762862778671 0.133969467539133 -0.174389828879222
Serping1 3.41449254683263 0.794455471377691 0.453050634214148
Qk 3.41199916639939 -0.256417314629116 -0.171040005821662
Perp 3.40889245390278 0.626749429209627 0.541613801222954
Tmod3 3.39862007187817 0.357782415646234 0.00570039821893791
Car4 3.39004165706815 0.633553260639182 0.4337940139005
Ndrg1 3.36823336196793 0.0574772611099833 0.257785897215067
Gng5|Gng5-ps 3.34891114925679 -0.0176420570936358 -0.212367557061953
Copz2 3.34285203794266 0.695484730868496 0.757866149428788
Wnt4 3.34180011312421 0.588077368942003 0.201140324183931
Srgn 3.33812885955907 0.674826329359755 0.667257592890431
Vasn 3.28072776697685 0.43542794960494 -0.15359147256366
Slc47a1 3.23475159737205 0.834718365095854 0.716776199052983
Car13 3.13197752931073 0.856904650152616 0.810979906172555
Vamp5 3.12397220477995 0.659299731889484 0.322609965475465
Dkkl1 2.91717092375609 0.809127928335892 0.419015103206519
Emp3 2.79840664243422 0.814920216381189 -0.0567439460932007
Anxa4 2.52330470243297 0.688763120800591 0.216248709273956
Tm4sf1 2.2416117118298 0.601561571510776 0.273658287310386
