Ptprc 6.80274476173374 0.862279066841291 0.750205504110795
C1ql3 6.35871597744173 0.445844131525173 0.317572739013953
Grp 6.10622012044164 0.668798889215256 -0.098755172686183
Ccn3 5.5320734366869 0.389183772376866 0.263314816108574
Rspo2 4.7491167881608 0.417332448385368 0.13236210692114
Ifi211|Ifi205|Mndal 4.49045129827055 0.871382713378048 0.45300089718036
Mndal 4.11124366529084 0.859362755598461 0.403615754389399
Itpka 4.05940727882234 -0.18956084552729 -0.168771117263653
Ldb2 4.00610717979594 0.394110611249739 -0.103790438497675
Glipr1 3.90640684633126 0.756064291182274 0.340804391314793
Pcdh20 3.89758134658454 0.442162539534654 0.262096871328587
Cck 3.80868284395298 0.183645419475136 0.18299846278715
Etv1 3.63098028779665 0.453637033693778 0.318253288973428
Man1a 3.492581632245 0.330698951810011 0.0118387649728409
Cmbl 3.4919136304908 0.464406621524731 -0.162450605404972
Fezf2 3.48888219182552 0.432224152253241 -0.0610759463563468
Bhlhe22 3.4793491164183 0.25684515169274 0.321915518727177
Slc26a4 3.42670136395557 0.639172413503808 0.0519018077868114
Arhgef28 3.39580817003461 0.508615153548086 -0.244372832548991
Slc7a3 3.33490322810984 0.55412996407499 0.659714444704457
Psrc1 3.32245105153605 0.679362106845053 0.0953903890419224
Il1rapl2 2.51788215871205 0.61122887756948 0.415747943624441
