Dcn 6.8811753192445 0.828110453465634 0.731237299945146
Ccn3 6.78885953142457 0.506123116040222 0.585802034347538
Grp 6.03276476251467 0.664211205516047 -0.098755172686183
Itpka 4.84515212956544 -0.0437736097597931 0.214091206208876
C1ql3 4.83214441889959 0.272792144641335 -0.138088490483425
Pcdh20 4.76213040725754 0.531095097364381 0.539558599151672
Pou3f1 4.47143913952484 -0.154646175634894 0.0532222781965575
Rspo2 4.44156942157647 0.377543614336494 0.13236210692114
Pkp2 4.44076353207167 0.576588715521359 0.571870259198201
Bdnf 4.3940712952115 0.657141765630466 0.25501647037596
Man1a 4.2806776423176 0.425436832584407 -0.0747658330847509
Nr4a2 4.21106651534709 0.611635325790607 0.459690366686248
Ryr3 4.21083290483904 0.381902772758079 0.152623407571872
Fezf2 4.17302311253348 0.505849863237653 -0.0304659877183079
Ndrg1 4.1025505081757 0.181874528904957 0.363481724904423
Nrp1 4.08278571321614 0.433941329867956 -0.053366337524108
Tgfb2 4.00817284983476 0.472208786504571 -0.102042608818132
Bhlhe22 4.00060749638356 0.322225212788786 -0.13911788255162
Ldb2 3.88682189863988 0.375106606567459 -0.103790438497675
Crim1 3.88437455422513 0.548680542816067 0.551153152172037
Npr3 3.8478103384782 0.693474063241537 0.148733365321365
Crym 3.75735397158803 0.109755625730153 -0.188390723531043
Col5a2 3.5883385775627 0.640362064902462 0.0135546016807943
Sorcs3 3.55636204141969 0.656236932669752 0.160425917535564
Arhgef28 3.51084699555272 0.521059963623085 -0.244372832548991
Cck 3.47681186397042 0.127773472228179 0.201875878094636
St6galnac5 3.42029027268655 0.321233646585856 0.0372353707716327
Htr5b 3.02555677046875 0.848969035303289 0.532756172290973
Nts 2.89955340013366 0.509646086620865 0.385828575539163
