Pou3f1 5.23456517631739 -0.163774890098838 -0.246447941281288
Neurod6 4.92805288987995 0.425673532260963 0.257039750585281
Lamp5 4.87298087926559 -0.00686729112044843 0.270176710885749
Olig1 4.63185202036638 -0.16274169076656 0.161450174282321
Plp1 4.61883396539318 -0.200427252237105 -0.123424057060985
C1ql3 4.33721386725036 0.212294209241598 -0.138088490483425
Bhlhe22 4.30609866780546 0.362481745579669 0.228173869901097
Sox17 4.28465189046383 0.883808464818031 0.837980060705668
Ccn3 4.27477363141698 0.272416640397951 0.173912430345967
Gja1 4.26735424468926 -0.0647829789993087 -0.00494328698889108
Mbp 4.14781454869507 -0.301965521414096 -0.23255195000582
Itpka 4.1430366965318 -0.180570789778299 -0.162869683349699
Krt12 4.00657201998051 0.351669174197128 0.207086762442257
Tsen15 3.8778479655363 0.806854278777468 0.701824858983528
Egr2 3.60517035501909 0.227875777661216 0.278360681936922
Kalrn 3.47126686312252 -0.0110079249125052 0.401661983084965
Tiam2 3.46658163662277 0.101398487239843 0.269157114444263
Rgs4 3.39637928102236 0.0903659253774682 -0.134033253955209
Myl4 3.38194874052601 0.638124122542086 0.121616710488694
Xrcc4 2.69666427354842 -0.0734668586606377 -0.0279479823743962
Mtmr6 2.54123747757337 -0.0358288254061057 -0.030954403504928
Stk39 2.24932890210094 -0.0454028787216289 -0.194950784753133
