Gpr88 6.79584436769577 0.834148194993194 0.819434051241151
Tac1 5.68274354940191 0.32166937258909 -0.0894380518115716
Ppp1r1b 5.4762221298074 0.858966627464756 0.888797548259095
Pou3f1 5.37316166467551 0.48723779368935 -0.246447941281288
Ido1 5.2141112086029 0.873884728060544 0.840458281883777
Ppp1r2|Ppp1r2-ps3 4.70514045163529 0.54266448965065 0.0164766696560638
Sowaha 4.64293897361773 0.632931666682225 0.120977451165191
Pcp4l1 4.57496783285396 0.509431527606176 0.331128121913647
Pde7b 4.54522534324553 0.755425763556888 0.432624314081762
Meis2 4.52380542878069 0.575000080025753 0.828504293679663
Snrpn|Snurf 4.44669704805438 0.44481821094055 -0.0913481731244788
Kcna5 4.43938319546737 0.637158939088461 0.262638484032321
Pmepa1 4.3322941868082 0.553982521056438 -0.0990557287349739
Mbp 4.23222465940186 0.152480204320572 -0.23255195000582
Penk 4.21521493014001 0.517740079073336 0.199912229765564
Carhsp1 4.12452119162 0.413500491110396 0.294745363403572
Plp1 4.11846929501402 0.139566958595972 -0.198711130208192
Kctd1 4.0758423197293 0.664962801674207 0.304979258247717
Itpka 4.04448015440991 0.350539003972965 -0.168771117263653
Myh7 3.99416098592966 0.568677539398071 -0.0933175704268621
Tomm70a 3.97615674523794 0.584379706867673 -0.0444609185662299
Rasd2 3.93637760011938 0.561238878921523 -0.0619758172254164
Lamp5 3.9238684864113 0.361485800509302 0.00673628489693743
Itgb1bp1 3.87976245839039 0.512960068735503 0.229311924097108
Rerg 3.86896388393056 0.368129792323096 -0.213945797650828
Isl1 3.82545619522454 0.581767668604104 0.19415991122475
Rarb 3.81135151600048 0.570213371765287 0.109403819933565
Id4 3.77827746055607 0.31986420963431 0.522861782362359
Slc32a1 3.76692597618154 0.239804299386999 0.0860875690783947
Gcnt2 3.71634208518889 0.532681325815973 -0.165151578502297
Foxo1 3.70192919683034 0.642124686146082 0.534632642043074
Fbxl3 3.69815996209151 0.485372122511224 -0.0292975148736997
Prkch 3.67760374558039 0.750284003429025 0.0872782482149388
Dmkn 3.66927612643023 0.771561672242628 0.622031244013161
Kcnip2 3.62063807976755 0.680923290347655 0.138549528538564
Gabrd 3.61469917380675 0.360492508015393 -0.00208127248676568
B3gnt2 3.5937434625065 0.622607718279949 0.283548690127171
Pde10a 3.57055448039349 0.804268549273733 0.719655367193941
Rxrg 3.56050710216781 0.65437522543579 -0.200671903927242
Tpbg 3.53969621948722 0.653935091778609 0.162771728488756
Lpl 3.5157405753898 0.230930633858244 -0.129418679526021
Rcn1 3.512116113431 0.407886478239541 0.0292830425087706
Npas2 3.46614643414092 0.778940150560374 0.755107483356372
Gas7 3.40321693966536 0.597693657554327 0.0787572824420807
Spata13 3.39010826485365 0.40772152744626 0.164776508286045
Lmo2 3.38116418025987 0.525755413954971 0.362554380195494
Myh7|Myh6 3.37974058428156 0.568125442454426 0.0407349649835722
Rin1 3.37864430749815 0.589258446734815 0.35075686277394
Akap9 3.35107137818958 0.546109380183662 -0.0454712550406041
Pde1b 3.34363167560492 0.742971931646486 0.825553935540469
Rasgrp1 3.3094604011438 0.602048511188624 -0.0762200274039363
Ppm1b 3.25597193550996 0.441304237491177 -0.0310797304821148
Cacnb2 3.13469897363751 0.768698054115779 0.387583767872727
Ehbp1l1 3.05819163040787 0.553560008482668 0.0174600636436831
Arg2 3.01439366071116 0.796413598320146 0.743491643706236
Ilkap 2.99063768382494 0.250601393420779 -0.184093281230814
Chmp3 2.94863581629022 0.492513663787102 -0.0840535394586162
Alyref|Alyref2 2.92913933988829 0.41933668556147 0.194179010166612
Rgs20 2.90660151430846 0.578511333631094 0.163084854484271
Srsf10 2.85688990358831 0.375512317985457 -0.129500787118351
Dlg4 2.79585670941974 0.528729319448896 -0.0424748736706042
Etnk1 2.77697955666999 0.56609444330134 -0.0214375967100954
Pcmtd1 2.67938052364225 0.534667222530483 -0.0222457826180472
Homer1 2.51001165415093 0.575903167236755 -0.0519991145996084
Gpatch4 2.45313227433135 0.454579515588254 -0.11127860411421
Ung 2.43340110824007 0.261099023571393 0.0644004671870333
Spin1 2.39488808344261 0.470325283782461 -0.128609821128046
Cacng3 2.38487542630216 0.531119068598864 -0.0995362714059086
Fam118b 2.3735388258423 0.289507806913607 -0.161070378526742
Psme3 2.36434388931049 0.4666031143667 0.0188805635614684
Ptgr2 2.35698591539173 0.280469658060442 -0.0952312511300729
Smc5 2.32306157232811 0.36221668564436 0.0421063246220229
