Slc1a3 8.21766523717661 0.657579728281955 0.215179485386027
Slco1c1 7.67315893909468 0.84371693740635 0.760714045908182
Vcam1 7.59013439192528 0.741796961250328 0.726027635535635
Dio2 7.41615304135408 0.720328382384059 0.54511720716431
Mlc1 7.23923779194114 0.6802944264823 0.570335030777718
Aqp4 7.09842573660553 0.601693161734152 0.609733350182184
Slc15a2 6.97507654901283 0.740652442951925 0.687437838982306
Bcan 6.84242520501164 0.771094648202443 0.587851008589703
F3 6.8109257287475 0.722316068035279 0.646237931671982
Atp1a2 6.7488377122867 0.508514452774541 0.446873753460461
Mertk 6.60527784204258 0.80064376426175 0.0261893883636564
Gjb6 6.51858027764284 0.726581090473703 0.519862975564975
Fgfr3 6.47612239542474 0.733698356858911 0.775423851367906
Tril 6.46725504178017 0.657053305946589 0.480091044019382
Ntsr2 6.45319632096184 0.697745007130515 0.67252550005919
Apoe 6.42514337398208 0.486274370403862 0.435310317507943
Acsbg1 6.39405023806331 0.773168295884242 0.507371881694612
Scara3 6.3299128597038 0.797863866867446 0.766690996879811
Ezr 6.32625377647861 0.806291983499707 0.585629476966715
Cyp4f15 6.31250828030892 0.89543680909481 0.840546828136223
AI464131 6.27996647234296 0.880520386635416 0.863372028014191
Aldh1l1 6.27754153650105 0.765967681294679 0.59624762082396
Tnfrsf19 6.23375835434502 0.809301022751937 0.841263179133067
Gpr37l1 6.11710102771365 0.442533176955234 0.0971005846891085
Plpp3 6.10629060661512 0.559378168160649 0.372733668027936
Slc7a10 6.10244278503291 0.808054428842487 0.764966444301471
Acss1 6.06525399482433 0.733011195132246 0.68089049441288
Cyp2j9 6.01839590747828 0.662164784278125 0.371894070630543
Xist 6.00368156343061 0.576890467718284 -0.162572107514553
Pla2g7 5.93398819757227 0.653434049278947 0.408585745075601
Lhx2 5.9033380285626 0.716173476593958 0.619383895264114
Igfbp2 5.89570913547893 0.805905072418289 0.408553467766989
Tlcd1 5.8861327863892 0.663599282990165 0.378673674313307
Eva1a 5.86449081586864 0.811724278575304 0.606451458866132
Adhfe1 5.85499759314499 0.793563300204886 0.743618698807959
Grin2c 5.85111522198867 0.802267632211772 0.692260249061135
Itih3 5.84927210625961 0.377919644139934 0.0558396315450101
Cldn10 5.84258997547885 0.807095406400417 0.187529796389661
Elovl2 5.80214113674109 0.737701333144226 -0.0152177349493936
Gpm6b 5.78008919282928 0.333478318337481 0.164015180490324
Fzd2 5.75893427266385 0.834563495228988 0.724398062904723
Tlr3 5.74704283450309 0.774994733141206 0.613500097012706
Mfge8 5.73833895777922 0.636091368158521 0.626842501308087
Pdgfrb 5.66758494671785 0.708964330794735 0.437362412310218
Zfp36l2 5.63238734158995 0.675736293192436 -0.0397896095159471
Slc9a3r1 5.59926700316098 0.607875741505588 0.653204864392161
Itih5 5.59073940386149 0.65459863755152 0.595621370976965
S1pr1 5.58125701443909 0.773839860104034 0.639516520860364
Pbxip1 5.56799890936769 0.795529335868894 0.720814282442406
Ccn1 5.56776467588799 0.871979823746061 0.646490000365775
Wwtr1 5.56242236283618 0.561900053396312 0.451195939226022
Cth 5.54048338545024 0.832199401105198 0.811520187329242
Pon2 5.53769673701289 0.493387143853954 0.554281147265751
Slc1a2 5.51666571654008 0.694004080724264 0.435495041385004
Fabp7 5.50206447729958 0.439056783758087 0.0741056677201
Ccdc80 5.44443780627861 0.784199500145615 0.813732133061766
Cyp2d22 5.43847143931269 0.774747150201096 0.594698254242004
Myo6 5.3850371938207 0.61374411925738 0.3189376203658
Gldc 5.37577345334155 0.672491527028227 0.441978481910555
Prodh 5.36019975098177 0.838452756510254 0.767646958716964
Glul 5.35917100123141 0.51007164072877 0.301908974883745
Cxcl14 5.34821879011668 0.584102762097226 0.0108285046614075
Scrg1 5.34623353755888 0.584697780197059 -0.165110706275699
Oaf 5.34441750316759 0.846508798980457 0.781918568155859
Selenbp1|Selenbp2 5.34422412906153 0.638541589199741 0.545930175865621
Slc14a1 5.34307833574404 0.789087367980259 -0.0843326762696102
Ptprz1 5.32581190421359 0.491576393446117 0.131837196945363
Htra1 5.3055896229357 0.349763114989438 0.530319890569834
Emp2 5.2718176128445 0.771508494998777 -0.0869752716032026
Ttpa 5.25388350765153 0.763959668090053 0.401807404301584
Cyp4f14 5.24714539211505 0.84431604816033 0.788213059811707
Aldh1a1 5.23542731926191 0.222464077460233 0.0770776040239592
Kcnj10 5.23426086254713 0.370077242477775 0.201400798503315
Gja1 5.23115269673816 0.288655277809496 0.210156276382868
Pmp22 5.21485029294446 0.422300628978835 -0.0873359243433087
Smpdl3a 5.19637830384904 0.707540250833343 0.732888943119861
Mgst1 5.15962605679967 0.555826754135941 0.0713358668043659
Notch2 5.15281076790911 0.57945670669933 -0.0431145382667697
Itgb5 5.14800312317897 0.576851191563466 -0.105494120410017
Timp4 5.14412554475424 0.318899168200979 -0.0310338671706854
Zfp36l1 5.14282964774755 0.506663293732022 0.0110681030257889
Ctsc 5.14240358136876 0.69400854307544 -0.0424799009362405
Phkg1 5.05873837339623 0.882144410970428 0.820087061458103
Slc38a3 5.01524284101827 0.777503049091365 0.726120913308512
Lrig1 5.01467633670941 0.555733180396091 0.0646476488309459
Notch1 5.014106247359 0.763557946407962 0.180692303739484
Cd38 4.99603672791308 0.854426331481848 0.735179708845463
Rlbp1 4.97609082878982 0.735079314534702 0.174936509773628
Fmo1 4.93629563401735 0.757862057646627 0.733062924793304
Il33 4.92167146252318 0.396133931764088 -0.0904616164428415
Tmbim1 4.90679484092552 0.36515659645573 -0.0888254704489623
Reep3 4.90632159974304 0.288582617077341 0.141421310519278
Pdk4 4.9024702351094 0.652546241346724 0.398748697638555
Stk17b 4.90171562042643 0.278817556965614 -0.0309181338982068
Axl 4.89986097248903 0.808840660032182 0.64033499899463
Cyp7b1 4.87837915791739 0.708842381200889 0.648734185390207
Itga6 4.86968284438568 0.723102844044108 -0.124700103526212
Klf4 4.85684796769361 0.650545698509266 0.0724962868790913
Tnfaip8 4.84729135848278 0.664007431321936 -0.0687511326400445
Prom1 4.83823433974062 0.468451023927824 0.307864395157569
Ttyh1 4.83584132936946 0.39243948668034 0.275706769553271
Egfr 4.83342499617531 0.871985882636715 0.686245821036737
Hes5 4.82373014555097 0.488428321831612 0.390411234854646
Lcat 4.82114189376875 0.726737224788972 -0.103217465407325
Itprid2 4.81773271180611 0.73609715251468 0.159678465284474
Id3 4.81410256285294 0.64151362619603 0.182893338258483
Sox2 4.80516611404856 0.373079096821161 -0.147450785491978
Hapln1 4.8049523742645 0.77059689835928 0.178903005401521
Crot 4.76306453320765 0.698495180878787 0.598351629663525
Cbs 4.75896008677112 0.818345343113822 0.7259188510466
Papss2 4.74920462730082 0.833599272817393 0.706479988259661
Abca1 4.73906850981285 0.677446359725227 0.134537026901349
Sept8 4.70543646243464 0.539003515538116 -0.0948538059143455
Pdlim5 4.67401630489102 0.619439071543355 0.656831096907167
Itpr2 4.63193476459806 0.723670743148797 0.125444356554589
Car8 4.60705384644816 0.0750359033472902 -0.162295292797075
Slc12a4 4.5926023501403 0.766996274700036 0.603331384373929
Gabrg1 4.59181563473723 0.591336569120089 0.674751603133768
Pdlim4 4.59037501361394 0.744329253960162 -0.10726267715303
Antxr1 4.56718677325274 0.678310163567672 0.687763812152824
Adgrg1 4.56648795110892 0.792206097175132 0.381297856642244
Nfe2l2 4.5654319601029 0.56433282511786 0.0909115402093911
Nrarp 4.55418612886345 0.745529343430616 0.556064742935624
Galnt4 4.55264952583364 0.772984835944309 -0.0888496445825484
Timp3 4.55154272676636 0.576063729676523 -0.0726833106123869
Tmem100 4.54500552375746 0.718581933396863 0.134566730572397
Ntrk2 4.54096724432223 0.634154011684065 0.584721838972252
Scd1 4.53616498882641 0.460008030356445 0.370217587459549
Gpam 4.52776217710887 0.641667037111352 0.704868812122971
Asrgl1 4.50301068982868 0.462407865074275 0.199789349402955
Msmo1 4.48751939791817 0.587480245941267 0.492253799225597
Ppp1r3c 4.48059717993742 0.663505974862456 0.663945412781652
Prkd1 4.47949976331944 0.580828631023011 0.630432995406914
Hsd11b1 4.47641534941556 0.632169869094724 -0.0697801940313434
Cpq 4.44671408077689 0.58163547488362 0.641625601057841
Cebpd 4.43841890598963 0.55733462663538 -0.1693990092924
Selenop 4.43778591842277 0.267588936191935 -0.0216241545472818
Rapgef3 4.43671818613432 0.355361889152545 0.0493475853390586
Slc1a4 4.43178107196574 0.534727117810081 0.276355060422032
Cd9 4.42659027947001 0.429563343940041 -0.0525300586265961
Gstk1 4.42619357756357 0.531465610892223 -0.0658312227152505
Fads2 4.40890279165668 0.764568737703391 0.711694394047273
Pttg1ip 4.40395166560354 0.495373925258157 0.0536159734314513
Lmcd1 4.40269655798878 0.68796704633271 0.415158160483703
Trps1 4.39884998995311 0.59431311940433 0.597722596170511
Col4a5 4.39350083144923 0.744996730508538 0.444023695671494
Gdf10 4.38826071399646 0.545490498422923 0.0406403187356552
Abhd3 4.37125729059056 0.314550342528142 0.20754546927373
Soat1 4.36576956758425 0.685453568397681 0.0469506857974241
Psat1 4.3595969990511 0.349540418699762 -0.0392815459368086
Olig1 4.35813553329211 0.152253227070059 0.503718020867852
Slc4a4 4.35810397503669 0.412358051316543 0.105182251701148
Btbd17 4.35714410813471 0.793110044222758 0.290667389165306
Appl2 4.33446972168001 0.500453180316045 0.564805193193446
Entpd2 4.32247774522699 0.710888403423553 0.740876471673466
Ncan 4.31668485129431 0.546888847420003 0.561204813454833
Selenbp1|Selenbp2 4.31389989526216 0.717378448959853 0.599241661552443
Ndp 4.30402366425854 0.700308276951551 0.197913190886718
Fermt2 4.29628235979579 0.492127394170052 0.653080827820971
Oplah 4.2949138358524 0.800728687650453 0.753300708952983
Nat8f4 4.2946455747834 0.785491662602193 0.448462742227167
Sparc 4.29096216657966 -0.0330403015365004 -0.140870240701739
Rhbdf1 4.28854984662241 0.582628753066691 0.362852845618513
Amot 4.26857550280184 0.487592624663348 0.35484482419593
Acadl 4.26693158638513 0.504673543914795 0.472200946891369
Fgf1 4.2624373654281 0.334889010957899 -0.0817562069362734
Txnip 4.24319116291184 0.67426877119142 -0.128468404653434
Add3 4.23883491295488 0.668967084086753 0.65852801050496
Gpld1 4.23480711079265 0.581548903042006 0.529090840154358
Gli2 4.23263689429188 0.779811592795087 0.132419448580579
Dock1 4.22960644016357 0.567319425691669 0.29941014050899
Igfbp5 4.22923810898939 0.438412528316999 -0.202413456288912
Fjx1 4.22581106638322 0.749307870715928 0.83005427428974
Epb41l2 4.2144774065663 0.580982521845797 0.503050039981584
Phka1 4.20793195850326 0.601706741713514 0.596868706547675
Sdc4 4.19368599601887 0.663146788700146 -0.149118653568226
Mical1 4.19059580785849 0.637844191311974 -0.105820022612797
Fam181b 4.18278973691711 0.695617545024935 0.214523614346493
Gng12 4.1710675137264 0.486140388400045 0.007064510748399
Kif1c 4.16596579714295 0.552640207372606 0.34122053134611
Smox 4.16175121964418 0.553806572394449 0.232619567860434
Tjp2 4.15677429370519 0.55497715247514 -0.0716429389668044
Lamp2 4.1529105942627 0.53496634159991 0.13123191019055
Efhd1 4.14883347925046 0.332727403040483 0.383773220415975
Dtna 4.13293799236589 0.574896274637747 0.23048523288576
Tmem51 4.1270203642215 0.642135256184069 -0.0830699167410091
Fkbp10 4.12335867905371 0.85839547396113 0.797580378532322
Clu 4.11469442308722 0.631845323968182 0.758322802349845
Cbr3 4.1145826945045 0.414578166646092 0.0882705113668557
Gna13 4.10736277257561 0.563678400427444 0.365976995374097
Rftn2 4.0983709071264 0.672094244502764 0.319851473082363
Cyp2j6 4.08806704428935 0.659952028413516 0.274797052145162
Zfyve21 4.08602455068384 0.493366567018892 -0.0860823370963094
Heph 4.08345667354035 0.856389050574708 0.620572670650959
Cspg5 4.08173680010438 0.698951997726141 0.55920681480206
Wnt7a 4.07895407034572 0.631435494013503 -0.111415742392012
Foxg1 4.07329281137529 0.0610415328700324 -0.223119079844121
Nde1 4.07318744704498 0.561069152886478 0.0132588754022298
Id4 4.07251277179606 0.227986198536025 0.19654095684582
Qk 4.07076344246208 0.149853560416753 -0.106691646386155
Gas1 4.06583785681005 0.510719974980484 0.0243839184105557
Jam2 4.06388375864108 0.599946550126904 -0.053210741865675
Gpx8 4.04724094738702 0.658979780147811 0.0384174796892629
Mmp14 4.0335703807296 0.639471087665485 -0.0246699708647358
Mmd2 4.0322602306842 0.389683326608008 0.251078137639516
Lpp 4.02219032488256 0.818042926305107 0.495965881688284
Sox6 3.99542970035311 0.36800772173078 -0.00952648970569834
Smpd2 3.99388226069934 0.715737871897638 0.68545257781745
Elovl5 3.98484774192372 0.594732595950202 0.613822329864255
Fxyd1 3.97419191459578 0.64994831810388 0.416045591768562
Pnpla7 3.96983371101009 0.689203122739265 0.453948081481576
Pdzph1 3.96461323289117 0.864293680839792 0.701439250062969
Slc41a1 3.95755125799714 0.748200061846449 0.753290726744092
Prdx6 3.95253594590427 0.673413174039419 0.671843540647743
Ppic 3.95036134587558 0.743346615112111 0.170236999477278
Il18 3.94047113419245 0.486150650163586 0.493161279595039
S100b 3.93942445374064 0.152191921380356 -0.0216972283765164
Ptch1 3.93563202601336 0.376705127784555 0.0258396034140503
Atp1b2 3.93363083289232 0.462808166748803 0.402763001051361
Smim3 3.92736169250239 0.735734893674592 -0.139194413983646
Tgfb2 3.92690810803894 0.315561660798159 -0.179312149690573
Hnrnpa2b1 3.92027316537152 0.495387404632454 0.024113012278018
Srebf1 3.91842448832903 0.622133900098685 0.59541540929509
Cyp4v3 3.90813476194801 0.456443003542162 0.041753354036086
Sash1 3.8918949911031 0.511053906640744 0.605900350759989
Myo10 3.8906270609018 0.476994237101383 -0.147011396922277
Sat1 3.88199295007776 0.417500373370469 -0.0921083148433765
Stxbp3 3.88031761958682 0.382661284999138 -0.109742686049143
Lgi4 3.88029507791895 0.740673703633165 -0.189532066117907
Aldh6a1 3.87448735145743 0.601460311093697 0.570517982459575
Fgfr2 3.87359165958599 0.415946127594582 0.0613094352849663
Fgfrl1 3.87317315890152 0.767265642623343 0.586082936892037
Itgav 3.87311946147722 0.517910925088831 0.526070649448238
Lrp4 3.87309180458769 0.738093388493767 0.61436531382172
Serpine2 3.87018905447842 0.0484800752961295 -0.185705877854293
Ptpn13 3.86947113645915 0.646140409575139 0.498606359264111
Vcl 3.86060782152709 0.618125820215604 0.719134612043281
Pnp2|Pnp 3.8434120248865 0.520020971688541 0.662813583050944
Ednrb 3.83894954540277 0.70330249551262 0.301951689836083
Eps8 3.83137037811103 0.436449363405618 0.261286232365216
Klf15 3.82214184334872 0.682295235754841 0.0486099420277102
Slc13a3 3.82016443711647 0.432550721467732 -0.193862519524303
Aox1 3.81548158031636 0.815658373041042 0.467954510636267
Cmtm3 3.8117915538429 0.72598660635564 -0.192064052862997
Ndrg2 3.80856777689132 0.355501192050866 0.297889333751306
Acaa2 3.80027047696598 0.750123301062622 0.759858170714653
Car2 3.7997439041282 0.301699600342231 -0.119389543070539
Smo 3.79738081446995 0.25625040042654 -0.126428818812838
Sspn 3.7971751536733 0.500788676879779 -0.0303015976343583
Vegfa 3.78624473102402 0.787603814362024 0.587569399280013
Hacd2 3.77894132913673 0.714848506600593 0.704918615214023
Acsl6 3.77747892311279 0.629482219111243 0.676670652768675
Sorcs2 3.77616243963517 0.583145802030409 0.490875666738006
Slc6a1 3.74165430984231 0.252317074704922 -0.0126296627085841
Suclg2 3.73396467180246 0.772800261795154 0.154705569909139
Cdc42ep4 3.72759197463223 0.530051640145918 0.263207773606606
Pnp 3.72480849592318 0.542070804497125 0.451537376572259
Lpcat3 3.72192660615849 0.654628974558499 0.370986664449744
Kctd5 3.72032634756541 0.656442868233162 0.17669411149394
Pdgfc 3.71755090287884 0.551501749273755 0.35569218011611
Adam17 3.7123837175151 0.618768687338414 0.53482010276901
Ephx2 3.70777645034765 0.78257580473881 0.759413429280368
Prelp 3.69937595869172 0.845857380455618 -0.0472301173706425
Celsr1 3.69269327766116 0.850423525046439 0.608685260787444
Nhsl1 3.6915318382306 0.566885175030169 0.231482751976275
Gstm1 3.6876237997754 0.456904337077515 0.270964139287096
Gpr37 3.68546038543937 0.373973281028822 0.293498056594595
Naaa 3.68496482403046 0.737164208172461 0.706649743378868
Pygm 3.6790790202656 0.76072397757629 0.453576537086904
Adamts1 3.67618076747426 0.489707159944894 0.363739097380615
Sox9 3.66692716204634 0.773132001010249 0.424465250837703
Sema4a 3.66639088229413 0.591652285347706 0.0265022930980458
Aass 3.66396671426573 0.818950959090125 0.508121908745681
Klhl5 3.64629090336664 0.487056004803313 -0.0220437983212377
Ptger4 3.62633269183533 0.522829960913186 -0.100268729796802
Jun 3.62619034896711 0.518281087212035 0.216260785148423
Serpinh1 3.62325801838376 0.602723704855032 0.465032061371412
Dclk1 3.62169512586527 0.552553348836659 0.13015776558937
Glud1 3.61570496212692 0.559084155439717 0.45760280568764
Bcar3 3.60655591191032 0.570010114426798 -0.09100152019665
Dennd4c 3.59373740390384 0.616792136467475 0.499836782921264
Prkd3 3.59234815088415 0.447525068671732 -0.0670202446703701
Sox21 3.58694073603427 0.716288911536815 0.364249730197108
Fads1 3.58512654558297 0.558959892622056 0.573746281026613
Retsat 3.58454429194912 0.771753882539143 0.734791503390898
Mfrp|C1qtnf5 3.58340179881747 0.66836945318529 0.603205226339268
Pygb 3.58150671263729 0.674873642680395 0.64688090598598
Rab31 3.5764654399437 0.315700497835749 -0.047011953542442
Farp1 3.57138074200269 0.569342191085885 0.500878641025168
Mt2 3.56057608221109 0.429359703294227 -0.158713866658118
Serhl 3.56029340028786 0.666798066560209 0.613309939304386
Plekhb1 3.53831348393771 0.119489197698994 -0.130248697228695
Sparcl1 3.52506052020522 0.411401172242572 0.412297288193856
Metrn 3.50548182643523 0.495935864661476 0.185900920362527
Agt 3.4983914818012 0.751743233351325 0.112571646299579
2810459M11Rik 3.49729546934755 0.697408489035376 0.0458184298250511
Nkain4 3.49603994445454 0.65944663867436 0.321680401893652
Carmil1 3.48973087264917 0.656511782134599 0.504029128021441
Asph 3.48322633722651 0.228052227768595 0.205598381384253
Ppara 3.47770623232778 0.868900516794215 0.767431005055977
Fcgrt 3.46918416531704 0.65724021576815 -0.0875959106266034
Chst2 3.46665664845632 0.258825717633887 0.0111962527594499
Tspan7 3.46024120948004 0.37490383868112 0.0617676545795384
Gprc5b 3.45435971960568 0.104972625860512 -0.0808322147673732
Tmem176a 3.45177092134578 0.509775850915515 0.147584890948846
S100a16 3.45052075599074 0.31864874325587 0.00847440719077255
Limd1 3.44924348207804 0.523845416615946 0.0060787614102652
Ngef 3.44353615536436 0.1593628695733 -0.0759969674071833
Acot1 3.41337616981399 0.37689961537898 -0.111266060184264
Dusp1 3.40635439546933 0.580818856195323 -0.0788514747604032
Slc16a1 3.40588436711567 0.470350087344284 0.223258001322934
Fgd6 3.39680407476308 0.859620716351939 0.670580566801831
Tulp3 3.38915907719359 0.710899303693807 -0.030725747116027
Plod1 3.38213446903568 0.622697770511972 -0.180238367792256
Itga7 3.36405239311893 0.791050338971181 0.547741923515841
Hspa1b 3.35654934640682 0.491515327587314 -0.0302180195905469
S100a1 3.34449688646381 0.419105039250019 -0.0456939020624736
Mdk 3.34190838269334 0.531885088870141 -0.125149295635935
Kcnn2 3.34070647059386 0.605595068364604 0.0865752001585932
Rb1 3.33624954143024 0.557736977404483 0.297928043129023
Mdfic 3.33366848618247 0.501131620644212 -0.150581632285693
Lap3 3.32367297848359 0.446726620205222 0.109289799434821
Sox5 3.29770251684653 0.404447322748862 0.164544919617412
Gfap 3.25177437719084 0.617987564868187 -0.0726467924479065
Tfcp2l1 3.22021970795767 0.814466311851349 0.645680356266494
Swap70 3.19874061908696 0.727541626333221 0.193880719358242
Elavl1 3.18774665771201 0.219771833174086 -0.19332220557639
Agl 3.11949289913239 0.590494450256107 0.28706700404049
Hmgcr 3.10665135285538 0.455741078335128 0.215902580183875
Rgs5 3.0854256138086 0.374574247573737 -0.0522350432908788
Inhbb 3.0841198810207 0.351357423617625 0.137772445383797
Tor3a 3.04668881646281 0.735205659494778 -0.189967036375195
Tnc 3.03621106267091 0.713223766695994 0.312204590498771
Lamb2 2.96690938529648 0.67836474858168 0.551034931837912
Rorb 2.93992230568671 0.71443705926936 0.480607592517056
Arhgap18 2.88860134489797 0.744080527997667 -0.162287053575659
Fzd4 2.87587517388926 0.580284737938638 0.19058789629362
Plin3 2.79173602832648 0.55493916337265 -0.0634096095202787
Gdpd2 2.76578435801298 0.646928807678118 0.236435467450184
Adora2b 2.76299087276837 0.55012702203675 0.135543419726153
Tst 2.66820441655569 0.561211048945973 -0.153136340949732
Aldh1a7 2.63055507239167 0.531928461811089 -0.203836422569421
Rnft1 2.61500083908259 0.579324711883427 0.352889329416835
Clcn2 2.58870298432764 0.651743339729155 0.489434462318634
Pgghg 2.22749158531242 0.659476123851887 0.157079366504705
