Pvalb 6.21801148075642 0.194448078524508 0.0937855807045578
Iltifb|Il22 6.18542594369665 0.437666045660541 0.661913577405701
Tfap2b 6.05068981994907 0.799790889160237 0.250437584702301
Xist 5.9017234003075 0.629192717102551 -0.410093323646306
Sla 5.8066518881597 0.778851597160081 -0.264326880777117
Kit 5.53934131942025 0.713022718978826 0.137709206819479
Car8 5.38948879892177 0.167926652293995 0.0596156523517851
Zic1 5.36545952606838 0.395136185457503 -0.0447132389270459
Slc1a3 5.15324177998703 0.477173532815131 -0.15219595223783
Sparc 5.09738662379793 0.139303961728976 -0.245502343070245
En2 4.83631779462732 0.568515062385481 -0.02719936432212
Bhlhe22 4.72289636870166 0.495875732780569 -0.268476906309789
Socs2 4.72044380655385 0.649615202205697 0.517477699085591
Gdf10 4.61113156836517 0.596124350156706 -0.0801410489321484
Cxcl12 4.5350612339076 0.608259798338055 0.0432671495131895
Ptprk 4.49267941089495 0.564240099124576 0.261518053741544
Timp4 4.40760625648576 0.29045523330668 -0.0310338671706854
Tfap2a 4.36600790422703 0.629573636260948 -0.183178715521581
Gldc 4.24820987491216 0.651595763174428 0.136602446123293
Neurod1 4.24435386080652 0.442263912942285 0.266441108511731
Slc32a1 4.22378067441843 -0.0609675948815197 -0.048386241768206
Eml5 4.20442816073902 0.624265882381869 0.269101733992224
Ntn1 4.05724370144851 0.607116749124674 0.279039105177052
Lamb1 4.03170184997795 0.493825105468806 0.16502095972041
Ptprz1 3.99304188035373 0.401415338137304 -0.14994460640273
Itih3 3.87440041312478 0.195280631749675 0.0212105016405834
Sp5 3.7807457143448 0.858407627481078 0.480991411848782
Slc6a1 3.72928011658117 0.309633018633453 -0.0126296627085841
Mpp7 3.70415625129752 0.695077173894826 0.491685538240374
Sorcs3 3.69816239171562 0.639790757072896 -0.00265251121384192
Pcp2 3.66699194028528 0.327031911917683 0.394093169648745
Zfp521 3.56628759376883 0.332841889573177 -0.0465257189993275
Cidea 3.55765773162346 0.702311364667805 -0.200564220131831
Lrrn1 3.50570800200832 0.253433152568305 0.182508682951454
Rora 3.48896030648341 0.305183760969915 0.0111804320647473
Mia 3.42747941327694 0.790795264030756 0.405453548301191
Gpr37l1 3.42685334842702 0.163125728757459 -0.040653114174607
Syt2 3.42632583827065 0.252076220223399 -0.226677309675438
Atp1a2 3.40687931581566 0.193695474105715 -0.147453139835686
Smo 3.38379499610452 0.235590825940219 -0.271840489006344
Adamts15 2.63750262289529 0.557139785509886 0.105213654626745
Tsks 2.52357026430021 0.471427748883568 -0.040334833405467
Pax3 2.40817570322752 0.504524979773678 -0.122603315248672
Rec8 2.15515691065611 0.543591587175287 -0.200261085408219
