Xist 8.79740379609151 0.600238354093014 -0.35075959982371
Dsp 8.33407235327879 0.901121363694186 0.758954451845204
Lct 5.90566793204295 0.912296060199099 0.851910992955819
C1ql3 5.77904079320605 0.487851804708427 0.317572739013953
Epha7 5.64196066749346 0.609714225408652 0.646180166171784
Lmo7 5.4768989476054 0.285563437392609 0.322501272160566
Npnt 5.4193284760579 0.620410592130328 -0.0380967232734738
Pkp2 5.34560426078209 0.670057631768221 0.571870259198201
C1qb 5.3435013091886 0.614047887686785 0.20148137473795
Ogn 5.28702189241832 0.773467947801033 0.199343609885318
Mcm6 5.27228978312557 0.663747365811273 0.536562473204893
Rreb1 5.25481413871236 0.27903519584059 -0.339113466540821
Neurod1 4.97813498227306 0.406391476521905 0.379372850175311
Bhlhe22 4.82824415635396 0.388193788916427 -0.268476906309789
Notch2 4.82253833471034 0.483916986452993 -0.00219748374488245
Pcdh20 4.77444184114702 0.536008348285199 0.512925312630282
Trpc6 4.71901416846916 0.616738249800741 0.00413612130676434
Sema5a 4.63543305653751 0.650351944264552 0.39129178420494
Kctd4 4.59980668026807 0.543904968451811 0.319522244054671
Npy2r 4.55809921569766 0.825559621975125 0.398464999310365
Kalrn 4.55766454104053 -0.0387557577274337 -0.193358067196138
Cebpd 4.54826278592774 0.528889994660141 -0.1693990092924
Pter 4.48900983091374 0.681504503483117 0.420759828956266
Rbm5 4.46027093708861 0.261008511925968 0.00145448019063052
Rab40b 4.44899371423113 0.262065902789588 -0.0855850163040695
Ptk2b 4.39904525398463 0.212787357654674 -0.195677472797871
Cdh9 4.35489627426363 0.564182741018923 0.140734631167814
Npy5r 4.33670551467849 0.670160305121484 0.497710292541707
Tdo2 4.32204616084561 0.729054697011795 0.420008553746401
Frmd4b 4.18003174721157 0.287053495529101 0.181291019303445
Rasl10a 4.17018573466053 0.495591386453682 0.129806271133605
Rnf112 4.16176701503488 0.565901224626421 0.60980424860281
Igfbp5 4.14732201214619 0.369819705229085 -0.284759313116054
Tgfb2 4.14458199850106 0.300277854425355 -0.179312149690573
Pcdh8 4.13354039445152 0.475030777054038 0.626193592681269
Zbtb20 4.13251063331381 0.556134056301972 0.327320716318187
Laptm5 4.12863589371338 0.327696786705803 -0.194245728038514
Itpka 4.04026354575709 -0.098783635344409 -0.144823112155094
Nptx1 3.96055913788553 0.0580171160166391 -0.267101496686074
Ptgr1 3.94776617935251 0.657059123570303 0.0841776826428077
Nrp1 3.93763929813944 0.40014518113505 0.134162333096911
Spata13 3.92568009993845 0.377678067846507 0.325876152776819
Matn2 3.92546178918898 0.514297743256797 0.34061935490392
Cxcl12 3.92179002702395 0.440331023269653 0.0835435398298962
Ryr3 3.91193203887357 0.287040427079506 -0.412121774261168
Tanc1 3.90235996056437 0.429504226829715 -0.0782403888129059
Rpl41 3.89051088468727 0.5370230376421 -0.107971128638579
Slc4a4 3.82299475608314 0.26470761565683 -0.069299219153907
Nfib 3.81152367453461 0.340476299701397 -0.29972846264536
Cyp7b1 3.77381121574612 0.559178750130173 0.643554072495
Mbp 3.75216369074718 -0.162466434117467 -0.289758553106761
Foxn2 3.75059187037624 0.335146356681875 0.276006377783712
Slc15a2 3.67635291059163 0.393204342469571 -0.0782234116386405
Lpl 3.65147874507252 0.0501753448563904 -0.129418679526021
Sfswap 3.6401958243683 0.396116348670281 -0.0504263187559193
Ryr2 3.6378179845885 0.548128892281894 0.560903206532145
B3galnt2 3.6333199905406 0.382589331186391 -0.201982590422385
Ptprk 3.61920943162738 0.335203394481335 0.261518053741544
Icam5 3.6177957720038 0.37766993411627 -0.0738972193516689
Dsg2 3.5929158791419 0.78678470464987 0.635115838832725
Csf1r 3.58457877342169 0.415402525738847 -0.153122604415623
Bcl6 3.57201428156844 0.383263899353308 0.386980784263808
Nfia 3.55325268763236 0.414457377072285 0.138043187414223
Epha4 3.54363047072625 0.37509601438448 0.134640598764791
Ackr3 3.50704980349726 0.453118699960504 -0.0450553154082875
Hnrnpu 3.49656086662135 0.435083099111188 -0.177386278620377
Myh9 3.49615469665661 0.408612165477831 0.113400427374455
Ctss 3.47383652665257 0.231201926623573 -0.303682335579024
Slc4a7 3.46770527875079 0.471376847840497 0.0698841901499585
Plekha2 3.46131069661219 0.51808800951863 0.0433361435989002
Grhl1 3.45929895387999 0.55164690848864 0.0664030756703798
Ccdc85a 3.43365894074308 0.518845727300509 0.583962619138682
Synpr 3.41873029773645 0.17247336060565 0.0346361004562323
Prkd1 3.38806763776756 0.318002287692484 0.340311560617548
Phf20l1 3.38486817016941 0.695707562059519 0.464583335698153
Golm1 3.35573855077483 0.45022893095331 0.191825859657333
Stxbp6 3.34331718224511 0.506563479380351 0.134222555825665
Mmd2 3.32380284678902 0.220366845608138 -0.165769134653396
Pkdcc 3.09694119658796 0.431799064111194 -0.141355700312698
Iigp1 2.93829249939826 0.732640418108605 0.464120084119382
Itsn1 2.80662541309643 0.431133594295453 -0.232257407860638
Anxa11 2.77125477615433 0.802537604718258 0.744154342653819
Nhsl2 2.74569057056019 0.375727631383101 0.175593033008974
B3galt6 2.67419334953016 0.232959215069429 -0.18868843668321
Rwdd3 2.66780209185308 0.481360644849461 0.568765588902055
Robo1 2.50881872447613 0.069676983587533 -0.173876239556413
Nexmif 2.31782285512751 0.622723974118995 0.393632670257494
Cpox 2.1317813930685 0.360356156733978 -0.229327507209566
