Xist 8.06326799557302 0.568011145086558 -0.410093323646306
Alas2 7.79454155766446 0.895040962133223 0.73441576141486
Hba-a1|Hba-a2 7.73108878467193 0.759363189461633 0.668323631938039
Dlx1 7.53805476572685 0.754989101866774 0.716496343730321
Arx 7.26160093891184 0.499244656139812 0.474470179818718
Ttr 7.23421210434832 0.403027366045007 -0.0404931469919864
Sox11 7.21829468907746 0.84106009773423 0.610914404453814
Ctss 6.93696194994773 0.631274004354743 0.483604516888308
Laptm5 6.93050395818517 0.578244767629896 0.193395421618572
Mki67 6.57302612457811 0.883251534680632 0.818339114344245
C1qa 6.42244138607148 0.848800637730718 0.373665895302874
Tiam2 6.3591204441648 0.553807896897322 0.74714866168291
Egr2 6.28195166544463 0.63962588813812 0.285794975364086
Socs3 6.27361540364456 0.725265943171046 0.439247070953598
Rrm2 6.26341354712234 0.761866473875116 0.384985327338975
Dlx1as 6.08207012982334 0.633718235957321 0.0716699851672061
Gdpd3 6.06649955793527 0.764066272448379 0.535521049083524
Csf1r 6.04303008354089 0.629556954224169 0.525613327120335
Top2a 5.92901363216544 0.875475823352169 0.72046603326432
Atf3 5.92206409594456 0.837962911577186 0.51512680400068
Ccnd2 5.84217966660951 0.643127877447527 0.707235760325376
Rsad2 5.82863010599792 0.765311752127654 0.716638577468229
Hba-a1|Hba-a2 5.73416954167088 0.665543013910704 0.585481077399672
Sox4 5.71546187551241 0.764110043194811 0.645822699520722
Cdc20 5.71437570160288 0.596732992273554 0.39170244215956
Dcx 5.68733574657083 0.711676403373596 0.230066336791354
Hbb-b1|Hbb-bs 5.61813537515972 0.899777027964267 0.385245186271301
Cd24a 5.57437279569713 0.502782005827856 0.203461539033706
Pbk 5.53949281723482 0.829167588809163 0.247024049490756
Klf4 5.48559952409957 0.632228838082224 0.116030093532765
Cdca7 5.42102638006863 0.905197115687382 0.794478262652064
Cd1d1 5.41452222195491 0.802182501669789 0.845393013089699
Hbb-bs|Hbb-bt|Hbb-b1|Hbb-b2 5.39534012503531 0.705363069223716 0.197095939870769
Dlx2 5.30625331944583 0.826848533773456 0.775080619037714
Txnip 5.29784063395172 0.713699404904271 -0.128468404653434
Nfkbiz 5.26013203833182 0.678659794882613 0.446184728225094
Hba-a1|Hba-a2 5.25755378973299 0.631510069517944 0.4
Mobp 5.24036421481879 0.0847650979476704 0.121478775424876
Btg2 5.23362260449114 0.752994355760485 0.127081009872641
Ube2c 5.19599854145098 0.832938310517245 0.656997107001874
Fermt3 5.1946838497885 0.689782543499455 0.472915032186186
Cx3cr1 5.1353558993246 0.792524870156617 0.696650605365724
Meis2 5.10767960090322 0.284142303233842 0.297347919557837
Itgb5 5.10600934637922 0.501922415089062 -0.105494120410017
Isg20 5.09632732488591 0.877008125348843 0.426574804348707
Ezh2 5.0958531262763 0.710347174105458 0.46899415124066
Prkd3 5.0891177044419 0.538792851937364 0.22437127064679
Ptprc 5.05429028622041 0.830650309239466 0.324531272721302
Ezr 5.0524868798676 0.680280232262128 0.585629476966715
Slc15a2 5.05247414922925 0.543089195689431 0.222986887040781
Selplg 5.02668117812568 0.706304076495207 0.568149042849358
Cdca5 4.95693402344286 0.797820791940213 0.294936243540833
Cenpf 4.94774009663547 0.847370087946882 0.814833981092444
Tmem119 4.92292866560655 0.799754935437326 0.689287948518782
Cdt1 4.90746117679751 0.728206481386029 0.595322345403125
Lyz1 4.89401206476412 0.718473281721352 0.579871656014229
Rbm5 4.89363241165295 0.327634590318914 0.0600725296404366
Nusap1 4.8913662439708 0.869224731946173 0.696438210953993
Vsir 4.88503321984841 0.749552158894013 0.16016867833043
Tgfbr1 4.86623307837687 0.651535967815487 0.664396094579204
Ier2 4.85171665332772 0.655516894375156 0.569429058637036
Jun 4.82433876172921 0.595340345512995 0.216260785148423
Chd4 4.8040322622706 0.6778532354949 0.425935165623835
Nfib 4.77672363359016 0.440822420870971 -0.0871719042578181
Mbp 4.77410812727353 -0.0519699797280381 -0.236477200376046
B3gnt5 4.72182427499239 0.314841637038816 0.174761122046156
Cemip2 4.71185665849891 0.706030827636395 0.477308382368405
Hspa1a 4.71002126588002 0.644990010747826 0.304644051879433
P2ry12 4.6789844212064 0.828904937828862 0.767521051926182
Hspa1b 4.65278417461024 0.585443588977932 0.236124806701071
Ccr6 4.6524869478808 0.764690668975018 0.614517386527557
Fcgr3 4.64681143658216 0.804688824615045 0.646284533406233
Apoe 4.63555563395592 0.233351895702687 -0.244198303225065
Ctsc 4.6334189297823 0.593733784938002 0.0165863809385767
Cenpe 4.61680322316691 0.929173134327153 0.868123690518116
Carhsp1 4.60495154906641 0.210382634229997 -0.237341882844324
Hist1h2ap|Hist1h2ao|Hist1h2an 4.59312738296644 0.630224728716971 0.504961714722419
Rnase4 4.57873573983561 0.74845853452613 0.472600967607416
Pclaf 4.55913639934582 0.712814125844565 0.23095682705663
Bcl11b 4.54042670066487 0.214637917224114 -0.0781415948467727
Reep3 4.48775348119525 0.171397860023723 -0.236707210149806
Mcm7 4.45937394199871 0.715037325023698 0.626393499718238
Notch1 4.4525357787843 0.649549934833227 0.180692303739484
Uhrf1 4.44923171267393 0.874300089212191 0.636309686240961
Ccnb1 4.43735082921746 0.802808172685892 0.294767390047075
Rnasel 4.43584511576169 0.680809907127571 0.405943142365995
Mkrn1 4.37986651734236 0.648819908741014 0.549755289889587
Sparc 4.37751878307498 -0.0555014976491608 -0.170168603210722
Cd53 4.36978353799109 0.782241905523462 0.438887095277159
Vgll4 4.35469739310246 0.720674168697335 0.769972747640784
Mertk 4.34217281964726 0.600646410453924 0.307627249002351
Adamts1 4.33260223840732 0.529938625909485 0.323623208251882
Cep55 4.28651259387962 0.857562980629853 0.567382288224736
Kif2c 4.27463340660513 0.902360538747253 0.734748679646007
Foxg1 4.24685915841825 0.0215110954351317 -0.230884864397273
Pou3f4 4.24623833726558 0.668282271251012 0.328556546991213
Igfbpl1 4.22575240382279 0.869794069970434 0.701033353619547
Rnd3 4.2156286340784 0.6865057835728 0.537820034550935
Myo10 4.21148887642913 0.4374582049647 -0.226378518877029
Smc4 4.18511215622052 0.685496479082254 0.633106094461778
Enpp2 4.17199486749305 0.306387814072363 -0.109339091723366
Zcchc14 4.13563234131582 0.549820338312768 0.133723011549014
Igfbp5 4.13419343768885 0.358692536536023 -0.284759313116054
Klf2 4.13164450061336 0.785694347103281 0.150583891058871
Dpysl3 4.12655354653127 0.5269123904911 0.543135388485654
Csrp2 4.1145690699926 0.620621612057469 -0.00819757140223186
Lima1 4.11357186196855 0.64737005120288 0.426291277316273
Plpp3 4.10480055713886 0.268950945475854 -0.243446644839164
Hexb 4.07810941623087 0.612690824996591 0.521413716175412
Vcan 4.06726999394739 0.528905558526128 0.0229736080385492
Tmem131l 4.05893081291294 0.671101500718689 0.617353979562287
Resf1 4.04812199643922 0.660631145048627 0.430392637448121
Iqgap1 4.04739985220653 0.695119841496113 0.6838940042412
Nasp 4.04460320145439 0.812071844957407 0.577303656138081
Ptprz1 4.0371305206524 0.283303815744036 -0.14994460640273
Dbf4 4.02000856125677 0.739369511296413 0.57393712215629
Aspm 4.00609893801475 0.818908077729579 0.741358325597384
Mcm6 4.00228898836983 0.527421711986835 0.177157129367806
Shcbp1 3.98010260416176 0.813626612577536 0.580187778133903
Plxnb2 3.97176468853057 0.67063308613356 0.0351418136592732
Skp2 3.96982028527893 0.540971112290728 0.00804506605742363
Nfix 3.94850706890507 0.153391889791513 0.0237201074069773
Ly86 3.93659297907704 0.676120553824728 0.523829180173238
Golm1 3.93204066112169 0.522014587651034 -0.256564641369
C1qc 3.92429636043528 0.73120521725891 0.550206766495059
Zfp704 3.91935382252654 0.651043453383138 0.731780236759497
Ncaph 3.91921536027121 0.701522058719584 0.479792998777481
Rad51ap1 3.90873645186261 0.71001288415965 0.284454975486987
Clic4 3.88893149180776 0.195916842467183 -0.316529324552884
Cd9 3.88085256474138 0.320154741567386 -0.0602694127257091
Cd14 3.8673951547612 0.727465989483461 0.422898320468568
Bpgm 3.84621274942024 0.248658654568852 0.039985089517872
Dlx5 3.84181654780114 0.410698295924273 0.114328009585981
Zbtb20 3.82752196562806 0.511315035111782 0.00769080481725505
Acvr2b 3.82595971076059 0.775532157726703 0.756089133302205
Fech 3.81707469600073 0.573976707987326 0.590651349460111
Kcnj10 3.78298375085273 0.130863513801705 -0.23193949876073
Tmpo 3.76523646348325 0.608997257486646 0.652766000420219
Fosb 3.7634700630034 0.583589624339035 0.138968708679133
Rbmx 3.75950339631529 0.55063080396958 0.0800215526542981
Marcks 3.75406159325792 0.208011380560986 0.0731312833620547
Dusp6 3.74944617038975 0.292792943925557 0.039500472924493
Trim25 3.73685476831877 0.187541661032945 -0.206556623564272
Zfp36l2 3.7165856853044 0.395016378371715 0.0661104367806682
Nfe2l2 3.70963430207824 0.396370155375863 0.0909115402093911
Aurkb 3.69513363677499 0.784291756734939 0.618022013551551
Trip13 3.65825915876489 0.704101236344965 0.310350366912753
Gad2 3.65538299533999 -0.0148214184090398 -0.341001036400397
Mis18bp1 3.65410599154478 0.76199738212855 0.68369872678813
Ppp1r14b 3.65334173627456 0.397564928633953 0.254740718751645
Plp1 3.64564679066282 -0.0991650566933905 -0.0502408583030328
Sp1 3.63256225662141 0.526135712572769 0.445408382815049
Arid1a 3.62561508619588 0.669170966295903 0.474529936634585
Ccnl1 3.60361780295249 0.509553382778245 0.310503770742555
Slc4a1 3.60355672137201 0.801613475216779 0.406944331557175
Ftl1|Mir692-2|Mir692-3 3.59076539775016 0.60851237927444 0.367795183551707
Btg1 3.58410930694357 0.39326574361099 0.343746137531288
H2-Q9|H2-Q7|H2-K1 3.58403722016697 0.410137836261372 0.155991882588117
Ccnb2 3.58162417720371 0.793016867940078 0.483463784420548
Smc2 3.58128340504728 0.630440028069772 -0.0397714698181119
Trim59 3.56774665939624 0.401235351226522 0.0631513413851672
St8sia2 3.5651385376305 0.485822958603329 0.0887927499773331
Ect2 3.549379636439 0.786175125042671 0.398873047854204
Gdap10 3.53670003683074 0.381028803005627 -0.107579589919752
Pola1 3.53244010978842 0.794825490024568 0.727612656220305
Cacng5 3.52310180325039 0.359140967305688 -0.0354759697064349
Efs 3.51821126803824 0.430963917803431 -0.111746790078804
Plek 3.51698905411489 0.647501755531411 0.428211634941112
Spc25 3.50635388699366 0.724060212143556 0.10193231890082
Zeb2 3.48828531410084 0.231358933269666 0.17108700942474
Slco5a1 3.46609148427466 0.627865198603076 0.367167802582916
Egr1 3.46231872311345 0.256709014458419 0.314838136709595
Prc1 3.45707054020873 0.7856011585722 0.683300507806731
Cenpa 3.44169735666427 0.604960979008671 0.0726109635033769
Smc1a 3.42630183574391 0.568313417697442 0.335920151117383
Syncrip 3.41902085676878 0.370638201010813 -0.200715841019041
Kdm5a 3.41380581790748 0.686662429515063 0.625458850223793
Zwilch 3.41364875052249 0.807362038377726 0.770496570689984
Marcksl1 3.40808548280247 0.241736183928044 -0.0834290402121547
Fbxo32 3.40406712000442 0.234228339116375 -0.0330204012058541
St6gal1 3.39445172759489 0.426847237951334 0.56211544033876
Smo 3.38774469991704 0.114876216922653 -0.271840489006344
Kat6b 3.38571832520393 0.610022005137461 0.519201844234315
Emp2 3.38456349681226 0.56169523568654 0.340786084479851
Fos 3.38003601251128 0.306611415973823 0.114528215552505
Rcc2 3.37240591084966 0.673141492421099 0.449854276752595
Mcl1 3.37193845688124 0.592671180468954 0.517115693641645
Ier5 3.37151359248179 0.373342214677647 0.0183166525231408
Syne2 3.36072272438847 0.732146192814915 0.62761858361186
Bach2 3.34751443896125 0.569033056620147 0.471211321042073
Cks1brt|Cks1b 3.32321269208426 0.330236654931025 0.23845952239808
Insm1 3.16095428792872 0.593214231523337 0.238680396724215
Rad54l 3.16048134062481 0.857731961563216 0.624620542199914
Akap9 3.14266114979899 0.122958481416942 -0.114277063638173
Dna2 3.13586727180229 0.778244593631739 0.665717155698725
Elf2 3.05058893153321 0.513608622456511 0.507132164056276
Zbtb12 2.95592832175417 0.784313018908316 0.387848354635342
Cdk1 2.93088262727064 0.757198528399254 0.389329646299762
Pole 2.91244430370962 0.649684428169565 0.306411838289534
Prpf40a 2.8394333717246 0.503105011513133 -0.0512399125996188
Fam208b 2.82347163501145 0.504631198054543 -0.0786319844392619
Racgap1 2.77572648934692 0.538503434614255 -0.107388052549261
Tyms|Tyms-ps 2.66354922174963 0.798920960910337 0.731281843294455
Cd300lf 2.66236606166125 0.699925621619083 0.448887606730218
Mcm2 2.5469035413896 0.741281203454421 0.187591184190179
Aurka 2.541891833043 0.77444180467105 0.491756915025629
Vash2 2.51870326362595 0.615185998824305 0.121568571046038
Tnrc18 2.47003091001038 0.342434685265543 -0.125766439715575
Plk1 2.12604222424001 0.740016194852279 0.27315126659095
