Lhx8 8.01055354868813 0.882301293143749 0.815354040772911
Slc18a3 6.52246886612211 0.83902601791734 -0.0193324256279326
Isl1 6.22066264921338 0.602392455493531 0.19415991122475
Sncg 5.91681396499639 0.405051094448829 -0.210367836072608
Cxcl14 5.31140686910826 0.548929711508083 0.0108285046614075
Arx 4.94712345370839 0.338572020897518 0.187475319121785
Ecel1 4.94558563759976 0.818148378181138 0.675395394348728
Mme 4.9119906998784 0.446768439251153 0.148541332987856
Serpinb1b 4.48023311239006 0.681434732083513 0.643281481223548
Crabp2 4.42947121328662 0.744520813949567 0.0750723377407161
Crabp1 4.42518228232423 0.576857160528475 0.146277373869271
Zic1 4.41865100461897 0.216288304260936 0.104166789687749
Popdc3 4.35725884501657 0.726145071084582 -0.0281869685447769
Gdnf 4.17904259012012 0.800432071964004 0.037068038397538
Trpc3 4.14528952917938 0.296616909943913 0.117258906045582
Tacr3 4.10447515064762 0.52283214672995 -0.206176022805811
Hspb1 3.98652232676537 0.455229105031431 0.158176398416431
Cd44 3.84003406940268 0.661250995811435 -0.034173367678125
Ttr 3.82640670688558 0.212655877263588 -0.090428611216696
S100a10 3.76103480107918 0.213571471041652 -0.153052096720325
Ache 3.69716179452014 0.42745647249398 0.0986365149253529
Lhx6 3.66246774211459 0.544169232951913 0.673691897908701
Hspb8 3.63920750388632 0.46576199655302 0.360817253472435
Cartpt 3.61871260106788 0.400652932635383 -0.0317204869277624
Rcn1 3.59161437043349 0.190165938308387 0.0292830425087706
Ptger2 3.50407191123488 0.56711604131503 0.577700480566462
Rasd2 3.45575239839182 0.224984767704174 -0.0619758172254164
Hopx 3.43653725184294 0.0493483987331398 -0.215424395263753
Slc5a7 3.31875966547659 0.759559010848859 0.653399452128281
Fxyd2 2.31359335824243 0.303615849937815 -0.0711636810484343
