Sst 6.88233021848576 0.646839759452192 0.38560339582513
Col19a1 6.10882013833485 0.637821779507103 -0.09806314337289
Arx 6.06709079457111 0.40623734021303 -0.103729321779591
Npy 6.03594019841284 0.608300877186497 0.437201284269915
Moxd1 5.43889780009063 0.713004698325509 -0.119419422545275
Reln 5.27607344872567 0.450310573762858 -0.206892710116035
Lhx6 5.09706580235834 0.617502984682334 0.0418978500265688
Ctsc 4.86352050654141 0.617070741355854 -0.0424799009362405
Grpr 4.81154456876398 0.873906435791715 0.797300588093953
Timp3 4.8010736153453 0.535551941198081 -0.0726833106123869
Igfbp4 4.74368051750166 0.360988980878192 0.308939247421075
Pnoc 4.35700902911943 0.671028944789142 0.195737893413933
Lgals1 4.27928864566178 0.399932295034396 0.0974944870128944
Ptprt 4.21780426830354 0.593907230311112 -0.0180237602771268
Kcnmb2 4.11389084616868 0.599706638834421 0.581532282252602
Dgkg 4.07528494414387 0.284537821435622 -0.171627464515661
Pvalb 4.04437737906048 -0.0393293920981266 -0.151351644080445
Klf5 3.98970548007673 0.452628045872432 -0.121217915703669
Slc32a1 3.98871385529784 -0.21563513786396 -0.329515512254
Golm1 3.90118942068073 0.527949612818636 -0.229850078077074
Rpp25 3.79292019520825 0.26974919668034 -0.0480308103324702
Cacna2d2 3.76729623874727 -0.205428780088879 -0.17865770071646
Cdh13 3.73852467491797 0.39195950339341 -0.0235069567255351
Cort 3.73680072321308 0.623106503714622 0.211515098981586
Ramp3 3.7126006910908 0.598445229669712 0.40603563087381
Rab3b 3.68193524023643 0.365161898267628 -0.138375016072866
Gria1 3.67431865455283 0.293650116305983 0.0671036773738972
Meg3 3.66120516444317 -0.0711444431783994 -0.281426698345282
Gad2 3.64295577050193 -0.00797517403613279 -0.341001036400397
Tenm4 3.54611374784021 0.252943198829805 0.0451838786003621
Gp5 3.53223037017777 0.749761419057941 0.565437660349198
Kcnc1 3.49859082630617 0.427009109203477 -0.0840318476674068
Postn 3.37311961193942 0.743403650062495 0.448990931663764
Alk 2.97159424035342 0.482324661168789 0.20777564447279
Il34 2.47841570921735 0.526486289528745 0.147896864329969
