Grp 6.91579818460858 0.648809074361504 0.263369117349771
Lypd1 5.21783259291327 0.525053119492314 0.551181597683705
Icam5 5.09893937446533 0.533709587945464 0.370355383556662
Rprm 4.97380819982688 0.548751385353493 0.368990983546255
Itpka 4.91096534255916 -0.0419314308947692 -0.0804476370024904
Bcl11b 4.50637389066305 0.216787309002366 -0.134259969257438
Tshz2 4.48468409727687 0.797638174088854 0.776212929777721
Ldb2 4.44428789288672 0.522280656165765 0.00232308962978254
Crym 4.30614034188625 0.195034322768091 -0.167116719240086
Meg3 4.27431735619011 0.0134976039921967 -0.449271921227176
Kctd4 4.24607017714837 0.498144804229884 0.319522244054671
Ccn3 4.2082402476739 0.418911151162563 0.0806957380742228
Pdzrn3 4.15123088296957 0.377862314278621 0.154385798937381
Mef2c 4.0946478432057 0.169211303352481 -0.137948775849103
Abi3bp 3.94796863160754 0.664207092918304 0.162211314531755
C1ql3 3.90298480367432 0.30483851075928 0.0932418534043057
Krt12 3.85129763365048 0.371678159921473 0.200592538435129
Nrgn 3.83321605368805 0.222395926443706 -0.125195739455739
Myo5b 3.69371376417603 0.15757637110759 -0.191552123898121
Tenm2 3.58807359923893 0.242696744488392 -0.0214738318259153
Rasal1 3.58547674042198 0.624307457459594 -0.0915704251485019
Ptk2b 3.5558365870815 0.119974311853241 -0.186958224800518
Kalrn 3.54506478023526 -0.200508189676686 -0.175743823646727
Cckbr 3.47820837634272 0.526421961763782 0.333121987991909
Doc2a 3.45763647919789 0.393987817881684 0.214474873513858
Spon1 3.43092546640497 0.214048278972954 -0.286354892632441
Arpp21 3.40827633057591 0.28191137804487 -0.11843970203751
Lpl 3.40606921323871 0.0259245178218001 -0.151227225423428
Ngef 3.36157731993965 0.09690467961918 -0.143889175933284
Prkg2 2.93595196486406 0.414816660130239 0.00582815720496408
