Serpinb1b 6.5079414962686 0.776410048494166 0.793579458095781
Sgcg 5.96451486986774 0.947345670223762 0.90507279101722
Gabra6 5.73345053620443 0.549020894694249 0.177085585789038
Zic3 5.14162024637907 0.513618313126692 0.0417477480422948
Scrg1 4.94357203298021 0.502790915155109 -0.156112833680441
Tfap2a 4.86462655952516 0.557766685438398 -0.183178715521581
Penk 4.81314667797985 0.320196046569494 0.00977055495942452
En2 4.6797606192635 0.433256247264343 -0.0555063987771823
Serpinf1 4.42826769311713 0.494770611345264 0.0423520505889869
Ceacam10 4.37886959654615 0.781761825450229 0.272279090546621
Zic1 4.34369466556177 0.183198022050367 0.104166789687749
C1ql3 4.04724083097759 0.320879338339194 0.145131052004315
Pvalb 3.99251456894751 -0.042823234900197 -0.151351644080445
Hspb8 3.95892019937817 0.479602888810557 0.360817253472435
Bhlhe22 3.82543717558859 0.277524076399312 0.349480654439322
Lypd1 3.64920797631994 0.283233393638074 0.0434993112573355
Rasgrp2 3.59877560084121 0.567173658660087 0.569388047561853
Slc32a1 3.55614189498574 -0.26642430623411 -0.210889044745043
Cbln1 3.50711032471624 0.136340054526774 0.0137370927213962
Pdlim2 3.41173208164861 0.363476980473957 0.469983909357744
Id3 3.39746714022603 0.448914760929248 0.156541541615623
Gnmt 3.37269307899393 0.78824663116298 0.476780745387311
Ccl19 3.36250579490985 0.582295118651657 0.123580952133595
Ccnb1ip1 3.28449718015483 0.72052624685291 0.173177576063119
Cacng3 3.22924666415561 0.397179498632031 -0.106231124407766
Flt4 2.92931366338439 0.698962610893209 0.582505308133048
Dapk2 2.64402757728894 0.613310520871883 0.351864617695308
Actn3 2.45866058776626 0.798458047140513 0.675984086058208
