Ptprc 6.83382404735372 0.879959098026318 0.324531272721302
Grp 6.18130226096551 0.608862001613048 -0.098755172686183
C1ql3 5.97782405010892 0.50382548819947 0.317572739013953
Ccn3 5.7455383412152 0.555966013442956 0.263314816108574
Rspo2 5.05105446186096 0.496206685083224 0.13236210692114
Fezf2 4.81207560867644 0.641392372268246 -0.0610759463563468
Ldb2 4.68721019994912 0.549264870696856 -0.103790438497675
Itpka 4.61982690782753 -0.0687225233939268 -0.168771117263653
Ifi211|Ifi205|Mndal 4.49045129827055 0.874247697819703 0.45300089718036
Myo5b 4.34891076435003 0.238385412045467 0.0704416512662594
Pde1a 4.33100817709494 0.46303103876306 -0.267544036633866
Cck 4.29520474946458 0.143616170350404 0.18299846278715
Cpne6 4.28639865163209 0.532866056907267 -0.102245838705863
Ptk2b 4.2440493909799 0.193427436614858 -0.208154906521022
Icam5 4.19806670083407 0.440130800976731 -0.0892773857238178
Crym 4.18513681064187 0.192158295291135 -0.167116719240086
St6galnac5 4.14511331445432 0.404325818214171 0.0372353707716327
Arpp21 4.12310549512761 0.392079247719758 -0.00948675911674531
Mndal 4.09800958460282 0.860722696578447 0.403615754389399
Meg3 4.09351668865811 -0.0160208474023997 -0.463503142901023
Glipr1 4.04190243979242 0.787003964204068 0.340804391314793
Cnih3 4.02299720601009 0.629386765713332 0.519952277316573
Cdh9 4.0073658280954 0.519444184116673 0.140734631167814
Psrc1 3.88801340561395 0.733054028071522 0.0953903890419224
Lpl 3.87954573605569 0.0763936994058569 -0.126639016592196
Lypd1 3.7352571547122 0.29910710712549 0.0434993112573355
Arhgef28 3.72412764379791 0.524012459863407 -0.244372832548991
Etv1 3.72297410259887 0.37824771603131 0.0236978847017304
Pclo 3.71833739776976 0.288907620895193 -0.117977245507919
Man1a 3.71268287585677 0.427205515062079 0.0118387649728409
Slc26a4 3.69342667907964 0.66900633012929 0.0519018077868114
Bcl11b 3.68695131453522 0.123619204414337 -0.149547178464146
Snhg11 3.66894398336259 -0.246914720469796 -0.316048988862697
Syn2 3.65031910116878 0.302717385492017 0.108650156990565
Ryr3 3.63142023744045 0.250449312432271 -0.397403025668094
Spon1 3.45177652254057 0.217736264785524 -0.286354892632441
Nrgn 3.43229046709068 0.163982431004593 -0.208404643495603
Pcdh20 3.41651075305645 0.360301143588479 0.156842571248563
Fhl2 3.39532252219458 0.622507771336332 0.0610333357030038
Slc7a3 3.33586128291032 0.431694179773939 0.179835952865375
Il1rapl2 2.64880986922284 0.595874145784767 0.362502865218804
