Neurod6 5.74035275872168 0.578563779411517 0.257039750585281
Pou3f1 5.20965928922295 0.121568229659477 -0.246447941281288
Kalrn 5.20145352228819 0.0945378740617012 0.0921797980037594
Crym 5.06438541550865 0.282671303434756 0.285997525469539
Lamp5 5.05690751157546 0.265621156647202 0.270176710885749
Krt12 4.91103539124988 0.517000264159839 0.207086762442257
Tiam2 4.85844533762085 0.393187022624242 0.269157114444263
Itpka 4.70345632553699 -0.0636720480637606 -0.162869683349699
Fezf2 4.64131758798157 0.62906988502116 -0.0252087303221466
Ccn3 4.48823853594528 0.453995064116331 0.173912430345967
Egr2 4.39623950343579 0.464424780376981 0.278360681936922
Sox17 4.34267308171055 0.786725145987143 0.561343889480388
Pdzrn3 4.25530494095744 0.394417485961836 0.154385798937381
Foxg1 3.99886408210328 0.00122184617422047 -0.223119079844121
C1ql3 3.95632193991755 0.31311509640285 -0.138088490483425
Tsen15 3.73645859102011 0.74121807063821 0.716567285660689
Cck 3.50565696446274 0.00981852398879705 0.107983273808035
Ptk2b 3.4440311300679 0.107277794118777 -0.186958224800518
Bhlhe22 3.43006896404179 0.226492646182006 0.228173869901097
Rgs4 3.39637928102236 0.236829882684535 -0.134033253955209
Rab40b 3.37289909247046 0.11760194920461 -0.121623535541093
Gda 2.85209613326187 0.37524695867615 -0.16007416599401
