Ptgds 7.25304851248647 0.443784428485024 0.0646524491857251
Fmod 6.7938247664303 0.618939088356623 -0.0202695130448864
Rbp1 6.28110378971471 0.707566001310141 0.588803293625446
Ogn 6.2168465275304 0.810897583180983 0.199343609885318
Neurod6 6.12649609383821 0.608072510821852 0.257039750585281
Mgp 5.99758643650703 0.780951020008916 0.515632088425613
Aldh1a2 5.92886201589613 0.841319001627901 0.615710704129874
Krt12 5.56552550015585 0.58428861979802 0.381928578338804
Spp1 5.42167482513744 0.634846873924384 0.455609182641744
Nupr1 5.41733396297962 0.579827521081394 0.497780296554378
Mpzl2 5.40944971616356 0.808421983137508 0.31028092975746
Crabp2 5.17050160889613 0.75735206827863 0.0750723377407161
Atp1a2 5.12553469621431 0.283534700474917 -0.107784336565072
Cxcl12 5.08601811997785 0.545127166176095 0.0432671495131895
Anxa1 4.96940475348081 0.679175271845537 -0.094205751766072
Ifitm2 4.8270582890084 0.786823106260731 0.786529557442403
Lamp5 4.76918078432973 0.220834624830407 0.00673628489693743
Efemp1 4.76811425257291 0.601835879718068 0.0664846907733689
Itpka 4.75217621703029 -0.0596453377575493 -0.157899193177449
Ccn3 4.7231531757352 0.467724040500791 -0.126697625854924
Phldb2 4.68778310989879 0.584010685913462 0.225054933816317
Kalrn 4.66321587793263 -0.0175447338931376 -0.0891769314493943
Anxa3 4.6092525259299 0.804024979669558 0.732249044041604
Ifitm3 4.59470582785223 0.630866072447763 0.398565292652105
Pdzrn3 4.57227470019637 0.443509039958013 0.405957331728089
Foxc2 4.57066912957714 0.87874405569242 0.75275693475918
Igfbp2 4.56614787508697 0.67701079628286 0.408553467766989
Gjb6 4.54398312671891 0.534416023618447 0.430908314815206
Pcolce 4.47715013415975 0.793686946498605 0.670217301895594
Islr 4.4514552605887 0.767935745922472 0.268549312770445
Sphk1 4.44389536412873 0.636279367014935 0.695266822989054
Foxd1 4.43751494375138 0.866619636475322 0.564167481432875
Vtn 4.43472174966013 0.658707392558482 0.259329620120224
Tnnc1 4.42062759123555 0.70819335832552 0.698577843639103
S100a11 4.39778801547322 0.594407190758402 0.629934301151585
Igf2 4.35302952696362 0.703829020098804 0.215501972024389
Klf4 4.24272416209509 0.55385917212915 0.0724962868790913
Slc22a8 4.22281953064216 0.836143269918807 0.428384887333554
Ifitm1 4.21481686945382 0.800107701818847 0.620438981733466
Zic1 4.21171720021564 0.171843220255556 0.189591218003831
Aldh1a1 4.20363217632882 0.0975326693035294 -0.177497284774989
Cnn2 4.19153903450846 0.687020891927851 0.0023115876594248
Foxg1 4.16389081977665 0.0200536938036511 -0.230884864397273
Bmp6 4.15619449930122 0.742807380284038 0.613015082547786
Myl9 4.15491021441306 0.669848551545185 0.311155302790461
Apoe 4.13017036152349 0.169658405059092 -0.254460798127637
Coch 4.06880355964153 0.34441967501107 -0.219848108955094
Lgals1 4.03760565794605 0.37238144540312 0.0974944870128944
Anxa2 4.0015346554429 0.720557009680912 0.419169035147287
Bmp7 3.96907980548914 0.744162765661285 0.605289636559058
Slc13a3 3.96607912232696 0.388205331743096 -0.193862519524303
Tnfsfm13|Tnfsf13 3.95576105497645 0.718940666988531 0.609819552556153
Ddit4l 3.95064463980549 0.526853100193473 0.0152998484380745
Ccn2 3.93332818376018 0.512803968512616 0.214339796915862
Foxc1 3.93069225346582 0.935969053575593 0.874342383644696
Csrp2 3.879116920644 0.603068190765565 -0.00819757140223186
Wwtr1 3.85482394195076 0.290091714375793 -0.176745871035245
Twist1 3.82826953796459 0.80803526939129 0.485663704278412
Vamp8 3.8053237443816 0.46668867214874 0.276867759045617
Gjb2 3.80001551916009 0.690758926164638 0.293615129328583
Apod 3.79407701497571 0.248926841505912 0.0357344977129578
Gstm2 3.77461057197783 0.858650180372742 0.639643890236563
Nrgn 3.76505161147922 0.210176941277125 -0.125195739455739
Dcn 3.71781285659169 0.591228400524221 -0.13967880839058
Nfe2l2 3.71154174390681 0.404020164493496 -0.0711101869335787
Osr1 3.7046077074989 0.84300699384454 0.535032842485639
Id3 3.63861446885549 0.477521825003743 0.156541541615623
Ngef 3.62392845625708 0.130890385604095 -0.116642330197494
S100a6 3.60670220204254 0.266605202877475 -0.0968651839079873
Myl4 3.5674314738711 0.715455406794191 0.121616710488694
Nnat 3.55493076687207 0.198727373388142 -0.0954411608585978
Copz2 3.53465198884124 0.669244941815887 -0.055493251260057
Srgn 3.532096606378 0.654604310784938 0.296666731131595
Dtl 3.52943721288122 0.747684377283987 -0.158789773975651
Slc6a13 3.52875482194508 0.63142892441847 0.2296251597591
Rasl11b 3.50420179495535 0.124010660093465 -0.219519932490061
Dusp14 3.49711107132943 0.510599313178892 -0.0744538283356059
Ptk2b 3.49473909264262 0.111001028567906 0.128312875698385
Arpp21 3.49136701780201 0.296076635959081 0.0104279581423
Sult1a1 3.48514696019599 0.628676499215304 -0.0576599702196123
Crym 3.47341930393904 0.116113015263068 0.0204377615308815
Cck 3.39278895986418 -0.057965637723029 -0.160556670741906
Clic4 3.38525674614491 0.130153290144527 -0.0860722390066323
Wnt4 3.34180011312421 0.559439808962725 0.0982596023560091
Serping1 3.33720470525822 0.610923310267471 0.223553882489997
Slc47a1 3.31234631605944 0.698531586812529 0.0969115807391273
Igfbp6 3.27039689332223 0.256014516749893 -0.253203593685886
Bmp4 3.21102981291732 0.619626558930734 -0.129607448908281
Car13 3.1806035605465 0.720270321774857 0.409276403255568
Dab2 3.04809567952765 0.619181297980065 0.35402950716244
Tmod3 2.97989554758796 0.442264991034869 0.00570039821893791
Perp 2.93015092805116 0.461521119444466 0.214552339028325
Dkkl1 2.8719087655291 0.806734592958687 0.419015103206519
Emp3 2.71667011232523 0.803388514045193 -0.0567439460932007
Ifit3|Ifit3b 2.58428868902243 0.545613916354445 -0.0176855706619268
Vasn 2.47693738953144 0.308192874997198 -0.201052049172204
Inmt 2.40676626272285 0.749752124919148 0.322077894262494
