Crym 5.97399617061595 0.386203074043159 -0.188390723531043
Rprm 5.14920141152821 0.56677979746929 0.368990983546255
Fezf2 5.04011368976657 0.658225793353312 -0.0610759463563468
Prss12 4.84964121938541 0.61662416112176 0.682583452702688
Satb2 4.8053582640549 0.664334601462474 -0.082960751270198
Ramp3 4.5271832650451 0.677293551205307 0.471581402711322
Cxcl12 4.50112972441412 0.496013310965893 0.0480176450038651
Ngef 4.40292436673918 0.237764778743936 -0.0410435941461643
Rai14 4.38369494024646 0.666346336203675 0.616170392222117
Nrp1 4.32607115137501 0.446563294488944 -0.053366337524108
Col5a1 4.31838858321872 0.638568648172612 0.0765232205382484
Pde1a 4.30651564136004 0.460338120251926 -0.267544036633866
Icam5 4.3010019206814 0.451022196865669 -0.189184376043143
Col6a1 4.21183814144342 0.602564656627664 0.0121254841511029
Spon1 4.18472824525877 0.340851552323399 -0.141971088193984
Tbr1 4.16597035951754 0.657203502111929 0.0962371965598089
Ldb2 4.16417537920765 0.489255471010375 0.369032878949413
Ryr3 4.14412343487533 0.324417943649037 -0.2528635088297
Cntnap4 4.13053500032957 0.434699496924603 0.250378623590391
Ccn3 4.04683186079662 0.403082662470367 0.0806957380742228
Bcl11b 4.01368977871162 0.157130963503517 -0.220093536906247
Rspo2 4.01252560267383 0.374175204882671 -0.0412867623349827
Tnnt2 3.97640151483733 0.356052559096351 -0.146308021033502
Arpp21 3.97443032107045 0.370603027803499 -0.00948675911674531
Nptx1 3.96795266384002 0.059201587532634 -0.267101496686074
Sla 3.88496068202729 0.539867431132255 0.230962233310965
Meg3 3.85393997606681 -0.0488535462473 -0.381281577106531
Pclo 3.78279159833153 0.302446663774669 -0.117977245507919
Dkk3 3.71227869211513 0.407376106796163 0.400504813953976
Cckbr 3.67513145900102 0.550246253692166 0.189179346484699
Tenm1 3.64290681080778 0.280423093209074 -0.173045533966764
Rasal1 3.60473352277465 0.625953455555656 -0.0915704251485019
Ephb6 3.59201476707546 0.609631557043231 0.715502124812194
St3gal5 3.5632082468987 0.514269111107847 0.584403835403435
Rasl10a 3.53758497634862 0.399239487556523 -0.128163208571805
Itpka 3.50961828673634 -0.118056742685907 0.0796179411748851
Ptk2b 3.4992294449446 0.111162304659328 0.024109711156884
Myh3 3.46881814810729 0.666031745786016 0.193619220816406
Nfix 3.44567780096076 0.07189895115661 -0.215438700372444
Kalrn 3.42807900781916 -0.212053907951134 -0.226281399091741
Myo5b 3.4096112719467 0.116435266716517 -0.192908026168448
Mef2c 3.3420113468467 0.0217656040311406 0.0576015469046544
Snhg11 3.33440289771722 -0.258997846197965 -0.262412980594866
Neu2 2.67809543151681 0.449648137112905 0.0832270207746045
Wnt2 2.49970806941519 0.480713654503663 -0.047152366623431
Map3k5 2.34492480487167 0.159544799151184 -0.135903304085491
