Calcb 8.18658185921141 0.896253047157538 -0.182711420076555
Sncg 7.26140131060022 0.457227406929799 -0.196091729563374
Spp1 6.9593792355358 0.721714920061567 -0.00388622192699189
Calca 6.93241965231362 0.690142974274989 -0.0886140502437149
Slc18a3 6.69191691598756 0.811736658483836 -0.0193324256279326
Hoxc8 6.56419288501347 0.944782814205918 0.907947845436414
Kcnj14 6.22024741567493 0.874425301644605 -0.0257497905448083
Hoxa9 6.20237901890101 0.960731875755172 0.928580650579042
Prph 6.09975102802863 0.875164541444309 -0.244025319760392
Chodl 6.08472448881102 0.776575747339806 0.0355258543472145
Cd24a 5.84803449741045 0.535977477200002 0.26926667162768
Sh3bgr 5.78040097358724 0.771533432462718 0.180927823747265
Uts2 5.77366443600875 0.886362639135977 0.443944442724381
Pmp22 5.7444533569375 0.429162218826764 -0.0328265409148674
Hspb1 5.63285847057819 0.607588268220907 -0.0784279707074481
Irx3 5.60903146027948 0.738150131480894 0.371862345540947
Lcp1 5.47025503115421 0.598833379336619 0.624079073587419
Lgals1 5.23086643926105 0.49463214379726 -0.100833056299509
Hoxb5 5.22565577739641 0.815455154848589 0.17382671216096
Hspb8 5.1758292900129 0.603577997062022 -0.234991393666264
Anxa2 5.0624828011207 0.774246513940588 0.151556620547039
Fgf1 5.0491567518595 0.423148431160212 0.248979153281097
Isl1 4.77559056742306 0.479707420857766 -0.186641970814882
Hebp2 4.77320414928257 0.517567597020809 0.115442592390387
Itgb5 4.69086648909187 0.477924037470102 0.0872405477795104
Susd2 4.57247435075198 0.525623192192144 -0.0786174384700312
Popdc3 4.55766024289998 0.71154423474828 -0.0281869685447769
Anxa4 4.4825762480498 0.770647845899923 0.108019378320821
Tppp3 4.31215021673043 0.386976562139558 -0.121243206846059
Gna14 4.26901425370354 0.849059337179042 0.80504861271383
Elf5 4.25718695912958 0.813187484716549 0.224317325998349
Nefh 4.18270844466955 0.42369482091282 0.526872151003508
Patj 4.1722318696272 0.535332684596688 0.211972591670888
Rspo2 4.13991163943023 0.390520005274335 0.0594869386636641
Pcp4l1 4.11410211399017 0.186398071646475 -0.100136668892952
S100b 4.08798029926323 0.128528552846859 -0.238478960733847
Npr3 4.07686817595902 0.635793524925684 -0.0166833098389512
Wnk4 4.06765857483746 0.745943858948281 0.450247144883783
Cartpt 4.00603731512398 0.416188159545422 -0.0701336278280758
Cd55 3.94836073459596 0.662860926617588 0.134906024962818
Lrrc49 3.92179590840748 0.621402428099423 0.446030671529281
Htra1 3.90570625499124 0.0711099908025502 -0.39063552442743
S100a10 3.87182551348075 0.208621208771044 -0.153052096720325
Medag 3.84837596966488 0.348938649022012 -0.211782137437686
Kazald1 3.81214683431016 0.518245752040213 -0.00216818162276423
Nefm 3.80337750100459 0.464511020413944 0.496903810002173
Mycbp 3.80275617352112 0.555221347766538 0.566536925706567
Fstl1 3.7908365174246 0.468682737433324 0.478543642475573
Fxyd7 3.78153717312724 0.536812989137023 -0.0702659688422195
Aard 3.77506358124365 0.500004227720208 0.417911775549839
Mbp 3.75133359837961 -0.162943446003355 -0.289758553106761
Syt2 3.72705577359425 0.186381768178294 -0.0214431998395353
Prss12 3.72622667728111 0.490761796240867 0.230778166598161
Cda 3.63030112892784 0.607227726969561 0.025532649475789
Cela1 3.62740829160117 0.603521897492673 0.117111647506507
Polr3g 3.58416532368074 0.662279040570247 0.651970993588845
Mal 3.56359135539459 -0.106005020915419 -0.114912948824434
Itm2a 3.52319731873661 0.53783870769395 0.423738043579684
Mcam 3.49804400149472 0.548232949387428 0.0498178572715615
Vamp1 3.42298377678621 0.422087305979275 0.124495163152278
Isoc1 3.42112492820341 0.433962506498547 0.318200676709683
Cryab 3.36637926448917 0.0342486337108254 0.368244842613056
Mmp9 3.15671592960064 0.801678497510741 0.427130734083418
Ldlrad4 2.88755600629951 0.183064324625942 -0.156367468247712
Tnfsf13b 2.83745756293551 0.736974526822349 0.0443280032731206
L3hypdh 2.68083928635316 0.55759101866503 0.0197013432102477
