11977
14595
11796
12259
12260
12363
20293
20296
20303
20308
12774
12475
12508
12522
12524
12608
99100
12984
13025
15945
66102
20310
13654
14127
14130
14131
20321
14538
80910
15162
15216
15284
15894
15937
65972
70110
71586
16175
16176
16190
16193
16391
57444
108829
16822
16978
17133
26410
17210
171531
17534
69774
68774
17869
17874
17969
17970
17972
18035
18037
80859
106326
233571
671535
547253
56193
58801
19332
74760
54720
74734
24014
75234
56437
12394
67742
18787
23921
20491
65221
67547
207818
12702
20732
59010
19073
20963
21817
24088
21899
170743
72512
21926
21928
22019
20128
12257
67951
22228
22323
22324
22695
