18035
547253
22323
14130
19766
12524
18787
20308
16172
19698
17970
171531
11977
14455
11796
18037
69774
20321
12774
67742
13685
16193
16391
22033
12394
21354
15216
70110
26410
73656
20310
12795
17133
72512
228790
80285
22324
66102
74734
17969
16822
20963
65972
12013
74213
65221
23921
74760
16190
17874
170625
14127
22019
12257
15945
19205
53599
24088
14605
170743
20293
21899
71586
20732
17972
16145
16175
15937
12608
108829
208104
21817
80910
12363
207818
68774
15162
99100
671535
60322
20128
15284
12984
21926
13025
58801
20296
14595
19697
67951
18626
55942
233571
19332
