72275
67647
75255
330385
18671
11482
26364
224792
170757
66395

26360
16952
11746
381823
214137
11856
666468
11982
231287
239691
20878
75736
12236
12380
71962
19285
20324
24047
21939
17064
12562
68178
12741
66864
224796
12798
12826
12828
12925
20315
70059
105841
213393
319899
13601
13614
353156
268780
59308
13730
13805
13846
69524
23943
232237
14254
14257
217721
14268
17300
15220
18301
14368
14461
236573
317757
14615
625054
668272
11536
14863
14872
100198
15360
100039781
15507
15896
99899
15953
29817
60440
16177
16186
29875
54396
109700
209378
80880
16542
16598
16779
50523
244864
16842

54135
108075
100041546
65964
53608
66815
14013
105450

68632
67268
18073
18074
107607
18127
329416
18230
23962
18260
18414
74090
71785
18596
56376
18613
21946

235527
18830
27205
80905
19038
19126
19263
237504
56516
19663
19713
76566
19737
80837
67664
74144
20195
209086
208449
214547
24058
229699
80721
19879
72022
209837
69698
21366
65962
28250
20556
207818
20619
27212
20668
20680
71406
66442
20446
241230
236920
13830
21386
69068
21687
21814
21822

21824
94242
17112
71929
226040
21961
209039
326618
94094
72565
217012
22288
53620
22330
22370
22371
97064
22436
72147
22773
