12226
12259
12260
12273
20293
20303
20308
56706
12774
12475
12508
16149
12522
12524
12983
66102
14127
14130
14131
246256
14190
73690
80910
15162
217995
16172
16175
16190
16193
16822
13590
17135
69774
68774
78388
17869
17969
17972
18037
80859
18081
106326
233571
56193
76448
233895
74760
19354
74734
56437
12394
67742
18787
20491
65221
17128
20732
74178
20963
24088
170743
21926
59069
209387
67951
22324
319997

12045
12047
227210
208228
246730
320207
244416
245945
108115
100217464
100217420
100302601
209456
72807
14595
12013
12363
108673
20296
12608
99100
12984
20321
14455
15216
15894
15937
65972
108829
26410
17210
171531
208104
17874
17970
74091
18626
12795
19697
24014
75234
23921
21899
72512
22019
20128
22323
22695
15945
20310
15284
19332
