76408
11666
11350
11629
70497
171207
11910
50769
381319
30948
12229
52163
12335
17079
217303
12489
12506
15985
12606
56708
26888
102545
72042
12959
12978
12986
12988
68964
13033
13051
13808
14026
26382
232288
14676
23890
14913
14998
15002
15212
15446
54486
12807
193740
74096
16154
16170
16331
15900
117198
16548
52855
56743
19141
107321
16970
16985
16988
17095
17110
17159
223722
17476
17916
246177
17423
70839
64099
30955
18796
104759
140570
68507
19253
15170
66824
19428
19735
11852
20111
68750
56045
24044
89867
20345
20354
19261
98365
104681
67712
56485
56857
100340
69178
21898
231633
21935
21953
83433
27027
233276
74153
245240
217262
66610
219144
242248
12523
73149
373864
76375
209692
75974
241303
330217
230145
100038847
217122
14710
321019
320487
380629
50708
14957
319164
319181
212032
108960
211228
237387
17105
74191
270198
19204
78416
224024

233274
66329
212937
53791
57916
215243
338364
225049
74044
22268
210104
209225
11555
11727
106952
11857
17060
67213
231871
76088
13593
192193
13713
22379
15242
259277
16792
80877
233328
17305
218203
27419
74039
99543
18805
65112
108767
18753
16912
54153
19650
100561
27060
21682
21810
21812
21815
211550
68487
21938
24099
217333
54445
22320
69922
11576
216445
12796
68891
56644
227929
13448
14960
17002
18054
20201
20202
71607
230787
