11486
240913
229595
68743
234094
11484
12183
76893
69993
18417
56173
16840
13038
67102
52840
28075
13361
68813
98363
74559
60344
14269
118454
14854
15245
50905
192897
66124
19144
69297
17136
17196
214944
17433
338367
225908
18025
67149
14912
59092
18584
58869
211945
50784
26939
68458
170952
110391
24017
170799
94226
20250
20358
18952
27219
64383
105439
20496
100434
67739
229285
21351
230157
21952
97031
66949
70747
14038
52639
216853
68994
73261
78500
73989
77119
328957
319951
77739
104923
211488
100504549
105522
242037
320091
105171
74268
320775
100502861
70054
101565
104252
74201

216033
242546
71007
654465
68519
320981
77767
71878
382105
434689
100039045
329851
100503147
100503337
14709
436090
14870
233752
52009
233877
16554
319991
76484
213469
433099
381352
208158
74466
214112
67824
239827
240752
329064
263406
320111
72446
665119
268512
654818
170574
75657
73526
75858
74062
244666
78925
240690

71149
230678
74626
320587
22415
67469
52502
338521
53897
14431
14618
56356
50915
227753
14745
17153
17441
213019
67801
21827
103743
67971
22239
73940
