Calcb 8.27750525816988 0.897393149226519 -0.182634817429445
Sncg 7.74629590157219 0.492604705523905 0.182748148601393
Slc18a3 7.18440271125864 0.821970548796073 0.124119923938689
Spp1 6.99447505240697 0.724091191601046 -0.00543384582909462
Calca 6.79226191852327 0.684868501006726 -0.0478117321517456
Prph 6.07208981782663 0.873603260713751 -0.24407111550324
Kcnj14 6.07041699814104 0.871292777779433 -0.026088356807916
Sh3bgr 5.88696148575835 0.781232463674595 0.180926826253689
Hspb1 5.63835583706371 0.619944348857516 -0.0784064877611513
Chodl 5.51382626012395 0.761161194159143 0.210059798174354
Lgals1 5.24126658393908 0.495732245323278 0.0907189704179309
Isl1 5.22946239494678 0.502273433550082 -0.140559330499969
Cd24a 5.20654480882137 0.513630536614394 0.202657998249642
Hspb8 5.13700446314493 0.600253628408365 -0.235033774409095
Tppp3 4.92441115961365 0.414900028630842 0.090784699467097
Fgf1 4.8640700354084 0.4162065776842 0.181523220733622
Pmp22 4.84833901932068 0.401464139926355 -0.0873266985122019
Irx3 4.8424953360383 0.704049581880332 0.419805510045079
Lcp1 4.83865685441367 0.534432329778651 0.498490135502746
Hebp2 4.7763650749151 0.518242487896919 0.112748761440614
Uts2 4.69772260574116 0.859513501712407 0.443463922233278
Nts 4.69134891230338 0.674515421897475 0.337691649248149
Fxyd7 4.55680708453407 0.560794066703758 -0.070411472066789
Anxa2 4.50569518319859 0.757696160115409 0.15152794235894
Rspo2 4.34939341242008 0.373298341951024 -0.148993073793716
S100b 4.22582870544345 0.148366347399868 -0.237067073192577
Susd2 4.22575210957198 0.484076936415226 0.315141472603494
Cda 4.07354062484422 0.638893743485414 0.13640592123436
Slc29a4 4.06691183030244 0.637346080355165 -0.103061878550706
S100a10 4.04589711070799 0.211949948249049 -0.142708812013596
Anxa4 3.97478829120152 0.737752895863763 0.109772902800818
Prss12 3.88431663300265 0.464444628380574 -0.0343616684645676
Ttr 3.84463195529877 0.185732376719831 -0.230922955656229
Cela1 3.83775185969392 0.618165953203902 0.11567590509592
Patj 3.81381100910084 0.495558132512119 0.211495915453259
Slc17a6 3.81283081730444 0.327860787012439 -0.126563240981597
Lxn 3.78402780777085 0.396268114176823 -0.00656975851792344
Htra1 3.75075519555311 0.0475987099003554 -0.405101262626259
Mcam 3.71216965195741 0.589484041111003 0.0492027596946888
Lamp5 3.70276760950568 0.0158669902114765 -0.122242108401749
Vamp1 3.69517572982162 0.469626916567324 0.276749326068991
Nefm 3.62088660578114 0.385621252670772 0.443492880393371
Dcn 3.58706918874256 0.572388071341288 -0.0296295787149986
Rasl10a 3.54508795276094 0.303975831080667 -0.195665574318001
Ecel1 3.53196517897532 0.700821652014774 0.267725081169917
Nefh 3.52510859878285 0.304004061036281 0.257512092752166
Kazald1 3.50882302699387 0.474571206740006 -0.00174536085476595
Cartpt 3.46382647626737 0.361721908052186 -0.119396614176089
Aard 3.44873928906167 0.451685471336897 0.418024835260518
Cbln1 3.41925584957297 0.0673152297872729 -0.0730632111471461
Ddc 3.39074459812411 0.0507615693956909 0.156492314847803
Mapk12 3.37446903563028 0.537579572441814 0.235267862145403
Fstl1 3.37037781223937 0.396859208634493 0.438582760989396
Pcp4l1 3.33359216892825 0.210821190814215 -0.132947918775607
Fgf18 3.08253402662422 0.584372071872827 0.471729892301554
Pctp 3.05007486148591 0.770693871742586 -0.121638081628529
Ctgf 2.93709617936927 0.374457973929194 -0.0258881369776667
Cabp1 2.84736394399367 0.355047289100158 0.0419501009057365
Cyp39a1 2.72302086627097 0.638958994482865 0.185729646447916
Hoxc4 2.47210139532302 0.69126065601784 0.253040720696726
Ppcs 2.41869239605215 0.557038032771996 0.0825948145977655
Tnfsf13|Tnfsfm13 2.07322641951101 0.460589289409387 -0.153096677219874
