Slc6a3 6.47573769174867 0.878586498447956 0.591211770541448
Ddc 6.34589631096482 0.509648916669826 -0.272237606808387
Sparc 5.74128238774878 0.263381312989258 -0.218552111044524
Th 5.41824397585947 0.580586062307912 -0.0741058802149248
Aldh1a1 5.25514001705129 0.487825540639512 -0.231528301121358
Mbp 4.88501266766013 0.159600389063177 -0.236953772799062
Laptm5 4.60096597557344 0.42887889404885 -0.194257055379401
Sncg 4.52278411724206 0.43289889502255 -0.290662857410612
Neat1 4.2854019268402 0.732843699491173 0.202671542793846
Itih3 4.21489786451634 0.284367346508245 0.0179590909303525
Snhg11 4.20786569859795 0.0994985197444811 0.176864169387717
Atp1a2 4.18665648504267 0.294688675028976 -0.117858567391827
Plp1 4.13483689421251 0.161421580464052 0.265902479614432
Mal 4.05324056612817 0.00160149854683249 -0.301458102628421
Ptgds 4.01307742068297 0.184507847887199 -0.224414279386681
Ndrg1 3.94799122347202 0.143022059474535 0.118881566779436
Cacna2d2 3.86273725024203 0.0660113536895426 -0.0938052969963131
Malat1 3.74796386386751 0.127543930109972 0.221702953385372
Serpine2 3.71281928790684 0.170424805558627 -0.184725734219262
Rapgef3 3.67144339760246 0.359600620677545 0.0158501818393584
Cadps2 3.61863811726104 0.324055707312569 -0.178843545780359
Plekhb1 3.59891745235673 0.298524128052227 -0.130822127089928
Ahnak 3.56140079691838 0.526891426698215 -0.102329627427856
Nnat 3.50228400497499 0.147523516205637 -0.270803441769978
Pltp 3.4599428908253 0.345370224989206 0.0449603497909044
Rreb1 3.41980260154684 0.430166599360689 -0.338670856228375
Ebf3 3.37977162334081 0.377194073392638 -0.124481301708697
Ctss 3.34102913357999 0.346887381343806 -0.303889082657625
Gja1 3.33042288043653 0.0606519682407712 -0.240774140344349
2900097C17Rik 3.27232597555564 0.0478302812232963 -0.503164002697489
Caprin1 2.98879697006835 0.230545617536057 -0.297979158761358
Etnk1 2.97362238753219 0.144293513817916 -0.504574626871961
Fto 2.83418320752997 0.162809428539557 -0.517995866962183
Slc3a1 2.7816217008995 0.200377110887851 -0.427090558675336
Uhmk1 2.63662669527502 0.124649562931805 -0.487435544608139
Plcb4 2.61146486618007 0.308242043750651 -0.516572981091816
Vtn 2.46542727941359 0.3856752764147 -0.22573987525884
Ncam2 2.44184291107445 0.164069701417341 -0.411989578025769
Akt3 2.31524493262714 0.0931346418914471 -0.453995981298045
