Sst 7.21746360185058 0.665499669842116 0.488482129529501
Npy 7.0101728145933 0.650943434858002 0.0739326762818236
Col19a1 6.59394613376361 0.661025196263884 0.0227569105451434
Arx 6.50366805902273 0.454269908707918 0.278232983821933
Reln 5.68493455157349 0.50573523829371 0.329032742961776
Moxd1 5.65224612249344 0.72624675973687 -0.118699512605783
Lhx6 5.4054292739121 0.62968739192306 0.0403673609145215
AF357355 5.36175718821444 0.0922018330756885 -0.28617519539789
Lgals1 5.14221792411232 0.486433114686802 -0.089190814450784
Grik1 4.75399927092728 0.198142655541545 -0.192289109857715
Sox6 4.71147324325749 0.390993589718083 0.0491693500507052
Dlx1 4.54934308118066 0.597479175571768 -0.0514268037646551
Man1a 4.49892959989377 0.51288048839932 0.0956786940178022
Pde1a 4.45350832032065 0.458544912723204 -0.133206179563867
Igf1 4.39418247402432 0.30008064436427 -0.0954582500880688
Pitpnc1 4.39375020117087 0.513236538301383 0.53787137221418
Rbp4 4.29295030933771 0.384110669110245 0.0805757649127488
Meg3 4.145710742988 -0.00824501183586158 -0.46960504543081
Dgkg 4.02354111350766 0.27718292665828 -0.18493495957326
Klf5 4.00767246728056 0.456220201057847 -0.121277635863981
Calb2 3.89827552516859 0.368833795991722 0.261989789689265
Mafb 3.85521121727817 0.737227886130057 0.45064731408843
Snhg11 3.83886625725372 -0.228129866659162 -0.329064716117212
Gad2 3.82526810474101 0.0317045077239975 -0.314413758932431
Bcl11b 3.80461599947272 0.0778450723053396 -0.0956881373502894
Utrn 3.79127267738159 0.271560709211708 0.144947110512916
Rab3b 3.71149744435381 0.368070613307023 -0.136310943895474
Calb1 3.69298333727351 -0.126520850232307 0.0798533052378083
Rpp25 3.69262137568024 0.278336783322796 0.0465395384577984
Etl4 3.63474923336669 0.11913624094242 -0.0390504620083331
Satb1 3.62458290408262 0.382279242431174 0.261251651057742
Timp3 3.61096227623308 0.427553993259319 -0.17875085716475
Slc32a1 3.54917322500864 -0.236338324209842 -0.31145847641065
Mef2c 3.53502291119668 -0.0308951476083911 -0.302459479045171
Golm1 3.43668500387937 0.483825154808322 -0.256144684080535
Nppc 3.41574371096345 0.755771929675653 0.656851548248174
Pclo 3.40534731118773 0.132857281805864 -0.151615657443445
Nnmt 3.36623076351075 0.741085417884312 0.0412318263032813
Fndc1 3.33319563077794 0.712815450138919 0.189534219500372
Pcsk5 3.03252833497703 0.68885456322283 -0.0954762403222644
Pcdh18 2.97707003704383 0.507628495332516 -0.188748350943874
Runx1t1 2.79137857018222 0.265760381731341 0.132939574955392
Klra3|Klra9 2.0631439660985 0.167383268461222 -0.331586888129366
