Grp 7.28791965723204 0.648613881517023 0.139956023077172
Lypd1 5.54417429612383 0.524800881974256 0.594564302084109
Crym 5.47267126502505 0.194800822530556 -0.0357829127705312
Rprm 5.43026020923745 0.548597754812492 0.45522061561476
Icam5 5.27476759980816 0.533301309292092 0.261193398806381
Bcl11b 5.08629285058841 0.216743983103634 -0.135233201231113
Itpka 4.98664796232753 -0.0421460491700667 -0.216288700464062
Ldb2 4.83629593133391 0.521669384940607 -0.214901734742245
Mef2c 4.54037025761591 0.168494217272411 -0.129517364503239
Tshz2 4.52295324207942 0.797585583373598 0.739256597089388
Nov 4.45001168433616 0.418658157033902 0.00105486858014215
Kctd4 4.42873255424062 0.498008421310429 0.32080102502198
C1ql3 4.28445382207924 0.304672461607395 -0.237007016777225
Meg3 4.26999364871801 0.0130673115159547 -0.449490527992589
Kalrn 4.22405669629292 -0.201087498413402 -0.179886546965597
Myo5b 4.1766201121595 0.157467500567976 -0.192033188525281
Krt12 4.15110515404756 0.371523583941832 -0.0574168735710479
Pdzrn3 4.1492514157654 0.377619609593559 -0.0591535071798046
Arpp21 4.07813641073519 0.142272355222721 0.0795969144400604
Nrgn 3.97731006708795 0.221651964828726 0.00287169102299367
Abi3bp 3.94727855535497 0.664148162265596 0.162756511079977
Ptk2b 3.81360754269073 0.119862360722853 -0.143618666392592
Doc2a 3.74799808508015 0.393741500795467 0.214147796202308
Ddit4l 3.69222940051248 0.492572747767517 -0.0197037107830838
Rasal1 3.67590134005593 0.624189161062756 0.0972192723261731
Ngef 3.63952906635324 0.0964855028758631 -0.184794166300503
Cckbr 3.6257346639796 0.526359813155885 0.0704300067287304
Tenm2 3.58806676955094 0.242860089825353 -0.0209875046798144
Syn2 3.56805221313389 0.229507161942482 -0.137810809002697
Cpne6 3.55901279914319 0.339079260486875 -0.0586845102173001
Lpl 3.51757494166218 0.0257859564874857 -0.15148893049252
Syt13 3.47487487432169 0.550626610869292 0.0256597644210014
Cck 3.45151821303792 -0.096451507415721 -0.261155560839777
Spon1 3.42774323027365 0.213598099320949 -0.173663685109376
Myh7 3.42157218692989 0.135959497302805 -0.117372336977401
Pclo 3.40809145217873 0.133516359303199 -0.151615657443445
Bhlhe22 3.39263558560447 0.181574667032469 -0.33531519969478
Lamp5 3.36653067605043 -0.0143964790774396 -0.125371785597486
Arhgef28 3.24299316371679 0.433388369073704 -0.165930555500112
Prkg2 3.18402933327191 0.414693120614982 0.00563506249039989
Mak 2.05339306277637 0.472506714596159 -0.0452108131221702
