Hcrt 7.59958516650444 0.926533267469995 0.886618633061112
C1ql3 5.9783570323826 0.481973729044745 0.0109795909980101
Cckar 5.51613911862312 0.902477677833339 0.733904949740747
Cbln1 5.36377439571322 0.309538271434903 0.121836435304423
Lhx9 5.3468841226638 0.841372465211064 0.637741782124294
Gpx3 5.32205266345669 0.619237121917277 0.500132144400929
Slc17a6 5.28110921245783 0.517311908404927 0.188721356224852
Trhr 5.11223303644827 0.634866009025883 0.215737868214415
Ttr 5.0411836201906 0.304643266929577 -0.0413763913860483
Nnat 4.95901338584343 0.371899919117613 -0.0225166694623443
2010204K13Rik 4.69277905712687 0.473717846297325 0.678638271952234
Avpr1a 4.626346246239 0.855726209575164 0.713242487042044
Nptx2 4.5952519754368 0.728853430488851 0.400993295169029
Kcna5 4.54639333135295 0.407977022631502 -0.0968628780996447
Dlk1 4.4661106345259 0.566415600594629 -0.0494929004721158
Ngb 4.43923289300052 0.634394372745438 0.358712792907767
Rrad 4.37741648852141 0.834146964863349 0.0125333018211444
2010005H15Rik 4.30071860064205 0.921106915464324 0.810937754655096
Ddc 4.27358806340235 0.142433732737248 -0.243279418892017
Mal 4.17846267485975 -0.0102064286898249 0.0744559884113678
Scg2 4.12831918961977 0.455181670438702 0.627179220780433
Pdyn 4.07712159721588 0.648646422219083 0.361415315924805
Rspo1 3.92442266261334 0.724059048675496 0.719235183478611
Pcsk1 3.91719655183251 0.608637045538087 0.546384650005398
Nts 3.90484389775053 0.607823552158988 0.429916567269484
Mcub 3.79767575568871 0.517660841038459 -0.137326091606751
Thbs3 3.73932214815168 0.544686863032724 -0.092406475809085
Plagl1 3.67512929673761 0.450097530955823 0.464749023633117
Tppp3 3.67062294371455 0.295142233366196 -0.188953385520004
Hmx2 3.65595211834169 0.824764611779146 0.732135947741389
Rcn1 3.65123122746175 0.184232007163614 0.0198910951975326
Cd24a 3.48464923612516 0.344508302626914 -0.110929827963261
Cidea 3.43749037370433 0.624183845572113 -0.200492944096395
Plp1 3.38933741990797 -0.134720029811997 0.124203377865023
Ghr 3.35755243589442 0.306920262006176 -0.146985696357739
Ptgds 3.34839731492548 0.0888064990696007 -0.144694506057864
Calb2 3.33713242738674 0.289877110788401 0.0318257498013273
S100a10 3.32882387781652 0.0893238285962654 -0.0102716958494406
Crhr2 3.23582771146629 0.85467163364805 0.718657730512831
Hspb3 3.13465048705257 0.393230701030147 0.139739063122165
Ntsr1 3.09647953834471 0.515590649446396 -0.138901180715455
Gck 3.07483122837605 0.754385775085555 0.118607591469766
Hyi 2.11574680481857 0.579545546628872 0.337362406222953
Tnnc1 2.0554076859451 0.316347931875515 0.052447511144602
