C1qb 9.38659510553932 0.801793446782794 0.625448023701326
Ccl3 8.84375285981026 0.927523498416062 0.750246930931846
Xist 8.56315416213186 0.592054705678761 -0.369743355343125
Socs3 8.48188228497877 0.816864070202193 0.652147379843047
S100a8 8.28121591868834 0.95208965765628 0.637002290778334
Gpr34 8.20643561354383 0.94969110788658 0.743554582186387
C1qc 8.14823688559312 0.893545962203739 0.771659284821734
Ptprc 8.14368404655538 0.899555278528833 0.535149373637911
Itgb5 8.05523538546814 0.695988956301752 0.804443116981948
Laptm5 7.96963639312243 0.651498967547908 0.430549918524157
Atf3 7.95434198070522 0.892900448952567 0.515459515876228
Vsir 7.94755472085477 0.862646807039839 0.702571691505678
Ctsc 7.77547248592283 0.763209364752995 0.620442059698606
Fcgr1 7.7121226855354 0.88522753290981 0.839857888480081
P2ry12 7.66494901481109 0.909484710955079 0.817077657380019
Fcgr3 7.60281086142835 0.896808534191383 0.646304633879792
Lcn2 7.5740560753016 0.92967042915731 0.763688219529488
Fcrls 7.51026240427958 0.868621442589929 0.830826477890847
Lyz1 7.48952657570089 0.84071980925027 0.682192191613455
Lcp1 7.48219666124614 0.736664098559765 0.795618177969598
Ctss 7.45858010087595 0.674115132524954 0.492226750915896
Tmem119 7.45303112758896 0.880507578054529 0.723560029886057
Klf4 7.42242079332808 0.742804081498176 0.424163318150767
Cfh 7.40615716779397 0.912513738718287 0.7120821647572
Fermt3 7.39762572044085 0.800793892551786 0.65479764117493
C1qa 7.37765386548022 0.880266174220596 0.374246902047799
Ccr5 7.35957553198456 0.944630247327369 0.781372487473543
Ly86 7.33434099658309 0.846617113896281 0.672614801529768
Cd53 7.31956656614901 0.889288921275993 0.694696347006798
Rnase4 7.31345881460857 0.857726060332155 0.632325845879763
Klf2 7.30966104459637 0.895462076433327 0.627476460661158
Anxa3 7.27788648791315 0.883580869717862 0.574565187322852
Ctsh 7.27684348199268 0.901771619115134 0.835442795873443
S100a9 7.25987372859062 0.918244488258867 0.548856619834239
Nfkbiz 7.23048920128478 0.799104814327516 0.492502796881339
Icam1 7.22852627097732 0.900761504621259 0.70314700412921
Mertk 7.19384983948125 0.760895772733047 0.023616097947432
Hpgd 7.17872470838169 0.845378105723614 0.843765989078382
Cx3cr1 7.16833560086661 0.866895056466001 0.772134956061369
Olfml3 7.14067667988492 0.905112775510745 0.838912598831446
Cd68 7.13076928962724 0.813233114055219 0.845825120262281
P2ry6 7.12936929954313 0.946739684511354 0.936625778482229
Srgn 7.12890063069246 0.843330217866128 0.725849859273389
Mpeg1 7.1220336144583 0.872472925045044 0.820574610014341
Itgb2 7.11598518913376 0.929262400096029 0.91299437508211
Chil3 7.11060002030738 0.922399885907687 0.636823629631149
Fcgr2b 7.09451575732806 0.923841725897518 0.891099501615635
Ptpn6 7.05834622099099 0.949206398286381 0.847329980754012
Il10ra 7.05776762959262 0.941026493174552 0.812638205357032
Txnip 7.05574023737286 0.794588983542936 0.534275457018026
Ptgs1 6.99022079304864 0.80059189660791 0.5355030866188
Irf8 6.97837080186618 0.916177293395298 0.673245605502541
Tyrobp 6.95439618237846 0.894965649751408 0.655073848045356
Cd14 6.92980841289903 0.86507370515444 0.621998887923072
Il6ra 6.91036428987309 0.933085985713397 0.890239670156536
Naip5 6.89009292405673 0.93576578443241 0.876749962801277
Ms4a6d 6.8677430030182 0.953831499477848 0.900244089671651
Tgfbr1 6.84352501453861 0.776876774934942 0.788879982637841
Evi2a 6.82400360965836 0.580854888491454 0.267069382536097
Ccl9 6.80615418298355 0.933444218224673 0.818595113377322
Ttr 6.79870931307863 0.400374937067966 0.102214396566855
Rgs1 6.7861234443617 0.933850484954913 0.412257135809467
Cxcl2 6.76029183830707 0.932469632829587 0.718849977545604
Adgre1 6.75874594424425 0.832213304685529 0.833345266132164
Cd86 6.73988060104326 0.94297004965586 0.915257266317456
Zfp36 6.69476946773285 0.809969481793945 0.645006919288246
Egr2 6.66748798073887 0.667915099691897 0.283751987035351
Pld4 6.65916708111822 0.905710077892773 0.841224784584513
Bcl2a1a|Bcl2a1b|Bcl2a1d 6.65613975524176 0.926314546263425 0.715524406966731
Ngp 6.63333586513195 0.858206297350091 0.690250198299149
Aif1 6.61728605088366 0.858738186504073 0.762083871341622
Zfp36l1 6.57564427151928 0.58544297802628 0.41973427694702
Fcer1g 6.53540380628618 0.893144442324162 0.824378069626441
Hck 6.52264235101969 0.895312377264422 0.843851889144334
Plek 6.51974548064079 0.828775681152457 0.565309551755488
Ccl4 6.50009613141253 0.808624214897282 0.797155864425062
Cyba 6.49327042990987 0.884383086419269 0.737114049507851
Havcr2 6.49102593944742 0.933929930988036 0.671472757511714
Camp 6.47786319206104 0.927899556224199 0.749818037737973
Fosb 6.45565839260683 0.783858141647861 0.523579630798347
Dusp6 6.44916497149053 0.599867472051301 0.637910762925948
Vav1 6.43706104510503 0.936580090009819 0.825192043149312
Ms4a6b 6.40193870010257 0.923247447259492 0.893598100563759
Syngr2 6.39781307159756 0.690661416745107 0.649023462309618
Il1a 6.36725098576459 0.938592512800859 0.819739840987442
Tgfbr2 6.35931883193476 0.802887248651138 0.771327758429927
Fli1 6.33223978618029 0.930172192532047 0.853780845870401
Csf1r 6.32811675283414 0.65617494577066 0.526675903875015
Selplg 6.31530289528488 0.782427688535333 0.592609818938469
Nrros 6.25966729315299 0.857691559336614 0.791824786290472
H2-T23|H2-T-ps 6.2596206969692 0.687431303135148 0.648501724406576
Naip2 6.22690044497426 0.954009858953161 0.911642157060753
Tlr7 6.2206628723678 0.916092387230377 0.883255991303354
Slc15a3 6.21341986805933 0.945778735461279 0.734210280116739
Pycard 6.20663908502712 0.876795784891705 0.612293253445077
C3ar1 6.19582952136747 0.873121850120701 0.832886162480963
Tlr2 6.18191214885043 0.906233828491117 0.827987801730742
Hba-a1|Hba-a2 6.15980016751966 0.715739818752593 0.636344116686716
Gpr84 6.12096581228752 0.909789999937335 0.900547097591268
Ggta1 6.12085931738703 0.885645957316875 0.741996856720129
H2-Aa 6.10904519703356 0.844297307004954 0.556747725940127
Blnk 6.10568054023757 0.879322067603929 0.64201066904021
Zfp36l2 6.0994127554096 0.653050932883328 -0.0438182143146671
Ccl12 6.0829296775711 0.95910883684988 0.874841657786733
Zfhx3 6.03554604275451 0.493713597513423 0.14075291558806
Sla 6.02947263579388 0.652779231783732 -0.267188652605411
Lpxn 6.0280085288283 0.893866615272238 0.853918087353126
St3gal6 6.02660030772082 0.776259480352326 0.783391845460801
Pros1 6.01612816904761 0.847106804405786 0.718331354149935
F11r 5.986193549007 0.875036929978608 0.865816219399022
Ccl6 5.97824664623341 0.92865028498142 0.617501396044544
Ier2 5.94103544803799 0.734288585631597 0.701222555409134
Inpp5d 5.91897982807131 0.8600470704146 0.83698822074566
Lyz2|Lyz1 5.91708059576403 0.87583397507372 0.776180382940758
Fgd2 5.88498760636065 0.915210797089382 0.726576709328804
Arap3 5.86004500980721 0.886849970487016 0.828441305648261
Edem1 5.84360452231445 0.819179706252279 0.773787236694352
Pik3cg 5.82780657524161 0.935686371676335 0.898706137048291
Cebpd 5.80596180257838 0.634055850586671 0.450852912095384
Sparc 5.80535303717716 0.168557479339863 -0.135762241473527
Ugt1a2|Ugt1a7c|Ugt1a6b|Ugt1a6a|Ugt1a9|Ugt1a1|Ugt1a10|Ugt1a5 5.80417864465091 0.771540388612494 0.785209019653851
1700017B05Rik 5.80003388530698 0.879879482858827 0.868393557699708
Adamts1 5.79388888512641 0.677257442009515 0.349058809955868
Junb 5.78804445750973 0.776970414361154 0.710290375201287
Gusb 5.78668454942345 0.773907413059291 0.77573804983345
Slc40a1 5.77485859260292 0.835227880024146 0.694874486842667
Ctla2b 5.75804168134955 0.903223406044703 0.734437797199133
Alox5ap 5.75375805807476 0.739968766720315 0.593973749190562
Rhoh 5.75207931962094 0.928927837765538 0.904890661832193
Lair1 5.74700882957668 0.915183342763078 0.852488648155638
Klf6 5.74106365089756 0.712920777452919 0.706257430098815
Capn3 5.73702770343222 0.887138364338558 0.767609025983597
Slc11a1 5.73025041761458 0.826004487036877 0.651480734004567
Dapp1 5.7266840652518 0.882728441517472 0.731428075918814
Crybb1 5.72158171778852 0.905827152932568 0.861028599659509
Ncf4 5.70037879753199 0.930043381539933 0.903441826522526
Lcp2 5.69882105356488 0.924176130288935 0.892714633278185
Cd9 5.68190213351455 0.4737646905387 -0.0781665759744264
Tnfrsf1b 5.66550190304299 0.854333495207959 0.737200235291426
Fyb 5.66275735664592 0.92113801025097 0.880639703565145
Akna 5.65427310389723 0.86833730965146 0.877795430010581
Ccrl2 5.65171212343126 0.874778844835922 0.692161547529017
Nfe2l2 5.65156542984031 0.631906972130854 0.452443442925438
Golm1 5.6146791625465 0.69779481347827 0.736316261468048
Slc7a7 5.61190237658393 0.898196973680399 0.871980220607523
Cmtm6 5.60956727957448 0.665566156614345 0.649640247564453
Stab1 5.60855687829808 0.911222248860114 0.847361881275777
Ankrd44 5.59850133669351 0.780910672542475 0.750052898445624
Tm6sf1 5.59836188319321 0.381271134688382 0.102128177176711
Hba-a2|Hba-a1 5.58168950603929 0.652066790890069 0.53158890699738
Arhgap17 5.57891146543096 0.804018707785687 0.814221950493466
Ets1 5.57683204554393 0.840090821958282 0.728114298387335
Tlr1 5.57444502410535 0.950831141555366 0.902834302976227
Tgfbi 5.57253863843494 0.770042587674138 0.661822243741346
Spata13 5.56559804344138 0.585618040352764 0.751811207339874
Cd34 5.55877473941589 0.764434219934631 0.665102355417986
Plxdc2 5.55756891716061 0.610927661021611 0.506207934277742
Map3k8 5.55579091833761 0.943169052233452 0.913174459695961
Rab20 5.52803048225209 0.903439247137645 0.852815743460873
Ier5 5.52606231950826 0.626065555046744 0.684392675602969
Cd48 5.5094233926554 0.937664968725882 0.913439246036274
Rcsd1 5.50131347922444 0.826202935372033 0.779921366909029
Btg2 5.47873078164689 0.772393525273698 0.211968484829177
Entpd1 5.47689211371647 0.891854518507347 0.843395778658876
Cttnbp2nl 5.47282728951192 0.677593787084074 0.447160322065322
Cd83 5.46420399961116 0.736210900187895 0.59487196688041
Tgm2 5.46277797416729 0.695363794184198 0.462958915403081
Hk2 5.43492997685829 0.74684519928397 0.173752438399486
Elk3 5.42235159851487 0.782633526789834 0.70619498785287
Alas2 5.41524668273886 0.860755591662833 0.734364677854424
Lrrfip1 5.40544685974973 0.704989870366257 0.616422108736201
Epb41l2 5.38588352365463 0.653124072822584 0.688367617365365
Ctsz 5.3799811497436 0.650571726594325 0.74354306890351
Frrs1 5.378336620786 0.798509122762545 0.589007455229009
Nckap1l 5.35249709717472 0.817716712626907 0.709404195376266
Clec4a2 5.34487993621819 0.929159111092397 0.637113553456501
Trf 5.33345318958968 0.362979720883394 -0.146496361946024
Notch2 5.32369432160995 0.543777722013051 -0.0435635125582493
Ncf2 5.3192266007215 0.915359954341993 0.856034160411244
Cysltr1 5.31713561978698 0.927681269326233 0.924365373758827
Hspa1b 5.31426448939671 0.652187423087472 0.313031185262446
Kctd12 5.28947311329197 0.338643748194804 -0.152236952153812
Pmp22 5.27889924849051 0.446337371791768 0.0997175273333405
Ier3 5.27460333482047 0.661763408087374 0.786369043085169
Mafb 5.27414087176162 0.819359663677782 0.618060274829922
Hbb-b1|Hbb-b2|Hbb-bs|Hbb-bt 5.27112283009657 0.709722775325007 0.197133934109251
Sash3 5.26535500172323 0.768379072591559 0.642593539576984
Chil3|Chil4 5.25902682856276 0.89752335352123 0.740089297731431
Gas5 5.24689672735349 0.681261532266962 0.608875085670584
Il13ra1 5.24453359807188 0.797834455708835 0.550150294986224
Adcy7 5.24169510446454 0.604060779519713 0.405243001777243
B2m 5.23802399602464 0.654933242358749 0.571264363349846
Adap2 5.23691732178021 0.901493764237594 0.724776584609205
Grn 5.20107494750121 0.809963436919215 0.800431278605859
Mlxipl 5.19598284101775 0.706490506896113 0.577671099800586
Tlr4 5.1873684587743 0.901746409146386 0.833893243030771
Slc29a3 5.17337093753635 0.681491088097454 0.660542278832462
Tpp2 5.1619397527812 0.765873822638686 0.427668513998226
Vamp8 5.14450082550977 0.63335414302098 0.580278720717573
Casp4 5.13848723473258 0.900627460951931 0.750259665401512
Ltf 5.13235105675174 0.791968180212287 0.688960431665638
Tnfaip8 5.13177560865724 0.636522745184777 -0.0685184420173606
Pnp|Pnp2 5.11872708507615 0.597845354697574 0.716726873651538
Tcn2 5.10897169023675 0.761447476208727 0.799068040794858
Csf3r 5.1047876921018 0.779688874433053 0.660626059742128
Syk 5.09432512560371 0.841501454598164 0.790502757130016
Arpc1b 5.09415615735042 0.692307792441534 0.371414927660857
Hba-a2|Hba-a1 5.07592891275332 0.652066790890069 0.53158890699738
Jun 5.07338748908672 0.618107957862832 0.34769949033234
0610040J01Rik 5.07219057626221 0.725560709711612 0.317905413449888
Ifi30 5.06640357749857 0.801533986150908 0.736390773907816
Slc16a6 5.06628333857581 0.786443417178645 0.780429407453743
H2-K1|H2-Q9|H2-Q7 5.06616548361453 0.586453624420541 0.46177701032965
Stat6 5.05798236836543 0.796093294649041 0.773254100340772
Stk17b 5.05603691922374 0.246089694013363 -0.0324488707098534
Itga6 5.05100950564986 0.670727300231177 -0.12839271730186
Clic1 5.04496139177295 0.748114009283959 0.77809763953876
Itpr2 5.02776182131821 0.690511296142916 0.125989773983375
Srsf7 5.02576295884976 0.781765080777275 0.724048416885913
Anxa1 5.01159745101961 0.684846887903652 0.0909543148847759
Rbm39 5.01108993828409 0.46403556648659 -0.0377113060072699
Themis2 5.00879354948623 0.908151854901959 0.778014275654618
Cd37 5.00817111628844 0.846015677802465 0.751376208913459
Il16 5.0051682383776 0.836499473199461 0.787128878296533
Lyl1 4.98553696104288 0.904273199736178 0.877944700300011
Cd300a 4.98158098872774 0.879029275278328 0.797864357702
Pla2g15 4.98028228527389 0.820265451369427 0.86335109426631
Clcf1 4.97093129578621 0.942238499091703 0.895258019432369
Arhgap45 4.96690994186242 0.885453425726636 0.709084951215258
Cmtm7 4.95927975000438 0.887482572336571 0.810365516368265
Lyn 4.95072392194176 0.831136764033463 0.791995160148397
Trem2 4.94640005930327 0.871951958169787 0.782000865952744
Fam105a 4.94511280848752 0.770313477219289 0.792203494245234
Abhd15 4.91398889718523 0.817383721382642 0.75816475676399
Pon3 4.89557975382579 0.932302715118285 0.910653848974614
Cklf 4.88893068304462 0.681182317253238 0.59583910516943
Hfe 4.88106358438774 0.7211234382288 0.69293487069271
Nfkbia 4.87431973074095 0.72781144711775 0.650765392852803
Casp8 4.85619987354436 0.883498593696657 0.578534392864708
Mcl1 4.85568931035453 0.749252377522537 0.629497327943175
Trim47 4.85038592188075 0.895016238761688 0.873194349201134
Fes 4.84112895139428 0.927503256436739 0.910406395993411
Cd300c2 4.83339459337285 0.781307219871275 0.733244510113315
Abca1 4.82095202291764 0.637016490817678 0.131832799862662
Hhex 4.80206187848624 0.852048079555703 0.511962944325343
Xlr4b|Xlr4a|Xlr4c 4.79933936420995 0.768828282623222 0.514951958726258
Pnpla7 4.77489620107233 0.699196357684834 0.454028729854378
Hexb 4.75643340110717 0.693905761549992 0.581559841283536
Litaf 4.75411515882644 0.512765577915655 0.238697397960746
Hspa1a 4.7524799714612 0.660497678609183 0.304426200381761
Csf2rb2 4.74933744066126 0.789093364569258 0.124213304372801
Pald1 4.7468422921448 0.781510978736926 0.764589318597646
Klk8 4.73638199522982 0.904598610210655 0.708560861659466
Rrad 4.73256512068194 0.838230452438206 0.0125333018211444
Hvcn1 4.73224769761425 0.875941173647053 0.866386727906276
Spint1 4.72851094231372 0.777868369861742 0.80546541886515
Pla2g4a 4.72000614505062 0.764717852608866 0.442414155104952
Ppp1r15a 4.71876086525667 0.840232479812046 0.770078535783624
Rin2 4.71157809590547 0.744681586057929 0.614591439272154
Msn 4.70783567309661 0.691656755775442 0.641872421708428
Trim30a 4.67251210282898 0.92974473027767 0.88939019128995
Tmem173 4.67009837789389 0.785994731741544 0.749693963682884
Adam17 4.64985636870206 0.668952624535017 0.635121794798974
Unc93b1 4.64236140791489 0.822341208937058 0.784330861324893
Il10rb 4.6415349383849 0.777305731149706 0.743304353010071
Cyp4v3 4.63660910939977 0.494133217716052 0.382201855238099
Serpine1 4.63541440533464 0.846984790198081 0.772469276401093
Fam91a1 4.61458744596733 0.600652433701282 0.651309601702121
Sipa1 4.61064488650446 0.888656410926467 0.874634702404079
Tsc22d3 4.57786397391876 0.696155233233645 0.680043529261428
Rps6ka1 4.57506922141647 0.735517630634629 0.678098710018846
Pag1 4.55793627429891 0.662064512812488 0.728609110825068
Pnp 4.55567445415629 0.576930952401332 0.638543462639369
Npl 4.55497202991469 0.722057862708742 0.416795331934654
Sh2b2 4.55456300160527 0.854044141277846 0.501260197042298
Siglecf 4.55417109969458 0.943348046035707 0.902184291484573
Chst7 4.553916728186 0.734080370833257 0.52956300078203
Elf1 4.5490643776177 0.739771514512667 0.701168365582104
Irf5 4.54281719126367 0.868682326589506 0.785552634359777
Selenop 4.54143992791906 0.229000805555038 -0.0299910695984123
Samsn1 4.53647640265078 0.935348188413133 0.690313603111023
Trim25 4.53617221651683 0.402078015499928 0.262934992265785
Afp 4.53545777080489 0.610543877512193 -0.157893794075993
Pdlim4 4.52853015053534 0.687238512785966 -0.107626616301089
H2-K1 4.52311301188558 0.858373023408962 0.570739190218655
Cxcl10 4.52078644153184 0.912767201367908 0.698499428715145
Il6 4.5206776781918 0.951713495497053 0.870682946136026
Igsf6 4.5197928939069 0.921622416725067 0.863104115575813
Ang 4.51420078867457 0.9262018819914 0.891610143296947
Pld1 4.51415270377531 0.737715030262917 0.665938156739616
Ly96 4.49461822768997 0.707173507188969 0.615776938478862
Trim12a 4.49259269149221 0.925280536855072 0.845322580662734
Cmtm3 4.48406039966171 0.723668061892668 0.360412130372395
Mylip 4.48217241565497 0.648947876655212 0.626098854921702
Ifngr1 4.48110748784196 0.8351966758025 0.809412371220857
Glul 4.48051035693088 0.374687515738295 0.059523201909085
Spi1 4.47843134798588 0.885823736361644 0.834582040959309
H2-Q7|H2-Q9 4.47748737504403 0.827225813196935 0.602814969382111
Pdgfb 4.47447147412045 0.801352171139482 0.723711256011854
Birc3 4.47235220094645 0.818137204555382 0.730785196733545
Adrb1 4.46494380571335 0.65038480115572 0.731510088499903
Tcirg1 4.46221864930155 0.772793779575333 0.64319356575803
H2-DMa 4.45191557725 0.718318373396349 0.824629933106113
Abcc3 4.45129335620126 0.845368958373707 0.803332271340281
Parp12 4.43957847780225 0.630922483282257 0.422840760864534
Myd88 4.43936951497585 0.839638576643501 0.772782746862068
Rel 4.43297152849013 0.867406748323895 0.675522195050981
Scamp2 4.429946915206 0.740335117365166 0.736281071809942
Cebpb 4.42300711972812 0.77177887894289 0.539760878375809
Rreb1 4.41947245400657 0.209120936490321 -0.302512808393045
Sgpl1 4.4096374278743 0.721730536818943 0.674196841431123
Arrb2 4.40882801413985 0.766998854575794 0.766235916560156
Lrmp 4.40445291299216 0.921023499846609 0.708567729743644
Slamf9 4.40261065378161 0.703212840912099 0.600928466403318
Trim30d|Trim30e-ps1|Trim30a 4.39448790097378 0.693407708168078 0.174778373120494
Vwa5a 4.3923245089892 0.688911176163293 0.68249470895965
B4galt1 4.39207669045567 0.734972415392286 0.639633223908502
Reep3 4.38588945470891 0.17333436468027 -0.202215634285365
Slc39a8 4.38464112249341 0.785481234930086 0.498678120717503
Ptbp3 4.3789574113214 0.674913967000162 0.723570813422266
Dusp1 4.37652768060206 0.644700766084235 0.348690815171587
Galnt4 4.36805762137493 0.705941464770566 -0.0862625467877269
Ceacam2|Ceacam1 4.36521297268555 0.830511387736105 0.773097217974399
Parvg 4.36419315902478 0.806035321743813 0.679543106513591
Pon2 4.36167496313416 0.262041096648183 0.0689161579382196
Skap2 4.36136897210034 0.649349552066239 0.639138429349552
Mavs 4.3527166844399 0.518606252994522 0.325576224499531
H2-D1|H2-L 4.35021536693513 0.45730816500734 0.241594972219809
Lpcat3 4.34126587595372 0.654403053615855 0.368487033446007
H2-K1|H2-D1 4.33202334520056 0.614038949403549 0.448241391145748
Myh9 4.33019722289587 0.522857080856208 0.382333100080186
Gem 4.33010846232011 0.744919197449386 -0.0434942884069334
Nrp1 4.32587242779306 0.363082506180822 -0.00766757957424206
Lrrk1 4.31768865635008 0.849032783956618 0.511430366750257
Phyhd1 4.31726399468132 0.769134935558056 0.698251107500035
Tec 4.31217087950816 0.74757377880788 0.560546547178157
Tifa 4.3120600343616 0.780003776037266 0.776680824761768
Tmcc3 4.30725687911455 0.755436373000131 0.232940567951124
Mfng 4.28955708432333 0.839115260691157 0.584578354083898
Ccl2 4.2790273953984 0.92192718242782 0.892781839184554
Il17ra 4.27391593684652 0.747496669603264 0.643909033119677
Tspan14 4.27071024607132 0.436798797835674 0.410186478896844
Serinc3 4.27065734420805 0.46176212609365 -0.11794707332253
Tob2 4.26579293397097 0.604549650645777 0.647420940134013
Tlr3 4.26315963797637 0.627570249318853 0.313731880370116
Tor4a 4.25692609193606 0.599705853345932 0.432044976327092
Runx1 4.24994025541073 0.89587686359947 0.841241770099074
Acss1 4.24863794566662 0.511187401362014 0.151350168139776
Il7r 4.24731096873 0.787797441904016 0.493412394827415
H2-D1|H2-L 4.24519444475374 0.45730816500734 0.241594972219809
Snx5 4.24073498243572 0.649711089929946 0.671746427529964
Lgmn 4.23394361937637 0.667551893882378 0.760378549654822
Atp7a 4.23201279185282 0.686989537573161 0.62920625807277
Tmed5 4.23095780372728 0.61551579099439 0.28474799051526
H2-D1|H2-L 4.23008316944673 0.45730816500734 0.241594972219809
Lag3 4.22808423632787 0.863107465445831 0.759580947955818
Cd52 4.22688663413668 0.885837029002605 0.781108107186846
Prkcd 4.2252640649103 0.480325436569126 0.208616704958475
Lamp2 4.22237070061978 0.519859669104954 0.127384404431192
Ctc1 4.21608957555848 0.829962407749466 0.754558352690748
Tubb6 4.21154482206171 0.856118521096629 0.824365150514396
Asph 4.21137085815339 0.265769417520946 -0.181699182934762
Clec7a 4.20616931580508 0.785384950208404 0.735975015961589
Scarb2 4.2060183773738 0.495515291770884 0.126393315571106
Rrbp1 4.20483166120794 0.610302795563787 0.604450514791027
Zfx|Zfa-ps 4.20423861703593 0.683852179588583 0.54103121589816
Snap23 4.19909968823454 0.363461231900654 -0.217241394153737
Mrc1 4.19627329452134 0.890327622428241 0.75898732639586
Ccnl1 4.19557311207128 0.601003133528225 0.55566085330479
Sult1a1 4.1947191716069 0.689657033216957 0.148153281074568
Lgals9 4.19412060164156 0.89684663680446 0.878879930075479
Sppl2a 4.19259161530844 0.608800189299603 0.630766504746626
Ptgr1 4.18072082558222 0.677567164649596 0.0811863735181136
H2-L|H2-D1 4.17777435883597 0.410618787613231 0.330256619520065
Arhgdib 4.16359813354575 0.563192561868981 0.629475821476247
Mlph 4.15519365481746 0.667352836070961 0.648272789015794
Plxnb2 4.15237147375352 0.67847223523618 0.0428999968357113
Ceacam2|Ceacam1 4.15230109380947 0.830511387736105 0.773097217974399
Casp1 4.15154480760284 0.798693440760982 0.679242533851539
Rgs10 4.13871738555113 0.528056601750258 0.649007809866139
Rassf5 4.12408638346166 0.670251636299682 0.628063845213066
Plk3 4.12269129959736 0.745527638898679 0.405760086716212
Hcls1 4.12226860824094 0.926390476391492 0.787445490186754
Ripk1 4.11870575158169 0.705194490330256 0.610434377354206
Lilr4b|Lilrb4a 4.116885855584 0.923196157873995 0.711979920258272
Dhrs3 4.11586486543051 0.546341197169909 0.359647258867642
Apoe 4.10719951052482 0.167360044525422 -0.263458167703995
Klf10 4.10674056527931 0.517792257103537 0.54848598729676
Cebpa 4.10233473587159 0.828704448987319 0.798203947656893
Arhgap4 4.09829059943058 0.883745877819023 0.803467151876557
Gpsm3 4.09170946929589 0.909508280386429 0.752373189931208
Btk 4.08329073299453 0.798220012736136 0.694295153449904
Rela 4.08249662016817 0.683472887387699 0.658376807896215
Uba7 4.07592490871276 0.882913421712824 0.851231420966414
Ssfa2 4.07473870691541 0.641601621399393 0.159445505663991
Serpinf1 4.07363637713285 0.489511353847548 0.0229501582953723
Gmip 4.0654849242983 0.83223362451414 0.734001301317462
Prkd3 4.05752978740321 0.440785028940158 -0.162901031488986
Frmd4b 4.04889616053959 0.264492669058906 0.133153542113234
Cxcl16 4.04821934108375 0.901917019852863 0.830759057835667
Ugt1a2|Ugt1a9|Ugt1a10|Ugt1a1|Ugt1a6b|Ugt1a5|Ugt1a7c|Ugt1a6a 4.0479680724772 0.88869081129576 0.818998242257466
Cep152 4.04678224968618 0.894037463825265 0.817184412170687
Wsb1 4.04581620836096 0.376260340075769 0.187841995424052
Cyfip1 4.03935734381315 0.568376037273324 0.437854400676712
Pmaip1 4.03609428944039 0.869990318736467 0.605939691723041
Egr1 4.03008342313013 0.332243005208871 0.466367762373152
Man2b1 4.02336734457484 0.729675922224016 0.643239860085099
Rbl1 4.01613410061483 0.733651387048335 0.373401220231344
Fcrl1 4.01056002942277 0.897578939819355 0.771777985312741
Sqrdl 4.00610449057652 0.678078804355027 0.528352420946334
Mir692-3|Mir692-2|Ftl1 4.00485260444972 0.673149567817454 0.367642786402125
Hpgds 3.99731077864722 0.881831326689296 0.793742852729496
Nupr1 3.99370673810764 0.418402709101389 0.280164395604618
Ptpn18 3.98584426362099 0.8681616467613 0.777184579907332
Parp9 3.98461785305 0.652528046404378 0.488978645826104
Herpud1 3.98022264728284 0.769323169263644 0.817808949432693
Adrb2 3.95665434179245 0.824512354604376 0.624636036762082
Lrba 3.95582032644382 0.653533369411065 0.515823135038707
Naalad2 3.95397826687635 0.792968888199833 0.615196190387861
Parp14 3.95385328071732 0.822227796589184 0.68207221075031
Cd177 3.95267216838873 0.890769957948786 0.786387403267038
Plcg2 3.95109491816281 0.669030559532676 0.527332368044548
Mcm3 3.94766891180614 0.719200780067986 0.271104089522807
1810011O10Rik 3.94102028805568 0.766543201798559 0.244803155184718
Pxn 3.93006821673865 0.482194217294682 0.39716112132977
Fam111a 3.92211188158454 0.849867055740491 0.683864090440237
Wipf1 3.9142925722972 0.508948450384288 -0.181095797791928
Pttg1ip 3.91300878269606 0.424240608512213 0.0558812596933961
Vrk2 3.91224457527742 0.666405069912005 0.366420118981147
Diaph2 3.90671921202266 0.246891668644593 -0.155762462693038
Slc25a37 3.90028968189005 0.688704064772144 0.368500370767329
Calcrl 3.89645028888948 0.687865905710668 0.12925604355431
Tmem140 3.8947994976987 0.790813954481734 0.691825622748171
Rab3il1 3.89042701889591 0.770180478270447 0.586356515527939
Sat1 3.88794234299452 0.422554587016868 0.00482646491164861
Vamp3 3.88236562851371 0.348455952719771 -0.203024250460749
Tgif1 3.87377185048263 0.893740397483295 0.853101032190137
Tapbp 3.87202846908737 0.551732446252865 0.511990221392602
Cd33 3.85219471748493 0.750104679339128 0.683178355535824
Rnf19b 3.84984255928455 0.298151335820512 -0.0586090780684022
Lgals3 3.8461776538598 0.656289014170179 0.107364117034006
D17H6S56E-5 3.84521669556186 0.894416959943604 0.302503885279231
Rhog 3.82215804921716 0.498100051011296 -0.189479048855305
Slc15a4 3.81842466316377 0.736145073979531 0.727552592203611
Gcnt1 3.81471995826004 0.895569611790738 0.643018394891917
Gcnt2 3.81179104986731 0.276108123072108 -0.16524765436404
Sesn1 3.81117712401033 0.558828078572835 0.469401528413947
Myo1g 3.80140693222907 0.824570686116174 0.670357999992966
Qk 3.79485793470499 0.0552123575683585 -0.13339715953358
Bach1 3.79365587807782 0.642359077089569 0.705837220411304
Zfp110 3.7761403437992 0.483014814496497 0.41842103220175
Gna15 3.77433814331786 0.899969197057659 0.799112144024648
Coro1a 3.76024568495245 0.500896902388756 0.609948706493806
Nr4a1 3.74587752195489 0.550952940054823 0.55125674601233
Jmjd1c 3.74419210401529 0.557369146091894 0.264011940947149
Ostf1 3.74415615632628 0.430399901351922 0.0374707160298147
Plekho1 3.74274629048323 0.668763963782942 0.711472411704794
Mlxip 3.72731531108474 0.779801379803705 0.743801544348496
Ugt1a1|Ugt1a10|Ugt1a5|Ugt1a6b|Ugt1a2|Ugt1a9|Ugt1a7c|Ugt1a6a 3.7270027075604 0.765431200072201 0.669671935068351
Mef2a 3.7231324419053 0.381167420740064 0.153964308432741
Lmo2 3.72020465777851 0.236873023101989 0.360740827068808
Serpine2 3.71149548891646 -0.0638865590499688 -0.0427407967994337
Pbxip1 3.71064974031729 0.60458276530437 0.535396138956085
Arhgap9 3.70620962300363 0.828104509832439 0.505407944556701
Ptbp1 3.70524754215097 0.712712146293103 0.512764159168053
Snx18 3.70461493143993 0.717508575739467 0.749235824469878
Psmb9 3.70231930503186 0.851267765653208 0.758381652538506
Man1a 3.70073913899997 0.413573994858829 0.0573173828259503
Dock8 3.69975501949293 0.850917573120054 0.509330180954815
Tbxas1 3.69308148651013 0.873722689073598 0.750219466543196
Sfpq 3.69259369659246 0.357638906267396 -0.111539902511215
Vasp 3.67929454786539 0.69812221932653 0.439627371014381
Tmem63a 3.67897685309565 0.453278353683989 -0.186383658274257
Slc2a5 3.66547970185539 0.698135327688086 0.33520761825858
Rbm26 3.66480734152954 0.637396635410059 0.422392495293168
Rnf130 3.66383307095461 0.535179624600307 0.124602210622962
Glipr1 3.66220592020023 0.762427521967432 0.345889987970791
Clec4a2|Clec4b1 3.6583982223207 0.902162419348631 0.846081958625682
Ncf1 3.65368134285331 0.897995757685933 0.826997131618452
Tnf 3.65353885762754 0.818430863941905 0.69840883232456
Lims1 3.65031856353 0.588741950374987 0.581362199030429
Snord22 3.64424672149539 0.811676491252714 0.747003918737636
Tspo 3.64142343837442 0.573244110944874 0.232284643686561
Dnajb1 3.6394418958863 0.768061592075368 0.318491678327982
Rp2 3.63504657575369 0.793337529377396 0.732276304568358
Ifih1 3.63490241654717 0.739918657716086 0.486340286730357
Tmem176a 3.63157168940032 0.5049082299423 0.146756297097563
Zfa-ps|Zfx 3.63073656900295 0.676745702973532 0.468400123249846
Tjp1 3.62834907774874 0.448758249296004 0.0953296299341309
Ctsa 3.62829269771442 0.705561906435808 0.638427387460191
Arsg 3.6235824785324 0.596886882358235 -0.204474036317666
Per1 3.61212538548216 0.683674713350313 0.626357073886586
Slc9a3r1 3.60814249287024 0.321309321441714 0.085175741319179
Sgk1 3.6075287970806 0.350097125944309 0.248582366217602
Hacd4 3.6066123876142 0.70864629187229 0.611088468674654
Ebi3 3.60608864227383 0.838923125461151 0.717724066851372
Rgs19 3.60317203631293 0.56614151293466 0.662947859449068
Plxdc1 3.60010138489802 0.16409481927849 0.0646875814458077
Erap1 3.59551680775138 0.776969244835912 0.632822405285259
BC028528 3.59261154519194 0.726016812397705 0.282476100337174
Stard8 3.59110801018816 0.658755645015066 0.0582449608474173
H2-Oa 3.58514870978428 0.907034211868572 0.841015664106886
Myo7a 3.58437064643566 0.735679326551 0.704400388158652
Dock2 3.58353755095828 0.800706317129849 0.66457681384136
Gbp7 3.57812746765506 0.774252972850128 0.316936611536916
Gbp3 3.57279142223266 0.775506112185781 0.196402495190063
Slc25a45 3.56327994315734 0.569457060868963 0.321289122443169
Morc3 3.55800820790876 0.622985635338139 0.567472578604845
Hps4 3.55665460322685 0.703595597492605 0.692465691385308
Naglu 3.5542056388137 0.811374041479068 0.835794525000769
Sh3glb1 3.54876619401106 0.55242418186616 0.58081444072724
Rnaset2a|Rnaset2b 3.54086688518488 0.621818401479218 0.596201847521524
Cables1 3.54035829933742 0.658220924984086 0.115836321878105
Phxr1 3.53333548485501 0.638427974482582 0.527893394217594
Asxl1 3.53268808915694 0.738435180090084 0.74809959643584
Rcbtb2 3.5241169393157 0.576474233279069 0.474734410738222
Cd79b 3.5174367900883 0.903017963931419 0.838726608408507
Ifi35 3.51601733095516 0.773144232340461 0.643703193508148
Slc37a2 3.50977648795526 0.874724494344913 0.825359681219632
Ccdc86 3.50812748714297 0.586214943076084 0.612047583604365
Tmem123 3.506012268145 0.162641778709504 -0.376236187135422
Cflar 3.49783949852346 0.626941587819582 0.550237143449134
Tpst2 3.49770873323071 0.763912540920676 0.764387198703857
Tmem176b 3.4955903966929 0.349099998943655 0.137947030958769
Nrip1 3.48783904407691 0.609551666637138 0.44034236638462
Ehd4 3.48655650579092 0.647137759959077 0.495792380353659
Map4k4 3.48518444017661 0.268469575653369 -0.105661977822082
Abcg2 3.4844823848809 0.570985586687754 0.411710607314414
Maff 3.48084538107953 0.795543583847646 0.712058538019068
Fmnl3 3.47984533452969 0.826099683868345 0.573255226158426
Fkbp7 3.477884807025 0.69952282617987 0.620217430797993
2810474O19Rik 3.47745059176429 0.608716420202465 0.297412555736987
Igtp 3.47347352114472 0.716222070272694 0.541093537411998
Fos 3.46239234782004 0.31416558778342 0.114444868439519
Zeb2 3.45671312680778 0.14677815671165 0.0249151376699932
Trip6 3.45338856872875 0.47741916248715 -0.0256409975115196
Cd2ap 3.45305306989593 0.649214852515479 0.580253703299719
Sertad1 3.44855243736421 0.719292336071378 0.728529397028106
Stt3a 3.44830269093371 0.550447961605027 0.577093839887207
Dok1 3.44200464476347 0.847071237597609 0.738240805473407
H2-Ab1 3.43529995083763 0.770289524652324 0.638511414524865
Tgif2 3.43209119952919 0.749751654493903 0.733848178386348
Srgap2 3.43042865691893 0.4851158519179 0.363866937029076
Gimap6 3.42650555813327 0.854221853143263 0.78843317233715
Smim3 3.42579646796579 0.672947280686486 -0.139425537719329
Daglb 3.42296231579212 0.633094132409667 0.495265274352975
Cln3 3.41674242559711 0.647587429399394 0.498838927242542
Apobec1 3.41469142755492 0.637593287471986 0.436450284713381
Cd164 3.41329949203629 0.501117017751147 0.571533084732767
Pygl 3.41257456579631 0.563492889967646 0.147230157938177
Gns 3.41053903096791 0.735760780993792 0.795173158734337
Samhd1 3.40786248211719 0.799242439056126 0.724998842807218
Nfatc1 3.40232746208061 0.784267783484963 0.753172111302284
Cd302 3.40155138894476 0.354225787271706 0.279535126015965
Btg1 3.39598058382498 0.429717336272982 0.344137121978788
Aff1 3.38617681355907 0.289420238536953 -0.23487060909112
Npc2 3.38263877171414 0.427917790021859 0.201576087207886
Tor1aip1 3.38214397946328 0.72732699416576 0.613401705073866
Rhob 3.37760681628073 0.369254263845119 0.265738655210053
Tnfrsf1a 3.37677098850185 0.646256134798719 0.579231234268871
Ifitm6 3.37613046349135 0.858108189249922 0.655387561575548
Ifrd1 3.37150464243559 0.438100653851476 0.25125267664336
Slc46a1 3.37082101102108 0.685732663607451 0.558228677076438
Ltc4s 3.36860239461602 0.766558211066415 0.55384325737814
Sall3 3.36216827003254 0.774233585850906 0.445855704747745
Fcgrt 3.36032521572123 0.619407689891664 -0.0875450334054097
Traf5 3.35559576356017 0.843181843412521 0.751142426926196
Slc7a8 3.34259447336212 0.728013011018136 0.630937699018187
Twf2 3.34159103644145 0.659963767126711 0.44590927444617
H2-DMb2|H2-DMb1 3.33944635308899 0.782027608612344 0.68408973554214
Gab1 3.33713426379339 0.314071373691992 -0.130451116307365
Casp7 3.33334675359947 0.683079428716749 0.140177045176292
Snx20 3.33262571053712 0.828491911051896 0.614475767547875
Hps3 3.32656137626173 0.767638618353455 0.785823646396874
Pdk1 3.3260863296621 0.55936742196335 0.519674944930495
Clec5a 3.31951787174262 0.868271730785741 0.772113500751082
AW112010 3.31357682431696 0.854559045987257 0.757552259875947
Usp24 3.30761196614324 0.469237759390536 0.250070951656699
Hp 3.30576622908049 0.879308896461785 0.458295886347923
Trim34a 3.29159429024036 0.78091441650427 0.610042855699969
Mmp2 3.26329184660541 0.525134903772598 0.0802292221285503
Il4ra 3.24771677248987 0.700422849077486 0.521809135885418
Smagp 3.23385683841448 0.858505715090272 0.809865240498596
Bco2 3.22118364755799 0.731141265380179 0.674991512679374
Was 3.17585096751193 0.787730995504932 0.553956515487573
Nfatc3 3.17112328559299 0.5167236541912 0.617114057712458
Eif4ebp1 3.16723458712596 0.606043037229566 0.59629213638753
Tmc6 3.16343920385717 0.818326379082342 0.706210532018227
Rnf135 3.14564921828244 0.630193141409345 0.602008039278595
Pik3cd 3.13566527738973 0.788292495052486 0.800002792911475
Fem1b 3.13114317080499 0.429267434576957 -0.133417813745048
Mrc2 3.13080317326324 0.699123772851528 0.279940576884981
Il1b 3.11597127259189 0.767746663325788 0.280755403828803
Calhm2 3.10992970447493 0.867771378048266 0.820996640211858
Tap1 3.10892979855509 0.793654276956539 0.682329513022631
Rasa4 3.09937169318038 0.670220159271545 0.403338965259428
Tgfb1 3.09128714355102 0.786074229044155 0.625359376449421
Myo1b 3.09025335197818 0.28133651950817 -0.040761617287589
Nfkbie 3.08522602310213 0.719208163791687 0.468174153516573
Tlr6 3.07274308337966 0.841838463873874 0.655492544244101
Relb 3.06201765618521 0.766422974067002 0.729911932502728
Gmfg 3.05560477136628 0.824998237799855 0.72200339405796
Irf9 3.04266744928411 0.826677798261513 0.791887882303619
Pf4 3.01185050917466 0.861801578059464 0.587299261527426
Parp10 2.97602005491859 0.782752277505593 0.680660726068902
Ms4a6c 2.96303159545732 0.747536714946366 0.597419324161148
Irgm2 2.96125153854762 0.739735860445492 0.467802257357378
Nfam1 2.94081453520928 0.819317783289427 0.126756095090981
Hlx 2.93003306825132 0.820676929950031 0.58682189932979
Batf3 2.92223190317968 0.79605856671565 0.471770311891831
Abcd2 2.80574207798128 0.175491600586318 -0.218690528323333
Smpdl3b 2.74770431174687 0.671442676034436 0.547057710087703
2510039O18Rik 2.69356064711689 0.56438370381871 0.438526722628454
Myc 2.68134944947696 0.730335173954421 0.725843486130905
Tmod3 2.66074141987849 0.400234272745874 0.0340531143078279
Emp3 2.65205204950867 0.800857700424818 0.44703541353229
Mpo 2.64813800307276 0.667795763795097 0.194191291708152
Ifitm3 2.62166240963901 0.399979011013126 -0.118718646844368
Gpr137b|Gpr137b-ps 2.60589868362168 0.329571495753025 -0.0972744851058647
Tmem168 2.56870158237343 0.47628333773159 0.285365309257416
Parp8 2.56400012433355 0.461181892638656 0.412350506411741
Srpk3 2.54796266587979 0.752326137533945 0.555825226097238
Bicd2 2.54465858603494 0.545799668955855 -0.0839043277592548
Sh3tc1 2.52857687468615 0.742919946282097 0.424466684891794
Sft2d2 2.48843464704069 0.491101207150735 0.0935161605055622
Map3k1 2.4255727672178 0.727506633109606 0.603673298702847
Il21r 2.33721421101954 0.844765924648707 0.716320021946891
Dab2 2.32419109551628 0.477287203087467 0.00901665382895696
Ceacam1|Ceacam2 2.1252178474873 0.21280232927407 0.209539027489465
