Dbh 7.47961647617364 0.882201838886371 0.876083072706778
Sncg 7.12310350521432 0.507890701222419 -0.196235613167765
Ddc 7.10144333474205 0.404356142173147 -0.190442213039441
Calca 6.93429830046486 0.753370954269189 -0.0900329861779032
Th 6.73145995410281 0.499835513925101 -0.0741058802149248
Calcr 6.25025400345464 0.91779852796981 0.887253496873193
Gal 6.22445802667434 0.811966455609496 0.822485402269945
Chodl 6.183158631571 0.840792124877631 0.0359827743866651
Phox2a 5.69758765856849 0.955621723601821 0.945061853317278
Asb4 5.61855601917879 0.670404803979805 0.566338049452528
Serpinf1 5.55260514536586 0.670890898802429 0.522339288971592
Gch1 5.5197019465361 0.672029777225616 0.0549064376313268
Baiap3 5.29620405404849 0.686313623252185 0.567514458315442
Tfap2b 5.19897431843091 0.697808382448544 0.25074929623349
Gpx3 4.95542801195368 0.6421584034779 0.500132144400929
Ovgp1 4.81648754322311 0.586130896984969 0.604518959775875
AF357355 4.75529061073285 0.0740443692768749 -0.049282445849979
Susd2 4.65088065626897 0.582674612431799 -0.0771799779939856
Cmbl 4.43114351674953 0.464183047781483 0.257628269295914
Tppp3 4.41259172504552 0.414683754571593 -0.120589697565231
Maoa 4.28092007158739 0.737483855181477 0.846237388493698
Slc6a2 4.07893540548036 0.882450218722732 0.833806991162968
Dlk1 4.01653077488778 0.579927121789122 -0.1380866554249
Ache 3.93777159495223 0.501946691151327 0.0990541811268593
4930550L24Rik 3.9242281031104 0.866040998967719 0.792214682313445
Rbp4 3.91431532635675 0.368286566947834 0.0805757649127488
Stbd1 3.82805964550355 0.716954598922124 0.306168656328303
Ngb 3.78365529837837 0.619739217421897 0.358712792907767
Vat1 3.78191079433375 0.466380319080787 0.301383351048348
Mcub 3.76828570586178 0.562394061080061 -0.137326091606751
Chrna6 3.74122575876298 0.602528139621986 -0.00583783424682691
Cacna2d2 3.59505448985503 -0.14996693087389 -0.12487611965802
Adgre1 3.57315683634663 0.737240514474043 0.712810989839432
Cd24a 3.56303162900834 0.395894595939961 -0.170135171676443
Slc31a1 3.49137011645706 0.642959752127732 0.485392923824801
Cacng5 3.47689152684702 0.487858898423152 0.100174493129621
Cyb561 3.45962998412252 0.420839809720344 0.464521129266864
Meis2 3.44180163279717 0.113253510991292 0.130699283612161
Asl 3.40354991873213 0.746992118890388 0.799231856855168
Sstr2 3.40309280187175 0.506113157853156 -0.00484265960397646
Fgfr1 3.39888378963644 0.570168638123523 0.139968706622489
Cdhr1 3.39605620970084 0.626825623961393 -0.045977660733535
Cda 3.3916067002248 0.631827412129626 -0.052112836302413
Snhg11 3.34734063321703 -0.21829380527362 -0.156778063835304
S100a10 3.33178138692751 0.131863210106225 -0.0482792800326085
Eya2 3.28811747313468 0.823547849502561 0.646304117499184
Oasl2 3.16297378136397 0.727745485201898 0.59530084039681
Gng4 3.13813511642066 0.387977536787412 -0.171361199546081
Tm4sf1 3.0369563663735 0.630861643805511 0.500299488781411
Gstm6 2.87755843700808 0.658330235849781 0.231883359362147
Pmfbp1 2.49869586954444 0.515692916140874 0.0041911956433673
Vasn 2.35397065094227 0.334496994995967 -0.0735996588877142
