Ppp1r17 7.8773211940797 0.795366209910523 0.840478311261131
Il22|Iltifb 7.72615208417893 0.773001725124431 0.661896338044617
Car8 7.41592886481732 0.574764348307183 0.594493277350337
Pcp2 7.1170080315609 0.810527865590756 0.61976190940907
Nrk 6.87068819101704 0.794219855912488 0.507231410997563
Stk17b 6.04936096931926 0.68443556751864 0.140749149355921
Pvalb 5.97073928447797 0.455929223812225 0.0941537916132021
Slc1a6 5.94430116980042 0.782695670143735 0.577229034298946
Ebf1 5.91656080204749 0.609936873720216 0.605849054749414
Smpx 5.89788716395715 0.882760277473871 0.748934018363319
B3gnt5 5.48911369352925 0.72479712477969 0.174716325102946
Lhx1 5.36465292753093 0.692954322360538 -0.0507878484729269
Itpka 5.36164913620622 0.329642157636151 0.0875213482303646
Krt25 5.31856095282426 0.838326702306711 0.597205573915847
Atp2a3 5.10080610397629 0.687732054168328 0.610049913835617
Tpm2 5.03541369837893 0.42846331932014 0.122682670547467
Trpc3 4.86892268746457 0.682456254700994 0.11700449328281
Prkcg 4.77470171702894 0.33661959909523 0.212242530006874
Spag5 4.76021444621671 0.678450287031393 -0.274101211683306
Grik1 4.72787510003843 0.488767960964788 -0.192289109857715
Homer3 4.68041261671558 0.768121911991262 0.556549343911359
Plxdc1 4.65602802242018 0.61139742900451 0.0646875814458077
Sycp1 4.62867747553406 0.903798036373589 0.776800005026687
Col18a1 4.51338493218903 0.650945040873188 0.303151858733501
Asph 4.51144367730618 0.647151234593843 -0.181699182934762
Rgs8 4.46394533169559 0.507479408058525 0.437600011527267
Casq2 4.4394398271343 0.818683154163153 0.572954186691766
Ryr1 4.38860774895211 0.566778433619874 0.0239569086321923
Gng13 4.30093994902608 0.60638847348589 0.757739163517913
Ptprr 4.29371897293931 0.76355987948182 0.747366923499944
Tuba8 4.27404958401391 0.672735637051496 0.616792132516618
Nptx1 4.24939468454565 0.365111483520818 -0.249083183301384
Washc2 4.2058656137967 0.666146988892878 0.579300063669729
Lhx5 4.12674310656283 0.811464414355861 0.705409112512941
Calb1 4.12396311125093 0.257694983387556 0.124904292243211
Fam117a 4.07093596231992 0.642474565405274 0.545558387123231
Inpp5a 4.06799806480931 0.6469620726462 0.757844405054102
Igfbp3 4.05461229198057 0.622756712109328 -0.201899259267834
Slc5a1 3.9570989449656 0.863721815146519 0.804417928710948
Eps8l2 3.94123088575868 0.661243683336787 0.520614171031163
Doc2b 3.9218183371339 0.435636469121546 0.166691999577391
Lmo7 3.91331521795679 0.252300017150778 0.18000835919269
Tm6sf1 3.91154783830686 0.444491782531204 -0.00107162617038346
Car7 3.88951290396936 0.773674736180648 0.32897344589463
Hdc 3.82022210868009 0.695710816445344 0.122839832233292
Cacna2d2 3.81185337690575 0.0891516797341331 -0.291501696972347
Ebf2 3.77951803293414 0.748919803352346 0.572804334278577
Stac 3.77284625596416 0.750889821514282 0.0899044429360356
Icmt 3.72981264647493 0.814706084806472 0.747619055484996
Kctd12 3.69637814282602 0.406446403564102 -0.255906413559383
Ptpn2 3.65801412547573 0.740707376808058 0.570813122232145
Scd3 3.65708783405992 0.63649889948845 0.37914067848243
Kalrn 3.65699346033916 0.0179045846219412 -0.179886546965597
Rora 3.65520737382084 0.490855301923585 0.0112755333902628
Fam107b 3.65033821929787 0.49850985638758 0.663805170067201
Cox6b2 3.62275788917739 0.736962217812744 0.366876874417819
Grid2 3.61806473205674 0.650036464136016 0.37556445135737
Syt2 3.57174805747525 0.334768939467352 0.0494563352196435
Kcnip1 3.52175282410894 0.428626034768438 -0.0462720030113963
Kitl 3.49783822857759 0.466770951395956 -0.151880190436246
Pcsk6 3.49507347218454 0.537632722748858 -0.267402311657198
Ppp1r1b 3.39247784295239 0.329517695064241 0.206303256738596
Rasl11b 3.38452264153208 0.32334103085133 0.0361658210754011
Dgkg 3.38169030499755 0.487359337620258 -0.18493495957326
Fgf11 3.37678341100304 0.440231548226871 0.0539911275770631
Itpr1 3.37061114675215 0.285913783404274 0.364287176377539
Prkg1 3.26008887917084 0.601634602749443 -0.0770126166215673
Slc41a3 3.19940915059516 0.617802197239962 0.000314763096067643
Phactr2 2.9681487461013 0.573243987411709 -0.134361839745878
Igfbp6 2.85121670014398 0.419747298795924 -0.0292311973579851
Atl2 2.80683379858562 0.363629251945192 -0.298637586791779
Rhod 2.7329722449104 0.707582813655762 0.342217004248914
Dlx4 2.38485424292791 0.606628613361851 0.232259032055008
Fgf7 2.3487021009705 0.651706199036045 -0.0907704507943022
Alpk2 2.29956847788359 0.53314444559597 -0.315197847315083
