Calcb 8.18063195316818 0.896262289786202 -0.182634817429445
Sncg 7.22318227469935 0.457215004397844 -0.196235613167765
Spp1 6.9496274484841 0.72159750422125 -0.00543384582909462
Calca 6.93174298684914 0.690123804498374 -0.0900329861779032
Slc18a3 6.66738594756378 0.811727434111563 -0.0198282595612698
Hoxc8 6.56311071288333 0.944736913233171 0.907945645454422
Kcnj14 6.21935609332074 0.874378563205174 -0.026088356807916
Hoxa9 6.200587574949 0.960708286815871 0.928557227920911
Prph 6.14402549383993 0.875167943384531 -0.24407111550324
Chodl 6.08280136291438 0.77651109299212 0.0359827743866651
Uts2 5.75666125070992 0.886326984371233 0.443463922233278
Sh3bgr 5.66796785137075 0.77141893695448 0.180926826253689
Irx3 5.56746384755353 0.738037984072734 0.380809828201273
Hspb1 5.48717257324841 0.607548642711452 -0.0784064877611513
Cd24a 5.47132829036541 0.535813488715485 0.272933153345058
Lcp1 5.46461779674653 0.598764677752905 0.624046872691487
Lgals1 5.23311462697588 0.494767464339396 -0.089190814450784
Hoxb5 5.21073692019928 0.815422297772835 0.173850928891981
Hspb8 5.17503332848603 0.603530965164402 -0.235033774409095
Pmp22 5.11528901713481 0.429069008891225 -0.0321278144734952
Fgf1 4.9119704245975 0.422956683573695 0.248064216155817
Isl1 4.87549645551788 0.479663081118589 -0.186647707177854
Anxa2 4.86090121984822 0.774238667843685 0.15152794235894
Hebp2 4.7669709174676 0.517563141061158 0.112748761440614
Susd2 4.67052563700168 0.525479687974254 -0.0771799779939856
Tppp3 4.66351790968038 0.386820285861995 -0.120589697565231
Itgb5 4.63207504416701 0.477826644716561 0.0872260759138483
Popdc3 4.55745645951694 0.711606130148093 -0.0285139154374332
Rspo2 4.48452131462185 0.390398509064573 -0.155953067974989
Anxa4 4.48165367471383 0.770626693927261 0.109772902800818
Fxyd7 4.35748730241393 0.536785018988061 -0.070411472066789
Gna14 4.26790477217651 0.849100573799399 0.805064307764604
Elf5 4.2459612257322 0.813142394652621 0.223988092626111
Nefh 4.21522683914179 0.423638925359238 0.526570602785878
Patj 4.17081131790464 0.535151848812893 0.211495915453259
Npr3 4.14964240300853 0.635919756346759 -0.0368736951010335
S100b 4.08639986022002 0.128228038298561 -0.238696508655269
Prss12 4.07019117763212 0.490618089318337 0.0131019788329125
Nefm 4.05367520483694 0.464037225452397 0.496815977409388
S100a10 4.02877849714042 0.208635927074044 -0.155214302251262
Wnk4 4.01243693046962 0.746074006679628 0.451121656885823
Cartpt 4.00600053115583 0.416044929740949 -0.0707268968033276
Cd55 3.94899882403349 0.663100897366 0.135723682140257
Lrrc49 3.92047454677009 0.621202005838318 0.446129041804322
Htra1 3.90230364734791 0.0706647420270366 -0.392170530596196
Lamp5 3.87509924556701 0.0313940314842457 -0.122242108401749
Rasl10a 3.84670749009149 0.357888505930466 -0.119130844091921
Fstl1 3.8451231863403 0.468583459329638 0.479841932583406
Kazald1 3.81318756592597 0.518101872817765 -0.00174536085476595
Aard 3.77388145373917 0.499774377204677 0.418024835260518
Medag 3.75470418460072 0.34898400307563 -0.213348305715849
Mbp 3.74931222069057 -0.163001314627509 -0.290190623120967
Cryab 3.74122748552546 0.0340722671621012 0.1847633941914
Mycbp 3.7316233802157 0.555049081258921 0.566603268513984
Cela1 3.71294870598449 0.603397067846283 0.11567590509592
Cda 3.70458279880558 0.607351043736541 0.0266408357406516
Polr3g 3.65990512540564 0.662362534459032 0.653015189028106
Tpd52l1 3.6461534937937 0.304976850485389 0.5038421285086
Mal 3.56233998914445 -0.106193426317657 -0.115702872056348
Itm2a 3.50707710964005 0.537547263517214 0.289290460555392
Vamp1 3.42066311450919 0.421817721639671 0.123237428732864
Mcam 3.40686390258983 0.548281598843586 0.0492027596946888
Isoc1 3.39309943180918 0.433778862739689 0.31760568121133
Mmp9 3.15786398651674 0.801799688253529 0.428353579819359
Ldlrad4 2.86150808052134 0.183231942059912 -0.156203033020238
L3hypdh 2.68177859484617 0.557659535588549 0.022356267965074
Tnfsf13b 2.61415098787188 0.737139074965863 0.0511227627076043
