Mobp 5.10448584818612 0.642422678133223 0.548871125502933
Sox10 4.82749846082317 0.438530190482673 0.469695380397261
Mog 4.81805010682919 0.752410754573656 0.743866758876196
Olig2 4.81001667938563 0.680685930405117 0.698161855023154
Ppp1r14a 4.70399960835696 0.703329290750451 0.708589820943823
Foxg1 4.58002024252849 0.199702785674899 0.100317791044696
Gpr37 4.53952818970956 0.507228075577338 0.340074477451517
Pdlim2 4.53547943467815 0.795383606111451 0.744524284168248
Fa2h 4.45362132238346 0.453149102480037 0.520851358845223
Evi2a 4.32367624042575 0.601240259422907 0.122083941499024
Tspan2 4.27575124313381 0.653338537130226 0.673027344309397
Rab33a 4.27124628212005 0.610257459558614 0.601670279510399
Pllp 4.20846999213783 0.50599154789832 0.561894389600455
Mal 4.19093188963283 0.586009036141324 0.61206010785725
Gal3st1 4.15442481495749 0.752014029203289 0.664407440544182
Efhd1 4.1133357390186 0.49371369679963 0.388459360248184
Olig1 4.09108616928225 0.604250163295242 0.776461144764042
Cd9 4.05856840988456 0.39955755898708 -0.20040857485584
Josd2 4.03435795914265 0.704405213652845 0.478824241682362
Gsn 4.03214716468046 0.610939581247351 0.58702953787809
Sgk2 3.96742444273538 0.399978003419872 0.421945550298817
Thbs3 3.95620038192388 0.583583672894528 0.497067833057062
Lpar1 3.9267839603145 0.289520714349482 0.31761802397885
Gamt 3.90617783156879 0.774804037650145 0.669910042434938
Ugt8a 3.88141703498579 0.628515243290111 0.706232390063401
Lims2 3.86514060028643 0.69488998604306 0.666503021976029
Mag 3.81870375127597 0.616415026443803 0.542118156611122
Trim59 3.81781576628396 0.693174666406166 0.692833992675551
Gab1 3.76329141546071 0.504459676563683 0.417306326483263
Phldb1 3.74650903597801 0.643392966085149 0.614508105718084
Scrg1 3.72574329281173 0.418553052980906 0.111733237102384
Adamts4 3.70974102318497 0.296140599098904 0.209320034966372
Efnb3 3.62210902814833 0.157901714565403 0.213919498358449
Cldn11 3.61776526408986 0.396680897578189 0.372965114685896
Slain1 3.59192924187624 0.621824212742675 0.597950514326101
Gpm6b 3.58700720807938 0.206473007227574 0.32781385650888
Aspa 3.57943993007839 0.697299149673491 0.658257897369218
Clic4 3.57036929082167 0.530493532486306 0.517049759324162
Elovl1 3.5628461730422 0.536033726839066 0.268788881262009
Efs 3.55241728943752 0.337386044943811 0.0147712996578795
Gltp 3.54526096526893 0.654281117928283 0.631921654745136
Sox2 3.51884008364948 0.286647619721761 0.256502273046404
Ninj2 3.5110786381297 0.664811107182604 0.598169820673733
Brca1 3.49950843512989 0.575925066618833 0.413008014900029
Rhog 3.4947896514634 0.4893873908686 -0.0900373870533999
Cers2 3.46790718393035 0.586618685287047 0.358577793200104
Trf 3.44790888720255 0.396379223914235 -0.0912677242073283
Gpr37l1 3.43029569120604 0.17489750224839 0.499324018338203
Grb14 3.41727783861272 0.679772490800753 0.818585921974054
Jam3 3.41033212935166 0.664916038700931 0.514267178640969
Chn2 3.39773325841748 0.367931900694765 0.46515914394627
Acot1 3.39524630432369 0.446373128716937 -0.061021936594642
Anln 3.38539845791853 0.731958872700109 0.509029154397773
Prkd3 3.36225453886875 0.356396017945771 -0.155987928564746
Plekhb1 3.35893466783156 0.0960933951114753 0.347823548045935
S100a1 3.35804342940966 0.415420360877753 0.0430599170682172
Apod 3.34872136039667 0.191343001997486 0.237037783977293
Rab31 3.34008947467239 0.419954063315594 0.236261379575026
S1pr5 3.32288207767705 0.505883776790745 0.468673600073349
Itih3 3.32277508010683 -0.150090205836566 0.0352191505235189
Ndrg1 3.32208493197146 0.204849912041299 0.362875311520123
Plekhh1 3.20305064405462 0.715185380533089 0.472534598350503
Elovl7 3.16261465169409 0.572933635464241 0.107737181755356
Pdgfra 3.12237168244981 0.399013632565628 0.11844955132188
Gjb1 3.02156436577365 0.719745267600022 0.456190056737239
Pdzrn3 2.98437683664987 0.261622978227911 0.00355285415751438
Kazn 2.7655937742402 0.563269187848144 0.47724069373539
Rhpn2 2.76035346307617 0.455368197954758 0.366601028299514
Ezh2 2.70838168161497 0.365118701412753 0.125771425490792
Tnfaip6 2.66164364169499 0.644548763237012 0.443528880457223
Wfdc18 2.64227186401343 0.132398058004394 0.0330519959229341
Lad1 2.54314503612562 0.174819666274067 0.122567121159747
Bmp4 2.4790210941871 0.515120800524276 0.393873170110389
Ptp4a1 2.19724876015857 0.467576082810781 -0.087375657675317
