Cyp4f15 6.31869991672379 0.860146501738991 0.840546828136223
Ezr 6.04750179380218 0.805615066415222 0.841725166426463
Slco1c1 5.98009270248288 0.779772210208478 0.760714045908182
AI464131 5.88346647246625 0.843878815047489 0.873227347698636
F3 5.84533314415058 0.732896903577181 0.722474428275171
Bcan 5.8367854068261 0.622154551962148 0.745927732045758
Cth 5.73601858340698 0.824203098923302 0.815719197888649
Acsbg1 5.71864097913754 0.823246190039691 0.848146629069874
Grin2c 5.68581731524578 0.706106377392546 0.716263942804762
Slc1a3 5.56765257162549 0.694513267202032 0.698324342859486
Pla2g7 5.56675395231621 0.721789868731208 0.748024887333355
Slc7a10 5.54670630293152 0.806414899204297 0.811743575376596
Tnfrsf19 5.51406394873606 0.826033570513572 0.841263179133067
Cldn10 5.49278729237529 0.793090712255312 0.725881227177818
Id4 5.39432044596568 0.561304673984225 0.510556664812665
Cyp7b1 5.35660194757412 0.781634185492286 0.815562645959806
Elovl2 5.32419693737167 0.846628886091366 0.858165758214335
Htra1 5.3055896229357 0.593844450298362 0.622722836961478
Scara3 5.271085458216 0.757235979647004 0.788206465049001
Slc1a2 5.18171796596757 0.52519463601119 0.435495041385004
Ccn1 5.16202578406771 0.878618678775841 0.857742276936229
Pdgfrb 5.15903924261483 0.526656137392352 0.437362412310218
Cyp4f14 5.13874368241081 0.848841682993863 0.858832994772507
Wwtr1 5.13212285645888 0.781147683925585 0.756990704355561
Ccdc80 5.11306968639207 0.820440477600255 0.813732133061766
Lhx2 5.09369047634433 0.67035608724878 0.610148485900611
Slc15a2 5.08922695860855 0.831358352907331 0.840974963530928
Slc38a3 5.08671550912781 0.749448884270899 0.726120913308512
Gjb6 5.0336661354862 0.710543262032953 0.734317573133935
Tlcd1 5.02455500509198 0.650289467067492 0.674201218864763
Dio2 5.01795155363486 0.569810836961815 0.54511720716431
Aqp4 4.98078470711459 0.630518776893515 0.609733350182184
Fmo1 4.96726556307523 0.735642479488494 0.733062924793304
Mertk 4.95752590277467 0.686172523555366 0.0261893883636564
Aldh1l1 4.95583701013488 0.835125422381355 0.846807638617003
Mlc1 4.94718010842873 0.584152299879348 0.570335030777718
Prodh 4.94099449214708 0.788168174560215 0.767646958716964
Gabrb1 4.91243257513552 0.069158281624415 0.385885541410641
Vcam1 4.86671889365562 0.686502738907668 0.729639780221502
Cyp2d22 4.83677188415242 0.818181305228523 0.834156706712046
Sox2 4.80516611404856 0.383110630000856 0.2568584868296
Fjx1 4.77614330459648 0.795609798971763 0.863273194673217
Egfr 4.76844398517336 0.818641330583654 0.775362133211993
Msmo1 4.74218506001946 0.514237402422945 0.410188295635445
Igfbp2 4.69638228910206 0.736841158198707 0.728248012641842
Slc1a4 4.69476746811986 0.207096595991775 0.276355060422032
Ptprz1 4.68842273143173 0.530563915254221 0.704948405919192
Emp2 4.68726491015332 0.791326411807162 0.7689709209876
Hsd11b1 4.67637405898547 0.797145456506436 0.815615930306323
Ttpa 4.66510669007359 0.818587001343844 0.772672191450678
Eva1a 4.66207101528687 0.690027986429681 0.738276592709824
Gldc 4.65646663180793 0.734125505206076 0.734191753881614
Itih5 4.65309571867006 0.727795058797369 0.73918884957296
Fgfr3 4.64860612109634 0.726288743375252 0.775423851367906
Rlbp1 4.64538763823675 0.471208244508793 0.151462428712924
Gpr37l1 4.63463117315272 0.562788579576051 0.733083747780239
Slc14a1 4.63420279178999 0.822861926715828 0.81487755164395
Entpd2 4.6116327583024 0.727232630938516 0.754316260563407
Dclk1 4.61062996686313 0.495669459032737 0.53694639935144
Scrg1 4.58937673650992 0.342013256721823 0.112704087755725
Tril 4.54853644038878 0.755916911911311 0.806142741710318
Acsl6 4.54540586446534 0.606891388087679 0.683765021416649
Ccnd2 4.53438052716734 0.660541284110704 0.592747707777418
Col4a5 4.48352165965709 0.779219104608682 0.779928493373434
Cyp2j9 4.48319900179615 0.583820814026375 0.716019828295686
Gli2 4.48106439261404 0.805818360704648 0.758859490315648
Timp3 4.45136587693748 0.63301341281557 0.619897536680506
Axl 4.45009749537947 0.691808648472407 0.655573428784399
Xist 4.43500427228739 0.426804038093754 0.0438292083858103
Gabrg1 4.43262855528642 0.624439399078131 0.674751603133768
Atp1a2 4.42175235101998 0.483177933204414 0.533067219743394
Fam181b 4.3997366457743 0.61460294684305 0.51287461459383
Phkg1 4.39860790088476 0.837138457843652 0.813405923972753
Igfbp5 4.39375272318078 0.182738169846484 0.434177623272234
Slc4a4 4.37980579298791 0.377894851608881 0.346056712828552
Abhd3 4.37125729059056 0.568766851158596 0.744867898255838
Ncan 4.36530167325027 0.580736958229158 0.683765659718539
Fzd2 4.36233738854642 0.758778387006542 0.771323280086366
Id3 4.35678570278938 0.585477550651385 0.455648052233081
Cbs 4.35532288114248 0.745947086928112 0.7259188510466
Sorcs2 4.34924794832206 0.778716951884024 0.774122465958979
Adhfe1 4.34741483615807 0.685890682057165 0.712598130426396
S1pr1 4.31312222722172 0.657410134565294 0.639516520860364
Ndp 4.3071230004951 0.701700821264847 0.631767424613954
Gdf10 4.29662321049325 0.852785768972889 0.855463173008637
Klf15 4.29486983907702 0.628428805534991 0.617622827277866
Ntsr2 4.25004610814109 0.710539170854102 0.728002606316933
Amot 4.24899270549591 0.517009814110055 0.653154020000125
Lrig1 4.23537609134856 0.587542040050366 0.557901101023254
Fabp7 4.21630000254977 0.319600034791959 0.177649719014433
Lcat 4.21054350862663 0.818265248036183 0.81789719119493
Atp1b2 4.20811704420295 0.252282457259943 0.402763001051361
Oaf 4.20572219353224 0.734163956098853 0.798644918569623
Lmcd1 4.1960421137984 0.660232947630604 0.54919992736903
Cd38 4.19019927601721 0.80971675196504 0.780415940143321
Nat8f4 4.13468675163148 0.776687583914997 0.774272554907464
Smpdl3a 4.1308972143569 0.748189574019584 0.784727613414484
Gpm6b 4.12849863543144 0.333891521384633 0.327706582400241
Foxg1 4.12262824100761 0.295863680287701 0.10027705199262
Kcnk1 4.11398527130884 0.620545353643286 0.645084723565735
Pygb 4.07139657268434 0.563559933653374 0.64688090598598
Tmem47 4.05420661590424 0.427011337099521 0.682914244490746
Car8 4.04105204535899 0.410299238380505 0.147790851630843
Slc41a1 4.03440504908088 0.841316369484123 0.840469942210889
Btbd17 4.02954569718463 0.817744003777711 0.835303885629113
Plpp3 4.01460262901385 0.659682141456096 0.778846345778169
Dkk3 4.01410014825731 0.340452497969904 0.463202351499826
Pbxip1 3.99267287201512 0.750485997432321 0.720814282442406
Cspg5 3.98606811827794 0.678966975712183 0.594014793965842
Lpp 3.98430673454572 0.817144008779702 0.688617377779324
Prdx6 3.97774909289904 0.588998945283433 0.656825804103533
Cxcl14 3.97735359605549 0.547697053809658 0.475267304627807
Kcnn2 3.97039468017301 0.738788309280893 0.74782530461131
Igdcc4 3.95153644264687 0.178917208198848 0.51017110997686
Klf4 3.93515373385909 0.508416341800876 0.471210838394412
Clu 3.92921274057779 0.712073102568151 0.7798997051574
Fermt2 3.91966698857129 0.410347728831259 0.811857104378506
Papss2 3.9001462651464 0.795817168884102 0.734667449623514
Hapln1 3.8966079157597 0.645884434406047 0.616397379449466
Ngef 3.89417841399541 0.520366255735104 0.482825392099583
Wnt7a 3.88387395271265 0.709839629689954 0.632391831925148
Pdzph1 3.8812591920102 0.774951121101887 0.682676867270913
Sema4a 3.86600482856816 0.612525383853565 0.595987617290628
Aox1 3.85954514543219 0.686615535768362 0.605231303132747
Abca1 3.8372306920101 0.6464486609178 0.134537026901349
Tlr3 3.83705019419633 0.579344554404461 0.613500097012706
Vegfa 3.83404019401426 0.796973882519035 0.777052897873008
Ptger4 3.82638141506502 0.693703401348439 -0.100268729796802
Gas1 3.819408515394 0.541949451834394 0.433860113387943
Itga6 3.81629773527297 0.659088932727749 -0.124700103526212
Tgfb2 3.81618783386807 0.579833904998328 0.531263469616275
Prkd1 3.81121089474482 0.690261505234424 0.67864565889689
Ghr 3.79166622471177 -0.112493462699229 -0.0692206631945812
Dtna 3.79119431105315 0.700078695466552 0.754114916884257
Scg3 3.7766348265424 0.636545280098567 0.701767535397916
Ephx2 3.77502873500442 0.775417468013469 0.775884783448145
Gp1bb 3.77347240357891 0.419921877879369 0.193651345008125
Trps1 3.76353442110304 0.667765254814619 0.731823877429972
Fstl1 3.76134154678283 0.33669862687579 0.283450996327891
Pdk4 3.75683079352663 0.579641054292904 0.59812531115307
Acss1 3.75634288043294 0.696337540608573 0.68089049441288
Dag1 3.74622426803482 0.695514613141832 0.731620269442177
Add3 3.73072585704035 0.586398506593339 0.705829514370196
Gpld1 3.72141205362328 0.416278581128447 0.688640290010261
Notch1 3.71772636699722 0.763709000023437 0.764167174464022
Fkbp10 3.68962493677161 0.827442363230102 0.814961011595599
Heph 3.68536608260938 0.676535869512826 0.620572670650959
Fmn2 3.65758941689168 -0.0516563886473824 0.160880611075362
Fads2 3.63640180307462 0.696135962317858 0.711694394047273
Lxn 3.6322726895773 0.670353211965584 0.582155041406133
Pygm 3.62662147618532 0.682785716718348 0.610993555483567
Fgfr1 3.61642888895595 0.536333900973504 0.632440398071529
Ptpn13 3.61546704730557 0.619611895246143 0.426598513895313
Sept8 3.59622338692536 0.446571572302333 0.255090336416462
Oplah 3.59230105731417 0.760725134605125 0.872260674258687
Gpr19 3.57952616147274 0.656654617644536 0.672239364795183
Cyp2j6 3.57369772993178 0.353534826214623 0.220474368610902
Itgb5 3.5614786033095 0.548418783102954 0.73439783258758
Ppp1r3c 3.55632552187339 0.712100494396481 0.735751623222543
Gadd45g 3.54524202318736 0.542503829909168 0.218856338200037
Gramd3 3.54476725564622 0.318778745390531 0.0802855762880574
Mfrp|C1qtnf5 3.54039299929343 0.638677633854336 0.604154461349633
Nfib 3.53015115818795 0.48968505531309 0.561687463411276
Gpx8 3.52464710881419 0.552831318505871 0.40611633808638
Acaa2 3.52327722564603 0.775335388409023 0.759858170714653
Adcy2 3.51543943572949 0.387004350930316 0.636661167381801
Vcl 3.51446475246917 0.773575730626814 0.790040055059899
Mgst1 3.51139357389458 0.640036318725898 0.57022102100166
Tmem51 3.50614433847215 0.624208971166184 0.65718091844381
Lgi4 3.49899840882578 0.791014859402582 0.769270741345011
Gstm5 3.49421811013291 0.282816567296884 0.585673620549571
Gng12 3.48279281789634 0.336225359480145 -0.00783775289348381
Aldh1a1 3.48150642080825 -0.137909549084468 0.167415409964574
Acot1 3.4758854459832 0.303755734788376 -0.0615653343210839
Sox9 3.47253725607106 0.782977361901489 0.741124656924877
Fos 3.47045336994819 0.395319901890486 0.415423328180705
Phka1 3.46197043177295 0.573985554748858 0.596868706547675
Ppic 3.45915317944655 0.688980806039275 0.612704851807455
Tenm3 3.45739592252769 0.741193214639675 0.735320737688613
Mmp14 3.4551728911626 0.691066714815789 0.649927060941807
Txnip 3.45188221378414 0.484855001756182 0.53409481607691
Nrarp 3.44401333563414 0.61598478872796 0.482849134485129
Kctd5 3.42843610253596 0.4940832823859 0.539425238475373
Myo6 3.41003786777417 0.502336590951925 0.540453592895223
Ddit4l 3.40991184026653 0.58658306237857 0.335094267788676
Adgrg1 3.40852811224261 0.683713973126912 0.381297856642244
Fxyd1 3.40687566361995 0.634801299520063 0.64810798074376
Sparcl1 3.40295748518538 0.654865900263541 0.713392396678731
Celsr1 3.40294203080575 0.824700232857598 0.807263856456259
Prelp 3.40215597659493 0.709342795475933 0.62483887499915
Aass 3.38805933807069 0.70150470310119 0.633515533679174
Asph 3.38262238170443 0.50129448507215 0.205598381384253
Mboat2 3.37338289906159 0.391599675421848 0.336516423860701
Tspan7 3.3721124247435 0.441023783649621 0.336988484042781
Nkain4 3.36615857127179 0.651187457785387 0.578598975017792
Bcar3 3.36573266745379 0.752190955294396 0.758572051290971
Gdf1|Cers1 3.3623095245946 0.562046864466385 0.60040030687877
Abat 3.35100785079921 0.550411607659829 0.548810222652775
Ppara 3.33998137208958 0.841623588900886 0.799276126241346
Sox5 3.33088124128792 0.605566076995716 0.594323950801034
Astn1 3.330633674615 0.0861695742082133 0.358499135448854
Mfge8 3.32474050505524 0.623524211693092 0.626842501308087
Itga7 3.29613532605004 0.797499898301314 0.764714696150004
Tnc 3.27486471992054 0.674486598357381 0.60059602685343
Fgd6 3.24891900110265 0.804296515827807 0.7705441186567
Rgs5 3.18003359015935 0.0376326842982919 -0.0522350432908788
Rftn2 3.14364799859058 0.606731633079624 0.580022633254166
Cd44 3.05678066621389 0.600075069294701 0.549356365055534
Tfcp2l1 3.02764886409424 0.728080260246641 0.678656089490935
Arx 3.02578781059651 0.546264818918318 0.485772261528614
Cavin3 2.97039147255888 0.441302477785493 0.0879496305312675
Fbln1 2.95354990255915 0.561396690213985 0.461943407033664
Fzd4 2.94154885985641 0.744006842098863 0.543831054952889
Pax6 2.85757654365086 0.765566162086058 0.744023487542505
St6galnac5 2.84923601612897 0.519869822477007 0.456716086527563
Cuedc1 2.84478553959448 0.524598318808718 0.346156535318961
Rorb 2.78893469334572 0.663100778626064 0.664968540142059
P4ha2 2.69301759983216 0.120390755078185 0.0650620234537728
Serhl 2.68985621577069 0.694177495582583 0.748079539117632
Gcat 2.67467735222143 0.333622040648519 0.00774984847102274
Arhgap18 2.61511625766033 0.598741566752154 -0.162287053575659
Clcn2 2.58870298432764 0.593866805578652 0.462441553143367
Gdpd2 2.5782888159479 0.312415574409972 0.236435467450184
Suclg2 2.53165209325072 0.609450160900615 0.154705569909139
Gabra2 2.49715875622553 0.427797995887093 0.346213020602168
Pou3f4 2.389105232171 0.237955945568362 0.164529358808138
Prrx1 2.35365124777136 0.509786406298627 0.20026669389718
A2m 2.30771982865801 0.706242299665223 0.634011997453123
Vasn 2.13887677035686 0.438377000909603 0.391781504500839
