Mobp 6.94019728448106 0.306020357785214 0.024740385920358
Slc6a3 6.80308250732376 0.874770345578769 0.818322009505601
Snhg11 6.77955142198608 0.838325068014065 0.828377035980668
Th 6.45841495877611 0.854486272233869 0.778871145463427
Nefl 6.39852052826391 0.529370776900982 0.406685361498129
Elavl2 6.39451349223722 0.78317824343283 0.80727769986034
Ddc 6.34347037769293 0.369834468104179 0.319211851467713
Eno2 6.33454247850234 0.709758948914893 0.743771324448231
Pcp4 5.89970905435308 0.524914108896542 0.514634809978384
Lin7b 5.88572607830079 0.637429093876116 0.600007053524441
Sez6l2 5.88077487843303 0.456855422669944 0.450832987917886
Chgb 5.81377250434308 0.721089432476429 0.741834344612753
Resp18 5.78924310781356 0.658464455903911 0.610868125449724
Vsnl1 5.76940153388817 0.576678652816934 0.599170253390568
Snap25 5.74923321688959 0.474281788630033 0.384730095741682
Cplx1 5.70254608194553 0.702829163115844 0.734372109023189
Cacna2d2 5.59407813959187 0.810042192095399 0.884869512469936
Rian 5.56048674429162 0.715615634904645 0.654124469489859
Kcnq2 5.52465217056112 0.588626092200554 0.533814052838525
Scn1a 5.51371352034603 0.688116985907447 0.65173885294686
Syp 5.47876953346302 0.584120096334316 0.494976237696835
Dusp26 5.43795538630343 0.386492357149731 0.169265541123654
Grb10 5.42379434523288 0.869729121780905 0.871168248378525
Uchl1 5.40378672316501 0.455601011626439 0.357682162036685
Scn2a 5.32905905552648 0.84696836048265 0.85108195093919
Hpca 5.32078471233204 0.513411898065054 0.379582542901978
Slc12a5 5.28468470054665 0.673044697566561 0.693434920633714
Cd200 5.27161337944143 0.708461284073631 0.774369927335331
Syt4 5.24879567637615 0.749833298360103 0.740775579210363
Rnf112 5.23562096847434 0.295782835594039 0.0309529372755984
Calb1 5.22729630720636 0.554440210256466 0.452196696877858
Dnm1 5.15122621348071 0.593902716884834 0.640104133636528
Ank3 5.11965226132237 0.412869817495968 0.322310015516048
Mbp 5.09472231629587 0.290270656489046 0.127284333173968
Rit2 5.08395820793884 0.530678868075635 0.441113213754737
Gng3 5.05169848966715 0.636334228486829 0.727197863757017
Gabra1 5.01511867087921 0.527902536591859 0.504116752893111
Nefm 4.99788085923035 0.394552187224218 0.202754559558539
Celf4 4.97271977795822 0.708143487426148 0.704999127374244
Atp1a3 4.95738096900881 0.21352261225283 -0.020759329573906
Map4 4.89645646032856 0.534942802905205 0.591628157296173
Dync1i1 4.89143735791969 0.626682037346504 0.605004777840497
Sncg 4.87042016655872 0.592432350683843 0.356849000607652
Gap43 4.85103944793921 0.481242981149031 0.397069453203974
Nap1l2 4.84008456770482 0.533008294590722 0.480331411675052
Stmn4 4.81195620374717 0.293600428618587 0.0933802076742744
Scn3b 4.80521301040845 0.538449282307179 0.458820286039469
Serpini1 4.80500571987593 0.521544125241518 0.443354008778404
Scg2 4.78350994035523 0.678466732284016 0.645699578269959
Snap91 4.77754248678851 0.551500185026485 0.638401074708069
Cntnap2 4.76938809754596 0.74983963976307 0.740154878244673
Chga 4.72141697437128 0.753416157387324 0.774902669812941
Map1b 4.70429612623393 0.532483462086318 0.460513091603827
Bcat1 4.68032094145504 0.278788639899865 0.10209981855497
Nsg2 4.67445042897347 0.615169559634857 0.607693775981737
Ina 4.64322099562431 0.495245099366118 0.413962218367294
Mfsd6 4.64319015512896 0.461521356027424 0.425165177105708
Mapk8ip2 4.63334497206703 0.841001062405131 0.846807341728499
Stmn2 4.6057863122226 0.400640184445677 0.267841193321038
Cadps2 4.59953565484879 0.698754228806326 0.703349953516204
Nptx1 4.58314420740641 0.292923241479287 0.116660678695236
Prkcg 4.5806308527564 0.687833933902148 0.614737099886104
Napb 4.56358691721494 0.703556608644471 0.679126814662393
Stmn3 4.51242861955094 0.463484638889067 0.461003068231513
Ptgds 4.50883427102356 0.115016142385642 0.0915601049852156
Slc32a1 4.495341919925 0.441570470837508 0.322616979602998
Nrip3 4.47206377093606 0.624169828125414 0.546883817792634
Cdk5r2 4.4388336969439 0.70624312458363 0.666728662042085
Dpp6 4.43855343827034 0.689740190959449 0.685137150588043
Rbfox1 4.42780698479116 0.482030392379261 0.36602798964844
Ndrg1 4.41029988336655 0.303504524752687 0.36342293551508
Bex1 4.39555033285759 0.456992729563994 0.403039330765235
Usp29 4.35313678573755 0.600281183554951 0.497095113438673
Stx3 4.30492234850745 0.622538794341073 0.533949811953021
Snrpn|Snurf 4.28327941658879 0.0115478547882892 -0.450946222863722
Ckmt1 4.28156588056709 0.383010238778076 0.221586114717003
Slc8a1 4.28069450257874 0.630400975123117 0.564108373474694
Kalrn 4.27878960391384 0.207337318191569 0.0443497814358434
Tubb4a 4.24163251740033 0.254628579909669 0.0491357258085687
L1cam 4.23571850327192 0.669243588158212 0.595043320809039
Klc1 4.23200920141668 0.567048306173852 0.69092256145283
Tubb3 4.22307372245321 0.14937674399279 -0.0142016516007871
Asns 4.19625705097171 0.15845356475862 -0.0400186271389505
Rnf157 4.19193503591053 0.660119049015449 0.715450546444807
Plppr4 4.15591739206136 0.579530099442776 0.523246022722876
Tceal3|Tceal6|Tceal5 4.14329710184909 0.475674468482009 0.388041490559511
Pcdha7|Pcdha1|Pcdha4|Pcdha9|Pcdha12|Pcdhac1|Pcdha6|Pcdha8|Pcdha5|Pcdha3|Pcdhac2|Pcdha10|Pcdha2|Pcdha11 4.13315508093955 0.512525027694685 0.421720360047358
Parm1 4.1231786048745 0.526930682952284 0.423219366655324
Slc4a10 4.11787194223902 0.637782968718968 0.581293890926189
Lypd1 4.10316854811562 0.553285137755743 0.509114023674027
Tenm1 4.09369497070325 0.819825337960829 0.748025972087059
Cyb561 4.07012214976143 0.677241415524801 0.634012981923111
Tub 4.06524553508423 0.563157120439815 0.505216184994784
Tmsb10 4.0573099004978 0.501256569081043 0.466781654251112
Ncdn 4.05279869241566 0.50374589560239 0.396016730069447
Rab3c 4.05186711934611 0.0977959661589386 -0.00964142707147357
Nrsn1 4.04030455536037 0.581001096162038 0.551824959128278
Arhgdig 4.02632166106616 0.513741584376273 0.435164298269961
Tacr3 4.02237716728883 0.652041052703827 0.513736081856026
2900011O08Rik 3.98376640908619 0.542931271887082 0.502533380433093
Sh3gl2 3.97796095803317 0.556464137923338 0.663756896774208
Gdap1 3.97534352090831 0.440835449393198 0.365844441037666
Tmeff2 3.96612164726221 0.347430110273087 0.667761788381308
Spock1 3.95885679402264 0.607774680771861 0.524581814991152
Cyfip2 3.9468361337701 0.406308391467959 0.35024946632655
Stmn1 3.93546234086236 0.0861924138410665 -0.105346405396079
Syt1 3.93323389253644 0.213347376113929 -0.106778670313887
Cbln1 3.93041446777821 0.440683924331637 0.311870471213022
Acot7 3.9295704154798 0.312912063012761 0.134826762470877
Mllt11 3.91834796705741 0.513226051806096 0.524173483117272
Stxbp1 3.90955031609096 0.639952756367515 0.593047720244915
Kif5c 3.9020521129759 0.500889134208845 0.408472581141102
Atp2b2 3.89904237730324 0.67246022816513 0.768654009231597
Rnf227 3.85107499002497 0.460165760147918 0.390709078641337
Ptbp2 3.82239296549379 0.607609935842149 0.573396197477605
Gria3 3.81834757668289 0.501002751589788 0.354189808535897
Slc6a17 3.81677540629782 0.644442187237877 0.549940378896222
Pcbp3 3.79657936606581 0.666222598575214 0.655181222256208
Celsr2 3.78773479186904 0.525007322033511 0.295166458183747
Bex2 3.77317881255356 0.634388246263428 0.686868825031827
Atp6v1g2 3.77006860782766 0.310930982272644 0.0462015553588095
Slc17a6 3.75980948354401 0.507089443474164 0.361151222955869
Cacna2d3 3.75617474656681 0.553655840894022 0.461823338391881
Tmem158 3.74474740356189 0.486319809414501 0.395633205605388
Aldh1a1 3.74011770870334 0.455501947877909 0.167415409964574
AF357355 3.73969766277306 0.642088198181628 0.454660671802713
Sema4f 3.72316248562621 0.559775228148264 0.50641550564302
Ly6h 3.70737879774225 0.493537339084655 0.357330624106652
Fabp3 3.70604389876565 0.364925890168685 0.271859109258495
Sept6 3.69869157496015 0.642005266780443 0.604639073259618
Pcsk2 3.69852777831458 0.458031164759339 0.357129472006228
Tmem191c 3.6789660563607 0.628015439204526 0.64400596608701
Kcnab2 3.67846739363227 0.617919349636139 0.579465716683792
Cers4 3.66520060146712 0.576730578437198 0.486122274253026
Chrna6 3.66202024762092 0.666765056086236 0.488709529282058
Ebf3 3.65788659713556 0.545383323770745 -0.125458317850762
Grp 3.6566778995213 0.431136109236813 0.261584108590311
Calb2 3.65427728529085 0.66576626812903 0.610085364636506
Slc1a1 3.63763513657034 0.376690735858534 0.23636869991783
Slc1a4 3.63739747990964 0.334590751820583 0.276355060422032
Sptbn1 3.63559362536605 0.44218804494575 0.235811981724431
Diras1 3.63264012553789 0.545641439791544 0.443067891406205
Meg3 3.63191912284738 0.608438526022937 0.543189343997959
Rgs8 3.6255521051303 0.665309420439096 0.615267355820018
Amy1 3.62522288255093 0.369548533484173 0.151587173331839
Sms 3.62315810072113 0.818281983038394 0.824542129651875
Ret 3.61759997185213 0.482941533447304 0.235380368526825
Cdkl2 3.60851146889613 0.31709116609098 0.0904414915268492
Dlk1 3.58806927723051 0.720560089007087 0.613144614240257
Klhl1 3.58227621855814 0.640540001314163 0.509704454426825
Armh4 3.57388137289287 0.281418734292616 0.15110342364441
Nr4a2 3.55015102887992 0.684616175366997 0.62446276111405
Ubfd1 3.52180620321144 0.52821107663409 0.351706902988
Apod 3.51404509519976 0.199897920714368 0.237266099794979
Brinp1 3.51200505125294 0.223588138237965 0.048363449432259
Pak3 3.48446584504948 0.491064852862404 0.407131178800736
Msi2 3.48411911735467 0.344093151625182 0.0613366656690301
Olfm3 3.48109864427462 0.718414385736126 0.705797836917992
Prkar1b 3.47834973915945 0.412003424909449 0.330082408776634
Rab3a 3.4706786090075 0.628477271440602 0.614057831874114
Atp1b1 3.46277939174342 0.512219208807665 0.469348721115122
Cacna2d1 3.44970612036257 0.737765517872337 0.695924297570483
Cntnap4 3.44689413844259 0.594130911565611 0.479563970414731
Fbxw7 3.44593750137754 0.627014509373495 0.543618942128673
Ghr 3.44068310327746 0.283544026231475 -0.0692206631945812
Rgs4 3.42130246332703 0.455631608987192 0.371413776953586
Pcdha2|Pcdha9|Pcdha5|Pcdha6|Pcdhac1|Pcdha7|Pcdha11|Pcdhac2|Pcdha8|Pcdha4|Pcdha12|Pcdha1|Pcdha3|Pcdha10 3.41829066635758 0.433785330874027 0.324261325254579
Gad2 3.40819133413753 0.469534538584079 0.259539817734191
Tro 3.40250374532065 0.709818190403822 0.681471852393032
Plcb4 3.39717121654326 0.016222707522681 -0.494566565302668
Mal 3.38994284344467 0.2423581665234 0.333366725821427
Slc3a1 3.37457387557458 0.155430773291165 -0.193426162443674
Tenm2 3.36775225201151 0.242029191243601 -0.079387523983753
St8sia3 3.36603261932445 0.265595140775003 -0.00833527787267974
Nsg1 3.36569295696795 0.547197479225523 0.46460216473792
Ntng1 3.36472146641493 0.696158968240394 0.652238393069654
Klhdc8a 3.35885606110048 0.536020924734687 0.427060008474209
Eef1a2 3.34828416067565 0.48544799378881 0.362161953717895
Cck 3.34724037506737 0.414038631790003 0.262899471564659
Etl4 3.34473643188195 0.352049494361254 0.182118328918808
Sv2a 3.34211565446599 0.453513796678455 0.369815225172268
Ptprn 3.33234521580805 0.750874901317175 0.738491350275134
Cadm3 3.32930706709619 0.735844599377549 0.696571301894932
Gng13 3.30639861742692 0.186047753861141 -0.071920052755456
Myt1l 3.27257264950554 0.423408054439506 0.330219750461833
Adcyap1 3.26989884666302 0.604247789260336 0.459167770714946
Hs6st2 3.2570463175885 0.473332354061403 0.346716892565395
Ntn1 3.20302177253665 0.559033139546679 0.46565659879659
Fam241b 3.18408736240194 0.377606072846149 0.235757907852554
Myh7 3.17414450879008 0.277270113767689 0.0910282712289641
Fmod 3.12132125679882 0.133186553697849 -0.148399859070308
Caprin1 3.10452409360747 0.301578381110769 0.04854186112482
Grem2 3.09605198535315 0.797483834996063 0.757266827711588
Cdh8 3.08106076045046 0.500152442994261 0.366032632797752
Arhgap20 3.05422924605016 0.278860035048702 0.0968841801978765
Spint2 3.0121782496275 0.662137884323342 0.629861447504071
2900097C17Rik 2.97251553595993 0.0452380317066469 -0.293644606992328
Pcsk1 2.95751294662923 0.646325943197034 0.513526552275129
Kif5a 2.90840966794253 0.0670708634685182 -0.36708196635089
Etnk1 2.88423904243984 0.066855030276361 -0.460343518122416
Cartpt 2.87244302966318 0.335366703983118 0.0813363624522895
Arhgef7 2.84156224499545 0.225373553927114 0.0195313109502792
Gabrg2 2.84014922006603 0.57854438993691 0.480819144024309
Baiap3 2.83500009889835 0.659244991692899 0.555704356358873
Fto 2.83275919566294 0.0496388847129085 -0.467188971294235
Clstn2 2.78232853873023 0.703106191548257 0.635269301106596
Ntsr1 2.77190162778036 0.471991206979823 0.288321262567005
Zim3 2.70918136598203 0.567841710765512 0.31836014993517
Coq8a 2.7071450728238 0.134201088996769 -0.178899379977413
Akt3 2.70620628349652 0.0868763908541085 -0.358853352669415
Kcnma1 2.70499046035745 0.395550964433033 0.273825932783736
Lrrc3b 2.6922539572312 0.65625708922913 0.578807366117905
Akap12 2.68699442275493 0.252096194253306 0.056470060174666
Syt17 2.68524481200303 0.575446435972644 0.485764556961318
Rbp4 2.66450361091134 0.529527881286219 0.409290548899353
Cygb 2.64094337036151 0.520946808955126 0.418312900224181
Lamp5 2.59762262554937 0.0753171802221794 -0.0221815566562591
Pam 2.59274225426149 0.418809189381374 0.248176319628697
Susd2 2.56511071578747 0.648748755947381 0.523697765811891
Rprm 2.47430256214844 0.0811250065563529 0.0426638685827403
Chrna4 2.45702954207297 0.726007089799286 0.684681543334975
Vstm2a 2.38796445113047 0.269682031555648 0.189845856733498
Vtn 2.35290826237209 0.0972960652662926 -0.0967700394635837
Kcna2 2.31387804155523 0.678814316523247 0.611035801398806
Dock5 2.25779758096029 0.278529010436126 0.099284821451919
Coa5 2.16823963169841 0.205017427782692 0.0236092349324761
Add2 2.08454474052188 0.0963701329543097 -0.287121099033589
