Ccl3 8.63393872093634 0.886811180839211 0.875010278610411
S100a8 8.23667019918861 0.955992688921031 0.944805455535658
C1qb 8.1043153850337 0.693325429491064 0.626093353635508
Gpr34 8.02168669083625 0.939658003059256 0.938427503613082
Atf3 8.00451255660193 0.826498146971036 0.830918790269464
Ptprc 7.81751048129062 0.913529467202256 0.906843030275141
C1qc 7.63153909419332 0.838692678272437 0.855364296399817
Lcn2 7.52311571655195 0.947216056225798 0.907947148580474
Ly86 7.49324880183737 0.787634107816949 0.863474152677733
S100a9 7.49045180084868 0.924220949844589 0.908065433468933
Fcrls 7.43524266729842 0.7983907158885 0.865511649948365
Tmem119 7.43220773775072 0.831225041605631 0.840282746809428
Itgb2 7.3395317929789 0.908511321463287 0.912997044650647
Fcgr1 7.2136649046797 0.90750851897928 0.879459405437473
Fermt3 7.19408452380183 0.845882724771967 0.854448797829329
Mpeg1 7.1925227397816 0.847774519454904 0.865615788465383
Cd53 7.17978494196532 0.80618632006263 0.752466026511967
Anxa3 7.17611941951005 0.876748149995819 0.86649215066228
Chil3 7.16757489465436 0.867043132726858 0.853909068933641
Il10ra 7.15973652466581 0.954302581269716 0.946180388417234
Cfh 7.14870886222199 0.799013433462764 0.712295820061994
Fcgr3 7.14185472216223 0.893482203960497 0.888822813119328
Naip5 7.13174095537482 0.888348711330704 0.876817387672749
Il6ra 7.1029267460012 0.915384237951285 0.890291306841707
Klf2 7.08750083324904 0.850088484300075 0.769883444767211
Ccr5 7.06969287452557 0.935088508784642 0.925192757077371
Ptpn6 7.06099581104202 0.955591286976099 0.949760169456739
Cd68 7.06093136706491 0.928546570318595 0.911576814556398
Vsir 7.03875782308316 0.795233391019275 0.817507082236361
Olfml3 7.0345864332935 0.864619472657687 0.839004271571173
P2ry6 7.0278972846671 0.926299216008569 0.936669978424227
Lyz1 7.02665626233221 0.815687634059684 0.782750420154464
Tyrobp 7.0262872329052 0.858220656493356 0.86511844532371
Rnase4 7.01704996304567 0.82195979269019 0.807966165584019
Xist 6.99811132627091 0.418945782649895 0.0438292083858103
Irf8 6.98345987938939 0.927646783607133 0.927837701705404
Fcgr2b 6.95620732571799 0.921437311408061 0.917168118258071
Adgre1 6.94858002250203 0.879876298160263 0.87145012590578
Lcp1 6.94357127719046 0.812500547632848 0.822900146558026
Cd14 6.93361736399012 0.841623019457243 0.823798149930943
Ms4a6d 6.92470143211 0.94197157865616 0.933252210439265
Ngp 6.82177810786473 0.820977869145039 0.800486878344184
P2ry12 6.809488270136 0.883262457073753 0.862550960007451
Cx3cr1 6.80351191916756 0.802277704299742 0.828174534883049
Nfkbiz 6.79922571219311 0.722800467220218 0.869118393769463
C1qa 6.78998939749785 0.836993182802924 0.849097534109836
Ccl9 6.7822754557438 0.898756429957786 0.887334535765083
Ctsh 6.76623113889093 0.856361716743323 0.835544766930327
Pld4 6.75655526304851 0.848577220949279 0.841357056848191
Fcer1g 6.75610708250336 0.816264810040996 0.824614769314253
Cd86 6.73276658936224 0.937697765913381 0.926130644059926
Plek 6.70822273177442 0.902465870151193 0.90483346690088
Adcy7 6.7057507804709 0.398577434161328 0.406793107735415
Hpgd 6.69651125990501 0.867693789808546 0.894011912281623
Hck 6.67950467265552 0.877183698611454 0.862914299305883
Cxcl2 6.67728084648621 0.902722138750821 0.887347150467016
Camp 6.66190694258574 0.854540939882974 0.801836456613694
Selplg 6.64364508869339 0.683536816407646 0.720849052724145
Ccl4 6.59339814771923 0.808469688531263 0.797287316493388
Rgs1 6.586994227283 0.918646839428006 0.913783032329059
Aif1 6.58399123547547 0.831902781504783 0.762409606538655
Bcl2a1b|Bcl2a1d|Bcl2a1a 6.57386143642997 0.906492277152743 0.90255554369856
Itgb5 6.52996405096191 0.560974627962692 0.832456606116307
Ptgs1 6.52387094420125 0.732104362575352 0.535546514080042
Klf4 6.50334357626034 0.53178171301472 0.630011299392605
F11r 6.49105565574465 0.896170232799559 0.865886799987199
Vav1 6.45509847003835 0.944483590882704 0.933139744657544
Laptm5 6.42819579316888 0.441278861339714 0.431980823073142
Sla 6.41608160737696 0.925078407009229 0.91790632861484
Havcr2 6.4103283989161 0.945637744420313 0.940605338662235
Srgn 6.40339511222649 0.851122140635351 0.846516305089706
Icam1 6.38665069489798 0.878520836930219 0.889251240730328
Lyz1|Lyz2 6.361073423087 0.794468824008491 0.776673258636435
Gpr84 6.35871868325595 0.914377624488461 0.900539536156936
Tlr7 6.3433620581998 0.896519435368317 0.883327317721423
Tlr2 6.33436432545199 0.859435431840807 0.828039074863297
Il1a 6.32495975656771 0.925107502138068 0.922074681523627
Ms4a6b 6.30239427637823 0.904495698457642 0.893641566109593
Naip2 6.29696747601014 0.947806306602629 0.943840456634284
Slc15a3 6.27204596132021 0.948795712655108 0.934368395362971
C3ar1 6.24351676266317 0.829313757741867 0.832923346286571
Cyba 6.23171228372213 0.845780212487356 0.836822420217362
Lpxn 6.21538202612365 0.864463253134965 0.853945018408267
Hba-a1|Hba-a2 6.20680886559336 0.750561633598396 0.741378805516258
Fosb 6.17873287154954 0.689500695698562 0.716245626208222
Fli1 6.17245729384692 0.923281466979325 0.902090174836285
Socs3 6.1724455030027 0.668806615226585 0.807573837512272
Ttr 6.15702423165793 0.541753234635431 0.316776354853328
Pycard 6.15078325157041 0.888785535344594 0.909626848879343
Txnip 6.13417085888751 0.65435815152589 0.53409481607691
Ccl12 6.12861283987339 0.953460815325235 0.950644450373355
H2-Aa 6.11126857895628 0.668131880008117 0.55701792504533
Alox5ap 6.10970658959479 0.871253265495213 0.863003475908972
Blnk 6.10305258979706 0.891665529506164 0.898817554066467
Fgd2 6.08084537536868 0.880767840354786 0.860458496649235
Cd83 6.07626900167552 0.801726374455372 0.845325431496175
Ccl6 6.05717927585877 0.92845765473802 0.942534672436649
Ctss 6.05147246217074 0.628488132930747 0.752076159502698
Slc11a1 6.03794844591401 0.655041087208214 0.651846092069541
Tgfbr2 6.01502361065878 0.856897527395671 0.845270536865745
Inpp5d 5.97686982522786 0.867850290198933 0.850382339302957
Rgs10 5.97621429509836 0.840584258573642 0.851709466808873
Lcp2 5.94280722528608 0.946363095542501 0.943669338261785
Ier3 5.90365411800266 0.723905638179008 0.83011387947447
Ier2 5.88833313763355 0.69879459845201 0.761337970588246
Nrros 5.83405241764758 0.760420396588217 0.792080354658163
Rcsd1 5.83116477899981 0.777805192525352 0.780144279192095
Rhoh 5.79098620881041 0.941502747064079 0.9347729186437
Ncf4 5.78027574035827 0.910813992269574 0.903452811083351
Nckap1l 5.77605632903935 0.732665094106115 0.771479157107436
Fyb 5.76730688231651 0.911584038761009 0.893680491884961
Pik3cg 5.75275776403868 0.913294316777718 0.898731506437892
Crybb1 5.74312792643949 0.880542751537396 0.861152047486372
Ctla2b 5.73813873938549 0.883421572178406 0.861396650351735
Cd48 5.73172240169908 0.918810883573077 0.913473318214485
Zfp36 5.73102812662401 0.780105677712614 0.793942399564921
Tnfrsf1b 5.72496956798337 0.732965990841504 0.737559179229013
Csf1r 5.72491696977072 0.439214423358516 0.628127993233141
Capn3 5.72013777330474 0.898821273530705 0.887690068814287
Stab1 5.70775804869926 0.886815995346972 0.863186646275213
Tm6sf1 5.69620663586712 0.820150594596006 0.813798629635654
Lair1 5.69547645470631 0.854000239651784 0.852552954421401
Map3k8 5.69394840300414 0.949080495388974 0.944718327523361
Arap3 5.66336928455755 0.917600614220953 0.910094327838513
Ccrl2 5.6554110668512 0.866788799995833 0.84598663057751
Sash3 5.63344793975247 0.637006671341633 0.642894241425908
1700017B05Rik 5.62972620749238 0.816311689586995 0.868405679075243
Slc7a7 5.61437543545383 0.912138194050682 0.897030018993191
Slc16a6 5.6139296672444 0.827889936322609 0.813117152081023
Otulinl 5.60927672828283 0.846641169723226 0.854832081916039
Tlr1 5.60748034218194 0.950794426655142 0.942972009087337
Egr2 5.58318918502784 0.820936641408262 0.854683975263568
Junb 5.57380946737562 0.688260573952374 0.710325676330519
Stat6 5.5684385436948 0.714826724678192 0.821483000769591
Mertk 5.55241215156159 0.470059803959641 0.0261893883636564
Alas2 5.53056733053244 0.823221564753958 0.815788424313297
Kctd12 5.49168207585004 0.75362364890013 0.785278356355154
Entpd1 5.49077308513633 0.858130677588313 0.843388944041901
Tgfbr1 5.48813068781853 0.852516655477566 0.857965783571785
Hba-a1|Hba-a2 5.48372336645255 0.607556209681792 0.584534962386967
Dapp1 5.45839083826163 0.737212486151248 0.7316654390012
Ggta1 5.45266101122397 0.796238943163935 0.742119145974757
Adap2 5.44441877189107 0.876902698762759 0.895856531846093
Coro1a 5.4393216773188 0.636096584599004 0.610566650947906
Rassf5 5.43585279444282 0.86633994593803 0.849714056879638
Btg2 5.40569612660297 0.672915080763443 0.302019874538366
Zfhx3 5.4008088564508 0.104783262491594 0.142679534225248
Cd37 5.38874396716372 0.728423976704055 0.751498906549431
Ankrd44 5.38582591771859 0.712737707006446 0.774227736142258
Golm1 5.3726240922169 0.83043478537748 0.897263658148445
Cysltr1 5.34885471839429 0.925997037340677 0.924403411688516
Clec4a2 5.34851567672049 0.92014792074024 0.905516640980893
H2-T23|H2-T-ps 5.34169096869415 0.734673298482578 0.755580169097825
Rab20 5.33746427397764 0.871717511716314 0.823035733235841
Chil4|Chil3 5.31290475004832 0.785672457375336 0.740050725099717
Il16 5.30919652885714 0.866196889172225 0.83462050859691
Csf3r 5.30178430621029 0.72543764353176 0.660752043494533
Akna 5.30114869428302 0.840278733263602 0.910062558306999
Ets1 5.29275351398659 0.855521032579042 0.798932163578278
Mafb 5.26614241001796 0.909386380435447 0.898816567803819
Tmem173 5.26085282533117 0.795423487089482 0.749852994922644
Ncf2 5.24354365204628 0.860544016355919 0.821566928619307
H2-Q9|H2-Q7|H2-K1 5.23195251692847 0.816646503007184 0.795500590853421
Cmtm7 5.22986621364318 0.888164945130188 0.884812951828916
Ltf 5.22879721850478 0.661059845373404 0.68933239212516
Cd300c2 5.21041218580508 0.758285254567274 0.746466648606486
Casp4 5.18891786615503 0.85188163754412 0.841870371281753
Spata13 5.18130581270905 0.723601608311549 0.822731914118561
Hk2 5.17975995085153 0.84310044804694 0.836401319333504
Themis2 5.17432699358343 0.857764090925379 0.819667523458926
Arhgap45 5.15709434730212 0.813403322340806 0.789580473023445
Cd300a 5.1537465690717 0.80817861827387 0.797868338805999
Slc40a1 5.14063099243368 0.815405783522143 0.866373709575813
Ctsc 5.11341971668821 0.565495078883021 0.742271812483732
Serpine1 5.10161792202919 0.746699003219215 0.772473803756492
Syk 5.09739059571841 0.869496670351895 0.843984743320586
H2-D1|H2-L 5.07255943963937 0.760672319342454 0.707796442936603
H2-L|H2-D1 5.07185784763436 0.809462606170722 0.767797222031011
Spint1 5.07126142506357 0.76943013381783 0.805560093180092
Cd34 5.06991366632792 0.780625584353802 0.780985632471422
Evi2a 5.06935147785006 0.370898456580278 0.123793673495937
Trem2 5.05817946775369 0.818826033409415 0.79962819457314
Lyl1 5.05776444296936 0.902126482576836 0.901198449232415
H2-D1|H2-L 5.05309104537259 0.720046864033813 0.707316936896556
H2-D1|H2-L 5.02621297280866 0.835445593276871 0.75846323307839
Hbb-bs|Hbb-bt|Hbb-b1|Hbb-b2 5.02138375678279 0.593931635847225 0.583924665058648
Hba-a1|Hba-a2 5.0199418406384 0.526329022991078 0.495255872691648
Hfe 5.00467141316558 0.742660859292795 0.693190338536353
Ugt1a2|Ugt1a9|Ugt1a10|Ugt1a6a|Ugt1a5|Ugt1a6b|Ugt1a1|Ugt1a7c 4.98363582790556 0.730735826642901 0.796400702011751
Unc93b1 4.97532180966415 0.824751327809906 0.784428331790422
Fes 4.9713249183283 0.916237357300093 0.91822632595817
Ier5 4.95748256446954 0.683254912768185 0.760327660225567
Hhex 4.94624977413119 0.763306839424091 0.766926625786468
Pdgfb 4.9438043722599 0.765830938463912 0.723963242660202
Ifi30 4.94367796130128 0.848855047469944 0.871864269419728
Ppp1r15a 4.93685276431885 0.760968711806895 0.769972582969436
Rps6ka1 4.92707048313885 0.695843324789886 0.678696401071155
Sipa1 4.92387288892029 0.88838353759843 0.891753976749627
Irf5 4.92199666395526 0.792494795834885 0.785628787643911
Clic1 4.91551053118613 0.811327411993797 0.837498015711099
H2-DMa 4.86968912270128 0.869229441968479 0.880075370221145
Casp8 4.85720661276238 0.832258509549693 0.795032515662953
Tpp2 4.84941433527813 0.808311814952992 0.733933028598939
Elk3 4.84594877581998 0.788529581400448 0.777628378042196
Dusp6 4.84173751087537 0.5601544257766 0.595104011435609
Xlr4b|Xlr4c|Xlr4a 4.83709632058617 0.868514191142558 0.808364070210946
Slamf9 4.8174771988529 0.603798749515956 0.601498835952409
Pon3 4.79625853782339 0.918109022230327 0.910700314388156
Csf2rb2 4.7961343289464 0.367128868451407 0.124660237839465
Sgk1 4.78890386430472 0.385352243924178 0.245624872193521
Trim47 4.77692505937089 0.857577402964377 0.882941304948152
Hexb 4.77522171229362 0.698342283395642 0.646654250941112
Clcf1 4.76515813744877 0.923443645906151 0.915833316528596
Abcc3 4.76385499808962 0.800178120437425 0.803312316164048
Srsf7 4.76168367864325 0.708423121740352 0.66856877761714
Cebpb 4.75155770492987 0.762504042779269 0.76081120587738
Hvcn1 4.75142786452995 0.930873482694779 0.92552093896227
Klk8 4.74076678014621 0.901884673242587 0.894054630982484
Parvg 4.72645201454582 0.704536958685624 0.679667425411187
Arhgdib 4.72546651275754 0.599099855291362 0.629942607529582
Pros1 4.72068676320282 0.728173894379004 0.71872321527708
Mlxipl 4.71833046193548 0.607224909334083 0.619049006631193
Frrs1 4.70324437081084 0.631319246496091 0.58919990543273
Pla2g15 4.68565869626348 0.836207607741452 0.88804322785226
Grn 4.6737987066061 0.687000043104437 0.800641837265229
Ppfia4 4.67262490482225 0.820140928537022 0.763599969213437
Anxa1 4.65085874853223 0.212136618666785 0.0916818690569805
Trim30a 4.59807253804931 0.892970761215358 0.889480299318717
Plk3 4.59789788852675 0.567971069663447 0.31595241466277
Ang 4.57784627033652 0.935597616266435 0.921038456108818
Lrmp 4.56421955609176 0.928626261589551 0.931047577862437
Samsn1 4.55444971871502 0.921899759578148 0.904656819978584
Cttnbp2nl 4.53389456923055 0.702502842473253 0.690724502982249
Siglecf 4.52831003016305 0.934742166302726 0.920681244818601
Igsf6 4.5223362353427 0.896055867777392 0.863178885643969
Rrad 4.51807333631866 0.885077632649026 0.86885441043746
Plxdc1 4.51758901814112 0.642504217947756 0.691490330725459
Afp 4.51519642191652 0.883092204112682 0.859130269380647
Arrb2 4.49728600162475 0.803563188051598 0.768393578102364
Mylip 4.48792073737528 0.633948385589396 0.627117917975272
Birc3 4.48654404333244 0.852364885206248 0.827321517006486
Abhd15 4.45112652016971 0.808843761908138 0.802691227703944
Il7r 4.44558323758884 0.698999225649467 0.666864536778689
Il6 4.4439848274059 0.921652967579334 0.870859115857809
Mfng 4.44330479213119 0.773416092947171 0.770999205022974
Spi1 4.4400089121351 0.885914422547724 0.86614258708437
Lgals9 4.43116479664587 0.8995660603452 0.897192596246349
Tec 4.4309403398946 0.580958333272742 0.560727870932865
Lyn 4.43068449271393 0.840304606625076 0.886297495897344
Lrrfip1 4.4243593905307 0.729453118571075 0.768638722666259
Lag3 4.41570933996462 0.78786947953518 0.75963234220116
Mlph 4.3965062596708 0.688118831282265 0.648364235719871
Trim30a|Trim30e-ps1|Trim30d 4.39168459653375 0.327990330469137 0.175295068911382
H2-M3 4.39005476653171 0.527245850176937 0.615236472654418
Klf6 4.38522445892079 0.749855603540958 0.706917324178809
Ctsz 4.37818106092267 0.546314243816344 0.828921071951649
Tgfbi 4.37579005226968 0.671476980893004 0.661911986857993
Ccl2 4.37274860303659 0.902317242310997 0.892805729097114
Ctc1 4.3683898862853 0.811170467796141 0.754750704144568
Tlr4 4.35497344327099 0.84562211178026 0.833931682619817
Plxnb2 4.35264052362255 0.556932544871279 0.702591554700873
Il10rb 4.35140258713178 0.755223488340006 0.743412690374508
Rel 4.3488314913576 0.869358963886586 0.859367502737949
Prkcd 4.34276377911386 0.6405703579259 0.688708725514112
Runx1 4.34097443032529 0.898178171182642 0.867231600254319
Trim12a 4.34015735762373 0.919187184252698 0.903565730163519
Gmip 4.33759692879846 0.799784389770139 0.734060215258623
Cxcl10 4.32668395544074 0.796229354884462 0.69856176833123
H2-K1|H2-D1 4.31935957418608 0.535410328995776 0.538827231906372
Edem1 4.31775130929929 0.758562560422188 0.767918324079887
Tnfaip2 4.29987031192008 0.827573532715258 0.835131463283493
Rgs19 4.29946660308144 0.693050868250521 0.625774703356778
Sh2b2 4.29493212913238 0.87310121023014 0.83455325094322
Ccnl1 4.29492421845142 0.586309916054116 0.60564315682348
Nrip1 4.28855148667837 0.753386759259735 0.855706570350862
Gpsm3 4.28262463036094 0.893482908147806 0.87155371136147
Ptpn18 4.27761090810264 0.792112512975807 0.7772185049695
Adrb1 4.27519035788914 0.715394623354139 0.795676353205937
Cd52 4.2740569089467 0.833088527538737 0.80938176017582
Ceacam1|Ceacam2 4.26044381245627 0.772999860360231 0.741432445258905
Tor4a 4.25816316621872 0.778806356807596 0.787894892783252
Asph 4.25136153583355 0.410409302230513 0.205598381384253
Ifngr1 4.25031151040907 0.80298998616206 0.809631382697536
Tcn2 4.24814570914655 0.618919595057087 0.799334857245979
Lgmn 4.24682367103706 0.639652381783037 0.75538821184546
Clec7a 4.24144101083366 0.748795163497672 0.736036604710514
Casp1 4.23473965025198 0.910546299537176 0.903381979588528
Pald1 4.22943425915629 0.695622321199415 0.764893883652874
B4galt1 4.2127480924135 0.614273462806314 0.640016849057475
Npl 4.19852285779996 0.626185084581989 0.700004523370205
Plxdc2 4.18984082009978 0.580440826856923 0.597768185984805
Hpgds 4.18235603857322 0.793936472238138 0.793869597281263
Tgm2 4.18135169477965 0.549792596707084 0.463783861585056
Mrc1 4.16095580324127 0.800634173401477 0.759170397655094
Rgs2 4.15258591785285 0.472146031289615 0.617059795476061
Myd88 4.15097285184066 0.819703101865382 0.772810248276022
Adamts1 4.13624478318583 0.581971801055351 0.721258540470738
Cep152 4.13551453516649 0.83341618219626 0.817513234654921
Arpc1b 4.13413383068966 0.575097579652782 0.11048556736705
Lilr4b|Lilrb4a 4.13126271441073 0.871186592440647 0.856148998127117
Slc2a5 4.11711615223339 0.426287134637108 0.335770167060867
Arhgap4 4.09961806734653 0.852260479177198 0.803511815518886
Hcls1 4.09487757325344 0.931337072811497 0.928592864213388
Abca1 4.09289985902357 0.414417496685562 0.134537026901349
Lmo2 4.09286701676134 0.728598180110396 0.804215642214501
Serinc3 4.08485778815124 0.537910302778558 0.369666526075178
Lrba 4.08245137914308 0.719874459562149 0.739576065225961
H2-Q7|H2-Q9 4.081155297965 0.766701936185282 0.68879456734831
Lrrk1 4.07644015774357 0.881117270759032 0.855217105115679
Ly96 4.05689251647486 0.849863045157282 0.871134444589861
Pag1 4.05160604119311 0.609041638395085 0.830757448823823
Herpud1 4.05004605009795 0.727256756441455 0.883073164859804
Fcrl1 4.03999157338485 0.831034823630647 0.771842287139646
Uba7 4.03813946714439 0.877528575051973 0.851368067500101
Myo1g 4.03749784384564 0.80115576513605 0.759454743064151
Cd33 4.02916229385822 0.690842613806099 0.683479206664861
Slc7a8 4.00482662677781 0.72717441782334 0.735279572813097
Adrb2 4.00173239851123 0.743976903023563 0.673083666971878
Cd177 4.00004284360566 0.837923892288112 0.786647624317944
Cxcl16 3.99822775008486 0.893140068756275 0.873154727339641
Plcg2 3.99414763237649 0.531480779545435 0.528040982509983
Jun 3.99191010670764 0.421385562879586 0.407492586906477
Dusp1 3.99071904307699 0.45392215045468 0.349844153941768
Btk 3.99009892035525 0.718584049313944 0.694335665978374
Dock2 3.98973397671005 0.692292726647422 0.664850218839359
Rab3il1 3.98802615151227 0.693359927578645 0.586514854899057
Klf10 3.98338538320519 0.648639843980962 0.677383815791468
Gna15 3.98205952830426 0.851288569647708 0.799277548511693
Rnf19b 3.97884115733824 0.652629632135013 0.524697896523365
Mef2a 3.97815958093069 0.692216334217888 0.617114622196715
Tubb6 3.9722523514114 0.874245004072085 0.881782173576879
Pmaip1 3.96569929595597 0.929938952132165 0.923093063169517
Pnp2|Pnp 3.96215495943872 0.408481482695442 0.717571443896628
B2m 3.95809739911505 0.618547332271476 0.571479053777188
Ehd4 3.95417125331816 0.510518074839338 0.496549043588883
Glipr1 3.95382583186393 0.880790424513363 0.868213737860619
Cebpa 3.94798913657538 0.853653664229426 0.87501448082935
Itga6 3.947513595161 0.405434029424515 -0.124700103526212
Il13ra1 3.92844077796325 0.603843137462391 0.550413574552872
Cks2 3.92819324824568 0.535213959813983 0.126543943405615
Arhgap17 3.92631847367052 0.715177158820294 0.814797078135117
Prkab1 3.92336412379403 0.769056108060365 0.713931452405055
Gcnt1 3.918164455975 0.906642198658693 0.880324663096584
Naalad2 3.9122849835197 0.630225857793491 0.615226647758547
Msn 3.9116744130767 0.670190648890771 0.684115375264613
Plekho1 3.90939526138812 0.807525980534803 0.788235215860598
Nfkbia 3.90792165750458 0.732199389673516 0.740443446254942
H2-K1 3.90215006926037 0.742593182694988 0.571151271462752
Ebi3 3.90102410684726 0.787977295440789 0.717817092354899
Tmem140 3.89520490392188 0.781090207187402 0.692141497870633
Arhgap9 3.89400316823324 0.893925730402264 0.89329254580179
Tnf 3.88621835878509 0.742092836005876 0.698481798419087
Trpv2 3.87905385656435 0.394554142939643 0.397539083103372
Hps4 3.87504903130741 0.734909640580547 0.692983378602262
Gimap6 3.87032119852321 0.856209014836372 0.821848339991418
Gusb 3.86127164454676 0.624710674563223 0.783390853831904
Gas5 3.85052421646048 0.531384371135472 0.579511280860838
Myo7a 3.84129279704032 0.72843724171447 0.704544491077552
Rnasel 3.8402637735655 0.352682770165551 0.256710909365894
Snx5 3.83523263510148 0.575759268397504 0.678821802397736
Slc25a45 3.83085690528328 0.421464524659517 0.322237551840374
Fos 3.82601227651721 0.214493537575911 0.397663788507443
Tgif1 3.8219238604 0.877117748365902 0.853234422200012
Vamp8 3.81851991918068 0.645692217399731 0.723195666338738
Lgals3 3.8097455978906 0.714041324009887 0.48078304706377
Dock8 3.79955087126124 0.774159610353367 0.715599256358476
Pla2g4a 3.79191977159424 0.551507672536347 0.265679578354155
Tcirg1 3.78419880565276 0.653676293978203 0.643821146604065
Ptgr1 3.78223096436832 0.673445225774533 0.775925727977305
Pnpla7 3.77873876630676 0.516626212958603 0.453948081481576
Rac2 3.77369919402507 0.433830541593192 0.341409016438203
D17H6S56E-5 3.77054504581302 0.839379889286222 0.780121337555546
Tifa 3.76565576099322 0.710204288380809 0.825896335508585
H2-Oa 3.76353827824261 0.874897795302134 0.84108801377394
Tbxas1 3.76115976869376 0.850654040806638 0.831953408472255
Ncf1 3.75700641762131 0.868218536105373 0.829569742706289
Man1a 3.75212666848113 0.497372857446529 0.248470045884262
Man2b1 3.75110003019004 0.745700577192373 0.677482272613863
Gem 3.74758946677334 0.491584522827453 -0.0428587386634424
Plcl2 3.74711442175025 0.68651742866801 0.787063193759785
Parp14 3.74415908251723 0.691832818236437 0.682184116286333
Ceacam2|Ceacam1 3.7424818553058 0.810102989246751 0.792306759052264
Myh9 3.73581914026948 0.537441856514642 0.407943551139456
Phyhd1 3.73485293174415 0.730758666330045 0.722017233311674
Zfp36l1 3.72537352417526 0.316661826449548 0.321053198039929
Slc25a37 3.72083523777042 0.608977107812816 0.513064859331455
Creg1 3.72083501155513 0.576207752021571 0.7879940393521
Ugt1a7c|Ugt1a10|Ugt1a2|Ugt1a6b|Ugt1a9|Ugt1a1|Ugt1a5|Ugt1a6a 3.7072715295116 0.62875497022775 0.670144410937881
Tsc22d3 3.69447484601914 0.620229187700898 0.687236910718014
Tmcc3 3.69034833206496 0.713080334609692 0.533104613879965
Ltc4s 3.68837067758961 0.613454292547473 0.553910762406403
Clec4b1|Clec4a2 3.67673844509796 0.900881691149781 0.880996989895352
Chst7 3.67627501054897 0.620241917103759 0.649251307858187
Il4ra 3.67459326346833 0.798624132348506 0.744135038302212
H2-DMb2|H2-DMb1 3.67218823164812 0.690770440707733 0.684316270262678
Ucp2 3.67179150630435 0.742802784902878 0.788220589930106
Psmb9 3.67117524058363 0.813858318020334 0.786011022403701
Syngr2 3.66901836135209 0.477747344931686 0.678839470206685
Hspa1a 3.66292075668203 0.575120352643097 0.583085555598923
Pik3cd 3.65053864080631 0.835748884461997 0.800023909770847
Cytip 3.64933168671897 0.677425350802354 0.658347669922626
Cebpd 3.64905413023263 0.410572656091812 0.45065287968563
Sertad1 3.64796222753285 0.7257724684826 0.759443887973034
Snord22 3.64732965181108 0.713995667804103 0.747652135155631
Zfx|Zfa-ps 3.62919283593962 0.758933664430864 0.780882275826841
Srgap2 3.62424406055083 0.838230914177368 0.808751391901984
Ripk1 3.6131788869127 0.616616421100793 0.610578688933626
Dnajb1 3.61027003104097 0.745230445219149 0.832812602697087
Lst1 3.61006842240675 0.518689260248844 0.569110330716221
Ifi35 3.59744280288464 0.676096437510837 0.643891534548295
Mlxip 3.59458875448273 0.811730918217632 0.808565592704474
Mcl1 3.58302112910154 0.66066695546539 0.755348597793926
Cd79b 3.57582589241382 0.852381585850322 0.838915609895455
Nfe2l2 3.574946731017 0.442431615358786 0.453204696832214
Ugt1a7c|Ugt1a6a|Ugt1a2|Ugt1a6b|Ugt1a9|Ugt1a5|Ugt1a10|Ugt1a1 3.56686834361229 0.823839910930553 0.819080942357532
Phxr1 3.56397481323558 0.565251255451077 0.52809726857359
Dhrs3 3.56375399908552 0.542104070414465 0.359202952261275
Tnfaip8 3.55632720681608 0.281409277577223 -0.0687511326400445
Fam111a 3.54328383257661 0.808691727580813 0.699300212943908
Zfp90 3.54316015469067 0.757740758533156 0.764609052215515
AW112010 3.54108562265606 0.790107157312153 0.757745402090522
Asxl1 3.53347592413982 0.794700110152503 0.80341841094421
Tspan4 3.52215066692869 0.785677755018332 0.745997124424945
Slc37a2 3.51229570128892 0.819819649665367 0.825429629351333
Camk1 3.50989008944228 0.543724462420908 0.476490955075266
Gns 3.50563528474136 0.721912339564856 0.795586431875191
Atp7a 3.50307625471269 0.657605663133283 0.629419390041384
Per1 3.49158759403794 0.630099915378558 0.627109920222351
Stk17b 3.48993205185272 0.294112599415956 -0.0309181338982068
Ets2 3.47164831268353 0.568463324350191 0.537652466298833
Jmjd1c 3.47031003339934 0.713461797128318 0.753644554087085
Snx20 3.46429469016553 0.72639011553612 0.614613468681945
Litaf 3.46201330634006 0.33367351136533 0.446164633416549
Slc46a1 3.45699574918915 0.515400196381444 0.560205739892461
Cited2 3.45660895360778 0.548721072894773 0.443600711557158
Ifitm6 3.45195107941873 0.736542651513666 0.655635990656243
Gtf2h2 3.45008800075566 0.803055719670756 0.812559799952038
Parp9 3.44135549743442 0.60039626058558 0.552267165983235
Erap1 3.43713853602346 0.647493852321993 0.633822422530596
Rbm39 3.43369122392788 0.477190379710521 0.533302736117914
Gcnt2 3.4320333249964 0.601836571372843 0.565350704769372
Arid5b 3.41548439066676 0.582842983862793 0.680419922340266
Zfp36l2 3.41292069522556 0.359625916379401 -0.0397896095159471
Hp 3.40984604067557 0.84333697891149 0.819822684038326
Vasp 3.4031724986703 0.744095715237768 0.687160285506359
Slc29a3 3.40265411779398 0.542163658685283 0.544499143390683
Ntpcr 3.40221618589901 0.785367487745229 0.820994759102296
Pnp 3.39834401893611 0.415753918516153 0.711749559477843
Tgif2 3.39741948600927 0.807856341321147 0.752933031114124
Cmtm6 3.38866030791418 0.646450486871254 0.738642195181318
Clec5a 3.38668905116638 0.793703676717512 0.772400314282846
Resf1 3.38220036333516 0.566380383771627 0.514040255831611
Cdca4 3.3800281913177 0.553013346529937 0.454236910338828
Mknk1 3.36930242212403 0.566316508685735 0.474295110578858
Skap2 3.35331184167017 0.781885258738234 0.770129321353477
Cdt1 3.35260710606229 0.542110903606167 0.16707743629561
Lgals3bp 3.34563822504701 0.608243152958866 0.457115155698096
Fmnl3 3.33952939869494 0.820248608685731 0.777962642660014
Il1b 3.33886948722698 0.734805222739433 0.671609900648088
Tpst2 3.3333632960441 0.628109730525912 0.814376567990135
Fpr2 3.3332023090403 0.595178841751747 0.542689433388962
Pdk1 3.32876998140582 0.71631314160086 0.698911635117182
Ptbp3 3.32578880606896 0.636514579559419 0.72421970086545
Tgfb1 3.3183999323975 0.830365405164817 0.769309849854972
Rp2 3.31341656111406 0.827320583358555 0.820370686261358
Ptger3 3.30731898322017 0.791694309006735 0.740641489330263
Rasa4 3.28215374172741 0.77219620164791 0.737878069699408
Gbp3 3.25792706613805 0.55410262562338 0.197688377819953
Trim34a 3.24478419799364 0.65127470901238 0.610302072210863
Naip6 3.24222899902596 0.270293499922987 0.161232816883146
Traf5 3.2307313410826 0.799966596553068 0.751195426775988
Vrk2 3.2155273376827 0.705769850896509 0.69549244351462
Smagp 3.2125595207839 0.851928874092804 0.829226208271812
Ceacam1|Ceacam2 3.21159808169441 0.882485771334906 0.854546007478846
Ms4a6c 3.20389758699295 0.686844314950969 0.597711946180952
Batf3 3.18218878457576 0.592440828552749 0.47212724263666
Was 3.17840811371073 0.73588463098974 0.716724254498329
Arsg 3.17266058874542 0.333325874501295 -0.13454317901363
Nfam1 3.13757653429935 0.725584517697626 0.699800285663575
Zfx|Zfa-ps 3.12607082869971 0.76308262491174 0.770972999432078
Tcim 3.12348535883557 0.585891736643321 0.245549962192037
Myo1b 3.09782599093626 0.831061432503473 0.76525668855302
Hlx 3.09514494355093 0.662732621889996 0.587185588775207
Nfkbie 3.08844162140684 0.795746403230866 0.709695613664964
Tlr6 3.08538663032389 0.687314510002345 0.655673594734025
Irf9 3.04435516420796 0.770115059154151 0.792342799295709
Gbp7 3.03347567433584 0.551819789627207 0.318783171697342
H2-Ab1 3.0193187862393 0.744578934130201 0.639214100328447
Calhm2 3.01284163722236 0.849828351402742 0.822921612261127
Mrc2 2.97318314707628 0.416904025479463 0.280465348530476
Gmfg 2.97132298728496 0.783172456288188 0.722249210575965
Mpo 2.97124555705827 0.421942038882213 0.303544259389735
Cmtm8 2.9289833738136 0.301106018312571 0.179043529984395
Npnt 2.89264775909441 0.596550646141487 0.579417985853949
Parp10 2.87193472063645 0.731847112354461 0.680868662453434
Ptprj 2.86821145549322 0.614388040436201 0.506391563092717
Calcrl 2.866674176642 0.451174157272214 0.090445464157904
Pf4 2.85900021225829 0.831947991229389 0.826178764802674
Isg20 2.82386711007618 0.680474363091691 0.628548347229934
Tnfsf13b 2.79294166940086 0.75629962231793 0.736733949258802
Slc39a8 2.78740116088295 0.576140613552199 0.49901549480571
Tmc6 2.78246506534146 0.772046515516823 0.760202015860069
Plaur 2.77133482283165 0.578050265837123 0.540623133220323
Sh3tc1 2.72703132705777 0.506800960145784 0.424871152281964
Stk26 2.71954813433544 0.638146387068553 0.59684866204018
Zfpm1 2.71380895503538 0.425786726451128 0.183563764094728
Myc 2.66622757593306 0.749158937439174 0.836613395073022
Lsp1 2.65639473709554 0.745065195776272 0.685271582442677
Emp3 2.65481934742644 0.773123216188176 0.730344116274289
Tfpi 2.64577305576529 0.369371557307865 0.157465232479622
Rps4l 2.62521319332965 0.458035697502494 0.652277962757378
Smpdl3b 2.57656672569994 0.64523259044061 0.792081319671928
Zfp472 2.55589674676682 0.464097858083547 0.191274397324117
Esyt1 2.50981722886343 0.594382098143624 0.627785695418923
Il21r 2.40089377897045 0.824158818789316 0.774032690204033
Ceacam2|Ceacam1 2.38090947968623 0.52199361963468 0.510308320982023
Ehbp1l1 2.36771286274049 0.405960048683862 0.235056501990465
Srpk3 2.33105472957717 0.598912790380351 0.304828228240171
Dusp2 2.30690928157752 0.113900854006735 -0.13016988825465
Irgm2 2.2839430425167 0.551218810810952 0.468471881822807
Tlcd2 2.21596176983412 0.33529522030575 0.184346752189842
