Tspan2 7.13490841040473 0.680723939663955 0.67300430788608
Ppp1r14a 6.86040597542598 0.733643274160769 0.708562171759761
Mog 6.83686234829 0.750914523644974 0.76816587580704
Mobp 6.80822416277456 -0.139664950698239 0.024740385920358
Ugt8a 6.49737490145929 0.609074700693083 0.706412355049149
Cldn11 6.31692760692068 0.368493644641823 0.372872025928646
S1pr5 6.30621421513121 0.506522019909757 0.468681403919934
Mal 6.25905149560266 0.578377865015076 0.613476161848087
Tmeff2 6.11916369503861 0.447685050705895 0.667761788381308
Grb14 5.98765871206937 0.693632500750058 0.818448971308361
Sh3gl3 5.70339364918952 0.441484786765897 0.647273057632788
Mbp 5.49424326985307 -0.109185282563215 0.127284333173968
Ndrg1 5.35610547191174 0.169018789241041 0.36342293551508
Fa2h 5.3083776391256 0.432774709126193 0.520908493734013
Dusp26 5.21794883597771 -0.180764448782546 0.169265541123654
Sox10 5.11148004599349 0.415776399744355 0.469853831126573
Ptgds 5.10559068747417 0.129464570857359 0.0915601049852156
Sez6l2 4.99241808368165 -0.111757774141806 0.450832987917886
Pdlim2 4.93403026057674 0.801638186506394 0.744082876887141
Stmn4 4.93127982899106 -0.0873411264657497 0.0933802076742744
Pou3f1 4.92969540577937 0.369785397467336 0.403983778784235
Gpr37 4.8634214173996 0.488968732712188 0.339781304561819
Ddc 4.74926393487985 -0.0107091915908168 0.319211851467713
Tmem163 4.73080872640279 0.489586982859558 0.471704484391372
Trim59 4.72980939559964 0.690221854863188 0.692994034476112
Olig2 4.48333213411711 0.664359185021019 0.698661462896173
Edil3 4.45701948532982 0.36927678898063 0.449880059439138
Pcbp4 4.39240288998356 0.586549919550521 0.471992042693869
Gal3st1 4.36666952705867 0.765799668533173 0.735319296670726
Rab33a 4.29459170817207 0.758033971584285 0.76088034525531
Pcp4 4.27431701303972 0.00149291718520995 0.425946197943265
Apod 4.26230297459392 0.152055496362592 0.237266099794979
Bcat1 4.24006566193213 -0.0887823546354829 0.10209981855497
Anln 4.22800838884146 0.73075187349306 0.739669134410094
Ank3 4.22069634655162 -0.087923935356279 0.322310015516048
Lims2 4.20886890971235 0.673117643612027 0.666395298710371
Pllp 4.20702556934755 0.498949159331142 0.562042438456071
Slain1 4.20675170289978 0.628193197345185 0.598093824272324
Prkcz 4.19487181733265 0.300972336245402 0.43056615510455
Kcna1 4.17037474441615 0.0992612110872552 0.223307397639988
Ell2 4.11051696699881 0.705889961358547 0.740429974653008
Sytl2 4.09577637674837 0.0497645610485619 0.159027226043073
Gamt 4.08952032730734 0.773209612914895 0.725521674359548
Josd2 4.06933015418628 0.820883411994233 0.795975481068529
Larp6 4.01685990869997 0.563682514424375 0.567682706917017
Sgk2 3.96576722972268 0.383057889948163 0.422002845085305
Efnb3 3.96209374780109 0.121908571636264 0.214452848307683
Nkx6-2 3.95419702717788 0.647123243523072 0.603625663486671
Lpar1 3.92610691826675 0.273463755732515 0.317870894195674
Olig1 3.90398945896069 0.588741334671798 0.773403160142552
Cacnb4 3.89188692301243 0.41301813818926 0.421164551851547
Adamts4 3.87149787205763 0.253915155857411 0.209578065818951
Tubb4a 3.83793829698418 -0.0420038757207715 0.0491357258085687
Acot7 3.82246491520196 -0.0937861021413967 0.134826762470877
Plp1 3.8207488567983 0.156753440257407 0.505978284482366
Lrrn1 3.79826931585574 0.527029437992185 0.514942219183107
Atp9a 3.78813322184719 -0.0392588695492028 0.163136914530685
Nkain1 3.7692853561344 0.289614392284895 0.404747370958857
Adssl1 3.76751358053287 0.730541886150915 0.675888964619331
Scrg1 3.72508141975284 0.376919432209239 0.112704087755725
Mag 3.70048006603546 0.589015498964029 0.542380204506206
Evi2a 3.69711371423267 0.575277198312257 0.123793673495937
Efhd1 3.63460697824564 0.45876864832782 0.38748675074385
Gsn 3.6283983484929 0.606585937528478 0.587263755987656
Plekhh1 3.60532402641005 0.697145167947475 0.585520007190142
Aspa 3.57758999551043 0.682534374465466 0.684325720516442
Tnni1 3.55660714120466 0.688239229570636 0.698270681351092
Sgk1 3.54575461082022 0.551030576015311 0.245624872193521
Mfsd6 3.54542137925348 -0.0475261208025407 0.425165177105708
Sox2 3.51799803963057 0.263472154979974 0.2568584868296
Ninj2 3.51070880130019 0.649443122433878 0.598135968892321
Phldb1 3.49743237018606 0.63739276687994 0.614333581795272
Ggct 3.44637723953585 0.278396904321808 0.23481087800035
Tppp3 3.43747950649193 0.629239201166558 0.570973633195391
Thbs3 3.41897294872779 0.569414803996167 0.49757457888979
Chn2 3.39629074598651 0.396749566611277 0.465261047582219
Acot1 3.39420811089309 0.438833941457731 -0.0615653343210839
Dnm1 3.38189977133435 0.128930481675276 0.640104133636528
Gjb1 3.35546157457455 0.708094773681353 0.603026094945951
Cdc42ep1 3.34181930243901 0.569381913979995 0.489913431552343
Frmd5 3.34109192201994 -0.0964530780998873 -0.0328846554284973
Car14 3.33509755159478 0.435872305956523 0.439436557292997
Hapln2 3.22742973656037 0.196234707379083 0.216512473799117
Ctsk 3.21198126112838 0.617372882897863 0.551001617108366
Gpr85 3.16872721736987 0.527580333900255 0.449574328752487
Elovl7 3.16227441646248 0.595559657036843 0.53762659561147
Susd4 3.13678816085599 0.129318017972253 0.13417849404896
Pcolce2 3.11059141198983 0.187036667706079 0.180175982720341
Kazn 3.04683697052396 0.547759131605606 0.47728363528174
Hist3h2ba 3.02383566059892 0.669659646571249 0.660456503627173
Cdk18 3.00795179347697 0.135752188867426 0.299090266109206
Tspan17 2.97173264851378 -0.0597832934085908 -0.0475347676268635
Brca1 2.89220553671087 0.556173219141487 0.413117197003879
Lrrtm1 2.85867542947626 0.0273087085164942 0.0202216076250469
Rhpn2 2.80393063367543 0.435171669427926 0.36648838955686
Crtac1 2.57298800566003 0.0469100181632738 0.068617608837153
Tnfaip6 2.55756436394744 0.620952719335038 0.443553559514261
Lad1 2.5433420091073 0.142584860206693 0.122606525245256
Oprl1 2.52542241461099 0.246772364051243 0.203433757770814
Synpr 2.51290338095778 0.22266356147549 0.189360608331145
Pex5l 2.49008222683145 0.421505691337074 0.326032244618975
Bmp4 2.47916421976782 0.481372701536616 0.393724044957843
Rab40b 2.36912653037123 0.433467433899899 0.384022650792469
