Astrocyte	Endothelial	GabaPV	GabaRelnCalb	GabaVIPReln	Layer 2 3 Pyra	Layer 4 Pyra	Layer 6a Pyra	Layer 6b Pyra	Microglia	Microglia_activation	Microglia_deactivation	Oligo	OligoPrecursors	Pyramidal_Glt_25d2	Pyramidal_S100a10	PyramidalCorticoThalam	Pyramidal
66643	209378	72413	140723	19733	353287	15564	65971	94346	110956	18035	70839	18025	11489	81600	50722	76459	68404
75541	23943	381413	18159	320145	75429	71373	11670	12683	59044	17210	17916	268512	102595	18162	64058	12833	64176
107022	18414	208213	18430	72701	140781	19011	76974	104080	12655	245945	69922	21952	14362				71086
13527	17300	21393	244810	58998		192199	114142	22044	26920	12259	16792	320587	17183				108100
17387	11982	235130	435766	12801		108068	17068	104079	27056	108115	246177	70054	12566				230085
11652	108075	14403	14419	22353			12587	64103	23900	22323	17305	214944	12159				78408
20598	22288	24117	22068	78892				320302	14594	14130	233274	319991	69388				74782
20682	19879	12862	246313	15561					210998	246256	15170	67149	29873				20907
214359	20525	11733	243312	66673					13822	17135	68964	67801	229776				24001
77559	12828	27220	15442	76668					217203	12524	56504	17196	319638				67498
69049	27205	21333	98970	11607					14270	18787	13709	14038	108151				21375
27360	17064	17380	12308	100418235					94212	20308	76088	110391	16325				19229
23972	11482	19293	20319	16590					74048	106326	30955	77739	17215				330914
54156	29875	227733		112407					170791	16172	64099	239827	13003				64011
107747	21386	93695		66402					320790	17970	54445	16553	20304				14200
14369	21824	242735		110834					26377	171531	68507	69993	230822				18012
76187	14461			20618					58805	14455	17110	18952	327762				17896
13998	74144			16625					76925	12260	230787	14618	68303				320495
104174	19263			18142					21356	18037	68750	77767	214663				11922
52538	224796			18155					12514	69774	56708	213469	11717				22671
243616	21366			21334					12227	20321	13808	74559	14119				620760
102644	16186								18826	12774	22268	52009	83922				18164
338350	22371								23849	208647	14960	12183	12638				329160
21907	13730								72318	80859	21812	11486	17279				245684
114874	15220								226652	67742	71699	58869	225115				212712
18423	50523								94279	73690	18796	14912	18971				70727
20652	20680								67103	78388	12523	211488	11994				73032
17304	66442								12010	16193	67213	70747	108682				72097
107515	24047								329154	12394	65112	100504549	211949				104582
12759	214137								209630	14190	225049	17433	21417				228550
30956	19285								93841	56706	12489	320981	269959				51791
100038566	18301								19889	12522	12978	14745	14585				72961
74013	65964								18783	209387	11629	52639	70083				
68396	15360								15163	15216	74044	66949	18208				
210126	67647								52614	22228	66824	118454	12235				
74434	54396								18707	26410	69178	381352	20425				
77741	17112								67448	20310	14998	78925	75388				
68801	268780								63986	19354	78416	68743	12319				
14184	76566								80281	12795	19141	71375	21950				
53896	60440								64209	13590	19650	78500	55948				
18679	19663								21452	72512	21898	52502	20681				
20511	97165								16197	244416	13051	227753	17932				
106878	666468								233186	320207	15985	229285	13855				
58807	94094								15277	12983	100561	68813	22652				
12167	20324								81910	22324	216445	20496	70957				
14813	66395								69918	12508	102545	98363	27412				
70097	21961								232406	66102	24044	11484	270893				
72014	26360								17084	74734	74039	229595	210356				
104776	18073								171212	15894	13713	15245	140703				
53412	18074								16477	56193	215243	72446	108961				
107869	208449								54368	17969	320487	67739	77056				
72792	16779								215632	16822	20354	13038	68016				
67122	241230								80898	20963	16154	320111	71323				
74205	74090								20375	65972	19735	104252	353169				
320842	97064								433375	12013	71607	53897	71816				
100038371	67268								17131	65221	227929	74201	192236				
14633	107607								22177	23921	27060	18584	234258				
109270	80880								75083	74760	66329	69297	14667				
233529	22370								100182	24014	233276	319951	67169				
18508	18260								16643	16190	11666	240913	104099				
18760	16842								14159	17874	99543	52840	93728				
110333	105450								26943	14127	17476	22415	23939				
15904	68178								71827	22019	171207	230678	76633				
216190	214547								140497	76448	80877	192897	14425				
70503	22436								18591	14131	19253	100502861	272551				
19206	68632								81489	15945	11576	56356	215280				
28253	105841								11906	319997	11727	101565	269019				
100504156	109700								58809	53599	17159	105439	71791				
214804	11856								14129	24088	212937	102693	11988				
64899	65962								14537	170743	321019	103743	108105				
56448	18230								68386	20293	16988	22239	71966				
74199	14615								21355	21899	117198	338521	56315				
223227	14872								16164	20732	52855	76484	353282				
22229	13830								16414	22695	74096	320091	66522				
18212	71406								22022	233895	231871	50915	67847				
54403	99899								63955	17972	100340	97031	12841				
20971	100039781								225020	16175	73149	16554	20787				
18802	15953								216799	15937	54613	67824	19303				
329910	213393								110355	12608	373864	74335	11595				
14580	16598								19331	108829	54486	84004	99382				
277468	22773								12957	208104	217333	14664	18846				
22422	20668								14747	80910	98365	233752	108154				
83558	209837								108670	20303	56644	214112	73836				
13649	75736								23880	16149	223433	105171	260301				
545140	244864								67844	12363	20202	66153	18689				
71481	59308								70719	75234	212032	18417	19739				
232089	71785								58861	74091	15212	17441	330192				
56741	19038								66654	68774	16970	67338	22032				
22271	18671								60504	15162	230145	436090	58804				
22061	14863								27355	99100	16331	19144	271849				
19301	235527								15936	56437	330217	211945	99586				
319229	66864								21391	20128	15242	225908	207474				
83453	217721								12519	15284	12335	14854	237831				
69671	80721								12262	12984	21810	68519	381201				
65100	12826								11491	12273	89867	75311	56773				
52123	69524								74364	21926	18805	24017	14282				
57257	209086								17948	72807	107321	100434	17203				
77994	226040								67776	20296	20201	73940	21948				
13371	12562								20305	17869	21953	66124	22355				
21689	14013								11690	14595	75974	71878	18383				
74114	28250								17096	12475	30948	263406	225207				
72504	24058								66812	19697	231633	338367	211468				
29811	20556								216991	67951	12506	77119	58250				
56188	18830								16768	233571	224024	17136	20431				
14230	71962								21803	19332	20430	50905	13867				
14634	326618								64138	59010	381067	208158	107753				
20512	11536								234779	208228	237387	74466	268958				
73075	69068								17951		338364	73989	78558				
12950	21814								50498		21935	50784	12162				
108052	18596								14824		17423	68458	140721				
14451	19713								19025		218203	242037	11502				
22361	72275								70785		16170	216853	106759				
192216	53620								23845		12796	16840	72713				
76257	54135								108101		13593	14269	60530				
81879	13601								320706		12229	56173	240334				
11829	14257								229499		20345	213019	69627				
14862	209039								106512		233328	71007	13388				
74519	69698								74376		192193	233877	213522				
57776	94242								110006		140570	14709	233836				
11606	15507								219140		108960	170952	64075				
74365	71929								171285		217303	240690	14371				
241624	13614								12628		16912	18519	382083				
68385	72147								98878		13033	105522	101694				
58187	224792								72549		16909	26939	74702				
13123	319899								67477		56743	100503337	66503				
20498	12741								16194		54153	21827	17829				
22329	353156								75444		21815	28075	14056				
232345	207818								15939		66610	329064	100503859				
83925	217012								20469		83433	27219	22029				
15483	67664								13040		17079	21351	99151				
19125	16542								328381		11555	230157	68328				
12411	23962								14999		18054	14431	16667				
384009	170757								67603		17060	94226	74338				
22350	19126								54199		56485		71778				
66873	70059								12267		209225		207742				
57738	13846								66566		217122		319545				
16870	229699								269823		16548		16763				
14221	18613								75458		15002		217353				
56473	20195								22717		104759		211535				
11758	381823								22368		18753		72709				
19892	12380								74131		11350		239250				
622434	75255								19264		56857		241989				
243914	239691								224109		13448		56264				
216558	80837								227696		17002		231834				
629159	13805								414101		108767		23829				
57265	16177								70118		22379		20197				
18682	72022								20852		11852		110749				
66277	56332								319711		15900		12583				
52570	14368								75612		68180		77798				
407821	329416								100127111		210104		18938				
54326	56516								269181		68487		67419				
16816	15896								17906		106952		94187				
67442	26364								216869		74153		213027				
74318	21946								13733		70497		70377				
71803	72565								18173		52163		76113				
224079	21939								17533		21938		114654				
64008	20446								12493		67712		226359				
50500	12925								70045		27027		208677				
94282	29817								106582		12986						
223646	317757								19224		23890						
14866	232237								27426		15446						
320558	21687								69069		381319						
74025	14254								74030		68891						
12505	237504								16859		56045						
235611	14268								77034		74645						
57319									14071		259277						
18553									192654		27419						
66116									54353		242248						
68607									80885		26888						
74229									12960		12606						
106861									79202		11910						
22117									72481		193740						
16404									11810		17095						
13861									27261		21682						
402728									69757		20111						
232785									332993		76408						
14661									16409		14710						
116701									105855		217262						
17960									80719		12988						
73040									69769		12959						
81840									114584		74478						
58238									94176		12807						
110078									56470		74191						
12684									72136		26382						
74637									231147		14913						
71760									12495		14676						
20352									27965		104681						
26457									78816		211550						
98396									20302								
14065									387160								
382062									239027								
232146									17872								
14560									20540								
20443									380712								
14405									13057								
235302									19696								
16848									18576								
329828									74211								
11932									54354								
27273									14972								
328235									17087								
27226									66139								
14256									19252								
257635									50778								
216739									21897								
231134									110958								
75835									214111								
13406									67220								
67111									23833								
69239									56532								
69772									12370								
12496									69834								
19013									70227								
329877									22751								
219151									27083								
73486									78317								
170790									12362								
75475									80891								
11761									19128								
30805									17698								
14261									77633								
106648									192187								
72240									402767								
13609									15979								
14756									242687								
64385									15001								
50878									16456								
94180									18033								
19725									77727								
74002																	
14066																	
17986																	
11814																	
192970																	
78257																	
18217																	
66234																	
54371																	
208659																	
13650																	
13797																	
320315																	
