Astrocyte	GabaReln	Hypocretinergic	Microglia	Microglia_activation	Microglia_deactivation	Oligo	ThalamusCholin
209378	72413	69908	110956	18035	70839	67801	216233
75541	59093	12565	12655	57444	69922	66066	22178
12406	231440	14528	27056	17210	72560	71529	20686
13527	23964	68567	17912	547253	16792	18952	21928
56376	234797	12922	192232	20491	246177	14618	18227
12444	17263	64242	14594	12259	17305	74559	17311
20682	26875	20194	14270	17534	67246	14912	15564
214359	94332	15171	74048	14538	319880	17433	66042
21859	21955	22045	170791	14130	15170	14745	227929
77559	19281	56534	26377	19766	68964	20665	212531
27360	14417	15114	15439	12524	13709	66949	16531
23972	66970	12425	57259	18787	76088	68743	18012
29873	20527	13162	107769	19073	30955	227753	13591
11639	11440	16009	58805	20308	64099	11484	21414
107747	20192	13447	105348	16172	54445	53897	53608
76187	18195	15372	18686	17970	50934	240913	66952
67896	229706	228543	12514	171531	14991	105439	56846
13998	72269	103988	18826	11977	17110	103743	20349
104174	56808	54376	23849	11796	17215	338521	22774
52538	12289	16939	67103	12260	230787	18417	74053
102644	16000	54140	12010	18037	56708	17441	110834
18028	93892	105853	329154	69774	14960	211945	54352
19737	21338	12683	54396	20321	16819	100434	620078
20652	14799	18548	15163	12774	21812	73940	20618
17304	219257	16493	18707	16978	67213	66124	56066
98660	11819	80334	67448	80859	16155	17136	17116
12759	16869	14778	63986	67742	53945	11815	140781
30956	16502	13386	80281	73690	12489	68458	207728
11541	21349	18216	21452	16176	224860	213019	12297
210126	11847	192199	70415	16193	17952	72160	16372
13175	100303646	76770	16197	16391	12978	50913	104271
14184	22255	20733	233186	12394	11629	27219	70357
53896	170826	18610	15277	56706	66824	225341	320405
18679	12300	67405	17084	12702	69178	14431	20508
20511	319317	14570	16477	12522	14998	94226	17380
14182	170677		80898	15216	19141		16373
58807	12291		17001	22228	21898		230899
14813	19699		20375	70110	13051		20606
70097	14409		94094	26410	15985		218763
72014	20370		22177	73656	23871		21334
16007	214189		14961	20310	216445		
53412	102614		100182	19354	102545		
107869	14462		230257	72512	24044		
67122	14408		14159	228790	13713		
13138	15165		26943	80285	16154		
14633	109594		140497	22324	27060		
29820	244867		18591	12508	114249		
18508	14160		81489	66102	99543		
16443	107831		19079	74734	17476		
26362	18424		11906	15894	171207		
17909	18155		58809	56193	80877		
16779	235415		14129	17969	19253		
13618	94229		14537	16822	11576		
56448			16164	20963	239217		
97064			16414	65972	11727		
17920			17258	65221	17159		
18212			23880	23921	52855		
54403			70719	74760	74096		
16011			58861	24014	231871		
20971			60504	16190	54613		
30937			27355	17874	107373		
14366			15936	170625	54486		
13649			21391	14127	217333		
56741			12262	22019	98365		
13371			17948	12257	56644		
50781			12721	13654	223433		
55963			20305	14131	20202		
229534			11690	15945	15212		
27494			17096	67547	16970		
56188			17886	24088	16331		
14230			13036	21847	15242		
20512			216991	14605	12335		
12950			16768	170743	21810		
108052			21803	20293	18805		
14114			64138	21899	107321		
192216			234779	71586	20201		
76257			17951	20732	231633		
81879			50498	22695	12506		
11829			11656	17972	14247		
74519			14824	16175	218203		
14619			23845	15937	16170		
68385			108101	12608	12796		
58187			229499	108829	16658		
13123			106512	208104	12229		
20498			110006	21817	20345		
22329			219140	80910	233328		
83925			171285	20303	192193		
15483			12628	12363	217303		
13004			67477	207818	16952		
19125			227612	53376	16912		
12411			76681	75234	54153		
13731			16194	74091	21815		
22350			56744	68774	72691		
66873			16598	15162	83433		
57738			15939	99100	11555		
12830			20469	671535	18054		
14221			13040	60322	213002		
56473			226594	20128	17060		
18128			54199	15284	56485		
19038			12267	18793	268903		
234356			17921	12984	11513		
243914			269823	21926	22320		
57265			75458	13025	104759		
12494			74131	58801	56857		
18682			19264	20296	17002		
66277			224109	14595	231931		
58237			227696	12475	15900		
54326			20852	19697	68487		
16816			13732	67951	106952		
14623			100127111	18626	74153		
16206			216869	233571	70497		
108686			13733	19332	21938		
22330			18173		11554		
19283			17533		107375		
50500			11745		67712		
215819			12493		12986		
57319			225027		23890		
68607			21813		15446		
18596			19224		381319		
16404			107350		68891		
20255			74030		72324		
116701			16859		259277		
81840			192654		26888		
110078			54353		12606		
98396			12960		11910		
22339			11810		193740		
232146			66775		17095		
14560			105855		21682		
14405			80719		20111		
116847			114584		76408		
329828			12490		11857		
16008			94176		26382		
11932			12495		14676		
22421			78816		104681		
27273			20302		211550		
27226			17872		24099		
216739			217353				
69239			20540				
12496			13057				
19013			19696				
13850			74211				
219151			54354				
170790			14972				
223254			17087				
75475			50778				
11761			21897				
14261			67220				
106648			23833				
13609			12370				
14756			12362				
64385			80891				
94180			19128				
69538			17698				
14066			192187				
17986			15979				
13602			15001				
18217			16456				
228357							
