74211
67477
216991
13733
100182
11656
11690
329154
11745
11810
70719
216869
107350
12010
12227
12262
12267
12362
12370
20302
20305
54199
140497
12490
12493
23833
12514
12628
12655
75458
23845
114584
12960
13036
13040
64138
80281
13057
58861
110956
26377
81489
94176
67603
50498
13732
12495
80898
16456
14129
229499
80891
108101
14159
23880
14537
14594
63986
78816
105348
106512
14824
110006
14961
14972
15001
171285
15163
64209
15277
15439
192232
15936
15939
15979
80719
16164
60504
16194
16197
27056
16414
16477
16598
23849
16768
16854
16859
17001
17084
17087
17096
26401
17258
58805
17533
17698
17912
17921
17948
17951
105855
224109
94212
27355
18591
56744
18686
227696
18707
192654
234779
67220
67448
269823
17872
19079
19128
230257
67103
19224
19264
54354
226594
19696
50778
74030
58809
74131
233186
20469
18173
20540
100127111
219140
20375
14270
225027
192187
20852
70415
21391
21452
21803
21813
228839
21897
217353
57259
227612
76681
94094
22177
74048
