Astrocyte	Basket	Bergmann	BrainstemCholin	CerebGranule	DentateGranule	Dopaminergic	Ependymal	ForebrainCholin	GabaPV	GabaReln	GabaRelnCalb	GabaSSTReln	GabaVIPReln	Gluta	Golgi	Hypocretinergic	Microglia	Microglia_activation	Microglia_deactivation	Noradrenergic	Oligo	Purkinje	Pyramidal	Serotonergic	SpinalCordCholinergic	Spiny	ThalamusCholin
30956	216233	232345	14172	12351	13511	13162	11481	12903	11622	14408	18159	14729	12818	228911	11474	76770	74211	228790	69068	75352	68743	53313	11922	12705	13711	73712	620078
52538		118452		56410	109620		93760	12904	12862	14409		14829	15561		239083	54140	67477	11977	76408	65255	11484	12373		74175	14675	56458	110834
216739		12364		54698	60440		12316	16875	76453	109594		72413	18142		13143	12425	216991	14595	11554	12311	67102	12822		260298	15405	108655	56066
27360		21948		668253	18168		20878	19217		18424		50706	22353		14257	12922	100182	12013	11555	13166	74559	333182		15006	15426	64378	227929
14766		104445		13813	18295		12442	63993		21349		56089	22418		24053	15171	329154	11796	11629	17161	338521	13591		19218	17395	15930	14369
76187		12654		18508	239510		12458			21955						15372	11745	12363	11727	12659	14431	13592		20519	56309	18143	319625
11541		12798		66183	20356		12479									18548	70719	20293	16952	11859	14618	98845		15567	67486	23984	15564
329828		13142		65971	56720		107995									18610	216869	20296	106952	20538	56356	215512		22044	69847	18574	16372
104776		59056		67525			66953									192199	107350	20308	70497	17112	73940	64337				29863	54352
27494		75823		22255			12534									22045	12267	12774	171207		17136	26558				218772	53608
69538		14872					67177										12362	53599	216445		17433	57295				225870	56846
11761		319158					229841										12370	12524	11857		17441	212111					230899
216190		78558					108000										20305	12608	381319		14912	70810					18761
26362		80876					74107										140497	99100	170752		50913	16873					212531
12032		214944					229473										12490	60322	12229		213019	27206					66042
72014		17702					27214										12493	12984	72691		211945	19051					21414
12411		74055					13392										23833	13025	12796		67801	19255					104271
12494		22038					327762										12514	15945	12335		94226	19279					21928
12759		19228					13605										12628	66102	68891		105439	11854					22178
12830		19301					14056										12633	20310	217303		100434	20513					57257
54381		71660					75426										12655	13685	12489		20665	20537					22774
74114		19682					29875										23845	14127	12506		103743	66106					
29873		11853					57444										12721	14130	15985		70747	20840					
107869		80837					73804										12960	20321	12606			20957					
13110		20130					17220										19025	14455	56708			53857					
64385		21415					217653										13036	73690	26888			28006					
106648		238257					17345										64138	80910	56644								
16007		140765					50927										80281	15162	102545								
329877		69786					215387										13057	15216	12986								
13527		53620					108907										58861	15284	68964								
13618		22341					19366										26377	15937	20148								
13649		24117					74194										94176	65972	76088								
68801							20135										50498	70110	13448								
12496							20419										98878	71586	192193								
13850							70099										13732	16145	13709								
56473							20666										12495	16172	13713								
223254							20677										80898	16175	23871								
218952							20683										16456	16190	223433								
13998							21973										210998	16193	107373								
116701							68612										14129	16391	26382								
14221							18140										229499	108829	14247								
14230							232334										14159	16822	22379								
14261							142682										23880	17133	231931								
57265							170753										14537	26410	14676								
14366							68014										14594	171531	14960								
14405																	63986	208104	14998								
14756																	78816	69774	15242								
70757																	106512	73656	54486								
16008																	14824	68774	74096								
16173																	110006	17874	213002								
16404																	14961	17969	16154								
16779																	14972	17970	16155								
16870																	15001	17972	16331								
30937																	66775	18035	259277								
210126																	171285	18037	52855								
228357																	15163	233571	16819								
66234																	64209	671535	19141								
67111																	192232	547253	107321								
75541																	15979	80285	80877								
67122																	80719	18626	16970								
102644																	16164	12795	233328								
75475																	60504	58801	17002								
23972																	16194	19205	17095								
18596																	16197	19332	17159								
27273																	27056	74760	17305								
69239																	54396	74213	218203								
18679																	16414	19697	246177								
18682																	16477	19698	72560								
19013																	16768	74734	27419								
11758																	16859	19766	18018								
116847																	17087	12394	268903								
19125																	17096	67742	64099								
19249																	26401	18787	30955								
110078																	58805	55942	18805								
19309																	338467	23921	104759								
74013																	17533	65221	18753								
19771																	17698	207818	16912								
76892																	17921	170625	19253								
225998																	17948	20732	15170								
70097																	17951	59010	54153								
68607																	224109	20963	19650								
12406																	94212	21354	105670								
20498																	27355	21817	71956								
76257																	243771	24088	56045								
98396																	18591	21899	140742								
20598																	56744	170743	98365								
81840																	227696	73130	100561								
223227																	18707	72512	107375								
20682																	192654	21926	56485								
20787																	18783	22019	56857								
20917																	234779	22033	53945								
81879																	67220	20128	69178								
29820																	269823	14605	56504								
83925																	17872	67951	54613								
22329																	19128	22323	27060								
22330																	230257	22324	21682								
22339																	19224		21810								
																	54354		21815								
																	170791		230787								
																	226594		211550								
																	19696		21898								
																	74030		319880								
																	81910		68487								
																	74131		21938								
																	20397		83433								
																	54673		217333								
																	233186		74153								
																	20469		54445								
																	54353		69922								
																	18173										
																	20540										
																	100127111										
																	20375										
																	66552										
																	225027										
																	192187										
																	20852										
																	16430										
																	21356										
																	21391										
																	21452										
																	21803										
																	228839										
																	21897										
																	217353										
																	57259										
																	227612										
																	22022										
																	76681										
																	94094										
																	67776										
