Astrocyte	Gluta	Microglia	Microglia_activation	Microglia_deactivation	Oligo	Pyramidal
209378	93843	110956	18035	70839	67149	110197
75541	94332	54673	57444	69922	67801	12565
13527	228911	12655	17210	72560	71529	12564
17387	18012	27056	547253	16792	69993	20563
20682	21844	17912	20491	246177	14618	170571
214359	12810	14594	12259	17305	74559	14200
21859	140781	210998	17534	319880	14912	11835
27360	104010	74048	14538	15170	70747	100040462
23972	71733	170791	22323	68964	17433	18573
107747	53870	26377	14130	76088	17988	56742
76187		15439	12524	30955	14745	208618
67896		107769	18787	64099	20665	12313
13998		52696	19073	54445	66949	23985
104174		58805	20308	68507	17153	100303646
52538		26401	106326	14991	68743	14402
102644		21356	17970	17110	11484	60367
114874		105348	171531	17215	53897	72978
17304		12514	11977	230787	240913	239405
98660		18826	11796	56708	56356	57780
12759		23849	21928	14960	105439	23963
30956		67103	12260	16819	103743	20606
210126		12010	18037	21812	13195	
14600		329154	69774	228875	22239	
13175		54396	20321	67213	338521	
14184		223666	12774	65112	50915	
53896		15163	16978	16155	18417	
18679		67448	80859	53945	17441	
20511		63986	67742	12489	211945	
14182		80281	16176	12978	100434	
58807		64209	16193	11629	73940	
14813		21452	16391	66824	66124	
72014		70415	12394	69178	17136	
16007		16197	12702	14998	18991	
53412		233186	12522	19141	11815	
107869		15277	15216	21898	68458	
14633		17084	22228	13051	18088	
29820		16477	70110	15985	11565	
18508		20375	26410	23871	213019	
18760		94094	20310	216445	72160	
26362		22177	17133	102545	50913	
18994		14961	72512	74039	16979	
17909		100182	22324	13713	225341	
216190		230257	12508	16154	14431	
54381		14159	66102	19735	94226	
114644		26943	74734	71607		
16779		140497	15894	67865		
56448		18591	56193	227929		
97064		81489	17969	27060		
18212		11906	16822	114249		
54403		58809	20963	99543		
16011		14129	65972	17476		
20971		14537	65221	171207		
13649		16164	23921	80877		
56741		16414	74760	19253		
13371		17258	24014	11576		
55963		23880	16190	239217		
27494		70719	17874	11727		
56188		58861	54720	17159		
14230		60504	14127	12488		
20512		27355	22019	52855		
12950		15936	12257	74096		
108052		21391	13654	231871		
192216		12262	14131	54613		
76257		17948	15945	107373		
81879		20305	67547	54486		
11829		11690	24088	217333		
74519		17096	170743	98365		
12334		17886	20293	56644		
68385		13036	21899	223433		
58187		216991	71586	20202		
13123		16768	20732	15212		
22329		21803	22695	16970		
83925		234779	17972	16331		
20787		17951	16175	15242		
15483		11656	15937	12335		
13004		14824	12608	21810		
15200		23845	108829	18805		
23965		108101	21817	107321		
19125		229499	80910	20201		
12411		106512	20303	17684		
13731		110006	12363	231633		
22350		219140	207818	12506		
66873		171285	75234	14247		
57738		12628	68774	218203		
12830		98878	15162	16170		
16870		67477	99100	12796		
14221		227612	671535	16658		
56473		76681	56437	13593		
18128		16194	20128	12229		
19038		56744	15284	20345		
243914		16598	12984	233328		
57265		15939	21926	192193		
12494		20469	13025	217303		
268860		13040	58801	16952		
18682		226594	20296	16912		
54326		54199	17869	16909		
16816		12267	14595	54153		
14623		269823	12475	14282		
16206		74131	67951	21815		
22330		66869	233571	83433		
19283		224109	19332	11555		
50500		20852	59010	18054		
12505		13732		213002		
215819		100127111		17060		
57319		231386		56485		
68607		216869		268903		
18596		13733		11513		
13405		18173		22320		
16404		17533		104759		
14661		11745		18753		
20255		12493		56857		
81840		225027		17002		
110078		21813		108767		
98396		107350		22379		
22339		16859		231931		
232146		192654		15900		
14560		54353		68487		
14405		12960		106952		
116847		105855		74153		
329828		80719		70497		
16008		114584		21938		
22421		12490		11554		
29815		94176		67712		
27273		56470		12986		
27226		12495		23890		
216739		78816		15446		
140492		20302		381319		
69239		17872		68891		
12496		217353		72324		
19013		20540		56045		
13850		13057		259277		
219151		19696		26888		
16525		74211		12606		
170790		54354		11910		
75475		14972		193740		
11761		17087		17095		
14261		50778		21682		
106648		21897		20111		
13609		67220		76408		
26942		23833		11857		
14756		12370		12807		
64385		12362		26382		
94180		80891		14676		
69538		19128		104681		
14066		16854		211550		
17986		17698		24099		
13602		192187				
19309		15979				
18217		15001				
228357		16456				
