Astrocyte	BrainstemCholin	Dopaminergic	Microglia	Microglia_activation	Microglia_deactivation	Noradrenergic	Oligo	Serotonergic
209378	70717	116811	110956	18035	70839	12311	14618	15564
225998	78977	53872	12655	57444	69922	140723	70747	74175
75541	109901	18227	27056	17210	72560	69908	20665	260298
12406	211480	18208	17912	547253	246177	64242	66949	20519
13527	56016	13162	192232	20491	17305	20538	68743	13024
17387	19142	18752	14594	12259	67246	17161	227753	66402
56376	16392	110876	210998	14130	319880	13166	11484	15567
20598	13136	320405	14270	19766	15170	14867	53897	14462
12444	66952		94212	12524	140742	75352	56356	26366
20682	57816		74048	18787	68964	545192	102693	22044
21859	12695		26377	19073	13709	17116	22239	353236
27360	107250		15439	20308	76088	11859	338521	15006
23972	16852		57259	16172	30955	21419	29862	12705
29873	19132		58805	17970	64099	52331	17441	19218
107747	20750		26401	171531	54445	66815	211945	
76187	15507		105348	11796	68507	20606	66124	
67896	239405		18686	21928	17110	12659	17136	
13998	20508		12514	12260	17215		19337	
104174	16373		12227	18037	230787		68458	
102644	66425		23849	69774	56708		213019	
30956	227733		12010	20321	14960		50913	
74013	24111		329154	12774	16819		21827	
210126	116903		228839	16978	21812		27219	
13175	57780		15163	80859	67213		225341	
14184	29867		18707	67742	16155		14431	
53896	320802		67448	73690	53945			
18679	67405		63986	16176	12489			
58807	50795		80281	16193	224860			
14813	12306		64209	16391	17952			
70097			21452	22033	11629			
72014			16197	12394	66824			
16007			233186	56706	69178			
104776			15277	21354	14998			
53412			17084	12702	19141			
107869			16477	12522	19650			
67122			80898	15216	21898			
13138			17001	26410	13051			
14633			20375	73656	15985			
29820			94094	20310	23871			
18508			22177	19354	216445			
18760			14961	72512	102545			
67916			100182	228790	24044			
26362			230257	80285	74039			
216190			14159	22324	13713			
13618			140497	12508	16154			
56448			18591	66102	67865			
97064			19079	74734	227929			
223227			58809	15894	27060			
18212			14129	56193	114249			
20971			14537	17969	71706			
30937			16164	16822	99543			
14366			16414	20963	17476			
13649			17258	65972	171207			
73284			19271	12013	80877			
74114			23880	74213	19253			
229534			70719	65221	11576			
27494			58861	23921	239217			
56188			60504	74760	11727			
14230			27355	24014	17159			
20512			15936	17874	52855			
12950			21391	14127	74096			
108052			12262	22019	54613			
14451			17948	13654	107373			
76257			20305	14131	54486			
20678			11690	15945	217333			
81879			17096	24088	98365			
74519			13036	21847	56644			
68385			216991	14605	223433			
58187			16768	170743	20202			
13123			21803	20293	15212			
20498			64138	21899	16970			
22329			234779	71586	16331			
83925			17951	20732	15242			
15483			50498	22695	12335			
19125			11656	17972	21810			
12411			14824	16145	18805			
13731			23845	16175	107321			
20917			108101	15937	20201			
22350			229499	12608	231633			
66873			106512	108829	12506			
57738			110006	208104	14247			
12830			219140	80910	218203			
16870			171285	20303	16170			
14221			12628	12363	12796			
56473			67477	207818	16658			
11758			227612	74091	12229			
18128			76681	68774	20345			
19038			16194	15162	233328			
243914			56744	99100	192193			
57265			16598	671535	140570			
12494			15939	60322	217303			
18682			20469	56437	16912			
66277			13040	20128	16909			
58237			226594	15284	54153			
54326			67603	18793	14282			
16816			54199	12984	21815			
14623			12267	21926	72691			
22330			17921	13025	83433			
19283			269823	58801	11555			
50500			75458	20296	16985			
12505			74131	14595	18018			
57319			19264	12475	18054			
68607			224109	67951	213002			
81840			227696	18626	17060			
58238			20852	55942	56485			
98396			13732	233571	268903			
22339			100127111	19332	11513			
232146			216869		22320			
14560			18173		104759			
116847			17533		18753			
329828			11745		56857			
16008			12493		17002			
22421			225027		231931			
29815			21813		15900			
27226			19224		68487			
216739			107350		106952			
140492			74030		74153			
67111			16859		70497			
69239			192654		21938			
12496			54353		11554			
19013			12960		107375			
13850			11810		67712			
219151			105855		12986			
16525			80719		23890			
223254			114584		15446			
53972			12490		381319			
75475			94176		68891			
11761			12495		259277			
14261			78816		26888			
106648			20302		12606			
64385			17872		11910			
94180			217353		193740			
69538			20540		17095			
14066			13057		21682			
17986			19696		20111			
13602			74211		76408			
19309			54354		11857			
18217			14972		26382			
228357			17087		14676			
			50778		104681			
			21897		211550			
			67220		24099			
			23833					
			12370					
			12362					
			80891					
			19128					
			16854					
			17698					
			192187					
			15979					
			15001					
			16456					
			11504					
