Basket	Bergmann	CerebGranule	Golgi	Microglia	Microglia_activation	Microglia_deactivation	Oligo	Purkinje
216233	107022	65971	69908	110956	18035	70839	18025	54120
231440	214944	117606	16619	12655	57444	69922	67102	13592
18208	118452	22255	68567	16430	17210	72560	67801	14025
66673	17304	56410	18159	27056	547253	16792	14763	19051
16590	22341	18424	15569	192232	12259	246177	14618	20957
20315	14184		80888	14594	17534	17305	74559	110197
21419	53896		50779	210998	14538	67246	58869	12424
	72014		72269	18950	22323	15170	14912	19255
	26362		66952	13822	14130	71279	17433	20537
	320712		56839	94212	19766	68964	17988	11854
	56448		24053	74048	12524	56504	14745	19279
	20971		11474	70599	18787	13709	20665	66106
	66240		75288	26377	19073	76088	67731	53313
	19301		54376	102644	20308	30955	66949	21808
	23876		227580	15439	16172	64099	68743	16873
	56188		19395	58805	19698	54445	118446	56808
	108052		105853	20397	17970	50934	52502	67792
	13142		72585	13653	11977	68507	227753	53857
	58187		14257	56338	14455	14991	11484	16000
	67847		74342	21356	11796	17110	107272	98845
	59056		19711	105348	21928	20677	66222	13591
	232345		26366	18686	12260	230787	223864	20190
	12364		14573	12514	69774	56708	18606	100038347
	24117		66815	12227	20321	17390	67516	65115
	13731		12705	66552	12774	14960	105439	16009
	243914		68355	18826	22146	16819	103743	108105
	57266		235415	23849	16978	21812	13195	12822
	17702		282663	329154	80859	67213	338521	13447
	54326			54396	19229	16155	50915	12373
	16816			18783	67742	16971	224794	18545
	14623			15163	73690	53945	18417	16012
	98932			106878	16176	12489	17441	70810
	19376			18707	13685	224860	19144	14805
	320770			63986	16193	12978	211945	12291
	54352			14792	16391	11629	20447	27206
	21948			64209	22033	19261	100434	20840
	50500			21452	14579	66824	68312	70357
	74055			70415	12394	69178	13643	64337
	18830			16197	56706	16476	73940	20513
	319158			233186	229900	14998	76477	380928
	22038			81910	21354	19141	17136	228550
	54409			17084	12702	19650	18991	57295
	19228			16477	12522	21898	21930	26558
	140765			80898	14229	13051	11815	22065
	58238			20375	15216	19277	213019	
	16372			94094	70110	15985	50913	
	80876			13032	26410	100561	67092	
	20195			22177	73656	23871	77125	
	29815			14961	20310	216445	230157	
	75823			66058	19354	102545	14431	
	219151			100182	16600	24044	94226	
	17242			230257	12795	74039		
	109648			14159	17133	13713		
	64385			140497	15370	16154		
	94180			18591	72512	19735		
	238257			81489	228790	67865		
	14632			11906	80285	227929		
	18217			58809	22324	27060		
	19682			14129	12508	99543		
				14537	73130	14426		
				16164	66102	17476		
				241274	58185	171207		
				16439	74734	80877		
				16414	15894	19253		
				22022	56193	30935		
				11303	17969	11727		
				54004	16822	17159		
				19271	20963	12488		
				63959	65972	16988		
				142980	65221	52855		
				23880	23921	74096		
				70719	74760	23999		
				58861	24014	54613		
				60504	17874	18186		
				27355	14127	107373		
				15936	22019	54486		
				21391	13654	217333		
				12262	14131	98365		
				11491	15945	228026		
				17948	53599	56644		
				12721	67547	223433		
				67776	24088	20202		
				20305	21847	19732		
				11690	14605	15212		
				17096	170743	16970		
				13036	20293	16331		
				216991	21899	15242		
				16768	71586	12335		
				21803	19219	21810		
				64138	20732	18805		
				234779	22695	107321		
				17951	17972	20201		
				50498	16145	231633		
				338467	16175	12506		
				11656	15937	20430		
				14824	12608	14247		
				229534	55932	16403		
				19025	208104	218203		
				23845	21817	12796		
				108101	80910	16658		
				229499	20303	12229		
				106512	12363	20345		
				12369	207818	233328		
				110006	74091	192193		
				219140	68774	140570		
				171285	15162	217303		
				12628	99100	16952		
				98878	671535	16912		
				67477	60322	13033		
				76681	56437	14282		
				16194	11867	21815		
				56744	20128	72691		
				16598	15284	83433		
				15939	12984	11555		
				20469	21926	69068		
				13040	13025	18054		
				226594	58801	17289		
				67603	20296	213002		
				54199	14595	17060		
				12267	12475	56485		
				17921	67951	268903		
				18689	18626	11513		
				269823	21937	110095		
				22368	20887	104759		
				74131	233571	56857		
				19264	19332	17002		
				224109	59010	22379		
				20973		12193		
				227696		18129		
				20852		231931		
				75612		20503		
				78889		15900		
				13732		170752		
				100127111		68487		
				14766		106952		
				216869		74153		
				13733		70497		
				18173		15511		
				17533		21938		
				11745		11554		
				12493		107375		
				225027		67712		
				21813		12986		
				19224		23890		
				107350		381319		
				74030		68891		
				16859		259277		
				192654		27419		
				12960		26888		
				11810		12606		
				20947		11910		
				66775		193740		
				105855		17095		
				19039		21682		
				80719		76408		
				114584		236920		
				100504486		11857		
				12490		12807		
				94176		26382		
				56470		14676		
				12495		104681		
				78816		211550		
				20302		24099		
				17872				
				217353				
				20540				
				13057				
				19696				
				74211				
				54354				
				14972				
				17087				
				19252				
				50778				
				21897				
				23833				
				12370				
				26357				
				243771				
				12362				
				80891				
				19128				
				17698				
				192187				
				15979				
				15001				
				16456				
				229600				
				11504				
