Astrocyte	Endothelial	GabaPV	GabaRelnCalb	GabaVIPReln	Microglia	Microglia_activation	Microglia_deactivation	Oligo	OligoPrecursors	Pyramidal
232345	69068	69812	140723	11609	74211	12226	76408	11486	100503859	108100
30956	72275	27220	226049	110834	77034	12259	11666	240913	69388	78408
56325	67647	12862	14419	11441	70045	12260	11350	229595	73270	14200
106861	75255	93695	59012	27278	11303	12273	11629	68743	69066	228550
329910	71406	170835	18101	12801	11491	20293	70497	234094	66503	18012
216739	213393	16502	18430	112407	13733	20303	171207	11484	67261	11922
11606	330385	72413	18610	15561	52614	20308	11910	12183	67419	18164
329828	18671	17380	20319	57014	11690	56706	50769	76893	74846	64011
11652	11482	18049	20604	18142	11810	12774	381319	69993	74702	19229
107747	26364	21393	70551	18167	70719	12475	30948	18417	77592	51791
104776	224792	24117	244810	19733	216869	12508	12229	56173	319215	22671
11761	170757	238555	243312	66611	12227	16149	52163	16840	77800	212712
11829	66395	13869	98970	66402	12262	12522	12335	13038	319781	20907
64008	11641	381413	380755	21334	12267	12524	17079	67102	319259	21375
72014	26360	242735	15442	22353	63955	12983	217303	52840	319556	24001
12411	16952	239790	246313	66561	12362	66102	12489	28075	77798	72097
83453	11746	208213	239336	72753	20302	14127	12506	13361	76184	620760
54371	381823	241514	380702	100415915	20305	14130	15985	68813	99382	71086
12684	214137	235130	435766	16764	12493	14131	12606	98363	11595	329160
12759	11856	56808	12308	11607	23833	246256	56708	74559	109275	330914
74114	666468	14403	12561		12519	14190	26888	66153	11489	245684
107869	11982	380684	18159	12097	72136	73690	102545	14269	11502	74782
64385	231287	227733	22068	228796	23845	80910	72042	118454	269959	100503068
106648	239691	19293		100418235	26920	15162	12959	14854	320844	320495
13123	20878	20563		12918	12905	217995	12978	15245	11717	67498
114874	75736	21333		78892	433375	16172	12986	50905	72713	68404
70503	12236			269683	12960	16175	12988	192897	381201	93708
192970	12380			235379	13040	16190	68964	66124	211961	230085
13371	66815			667705	80281	16193	13033	19144	108105	70727
54156	24047			238252	58861	16822	13051	69297		104582
13649	21939			76668	94176	13590	13808	17136	12159	18951
54326	17064			751546	27261	17135	14026	17196	12162	72961
12496	12562			71275	19252	69774	223433	214944	75388	64176
13860	68178			93885	50498	68774	26382	17433	12235	73032
56473	12741			241489	13822	78388	232288	338367	23829	17896
13998	66864			16625	108670	17869	14676	225908	226359	
14184	224796			231290	80898	17969	23890	18025	72709	
116701	12798			100379145	14071	17972	14913	67149	268958	
14221	12826			320145	14129	18037	14998	14912	12319	
14230	12828			244882	229499	80859	15002	59092	211535	
57265	12925			72701	80891	18081	15212	18584	73332	
14369	20315			235415	108101	106326	15446	58869	20304	
14451	70059			16590	14159	233571	54486	211945	21948	
14560	105841			58998	225020	56193	12807	50784	229776	
14580	319899			18155	23880	76448	193740	26939	12583	
104174	13601			20618	171212	233895	74096	68458	219103	
384009	13614			66673	14537	74760	16154	170952	83922	
107022	353156				63986	19354	16170	110391	99151	
14866	268780				78816	74734	16331	24017	12638	
12950	59308				14700	56437	15900	170799	214685	
74318	13730				75612	12394	117198	94226	110749	
15904	13805				54368	67742	16548	20250	58250	
16404	13846				106512	18787	52855	20358	56773	
233529	69524				14824	20491	56743	18952	234728	
66277	23943				14999	65221	19141	27219	71355	
16848	232237				15000	17128	107321	64383	12841	
243914	14254				171285	20732	16970	105439	71791	
66643	14257				80885	74178	16985	20496	56264	
170790	14268				15163	20963	16988	100434	26427	
66234	17300				23900	24088	17095	67739	208677	
67111	15220				15277	170743	17110	229285	319545	
17960	18301				15939	21926	17159	21351	70377	
68396	14368				15979	59069	223722	230157	13388	
66116	14461				80719	209387	17476	21952	327762	
69049	71962				16197	22324	17916	97031	99586	
17986	236573				27056	271221	246177	66949	108961	
22259	317757				16409	319997	70839	70747	140703	
67122	14615				16414		64099	14038	13855	
102644	625054				16439	12045	30955	52639	13867	
23972	668272				16477	12047	18796	216853	67276	
71904	11536				16643	227210	104759	68994	213027	
18508	14863				16768	14727	140570	73261	14056	
18553	14872				18826	319430	68507	78500	14069	
27273	100198				69757	208228	19253	73989	68303	
69239	15360				17084	246730	15170	71149	245884	
18682	100039781				387160	320207	66824	77119	69627	
11758	15507				58805	244416	19735	328957	14119	
19301	15896				17533	245945	11852	319951	213980	
67442	99899				17906	108115	20111	77739	14149	
19725	15953				17951	100217464	68750	104923	60530	
19892	29817				105855	100217420	56045	211488	14282	
219151	60440				18033	100302601	24044	100504549	385354	
257635	16177				216799	209456	89867	105522	14362	
20352	16186				106582	72807	20345	242037	14371	
20498	29875				66566	14595	20354	320091	14425	
108052	54396				26425	12013	19261	105171	14585	
30805	109700				94212	12363	98365	74268	272551	
26457	209378				71521	108673	104681	320775	100039293	
53896	80880				227696	20296	67712	100502861	100039227	
106878	16542				18707	12608	56485	70054	100502764	
20652	16598				234779	99100	56857	101565	14667	
223227	16779				67220	12984	100340	104252	667736	
20443	50523				67448	20321	69178	74201	408192	
21689	244864				269823	14455	21898	12803	319200	
214359	16842				66812	15216	231633	216033	108682	
22117					67103	15894	21935	242546	15201	
50500	54135				19264	15937	21953	71007	192236	
57776	108075				67844	65972	83433	654465	15460	
22229	100041546				69834	108829	27027	68519	78558	
216558	65964				54354	26410	233276	320981	16325	
22271	53608				217864	17210	74153	77767	208426	
74199	14013				19696	171531	245240	71878	104099	
22361	217721				50778	208104	217262	382105	320910	
22422	105450				56532	17874	66610	434689	211468	
56490					59044	17970	219144	100039045	207474	
65100	68632				19889	74091	242248	329851	71778	
72240	67268				81910	18626	12523	100503147	16667	
72225	18073				74131	12795	73149	244666	16763	
629159	18074				94279	19697	373864	100503337	107753	
73303	107607				231147	24014	76375	14709	269629	
78465	18127				233186	75234	209692	436090		
73486	329416				18173	23921	75974	14870		
70261	18230				20540	59010	74645	52009		
70162	23962				17131	21899	241303	233752	210992	
73040	18260				219140	72512	330217	233877	76113	
433868	18414				20375	22019	230145	16554	114654	
381218	74090				14270	20128	100038847	319991	23939	
75069	71785				70118	67951	217122	76484	17183	
192136	18596				192187	22323	14710	213469	17202	
320939	56376				20852	22695	321019	433099	17203	
77741	18613				21355	15945	320487	381352	17215	
77323	21946				21391	20310	380629	208158	17218	
320315	211623				380712	15284	50708	74466	71567	
100503592	235527				21897	19332	14957	214112	17279	
382062	18830				217203		319164	67824	101694	
338350	27205				68742		319181	239827	22652	
224530	80905				66139		212032	240752		
74205	19038				22177		108960	329064	244654	
71481	19126				22751		211228	263406	17829	
11814	19263				68386		237387	320111	68016	
622434	19285				75444		17105	72446	17932	
224079	237504				73549		74191	665119	210356	
69772	56516				69069		270198	268512	230822	
12096	19663				69918		19204	654818	71740	
12167	19713				72481		78416	170574	234258	
77382	76566				77633		224024	75657	241159	
193280	19737				74364		233274	73526	67169	
	80837				71045		66329	75858	319638	
	67664				70538		212937	74062	18208	
320842	74144				77727		53791	78925	77090	
108802	20195				329253		57916	240690	382075	
243538	209086				319454		215243	230678	260301	
52570	20324				402767		338364	74626	241989	
93674	208449				11542		225049	320587	93728	
	214547						74044	22415	23971	
235302	24058				226652		22268	67469	11994	
13406	229699						210104	52502	93713	
231134	80721				232406		209225	338521	93706	
320092	19879				408059		11555	53897	240334	
13797	72022						11727	14431	18575	
13856	209837				232371		106952	14618	18689	
13861	69698						11857	56356	213522	
71760	21366				332579		17060	50915	102595	
241624	65962				78317		67213	227753	26432	
14065	28250				14747		231871	14745	18846	
100504156	20556				12957		76088	17153	20431	
245050	207818				72318		13593	17441	242608	
208659	20619				70785		192193	213019	18971	
14256	27212				109344		13713	67801	18938	
14634	20668				414101		22379	21827	19303	
100038526	20680				319711		15242	103743	19361	
100038566	66442				209630		259277	67971	71323	
100039043	20446				654820		16792	22239	19739	
622459	241230				791307		80877	73940	56315	
100126227	236920				100041774		233328		381110	
100271704	13830				100038577		17305		71816	
328235	21386				100038752		218203		207742	
432982	21687				100503468		27419		20135	
381260	21814				100504375		74039		20197	
207798	21822				100503704		99543		64929	
665596	100039796				100504501		18805		108151	
665622	21824				100040852		65112		20357	
15077	94242				100040880		108767		353282	
243911	17112				666329		18753		55948	
107515	71929				100041515		16912		271849	
	226040				100041735		54153		20425	
74365	21961				236451		19650		237831	
64899	209039				328314		100561		214663	
78257	326618				332993		54613		67554	
109731	94094				100041530		27060		353169	
240879	72565				74558		21682		73836	
77994	217012				319155		21810		233836	
223646	22288				433638		21812		74338	
74025	53620				385643		21815		11988	
21907	22330				231798		211550		239250	
319555	22370				71827		68487		64075	
634104	22371				110958		21938		382083	
545140	97064				668178		24099		211949	
258380	22436				269181		217333		20787	
18357	72147				723954		54445		70957	
259161	22773				100316810		22320		269019	
18423					723960		69922		100121	
74229					100526505		11576		106759	
402728					100628598		216445		217353	
69129					74376		12796		77056	
18802					27426		68891		270893	
235611					105193		56644		106757	
73075					637515		227929		18383	
109270					627984		13448		21960	
74002					258581		14960		22029	
110333					18576		17002		22032	
319229					219131		18054		13003	
94282					215632		20201		22355	
74637					219132		20202		269902	
71803					19331		71607		330192	
277468					628705		230787		215280	
243616					72549				619287	
28253					227717				21417	
104369					19428				94187	
100217445					497106				238690	
74434					328381				225207	
50878					214111					
320558					320706					
214804					76925					
72504					100037283					
83558					66654					
69671					69769					
22061					93841					
22236					353373					
94284					75083					
195434					27083					
100038371					240869					
232785					22717					
407821					70227					
52538					67477					
94180					216991					
27360					100182					
76187					329154					
77559					12010					
216190					12370					
98660					54199					
11932					140497					
67896					12514					
12505					12628					
58187					75458					
56448					114584					
74519					64138					
329877					13057					
13527					26377					
68801					81489					
232146					67603					
22350					98878					
14066					12495					
58238					16456					
14261					210998					
56188					14594					
14405					105348					
14600					110355					
14623					110006					
14633					14972					
14661					15001					
14756					64209					
195733					15936					
14813					16164					
14862					60504					
15483					16194					
56741					23849					
16011					16859					
16816					17087					
16870					17096					
210126					17698					
17304					17948					
17387					224109					
75541					18591					
29811					192654					
18212					18783					
18217					17872					
75475					19128					
18679					19224					
27226					170791					
19013					56470					
53412					74030					
116847					58809					
18760					26943					
19125					20469					
19206					54353					
110078					100127111					
74013					21356					
225998					21452					
13609					21788					
20971					227612					
68607					22368					
57738					74048					
20511					67776					
20512					11906					
55963					12655					
76257					110956					
98396					27355					
54403					21803					
58807										
20598										
57319										
81840										
20682										
26942										
81879										
68385										
192216										
66873										
83925										
57257										
22329										
