Astrocyte	Microglia	Microglia_activation	Microglia_deactivation	Oligo	SpinalCordCholinergic
30956	74211	228790	67246	240913	73737
268860	67477	14595	76408	68743	66952
94180	216991	11796	11513	11484	239435
216739	13733	12259	11554	69993	11423
27360	100182	12260	11555	18417	75986
76187	11656	12363	11576	13195	433855
11541	11690	20293	11629	13643	12306
329828	329154	20296	11727	338521	11746
11639	11745	20303	16952	53897	14570
107747	11810	20308	106952	14618	70317
104776	70719	56706	70497	14696	65115
27494	216869	12774	171207	227753	381356
69538	107350	12475	216445	66124	12294
11761	12010	12508	11857	71529	12310
11829	12262	12522	11910	67557	116903
98660	12267	12524	381319	225341	140904
11932	12362	12608	17060	14745	27220
26362	12370	99100	12229	17136	12404
29815	20302	12984	72691	17433	215814
72014	20305	13025	12796	17441	215707
12411	54199	15945	12335	17988	24047
67896	140497	66102	68891	29862	12484
108686	12490	20310	217303	67149	13136
12444	12493	13654	12489	18088	72269
12494	23833	14127	12506	14912	104010
12505	12514	14130	15985	50913	170677
58187	12628	14131	12606	213019	69065
12759	12655	20321	56708	102693	80515
12830	23845	73690	26888	211945	12652
107869	114584	80910	56644	67801	246048
56448	12721	15162	102545	18991	12716
74519	12960	15216	70031	68458	74438
64385	13036	15284	12978	19337	170571
106648	13040	15894	12986	94226	66915
13123	64138	15937	68964	27219	12891
16007	80281	65972	13051	20408	73720
13138	13057	70110	227929	105439	13056
13175	58861	16145	76088	20665	13347
13371	110956	16172	13593	56471	13829
13405	26377	16175	192193	72160	226162
13527	94176	16176	13713	21952	13483
13618	50498	16190	23871	66949	15569
13649	98878	16193	223433	70747	14077
54326	13732	16391	107373	22153	14172
13731	12495	57444	26382		14226
12496	16456	108829	14247		57780
13850	14129	21847	22379		14406
22350	229499	16822	231931		14675
14066	80891	16978	14676		64337
56473	108101	26410	23890		14778
223254	14159	17210	14960		56541
14114	23880	171531	14998		15165
13998	14537	17534	14991		56016
14184	14594	69774	15212		15405
14221	63986	73656	15242		15413
14230	78816	68774	15446		15426
14261	105348	17874	54486		50786
56188	106512	17969	74096		15507
57265	14824	17970	213002		80888
14400	110006	17972	16154		16373
14405	14961	18035	16155		16392
14560	14972	80859	16170		107250
14623	15001	233571	16331		16511
104174	171285	671535	15900		211480
14633	15163	547253	239217		16527
14756	64209	80285	259277		16728
195733	15277	18626	52855		16852
14813	15439	18793	16792		22342
12950	192232	56193	16819		102747
15483	15936	58801	16909		23936
56741	15939	19332	107321		29857
16008	15979	74760	80877		70717
16011	80719	19354	16970		17395
209378	16164	74734	233328		56309
16443	60504	19766	16985		380684
140492	16194	24014	16988		18039
16816	16197	75234	17002		18040
16870	27056	56437	17095		54003
210126	54396	12394	17110		78688
16206	16414	67742	16658		18162
17304	16477	18787	17159		78593
170790	16598	23921	17305		80883
17909	23849	20491	17476		67405
75541	16768	65221	218203		12695
13004	16859	67547	246177		66425
18212	17001	207818	72560		64058
18217	17084	12702	17952		227733
102644	17087	20732	74039		78977
23972	17096	19073	18054		19132
18508	17258	20963	114249		19142
229534	58805	21354	268903		75668
18596	17533	21817	99543		19711
27273	17886	24088	70839		50782
69239	17912	21899	64099		228543
18679	17921	170743	30955		19894
18682	17948	72512	224860		239405
27226	17951	21926	104759		20191
18994	105855	21928	68507		20194
19013	224109	22019	16912		20265
19038	27355	20128	19253		20346
116847	18591	22228	15170		50795
18760	56744	22324	66824		212531
19125	18686	22695	54153		140919
19206	227696		67865		20508
19283	18707		19735		243328
110078	192654		20111		103098
225998	234779		20201		66402
13609	67220		20202		20618
70097	67448		20345		20745
219151	269823		98365		20750
20255	17872		104681		76650
20971	19128		67712		52331
12406	230257		107375		20257
108052	19264		56485		29859
57738	19271		56857		71733
20511	54354		53945		20983
20512	170791		50934		72148
55963	226594		69178		57816
76257	19696		54613		19240
98396	50778		27060		70551
54403	56470		21682		21987
53896	58809		21810		22045
58807	74131		21812		24111
57319	26943		21815		22317
81840	233186		230787		69847
20678	20469		211550		56418
26938	18173		21898		
81879	20540		231633		
21808	100127111		68487		
21859	219140		21938		
68385	20375		83433		
192216	14270		217333		
214359	225027		74153		
29820	192187		54445		
66873	20852		22320		
50500	70415		69922		
22329	21391				
22339	21803				
97064	21813				
22601	21897				
	107769				
	217353				
	227612				
	76681				
	94094				
	22368				
	22177				
	74048				
	11906				
