Astrocyte	Ependymal	Microglia	Microglia_activation	Microglia_deactivation	Oligo
30956	12316	74211	14595	76408	70025
94180	20878	67477	11796	11555	11735
216739	58208	433256	12363	11576	68743
76187	140723	216991	20293	11629	11815
11606	12458	13733	20296	11727	11484
329828	12479	100182	20308	16952	18557
107747	12484	329154	12774	106952	18417
11761	107995	11745	12524	70497	13195
11829	66953	70719	12608	171207	252864
98660	107934	216869	12984	216445	66959
11932	229841	107350	13025	11857	192657
26362	108000	12010	15945	381319	74559
72014	107932	12267	66102	12229	338521
12411	12890	12362	20310	72691	53897
67896	13008	12370	14127	12796	14431
12494	229473	20305	14130	12335	14618
58187	66686	140497	73690	68891	50915
12759	13193	12490	80910	217303	73940
12830	13390	12493	15162	12489	66124
107869	111970	23833	15216	12506	71529
56448	13392	12514	15284	15985	16485
74519	13395	12628	15937	56708	67557
64385	15569	12655	65972	26888	225341
106648	14417	23845	70110	56644	14745
13123	68616	114584	16175	102545	17136
16007	75426	12721	16190	70031	17758
13371	57444	12960	16193	12986	84004
50781	73804	13036	16391	68964	17433
13649	17755	80281	21847	227929	17441
54326	217653	13057	16822	76088	17988
12496	17345	58861	26410	13593	29862
13850	17932	26377	171531	192193	67149
14066	215387	94176	17534	13713	14912
56473	27528	50498	69774	23871	50913
14164	108907	98878	73656	223433	213019
14182	93686	13732	68774	107373	211945
14184	75745	12495	17874	26382	67801
14221	74194	16456	17969	14247	18991
14230	20419	14129	17970	231931	68458
14261	240726	229499	17972	14676	18762
57265	20666	14159	18037	14960	19337
14400	20450	23880	80859	14998	94226
14405	24001	14537	233571	14991	18952
14560	21973	14594	671535	15242	27219
14600	68612	63986	547253	15446	105439
14619	142682	78816	58801	54486	20665
14623	170753	105348	19332	74096	83671
104174	68014	106512	74760	213002	56363
14633		15001	19354	16154	72160
14756		171285	74734	16155	21952
195733		15163	75234	16170	74257
14813		15277	56437	16331	70747
12950		192232	12394	239217	22153
15483		15939	67742	259277	
56741		80719	18787	52855	
16008		16164	23921	16819	
16404		60504	65221	16909	
209378		16194	67547	107321	
16525		16197	207818	16970	
140492		27056	12702	233328	
16779		16414	20732	17002	
16816		16477	20963	17095	
16870		23849	21817	16658	
210126		16768	24088	17159	
16206		18826	170743	17305	
66725		16859	72512	218203	
170790		17001	21926	246177	
75541		17087	21928	72560	
18217		17096	22019	74039	
23972		17258	20128	114249	
18596		58805	67951	64099	
69239		17533	22324	30955	
18682		17886	22695	224860	
27226		17921		104759	
19013		17948		72324	
19038		17951		68507	
116847		224109		16912	
19125		27355		19253	
110078		18591		15170	
19309		56744		54153	
19737		18707		20111	
225998		192654		98365	
13609		234779		56485	
219151		67220		53945	
20255		67448		50934	
108052		269823		69780	
57738		19128		69178	
20511		19271		54613	
20512		54354		27060	
55963		226594		21682	
76257		19696		21810	
98396		56470		21815	
54403		74131		230787	
53896		26943		21898	
58807		233186		68487	
57319		20469		21938	
81840		18173		24099	
81879		20540		83433	
21808		219140		217333	
21859		20375		74153	
68385		14270		54445	
142980		192187		22320	
192216		20852			
214359		70415			
29820		21356			
66873		21391			
50500		21803			
57257		21897			
22329		107769			
22330		217353			
22339		76681			
97064		94094			
		22368			
		74048			
