Astrocyte	Dopaminergic	Microglia	Microglia_activation	Microglia_deactivation	Oligo
106861	11516	74211	14595	76408	68743
94180	11941	67477	11796	11554	192657
216739	56808	216991	12259	11555	53897
68738	320405	13733	12260	11576	14431
76187	12308	100182	12363	11629	14618
329828	17470	11656	20293	11727	50915
107747	12570	11690	20296	106952	78303
11761	108013	329154	20303	70497	66124
11829	67260	11745	20308	171207	225341
26362	12652	70719	56706	216445	17441
72014	12653	216869	12774	11857	50913
12411	11440	107350	12475	11910	213019
67896	64085	12262	12508	381319	211945
12444	66797	12267	12522	17060	68458
12494	12889	12362	12524	12229	19337
58187	13056	12370	12608	72691	21952
12759	13386	20302	99100	12796	66949
12830	13483	20305	13025	12335	70747
29873	15569	54199	15945	68891	
107869	13807	140497	66102	217303	
56448	13821	12490	20310	12489	
74519	14406	12493	13654	12506	
64385	14783	23833	14127	15985	
106648	16498	12514	14130	12606	
13123	93688	12628	14131	56708	
16007	22342	12655	20321	26888	
13527	60597	23845	73690	56644	
13649	17957	114584	80910	102545	
54326	18227	12960	15162	12986	
13731	78593	13036	15216	68964	
12496	18197	13040	15284	13051	
13850	80883	64138	15894	227929	
232146	59093	80281	15937	76088	
22350	18548	13057	65972	192193	
14066	18752	58861	70110	13713	
13998	19711	110956	16175	23871	
14184	19713	26377	16176	223433	
14221	67792	81489	16190	107373	
14230	75745	94176	16193	26382	
14261	217340	50498	16391	14247	
57265	20254	13732	57444	14282	
14560	20265	12495	21847	231931	
14623	110876	80898	16822	14676	
104174	57138	16456	16978	23890	
14633	94229	14129	26410	23894	
14813	229706	229499	17210	14960	
15483	13162	80891	171531	14998	
16008	20603	108101	208104	14991	
16404	20618	14159	69774	15212	
209378	319317	23880	73656	15242	
140492	20733	14537	68774	15446	
66277	20745	14594	17874	54486	
16816	20983	63986	17969	74096	
16870	21338	78816	17970	213002	
30937	23963	105348	17972	16154	
210126	21823	106512	18035	16155	
17035	57775	14824	18037	16170	
75541	116811	110006	80859	16331	
17986		14961	74091	15900	
18217		14972	233571	239217	
102644		15001	671535	259277	
23972		171285	547253	52855	
18508		15163	18793	16819	
229534		64209	56193	19141	
69239		15277	58801	16909	
18682		15439	19332	107321	
27226		192232	74760	80877	
67916		15936	19354	16970	
19013		15939	74734	233328	
53412		15979	56437	16985	
116847		80719	12394	17002	
18760		16164	67742	17095	
19125		60504	18787	17110	
19283		16194	55942	16658	
225998		16197	23921	17159	
219151		27056	20491	17305	
20255		16414	65221	17476	
108052		16477	207818	218203	
57738		16598	12702	246177	
20512		23849	20732	72560	
76257		16768	19073	74039	
98396		18826	20963	18054	
53896		16854	24088	268903	
58807		16859	21899	99543	
57319		17001	170743	70839	
81840		17084	72512	64099	
81879		17087	21926	30955	
68385		17096	21928	224860	
29820		17258	22019	104759	
66873		58805	20128	72324	
50500		17533	14605	68507	
22329		17698	67951	18753	
22330		17912	22228	16912	
22339		17921	22324	19253	
22421		17948	22695	15170	
97064		17951		66824	
		105855		54153	
		224109		67865	
		27355		20111	
		18591		20201	
		56744		20202	
		227696		20345	
		18707		98365	
		192654		104681	
		234779		56485	
		67220		56857	
		67448		53945	
		269823		50934	
		17872		69178	
		19079		54613	
		19128		21682	
		67103		21810	
		19224		21812	
		19264		21815	
		54354		230787	
		226594		211550	
		19696		21898	
		50778		319880	
		56470		231633	
		58809		68487	
		74131		21938	
		233186		24099	
		20469		83433	
		18173		217333	
		20540		74153	
		100127111		54445	
		219140		22320	
		20375		69922	
		14270			
		225027			
		192187			
		20852			
		70415			
		21391			
		21452			
		21803			
		21813			
		21897			
		107769			
		217353			
		227612			
		76681			
		94094			
		22177			
		74048			
