Astrocyte	GabaReln	Hypocretinergic	Microglia	Microglia_activation	Microglia_deactivation	Oligo	ThalamusCholin
209378	72413	69908	110956	18035	70839	67801	216233
75541	59093	12565	12655	57444	69922	66066	22178
12406	231440	14528	27056	17210	72560	71529	20686
13527	23964	68567	17912	547253	16792	18952	21928
56376	234797	12922	192232	20491	246177	14618	18227
12444	17263	64242	14594	12259	17305	74559	17311
214359	26875	20194	14270	17534	67246	14912	15564
21859	94332	15171	74048	14538	319880	17433	66042
77559	21955	22045	170791	14130	15170	14745	227929
27360	19281	56534	26377	19766	68964	20665	212531
23972	14417	15114	15439	12524	13709	66949	16531
29873	66970	12425	57259	18787	76088	68743	18012
11639	20527	13162	107769	19073	30955	227753	13591
107747	11440	16009	58805	20308	64099	11484	21414
76187	20192	13447	105348	16172	54445	53897	53608
67896	18195	15372	18686	17970	50934	240913	66952
13998	229706	228543	12514	171531	14991	105439	56846
104174	72269	103988	18826	11977	17110	103743	20349
52538	16438	54376	23849	11796	17215	338521	22774
102644	56808	16939	67103	12260	230787	18417	74053
18028	12289	54140	12010	18037	56708	17441	110834
19737	16000	105853	329154	69774	14960	211945	54352
20652	93892	12683	54396	20321	16819	100434	620078
17304	21338	18548	15163	12774	21812	73940	20618
98660	14799	16493	18707	16978	67213	66124	56066
12759	219257	80334	67448	80859	16155	17136	17116
30956	11819	14778	63986	67742	53945	11815	140781
11541	16869	13386	80281	73690	12489	68458	207728
210126	16502	18216	21452	16176	224860	213019	12297
13175	21349	192199	70415	16193	12978	72160	16372
14184	11847	76770	16197	16391	11629	50913	104271
53896	100303646	20733	233186	12394	66824	27219	70357
18679	22255	18610	15277	56706	69178	225341	320405
20511	170826	67405	17084	12702	14998	14431	20508
14182	12300	14570	16477	12522	19141	94226	17380
58807	319317	13180	80898	15216	21898		16373
14813	170677		17001	22228	13051		230899
70097	12291		20375	70110	15985		20606
72014	19699		94094	26410	23871		218763
16007	14409		22177	73656	216445		21334
53412	20370		14961	20310	102545		
107869	214189		100182	19354	24044		
67122	102614		230257	72512	13713		
13138	14462		14159	228790	16154		
14633	14408		26943	80285	27060		
29820	15165		140497	22324	114249		
18508	109594		18591	12508	99543		
18760	244867		81489	66102	17476		
16443	14160		19079	74734	171207		
26362	107831		11906	15894	80877		
17909	18424		58809	56193	19253		
16779	18155		14129	17969	11576		
13618	235415		14537	16822	239217		
56448	94229		16164	20963	11727		
97064			16414	65972	17159		
17920			17258	65221	52855		
18212			19271	23921	74096		
54403			23880	74760	231871		
16011			70719	24014	54613		
20971			58861	16190	107373		
30937			60504	17874	54486		
14366			27355	170625	217333		
13649			15936	14127	98365		
56741			21391	22019	56644		
13371			12262	12257	223433		
50781			17948	13654	20202		
55963			12721	14131	15212		
229534			20305	15945	16970		
27494			11690	67547	16331		
56188			17096	24088	15242		
14230			17886	21847	12335		
20512			13036	14605	21810		
12950			216991	170743	18805		
108052			16768	20293	107321		
14114			21803	21899	20201		
192216			64138	71586	17260		
76257			234779	20732	231633		
81879			17951	22695	12506		
11829			50498	17972	14247		
74519			11656	16175	218203		
14619			14824	15937	16170		
68385			23845	12608	12796		
58187			108101	108829	16658		
13123			229499	208104	12229		
20498			106512	21817	20345		
22329			110006	80910	233328		
83925			219140	20303	192193		
15483			171285	12363	217303		
13004			12628	207818	16952		
19125			67477	53376	16912		
12411			227612	75234	54153		
14400			76681	74091	14282		
13731			16194	68774	21815		
22350			56744	15162	72691		
66873			16598	99100	83433		
57738			15939	671535	11555		
12830			20469	60322	18054		
14221			13040	20128	213002		
56473			226594	15284	17060		
18128			54199	18793	56485		
19038			12267	12984	268903		
234356			17921	21926	11513		
243914			269823	13025	22320		
57265			75458	58801	104759		
12494			74131	20296	56857		
18682			19264	17869	17002		
66277			224109	14595	231931		
58237			227696	12475	15900		
54326			20852	19697	68487		
16816			13732	67951	106952		
14623			100127111	18626	74153		
16206			216869	233571	70497		
108686			13733	19332	21938		
22330			18173		11554		
19283			17533		107375		
50500			11745		67712		
215819			12493		12986		
57319			225027		23890		
68607			21813		15446		
18596			19224		381319		
22117			107350		68891		
16404			74030		72324		
20255			16859		259277		
116701			192654		26888		
81840			54353		12606		
110078			12960		11910		
98396			11810		193740		
22339			66775		17095		
232146			105855		21682		
14560			80719		20111		
14405			114584		76408		
116847			12490		11857		
329828			94176		26382		
16008			12495		14676		
11932			78816		104681		
22421			20302		211550		
27273			17872		24099		
27226			217353				
216739			20540				
69239			13057				
12496			19696				
19013			74211				
13850			54354				
219151			14972				
170790			17087				
223254			50778				
75475			21897				
11761			67220				
14261			23833				
106648			12370				
13609			12362				
14756			80891				
64385			19128				
94180			17698				
69538			192187				
14066			15979				
17986			15001				
13602			16456				
18217							
228357							
