Xist 5.73942669311425 0.515606298058804 -0.369743355343125
Tfap2b 5.7326544641256 0.787420403936249 0.367915557741284
Ptprk 5.64248029071923 0.754281108825486 0.542408384960876
Sla 5.5859710984509 0.759162964659831 -0.267188652605411
Socs2 5.46439885968412 0.737969317786244 0.68847244460596
Kit 5.41169270551655 0.755356136813457 0.765095953302908
Slc32a1 5.38345907673835 -0.0831521055086832 0.0490052253061562
Parm1 5.23946364137703 0.69428734999964 0.685530392744461
Ptprz1 4.94652659654012 0.670761954184544 0.507663980896554
Eml5 4.5304198782745 0.654526929583836 0.54097365290557
Cxcl12 4.42179143002199 0.742674296786403 0.623395402812249
Lamb1 4.38118265801666 0.293643024504366 0.382665104743396
Sorcs3 4.29939545531679 0.819509882572922 0.694139826276728
Kcnma1 4.26149063273772 -0.0701103669381447 -0.0495009634800088
Cacna2d3 4.25609429487321 0.692229285624594 0.44978166791872
Elavl4 4.09618805635964 0.611111998611551 0.553109166894801
Gabra1 3.94277906632611 -0.0991201525364647 -0.106499120260095
Il22|Iltifb 3.88737405073232 -0.044924491434911 0.655109912648428
Tfap2a 3.88405357861258 0.378398275219545 -0.18441452737037
Gldc 3.85143595583052 0.702948182437952 0.136597981264491
Gad1 3.84461253774592 -0.0672783758420364 -0.0170744301444965
Cntn4 3.80954671695179 0.493756040602019 0.486182694909984
Ntn1 3.7877367399813 0.708789057914616 0.710236374401064
Snhg11 3.72301332523854 -0.051313979387248 0.114966853150075
Mia 3.66138137645262 0.807517656207013 0.64578280626388
Cidea 3.63872325522028 0.743248731979721 0.311668409807433
Ly6h 3.58205584463186 0.657534706202248 -0.0826879406550237
Atp1a2 3.56117459459521 0.320874739481137 -0.14734233266709
Mpp7 3.51959596558011 0.71280262887129 0.518279904380854
Apba2 3.51170278071602 0.666771420670354 0.557699257847384
Timp3 3.50991536622367 0.760049952709458 0.591543642668736
Plxnc1 3.49092933284313 0.59240834472734 0.174599008152351
Gdf10 3.48545709824041 0.404475153641377 -0.0820101064062651
Hcn1 3.4791996917998 0.267461465375775 0.263790385343586
Dcx 3.42027667888665 0.576781169063826 -0.0360353953430934
Slc1a3 3.41493457295186 0.364130937449536 -0.151898197155048
Dscam 3.40061020310463 0.381224360233271 0.296131196384223
Meg3 3.36699071942219 0.117118396920383 0.0441952290887018
Sp5 3.36134332116044 0.797875066185927 0.481399203943062
Gpm6b 3.35927735603766 0.162552066971644 0.102951954511617
Pak3 3.35671064225494 0.571854544781057 0.323773611303393
Slc24a3 3.3228959816905 0.66072134571031 0.797840595862941
Mmp14 3.26999160487492 0.596936298969715 0.112389523469493
Rspo2 3.20924872636619 0.771764210480367 0.57588321768583
Magi1 2.62255370854131 0.724016218532297 0.380341308751289
Tsks 2.60041554067246 0.530803563505557 0.178312015524137
Syt17 2.5871394042509 0.56672799230524 0.24311798423574
Adamts15 2.56803604110963 0.801407772299485 0.707329116957105
Rec8 2.29398852961337 0.66495690841135 0.0831779401477728
