Tlcd1 6.28527974713714 0.629478312931515 0.66461818028208
Aldh1a1 5.94055285589014 0.428525278658733 0.358904301812493
Ntsr2 5.86802881558179 0.701790453232061 0.709473110697535
Itih3 5.82839413069124 0.394090705614622 0.204245685978662
Ttpa 5.73354182676469 0.733465847101489 0.638435411388736
Wif1 5.73092658078255 0.714914907733571 0.0818304253964671
Sox2 5.68833374594104 0.428501372799543 0.381864285941087
Mgst1 5.58410996342622 0.528115176264655 0.347896761099334
S100b 5.53319229862558 0.251959863563988 0.223908468873646
Elovl2 5.46545684266391 0.662493873058868 0.683881291172482
Gdf10 5.46064374142912 0.379218307155889 -0.0820101064062651
Gpm6b 5.36023742528712 0.197693123078887 0.102951954511617
Fxyd1 5.33998330385484 0.745774867731066 0.73134854002809
Efhd1 5.30284710754043 0.346531797941689 -0.0721348012602418
Tril 5.21766613597251 0.413654316682386 0.101951439075333
Cldn10 5.16787810724605 0.744143619202822 0.707308404626604
Gjb6 5.14871534334072 0.689545861301732 0.620924655704137
Fabp7 5.11168974012578 0.355770835679686 0.298021734721577
Gpr37l1 5.02329828480899 0.229453413677487 0.325990416723546
Aqp4 5.01790574854422 0.319437447646522 0.0738927601728026
Gria1 5.01541097725437 -0.0706022835852338 -0.0459892483065755
Cyp2j9 4.99926305664144 0.500016724723998 0.454806509013289
Slc14a1 4.96627197790385 0.673065357461693 0.533007467600396
Cxcl14 4.9008020239853 0.716425207269004 0.72232304039695
Pdlim4 4.89388968224358 0.7525979562679 0.782992741177244
Lxn 4.8935576767026 0.508584530089495 0.526251126487406
Mal 4.88643899447944 0.195875319288156 0.425490143420315
Gnb4 4.88290588097926 0.569312243986703 0.600342256881777
Cdc42ep4 4.85690571310272 0.567634801922631 0.541910789469113
Mlc1 4.84982131253639 0.459230708206229 0.369538108048318
Cebpd 4.80684582313557 0.624486606061396 0.602112478279903
Plekhb1 4.78877905002625 0.22272667704246 0.441672701692789
Mt2 4.75525127029569 0.389003548467616 0.376676538810727
Dao 4.73434207348707 0.681448006999932 0.630598258775523
Hk2 4.72960303003577 0.607693033933963 0.173752438399486
Tnfaip8 4.70790978115194 0.727441592950373 0.531433566121212
Atp1a2 4.69760992737221 0.289230542833286 -0.14734233266709
Cacng5 4.69309214667417 0.408606983500394 0.0539897129600173
Timp4 4.6847901683472 0.233149215872075 0.0947741948562905
Vim 4.67481733258457 0.243612635415778 -0.0508450771637311
Fam227b 4.66929556051974 0.713714464504786 0.67424428789086
Hsd11b1 4.65658355058885 0.551409115023305 0.726553962524159
Id4 4.6131635959615 0.366267301333013 0.129781890020176
Gramd3 4.56704775422917 0.664649858697833 0.407470056922645
Acsbg1 4.55270314047611 0.572162814416306 0.166632387354656
F3 4.54705703009929 0.524048724800883 0.337666420279338
Efs 4.54300456448184 0.581495433244251 0.290059166899522
Rab34 4.54092029937322 0.578497848529587 0.606012806054873
Fgfr3 4.5310925570587 0.685910955414026 0.675732859061846
Plp1 4.52406319957182 0.110208432549184 0.316756780743656
Apoe 4.48805269006619 0.32441655771884 0.0771392243404767
Slc1a3 4.48775566725309 0.324671969836001 -0.151898197155048
Pla2g16 4.48145509420359 0.361235443729886 0.188843765245787
Baalc 4.47141076013641 0.776763486349994 0.771266838400638
Cdc42ep1 4.44132930047555 0.569432124456501 0.531196962269019
Scrg1 4.43181159323707 0.530125889559114 0.215258893062665
Pmp22 4.4180025573097 0.345564847347684 0.0526432057279432
Gas1 4.40053713323475 0.420677404735015 0.0410401554508754
Cryab 4.36673837733132 0.101086623338406 0.421522517237162
Lcat 4.36289299740802 0.588872401000649 0.227157662223422
Gja1 4.34528988808877 0.179114543453622 -0.172594279496318
Emp2 4.32645001181115 0.731798343841129 0.678656116652737
Sash1 4.31992887725021 0.411629697311644 0.317928948648392
Clic4 4.31678201227615 0.247785489065101 0.341301439879242
Pla2g7 4.31534094738305 0.409001327467638 0.16498387106143
A2m 4.30146108231896 0.611982657033911 0.420151569809577
Kcnj10 4.29491150004452 0.135033426071639 -0.164750208969125
Tmem30b 4.28060052112145 0.588153641269896 0.502989629874216
S100a6 4.26813035684194 0.455686756506727 0.0981112806555731
Metrn 4.2635595818906 0.529753625312814 0.558120724774398
Gstm1 4.25771543733669 0.377244153282511 0.181899009755591
Aard 4.25725240089128 0.601759362457465 0.522015289319049
Wwtr1 4.22743151460983 0.255546343278345 0.356880425463925
Mbp 4.21256428311738 0.0222994919351265 0.192541646882338
Sdc4 4.19987151737668 0.650376723630979 0.544770355967702
Slc7a10 4.1994247886813 0.666937810285125 0.640367325623258
Spag5 4.19352026359011 -0.2433261184786 -0.274101211683306
Gabrb1 4.17790480792089 0.455980858940563 0.139492352292403
Pltp 4.1598274059726 0.508409332200456 0.505602083307555
S100a11 4.12618102185419 0.739223075926254 0.764504408192204
0610040J01Rik 4.12205286192627 0.648127877362159 0.317905413449888
Mmd2 4.1202926113908 0.391461852208291 0.288879499495174
Smpdl3a 4.09578540317477 0.549986752308113 0.471858914427304
Hist1h2bc 4.08867885334156 0.315444868344661 0.452833454084252
Casp12 4.07875577937174 0.745822396535777 0.502722893904409
Cd70 4.07417978559785 0.762358283077185 0.678650957003347
Npy 4.06151951595974 0.74190344658502 0.716943265979086
Evi2a 4.05252987558159 0.283609986086888 0.509873015374916
Hpgd 4.04813543273372 0.632749787723004 0.715150768659891
Ramp2 4.03776424835844 0.728434455368688 0.487193191132949
Scara3 4.03584225542669 0.784104778219182 0.690040978051565
Fam181b 4.02462563036985 0.749254159183567 0.676977042552542
Plce1 4.0131899925705 0.620294977898761 0.517733557924186
Plpp3 4.00466591242785 0.30338615522075 -0.174557832098637
Mdk 3.98931765321247 0.659707910347325 0.582149802436439
Dio2 3.97603033465493 0.543430181353332 0.576162933852732
Bcar3 3.97435745252421 0.714353429233401 0.708731683358309
Itgb5 3.96422693305404 0.484002306788027 0.5651042635478
Hist1h4i 3.95347212701835 0.660105186997029 0.639352136095323
Eva1a 3.94595805143048 0.70235245494556 0.149758307703205
Cables1 3.9405887028621 0.680949946755623 0.115836321878105
Trip6 3.93914861861784 0.565034054928724 0.531272537946359
Htra1 3.92983095886492 -0.194761884151234 -0.41462319568374
Ppp1r3c 3.92209420600024 0.592427086453324 0.611418802199829
Rdh5 3.92178982212675 0.688155961984268 0.548517002895758
Ucp2 3.91423068554336 0.753428684208775 0.76122467656052
Car10 3.90775961007783 0.456262604515351 -0.106900778001186
Rnd2 3.9012937187122 0.563525837902798 0.149874875231293
Rhoj 3.89587662892806 0.556717079220451 0.3630700932851
Sept8 3.87347162746897 0.381025167444863 0.36815409623903
Acadl 3.86762810032922 0.506598955127974 0.579768589534707
Rhpn2 3.86676110400653 0.42079345204636 0.214561964676787
Ramp1 3.85452196285816 0.487790235858017 0.290353945384209
Fmod 3.84507019683553 0.466693097132166 0.447083857519993
Ppp1r14a 3.8388844710894 0.210205926554244 0.457677119549892
Sparcl1 3.83308010816872 0.259988951278691 0.069039645229337
Ntrk2 3.81808016073759 0.544642086809 0.570539322082053
Zfyve21 3.80727908681969 0.461991455338126 -0.0629857756283856
Plscr1 3.80439062485016 0.781145275795364 0.774334014378901
Thbs3 3.79817750988071 0.591174663850592 0.175106650237919
Gstk1 3.79778495414312 0.412425107741961 0.0084079662665213
Cnn3 3.77492064803848 0.264689706095544 0.508399786875042
Mpp6 3.77425198772196 0.447649061976585 0.476325940854646
Pxmp2 3.76910781364779 0.676875800007407 0.720935426041297
Cyp4v3 3.75845161483069 0.346835263573608 0.368432301392321
Ttyh1 3.7413764308353 0.212267930690255 0.00236639847166761
Rida 3.73830914897364 0.564402715743911 0.494442776595562
Cyp2d22 3.72311298631152 0.658924918642615 0.674689349214926
Fkbp9 3.72005572806786 0.42678648576446 0.243524825621158
Abi3bp 3.70589924962368 0.629120361042871 0.257350023477105
Zfp36l1 3.6877686497483 0.372898162140599 0.184070770732751
S100a10 3.68503344552927 0.407334149663636 0.209423982084776
Vegfc 3.67323993667723 0.748224961788979 0.713968423778805
Rhoc 3.65484941315127 0.476371324578164 0.252586937925332
Chil1 3.64604287806346 0.77594183798289 0.77291388122849
Tesk2 3.6434126703942 0.564039575443605 0.320313127571249
Myl9 3.63648598904048 0.743922485231777 0.742100865681193
Lgi4 3.63523346990639 0.631066626725681 0.405365295409611
Aldh1l1 3.62470037660636 0.507021720596907 0.0348511919411654
Cd9 3.62308194268834 0.232707938959379 0.137726239479562
Serpine2 3.6208248746392 0.22648752114693 0.260753262467764
Gabrg1 3.61318673884931 0.530683289298919 0.35002958136896
Mfge8 3.61084364816541 0.555639646437051 0.243002673297646
Hopx 3.60570538014916 0.341855802816474 0.506578797423852
Igdcc4 3.60404109163656 0.456312909249057 0.426661953889115
Yap1 3.60186446822567 0.351226256147658 0.603823769703875
Mob3b 3.59565839864095 0.768051039538549 0.757308276618795
Dock1 3.59350964612931 0.472827569096836 0.460365610517373
Fbln5 3.5791227123684 0.763041280673756 0.639657454997594
Jam2 3.57132946887727 0.541143433307421 0.550092811021535
Ptgds 3.57055086261709 0.117290705887798 0.30669187110008
Gstt1 3.55370227021129 0.612490147355073 0.376211327762375
S100a1 3.55045894510901 0.448893261780265 -0.00293085149987946
Tmem47 3.54956073027232 0.302737059653983 0.206604446505948
Prkd3 3.54784427867683 0.37469478918846 0.236781430110172
Slc13a3 3.54591890622581 0.415850202584078 0.389659994803042
Fam81a 3.53356974103581 0.653080973148681 0.605412883546849
Asrgl1 3.51788481179296 0.282593949774189 0.253856358933922
Msx2 3.51765174124571 0.848014377676529 0.782850915712753
Sox6 3.5114547398213 0.586624996563294 0.254307473355665
Lrig1 3.50384537993589 0.378401422976951 0.327377654510841
Ptgr1 3.49979688620032 0.6618937006237 0.648579783921878
Cd151 3.49747507512051 0.645042321651309 0.64672870296091
Gpx8 3.49119275342058 0.623725967211264 0.257528873427377
Rras 3.48961007644022 0.684221795071636 0.652721607139927
2810459M11Rik 3.48104862197812 0.718041865077704 0.606165696058917
Marcksl1 3.47481302899209 0.0595685982987528 -0.0601347039071151
Soat1 3.47030288251865 0.605037001008135 0.682447554628486
Slc9a3r1 3.45268975143048 0.461407458298011 0.644375492653585
Htra3 3.45220205966836 0.678367716759486 0.462558291840534
Olig1 3.44738600038053 -0.0346128175540173 0.360876836559569
Prrx1 3.44600951893157 0.654143939742967 0.403495402440555
Copz2 3.44579098958378 0.75102586100645 0.715502158742315
Rhbdf1 3.44571073025183 0.421677533753685 -0.0583749189120323
Trib2 3.43638462463792 0.575921627151087 0.444601715027598
Btbd17 3.43529573757016 0.7354732690839 0.737849904306466
Gldc 3.42342579782453 0.312942966558136 0.136597981264491
Tcf7l1 3.4219164571239 0.635908547445341 0.428245902095178
Vcam1 3.41670652252816 0.553821943002433 0.0890464937940031
Cmtm3 3.41390414066665 0.747291330246851 0.646259020696156
Ccdc80 3.41137129510086 0.70605415667533 0.680122441723396
Csgalnact1 3.4086022901262 0.568277569319376 0.307497857005592
Glul 3.40561988815613 0.14039694786108 0.0893714255924054
Scd1 3.40085210885773 0.33134187636043 -0.177110343245841
Mt3 3.37560065194106 0.679094011704914 0.696679012749708
Ndp 3.37231996915398 0.541175688236333 0.397305657536141
Cklf 3.37167409578695 0.513856804020527 0.182360103200693
Chpt1 3.36808115049488 0.413737126911067 0.102730251165805
Dbi 3.3673309588456 0.131683866937461 -0.0956682582590374
S100a16 3.35663623341162 0.337115571744912 0.00135407444990349
Cbr3 3.35405398830367 0.606221250186616 0.381561188991259
Gli2 3.35332009658986 0.70235407008166 0.599523045147524
1190005I06Rik|Gm27021 3.34837252145285 0.441838350035746 0.0818055766824361
Klhl5 3.33921899864004 0.48686810941865 0.15090029930751
Pdlim5 3.33498070802147 0.528766171111637 0.384468144489694
Gpd1 3.32965329317896 0.491196336504513 0.538154665716993
Nfe2l2 3.32765895186499 0.346751162281277 0.318220339427544
Selenop 3.32396038896015 0.217363013671113 0.229717704345653
Pdk4 3.29339337178388 0.428320222806089 -0.246981760238904
Kcne1l 3.26724200903806 0.90584845285449 0.911528021691423
Sncaip 3.25971705512104 0.744803114356885 0.738288931725457
Irx5 3.25379062999941 0.619926852703596 0.472433543087296
Ifitm2 3.24981059105086 0.679451228937543 0.657332364485495
Sspn 3.24226215474519 0.427357244133456 -0.0364011342444572
Col9a3 3.22623649805489 0.327864399915649 -0.0809467593043464
Rftn2 3.18572586476334 0.47951821594056 0.171032847123419
Antxr1 3.1793057547106 0.633775698374407 0.390276514638476
Selenbp1|Selenbp2 3.13937573160053 0.308895643432689 -0.124565403663669
Nov 3.13718988741338 0.607211933984464 0.485181602470606
Tmprss3 3.07213878438825 0.761593339351401 0.751858361165149
A630072M18Rik 3.06838590131522 0.626787746300472 0.453444237376069
Pth1r 3.01174764633684 0.762557683653839 0.46313626422716
Eps15 3.00671698605128 0.437624905071528 0.0567687481965938
Calml4 2.99635941901678 0.649153376821661 0.529588135562503
Cyp4f14 2.94553657434396 0.67517658474774 0.641442456275545
Rgl1 2.92889131365784 0.596335305521411 0.156050757263462
Tom1l1 2.8614846106059 0.782299762021374 0.775433978703374
Gjc1 2.85156580255458 0.429085015242966 0.0609351728639503
Axl 2.76683287814081 0.732284953980862 0.644042941179095
Gucy1a3 2.65890097681651 0.325216515085159 -0.200912217047174
Tnfrsf19 2.63572193232106 0.676857105794755 0.622291301536582
Evc 2.53180779310122 0.854086055856334 0.796204655780982
Gpr137b|Gpr137b-ps 2.50029366517339 0.406919262907931 0.125626861779132
Casp6 2.46258210055494 0.556635334718313 0.163838687401687
Nedd9 2.4285315572797 0.71731347711428 0.752253893144068
Irx2 2.42322807542796 0.731723290714453 0.465958982411867
Nt5dc2 2.38285361112353 0.327007307321284 0.155245563169095
Gli1 2.38271336095885 0.688994308854785 0.674543366161811
Mdfic 2.37585717979215 0.482793850936038 0.111924744190572
Rai14 2.34984910116072 0.745180736828632 0.656578229828775
Sox21 2.26884134377094 0.62193885158696 0.373513982966259
