Cbln3 4.78967795524613 0.606490964790786 0.50396981724811
Gabra6 4.69092140629525 0.369415933211465 0.194337689048114
Tesc 4.57262214996144 0.626219137242002 0.608383491365021
Uncx 4.56994962866788 0.727663681970364 0.672874959069683
Crtam 4.39791220959155 0.625675206544562 0.535039931312779
Calb2 4.36223326722212 0.629610104935272 0.538908745816524
Cadps2 4.35543914720852 0.456974012905589 0.479593360885653
Rbfox3 4.3494027069607 0.469581987733011 0.553738596443115
Chn2 4.2155688753755 0.407499087559967 0.487296061582902
Patj 4.08756041801395 0.539426109931964 0.450803975581936
Car4 4.08057663009597 0.515918441557955 0.437376179173666
Tmem163 3.9726449639369 0.392518684427793 -0.106213999327816
Car10 3.97075105458396 0.463018310842159 -0.106900778001186
Irx3 3.96850830046299 0.626784294027319 0.274796659963021
Cbln1 3.93040121895879 0.190277565069545 0.163158232935698
Ak4 3.88185178214636 0.545452371319611 0.560541081446871
Wnt7a 3.82410097369374 0.648711649207743 0.518783814759688
Arpp21 3.63553262997019 0.555221832867385 0.517353696247001
Fam131b 3.6326107996349 0.430217217738356 0.562021096219547
Gabrd 3.57128544601027 0.491142920265138 0.404571238773017
Trim62 3.51865245707573 0.492126201068947 0.535026725871649
Il16 3.49730908289951 0.67811112690142 0.708481135752279
Tiam1 3.47236260013717 0.454632581277031 0.668414581454228
Pcbp4 3.46782851401849 0.336635490492795 0.250040058428025
Shf 3.45537879084747 0.727765008494381 0.646416751342483
Mapk12 3.44643507195764 0.624595473660828 0.417882792908288
Eomes 3.43167647921737 0.722998476473481 0.581776326564462
Neurod2 3.42725678610966 0.485263311615564 0.616561964924015
Pax6 3.40541897603571 0.614614167669117 0.505122862959481
Rnf112 3.39737135670148 0.587897176207416 0.530841419270676
Rps6ka1 3.37195445724349 0.672325228213528 0.591195131947402
Stard4 3.35096460397007 0.5846538002864 0.644771310413059
Otx2 3.33388673466836 0.698874019914315 0.568444917931386
Sptssb 2.99509751959926 0.619791979270158 0.588840416084852
Tbata 2.84878364151418 0.83955784728254 0.796986664985681
Fzd7 2.83036875295724 0.531954997569705 0.436489895425275
Boc 2.58745682581831 0.602790460520184 0.580651070172337
Ccne2 2.42999379662422 -0.0111056886534795 -0.224075932931532
Clec10a 2.3799436097456 0.72210379405638 0.736691039971551
