Serpinb1b 6.39482073183706 0.885691400497186 0.853777089789057
Lrrtm1 6.07061048027473 0.605452904228452 0.662152631441291
Sgcg 5.93425004284396 0.939743121655121 0.936630572676729
C1ql3 5.88925475890953 0.734162369708623 0.349459520044045
Penk 5.45514403714721 0.455236169377273 0.491186783597146
Lypd1 4.91448601869788 0.716179798920993 0.763559769179109
Elavl2 4.86168919671286 0.589960168513517 0.661869641566987
Slc32a1 4.70821021325351 -0.384710544058908 -0.209320910477799
Serpinf1 4.48176014208436 0.629504783500087 0.0743044568399635
Plxnc1 4.46934905565798 0.384717258846039 0.174599008152351
Resp18 4.44207160774751 0.548344140220933 0.539315016984162
Tfap2a 4.38138386456809 0.190200285469332 -0.18441452737037
Ceacam10 4.27093013313755 0.912576050525767 0.900356948880755
Hspb8 4.24563321451781 0.73555417417103 0.713613046608197
Etl4 4.24346835681234 -0.0304723059249791 -0.209636192581992
Neto1 4.2330114000517 0.682348604646633 0.184363214239828
Lgi1 4.17456996742382 0.645621227715131 0.74990539617335
Cgref1 4.11993343096412 0.79220757154447 0.798907059181818
Mcub 4.09474774525184 0.909068261132707 0.911793687214937
Scrg1 4.06647645008043 0.497142400463085 0.203222541260456
Rpp25 4.04293766361373 0.547803438457923 0.357184068943051
Rab3b 3.99472193522796 0.644238013906427 0.664917665398518
Rasgrp2 3.96354613867932 0.818298830257839 0.788343587403159
Gdnf 3.87906451105093 0.909403445528177 0.871191769666865
Mal2 3.87623559379727 0.772997855917876 0.673791637599828
Ptprk 3.76414854501859 0.260414703416853 0.542408384960876
2010204K13Rik 3.75225995538641 0.655346524197022 0.714288311511971
Klk1b27 3.73217306243581 0.93130482183016 0.916349122225867
Rab27b 3.6643743782174 0.633504875482172 0.537380024260322
Cacng3 3.57005543719434 0.769038745221667 0.547216604561567
Vstm2a 3.55077729626103 0.383644699252983 0.403279098554311
F2r 3.50714702874625 -0.0414074686514777 -0.195473477897249
2310030G06Rik 3.43951452407601 0.690779576225151 0.714497862713254
Tex264 3.42896641333097 0.728481891206677 0.732380665544296
Gsta4 3.39347897592442 0.437477197600087 0.537414816345963
Aif1l 3.37022966594656 0.226006615805697 0.107027296902712
Gnmt 3.34068021400378 0.770309771761263 0.474790501961159
Nrip3 3.32921950435033 0.0330524496080108 0.36399713628741
Cplx3 3.22667180568481 0.776240129213664 0.813878276785172
Sln 3.14358344033147 0.713218198249348 0.0931465165207737
Ccnb1ip1 3.07621769828914 0.598642371769647 0.172944114754961
Flt4 2.98920005094943 0.704487761655929 0.666544366714657
Slc35f4 2.91295307305252 0.768591470764477 0.802737665989934
Cited1 2.89046680875576 0.566626244176241 0.457221487309869
Rgs6 2.85110146037034 0.811117990724747 0.754868197104631
Nppc 2.84399096658149 0.612823088372555 0.629926985149296
Sult2b1 2.82975988696784 0.36386273938513 0.364385008230598
Actn3 2.67997142071085 0.84821362642322 0.829426394833356
Amn 2.45632482286658 0.537421827487204 -0.125957064954093
Dapk2 2.43940644272519 0.467110423745752 0.466704301754918
Pnoc 2.26680634148382 0.598022899037284 0.284708873723629
Kcnmb2 2.22713978282134 0.652894178849356 0.620451771433642
Cda 2.18835919746914 0.803577572193581 0.773131924086043
Grem2 2.1359154059957 0.776947454671214 0.751051082612039
Samd11 2.05628842947019 0.652237421905637 0.596574851035101
