C1qb 9.40863262021727 0.84026694493438 0.798484772140106
Ccl3 8.95452500117114 0.957589565302198 0.960534237861739
Xist 8.39875173948055 0.38438021977186 -0.369743355343125
Gpr34 8.2799861273813 0.970443620119982 0.958802579964308
Atf3 8.27434792080879 0.941215282485943 0.929070004889127
Ptprc 8.233386593505 0.956887284707583 0.950086317317079
S100a8 8.22474061554933 0.958288425841932 0.94366366098056
Laptm5 8.17094501783224 0.779750788703383 0.726753672907042
Socs3 8.14764597973003 0.893603286622694 0.862626342623475
C1qc 8.13036805364284 0.931152990001712 0.924551787228683
Ctsc 8.00989999553239 0.886431060089537 0.743049702574188
Ly86 8.00838754544138 0.917619972966756 0.923074074133123
Fcrls 7.9939247164731 0.904469125667123 0.910056392859681
Vsir 7.94667769136973 0.928740002155761 0.888305844417993
Ctss 7.78317374792968 0.787238366511358 0.716768973556536
P2ry12 7.73082509987856 0.950055200916096 0.93388903302499
Fcgr1 7.72761840394617 0.851699596292326 0.862512077645798
Lcn2 7.66494004152034 0.962769850408354 0.943103516857229
Tmem119 7.64859762000876 0.919042753298907 0.944989298475728
Lyz1 7.611570955722 0.899225085972306 0.876905656115567
Fcgr3 7.5845277634864 0.899329520961425 0.89736866083041
C1qa 7.57794712255064 0.916564800743385 0.910684430640976
Rnase4 7.56122754196601 0.917808559204303 0.912626305917225
Klf4 7.5385522536585 0.831948653509825 0.686800727280082
Mpeg1 7.48718153070804 0.927119252840036 0.926423264564938
Srgn 7.48089868742044 0.878748198168941 0.869436395488618
Cx3cr1 7.46427212379628 0.897236410790148 0.902556887074964
Cd53 7.43647950543545 0.920954156561305 0.912652786359973
Fermt3 7.43064294586196 0.77064463415663 0.693881919502928
S100a9 7.42551328697889 0.900359114321176 0.867240364824403
Cfh 7.42095186996594 0.964961929073537 0.952443760276361
Ctsh 7.38957485988464 0.941007225131377 0.925884870870103
Anxa3 7.38368898763948 0.931358291356696 0.931366089434606
Ptgs1 7.36707714881618 0.948719614089872 0.93095692581177
Cd68 7.34596359663611 0.932187847452615 0.921513292448032
Ccr5 7.33622701034947 0.964250563147709 0.965155958725061
Icam1 7.32075992697166 0.950824514582522 0.944303675107152
Lcp1 7.31875503556754 0.703118941618766 0.795618177969598
P2ry6 7.27048099040127 0.964508740832415 0.964779698793454
Olfml3 7.26097900145913 0.935075819903319 0.939521545726011
Klf2 7.25739926668519 0.941556463860539 0.942410791108225
Fcgr2b 7.25476596656929 0.924917293072728 0.906585304772173
Chil3 7.24584886640682 0.949119225010572 0.908152941757413
Itgb2 7.20440559786164 0.956735055221055 0.952041243651952
Tyrobp 7.20216279991353 0.9126322907973 0.892308001588748
Tgfbr1 7.18562793714638 0.798719356024037 0.788879982637841
Il10ra 7.1041265328671 0.957487756900117 0.951329544690411
Ptpn6 7.05906131781491 0.955243768345306 0.953124129079501
Fosb 7.02040891786404 0.868689041564006 0.866823800359681
Cd14 7.01572912547716 0.90289746052876 0.915620712283495
Txnip 6.99731878164788 0.845698610966292 0.876601750933245
Itgb5 6.99060109200357 0.700157202658377 0.799565219199031
Irf8 6.97410471510049 0.942064769079983 0.944517663660232
Hpgd 6.95088904616636 0.799292702105221 0.849935801985346
Egr2 6.9490699864871 0.903988344294563 0.86074819456126
Naip5 6.93682046400355 0.968253932925892 0.962784784101987
Mertk 6.91989917771656 0.82454844106672 0.807827556644309
Ccl9 6.89383479600191 0.947966237569452 0.939372535090992
Nfkbiz 6.87315270548692 0.813996583869442 0.719848006523474
Pld4 6.84914739451376 0.927791207228524 0.926175011246161
Cxcl2 6.84697942330035 0.964646261367876 0.946575841855071
Il6ra 6.84409911099302 0.944386227755039 0.934841476052642
Adgre1 6.82480079407439 0.898861622511299 0.833345266132164
Ms4a6d 6.80175516926905 0.955869117244457 0.952712873807527
Cd86 6.78479937337634 0.947981105632937 0.948886813011996
Rgs1 6.78266145078108 0.952668726302744 0.949739861879649
Selplg 6.76877908971948 0.814631353016914 0.838729847403653
Aif1 6.74984688651332 0.915722187057967 0.910911574476716
Fcer1g 6.73637065447198 0.926431445003877 0.916691404018849
Zfp36 6.7280587386119 0.852609097592477 0.69501909557134
Adcy7 6.71573661415039 0.661142912955774 0.569965296532402
H2-T23|H2-T-ps 6.68309170408257 0.637201279543518 0.648501724406576
Bcl2a1a|Bcl2a1b|Bcl2a1d 6.67861001955047 0.943295198036108 0.921962025666072
Zfhx3 6.6642466802704 0.908266312323749 0.926139558240058
Csf1r 6.648064030431 0.841956155153742 0.861269292593433
Tgfbr2 6.60054519793933 0.844718363077344 0.829226920723817
Ms4a6b 6.59037065244725 0.937167723313325 0.917880203216843
Ngp 6.56809164528564 0.873685218495979 0.889610861915489
Ugt1a2|Ugt1a7c|Ugt1a6b|Ugt1a6a|Ugt1a9|Ugt1a1|Ugt1a10|Ugt1a5 6.52885804250076 0.791480179174514 0.785209019653851
Tlr2 6.51492352264595 0.913517942569294 0.923134341551575
Blnk 6.47736821997087 0.951082111169703 0.889677496479884
Nrros 6.47694763234832 0.884640238203693 0.884799345771771
C3ar1 6.47274267852591 0.922891209507087 0.899597440755253
H2-Aa 6.45951654517531 0.942834236828143 0.918403824952402
Camp 6.44863768085481 0.949227486454159 0.914763779285741
Evi2a 6.43045641297249 0.469482320444065 0.620551303810137
Syngr2 6.42638060874668 0.665034854146805 0.698755814433611
Havcr2 6.42408146412962 0.932459377144204 0.919631039131804
Vav1 6.42363364942439 0.939111954604626 0.932693598522673
Ccl4 6.38047244029288 0.816421479504384 0.854453391545669
Il1a 6.35143532465502 0.958601967307774 0.957625626010663
Hck 6.35112013706121 0.900055460005113 0.884208280183351
Klf6 6.33633036229574 0.724647647933547 0.685087493392113
Lpxn 6.29971814756456 0.916560723913739 0.924936627223495
Cyba 6.29717285508029 0.901068638855704 0.929036277497278
Fli1 6.28429088878235 0.938657299961668 0.868261781920365
Naip2 6.2718475629685 0.953772316136227 0.948577907890302
Plek 6.27136121015674 0.825022013583707 0.832621111595786
Ggta1 6.25531572581456 0.952277294251643 0.945969138400018
Slc40a1 6.23843267015035 0.90468803632661 0.868693867697656
Tlr7 6.22455917499602 0.933383835828123 0.93081434551839
Ccl12 6.21986009413909 0.965560363162847 0.955416833162175
Pycard 6.18061808775066 0.874171597378391 0.855412029313648
Alox5ap 6.16910581106001 0.644187885364883 0.818334203996536
Slc15a3 6.14669704248116 0.943654824040238 0.928752291304101
Cd83 6.13234978303492 0.829326899906302 0.845767770087273
Ccl6 6.12002717105196 0.942591241955034 0.932099268116224
Gpr84 6.0901187486195 0.921349097220515 0.924094368623355
Gusb 6.06403973191813 0.847515056579976 0.872123361616529
Inpp5d 6.02325308827648 0.871311374433968 0.86261174213935
Pros1 5.9637348417571 0.909853367381502 0.901652482276624
Junb 5.95514854147543 0.893666079093263 0.890478839021911
Capn3 5.94944814098146 0.918370942099555 0.866720294950239
Plxdc2 5.9467711013229 0.545806921388132 0.460177542731763
Epb41l2 5.94113069214796 0.765065704861825 0.87485949624746
Edem1 5.91093431489846 0.83006286646695 0.816150861868173
Fgd2 5.89827265487295 0.922851039935829 0.917690889806386
Arap3 5.88943419334097 0.951818572735488 0.948284144328532
Rhoh 5.88928957434026 0.917359285880344 0.904890661832193
Pik3cg 5.88358670515762 0.95264748400846 0.944518244190824
Slc11a1 5.8746218454233 0.902048510991748 0.910279914566643
1700017B05Rik 5.87360091651998 0.898724494192633 0.89726809380399
Nckap1l 5.86582226166963 0.868720078320706 0.880643920216615
Dapp1 5.8651752562119 0.9541534509825 0.934413830562916
Lyz2|Lyz1 5.85595849663453 0.916551512800654 0.926013136934303
Cd34 5.83922886465533 0.910791736841899 0.896845668946981
Entpd1 5.81598000936865 0.898586329471816 0.898330704339059
F11r 5.78853157055372 0.851718535147435 0.87185512183072
Tgfbi 5.78603057487909 0.844530034721089 0.848988702652705
Sash3 5.77460332960825 0.849261146979856 0.859126704818396
Ctla2b 5.76313223509603 0.949491446710412 0.940183475293559
Sla 5.758559949708 0.381981553702219 -0.267188652605411
Ier2 5.75801373337357 0.733585807662921 0.780950672852895
Ncf4 5.74306725997331 0.930532074481986 0.917806983106501
Slc7a7 5.7398564132925 0.919972867179264 0.871980220607523
Elk3 5.71268511598899 0.821519648225552 0.690508578325233
Lair1 5.66977766841774 0.924200938548206 0.915750044107329
Tnfrsf1b 5.66400453403301 0.91029576347929 0.913987901903429
Cebpd 5.64825068187331 0.684399038940535 0.725912371136708
Hba-a1|Hba-a2 5.64300869958536 0.641252746679294 0.636344116686716
Ccrl2 5.63824635448155 0.904575085658467 0.907492472295286
Spata13 5.63586728733196 0.778685989552629 0.835316837675493
Crybb1 5.63422948131285 0.90064923955191 0.883469492981286
Lcp2 5.61040765923281 0.915888753366591 0.892714633278185
St3gal6 5.60813548077624 0.741038418754908 0.783391845460801
Zfp36l1 5.59907553406394 0.590765018814521 0.636816158652995
Cd48 5.59695137475181 0.945654369376949 0.942740681260755
Tgm2 5.58560894834032 0.854974205762914 0.838607876424508
Pla2g15 5.57770619317761 0.857586208648259 0.86335109426631
Mafb 5.56376759106093 0.946384087583096 0.938694775332631
Frrs1 5.55351921533112 0.900949764158192 0.841793620005965
Tlr1 5.54064264717955 0.950830386448727 0.864542823191351
Pnp|Pnp2 5.52772335418324 0.752865532165829 0.813557354301555
Rcsd1 5.52759551265817 0.848645198421918 0.867037975695166
Btg2 5.52495160200392 0.797037087465965 0.727722648000957
Stab1 5.5242657986276 0.892611470612064 0.852946373021183
Ets1 5.52421408198051 0.900412371562528 0.844962209456763
Fyb 5.49954832127836 0.900408852522603 0.891885257882174
Map3k8 5.49654514614337 0.932000462467558 0.913174459695961
Akna 5.49558142006866 0.86801663151806 0.877795430010581
Clec4a2 5.49528455907198 0.937081509368969 0.926815021927972
Alas2 5.47939944448046 0.883507713961294 0.869628566497329
Hspa1a 5.4645318023204 0.766489828603998 0.724910510916912
Stat6 5.46278060707143 0.898656980608166 0.911324550524672
Il13ra1 5.46173122916623 0.953150214654161 0.944163955870984
Mlxipl 5.45968926916035 0.759322999500607 0.783090931429248
Ankrd44 5.45428384036339 0.81089482378786 0.796688738643272
Gas5 5.45415126162343 0.764626192056132 0.608875085670584
Srsf7 5.44776647085565 0.783244198722541 0.773728841532679
Zfp36l2 5.43788857412892 0.719454215821913 0.850824809367885
Ptpro 5.41083833793039 0.74264905044737 0.53646893036408
Rab20 5.39843755081997 0.900339595730332 0.88364638529374
Cysltr1 5.39735584353947 0.953274824015402 0.947564158890143
Nfe2l2 5.39603146934857 0.616950984473864 0.629876636725738
Trim25 5.39477813759628 0.579659799338581 0.567791665806374
Tm6sf1 5.36225563368016 0.0700451409103485 0.102128177176711
Ltf 5.35808863870175 0.868315972300046 0.709943898675524
Tcn2 5.34794734208377 0.86469531355011 0.895943211126767
Ctsz 5.34636791808599 0.721240294011313 0.771069855132344
Hba-a2|Hba-a1 5.34248454952857 0.666765892316729 0.618605883432539
Adap2 5.31919830733678 0.93069330248346 0.914820971860044
Hbb-b1|Hbb-b2|Hbb-bs|Hbb-bt 5.31796216794325 0.689962691382926 0.662231508201759
Adrb1 5.30697293490248 0.836229079117002 0.876088401635547
Ncf2 5.28945891040342 0.923405423580205 0.912335624513422
Chil3|Chil4 5.28696784946713 0.92036497716776 0.88354995761421
Hba-a2|Hba-a1 5.27598346023501 0.676492920985082 0.615552467831965
Pmp22 5.27560474640867 0.440790240289832 0.232267969154362
B2m 5.27384626560431 0.682040328193898 0.781833976750569
Hfe 5.26834895319127 0.716707219731349 0.765261950368248
Tpp2 5.25684105110209 0.660363905039477 0.427668513998226
Golm1 5.25468495917235 0.782308517086292 0.772458466190192
Ier3 5.25185107887533 0.574887380823134 0.804217876496119
Arpc1b 5.24759799326218 0.697148316668298 0.858894764391017
Glul 5.23503604196933 0.356130210491706 -0.0265490107026522
Grn 5.21553072429499 0.883359185216062 0.877420744189481
Csf3r 5.19842309926438 0.819430017650175 0.820846072667324
Notch2 5.19781382248234 0.707065291098299 0.738453362232215
Casp4 5.19174442982419 0.93768417897912 0.941035014022736
Syk 5.18491062113087 0.868997701687437 0.854882526797159
Tlr4 5.18257223934602 0.928326555698774 0.90434529663044
Dusp6 5.17410175789147 0.730258342556192 0.737072339390092
Themis2 5.15403856302327 0.93562951698521 0.923791856691959
Fam105a 5.15025073693045 0.895849884363844 0.904060458001705
Cd300a 5.13019037712793 0.903004981659757 0.897695247687653
Lrrfip1 5.12277712974351 0.606735043405779 0.675867510573898
Tnfaip8 5.10092654302566 0.746324490878828 0.531433566121212
Cd37 5.08000557956256 0.906059888441875 0.902114767226969
Serpine1 5.07827678849405 0.881229947988906 0.855836711637076
Cklf 5.07331349974242 0.684585844494366 0.565024570276269
Rbm39 5.06682044458509 0.497402662327667 -0.026398750588915
Hk2 5.04383107196917 0.636841167978705 0.173752438399486
Cttnbp2nl 5.0369349682483 0.66769700347876 0.150804250980696
Ttr 5.03398186510507 0.240027938650819 0.348083083280771
Pdgfb 5.02340805633268 0.889053311700475 0.898071504601754
Jun 5.01947778524199 0.651692912976253 0.500539042173113
Ier5 5.01455231107668 0.850011532749151 0.878380012348782
Lyl1 5.01453732580402 0.919488432603668 0.921172160687107
Slc16a6 5.01312367021446 0.770357342932339 0.780429407453743
Clcf1 5.01157508972299 0.944622748433249 0.936794475896756
Hexb 5.00264998934766 0.781198007127605 0.778893609617986
Trim47 4.99950108008356 0.926229922177462 0.930109803184263
Cmtm7 4.9988200883477 0.866075243997257 0.810365516368265
Csf2rb2 4.99691082724544 0.925383261163883 0.931277237667152
Fes 4.98933054573 0.928936320640435 0.910406395993411
Zeb2 4.9845284327337 0.309720485657733 -0.0224765973101601
Cmtm6 4.98352082902689 0.681119156732214 0.64839856534501
Il10rb 4.97394251839512 0.886806346466656 0.870004359118214
Anxa1 4.97013141229746 0.920768089884086 0.854940672040799
Lgmn 4.9694155002606 0.79118807099511 0.764702759500488
Hspa1b 4.96196874140138 0.752550559533051 0.768175967707001
Ifi30 4.95142578326568 0.823940972922803 0.788012376867876
Vwa5a 4.94610101562201 0.815902037451462 0.812054766315046
Trem2 4.9395249637866 0.882700987198616 0.886971430190423
Rassf5 4.93711251223481 0.774432091525284 0.765182838330303
Abhd15 4.93530270712165 0.791531054489163 0.75816475676399
Rgs10 4.93373016180178 0.591182625727437 0.761574968122221
Pon3 4.93127967817186 0.943166828866678 0.929656911228202
H2-DMa 4.92622392334866 0.83353854883222 0.814230339312416
Nrp1 4.91498537742673 0.834762941205917 0.820960242116088
Pld1 4.90128264137682 0.815872023103966 0.828754696897457
Hhex 4.89627285059979 0.913610273590029 0.920013961043585
Serpine2 4.89142690480887 0.408472603984747 0.390277974704812
Arhgap45 4.88143468388828 0.900968660233563 0.897304734335909
Rin2 4.87630649767242 0.753294638198119 0.66539820066122
Arhgap17 4.87288045975099 0.825408891488885 0.826071369889392
Pla2g4a 4.85485608622598 0.786516380739823 0.782536463455676
Abcc3 4.83408616002869 0.861643477760574 0.862154371719873
Itga6 4.81458870344402 0.699625532369417 0.708612865574574
Sipa1 4.7874883100463 0.909331847503201 0.917497044397112
Ppp1r15a 4.76783337887972 0.876470116844585 0.860296501360609
Clic1 4.76516700792003 0.70439967084359 0.741529862198656
Lyn 4.76249449535331 0.748272435388279 0.822996009264245
Spint1 4.75677986715185 0.814758729817969 0.849867778438199
Trf 4.75623836349556 0.236099357582296 0.0832512016669471
Cd300c2 4.74707724199035 0.750379913132968 0.781114921593561
Wsb1 4.74208653726921 0.498126985514575 0.187841995424052
Klk8 4.72680121074932 0.930953222498788 0.920834755889029
Trim30a 4.71148011660399 0.938206127479939 0.920810171419247
Casp8 4.70704941178328 0.927389871172386 0.92504697217102
Rrad 4.70291423762795 0.873833212755133 0.885980772961869
Myd88 4.69161841946742 0.882148088129768 0.877072889482644
H2-K1|H2-Q9|H2-Q7 4.68778163709667 0.356921614075406 0.46177701032965
Tmem173 4.67706023677655 0.834015278510064 0.831385802869903
Hvcn1 4.67203838431059 0.921694943377589 0.911699401984868
Irf5 4.66661790551717 0.905711754615868 0.913134050340097
Cyp4v3 4.66626030076356 0.498470673813886 0.500310214781363
Tnfaip2 4.65558428699025 0.632650369632953 0.458271691840117
Trim30d|Trim30e-ps1|Trim30a 4.65295038928022 0.857813442142849 0.792198156662902
B4galt1 4.63300337081867 0.799548830235974 0.786149266003602
Xlr4b|Xlr4a|Xlr4c 4.63044208313999 0.668585108720108 0.586973754548705
Cd9 4.61663464796777 0.370971618350748 0.419812903115292
Itpr2 4.60968421533229 0.793691091622956 0.730393816951095
Ptbp3 4.60178314461433 0.815878321903616 0.857785801267181
Slc29a3 4.59855265048415 0.772277885593498 0.785681688332514
Clec7a 4.59665020338278 0.885917481037858 0.863434108916442
Slamf9 4.59612525454639 0.711133784673371 0.699736306635379
Parvg 4.58287630749435 0.823569680774298 0.844299018199972
Afp 4.5824000296675 0.189481942895556 -0.157893794075993
Il16 4.58074274804286 0.752275496967957 0.787128878296533
Samsn1 4.57990638911744 0.960433362789367 0.934183263970494
Ifngr1 4.57539978583752 0.861274041220946 0.853960864840079
Cxcl10 4.57197773746687 0.942261909705486 0.934999277092772
Il6 4.57002829007193 0.962126568431339 0.932136133792525
Man1a 4.56994265835813 0.436687300592167 0.433944740690674
Abca1 4.56915198661498 0.673165198107917 0.656498321774663
Pnp 4.56236772507162 0.706557519459962 0.713701282946665
Sh2b2 4.56096776088501 0.791275751259774 0.501260197042298
Coro1a 4.55527134038736 0.588498798472204 0.703248101797895
Man2b1 4.54775299285273 0.769441293600412 0.762228863764739
H2-Q7|H2-Q9 4.54717031975032 0.845970080395373 0.764233063241408
Npl 4.53785394577005 0.803708205325985 0.824370870594401
Ctc1 4.53577549378147 0.861291932598951 0.861231063183955
Lgals9 4.53451435339485 0.885563750743645 0.894275693046508
Rel 4.52984598658424 0.908139440944717 0.896402259690056
Siglecf 4.5293595763544 0.945509885860427 0.933374397111567
Tec 4.51265370362269 0.841097162118621 0.854412771038424
Mfng 4.50737017410812 0.922560088228315 0.919554511893447
Trim12a 4.49618434402917 0.938360302557936 0.925729728232057
Tcirg1 4.48660160051123 0.865719475220486 0.861434526103135
Igsf6 4.48214197871532 0.926521982368545 0.912963785055503
Cebpb 4.48151180447063 0.807691693360703 0.80925920790579
Unc93b1 4.48091588473955 0.817903183058618 0.819991161817021
Msn 4.47280104775527 0.657933335183002 0.641872421708428
Ang 4.47051750366057 0.905030446161251 0.87587192752044
Fkbp5 4.45489882495888 0.842964843401492 0.837202160314111
0610040J01Rik 4.4538949865868 0.678236059999298 0.317905413449888
Arhgdib 4.45080897807045 0.856256995157313 0.850704828556374
Pnpla7 4.4389699314032 0.721273820831305 0.736624327669169
Pdlim4 4.43679809624746 0.728562228755535 0.782992741177244
Lrmp 4.43340925775647 0.924922843743405 0.925544919881858
Ceacam2|Ceacam1 4.43250321775959 0.852949072934737 0.822087222338654
Mir692-3|Mir692-2|Ftl1 4.42995550818852 0.740876957834714 0.684692289332679
Serpinf1 4.42370861275548 0.624420220701831 0.0743044568399635
Lmo2 4.42141458932683 0.28424181639457 0.446521853115944
Egr1 4.41348058073173 0.677360690623157 0.757503653047722
Gem 4.3981953729387 0.927166122383463 0.872636644733145
Herpud1 4.39198121242398 0.817251037744689 0.785517600430811
Lag3 4.39065293086076 0.881837191999005 0.878617509381895
Mavs 4.38229283984263 0.646201120438321 0.661249322961414
Frmd4b 4.38058006637318 0.549993867382572 0.574253143146165
Ly96 4.38030493369368 0.585965543443236 0.615776938478862
Skap2 4.37755795278229 0.6302441552437 0.635335738119761
Mcl1 4.37465889234794 0.795946390043811 0.783699480436574
Il7r 4.35649328321658 0.808907095687097 0.775886313113723
Kctd12 4.35612193156507 -0.00965604844438372 -0.152236952153812
Adamts1 4.34964632784414 0.67496220861463 0.646217762554788
Cmtm3 4.34762041554051 0.803279275639884 0.707510514871629
H2-K1 4.34611124311582 0.892807379405038 0.892187929177986
Phyhd1 4.34050799967821 0.771460825478484 0.804017529139787
Gcnt2 4.33787659149946 0.873489894703081 0.883802342681374
Gmip 4.33736841944229 0.837470778467348 0.824777316289403
Plcg2 4.32856314985327 0.715603931108438 0.773835103620772
Plk3 4.32577257610106 0.830250907417694 0.721456620527072
Cebpa 4.32572765419286 0.81021811323497 0.798203947656893
Galnt4 4.31792330432094 0.729677503592019 0.713910114459521
Cyfip1 4.31410365847727 0.635667894716866 0.623644990748529
Tifa 4.30135191075538 0.791881939652818 0.846463291400348
Mrc1 4.30006046113103 0.920749829399812 0.872704910335042
Klf10 4.29967171275762 0.735194247411513 0.833882572444715
Ccnl1 4.29960485401395 0.600443912869622 0.55566085330479
Ccl2 4.29891343847204 0.910516781792961 0.903269724407313
Cd52 4.29776087555678 0.894029257135268 0.866849832349974
Tor4a 4.29772839652525 0.4035273243847 0.432044976327092
Slc39a8 4.29130685765715 0.871357002131516 0.801183865797912
Spi1 4.28882494689366 0.844790654969799 0.860715834441207
H2-K1|H2-D1 4.28356197199232 0.728614600444787 0.779228108741311
Lrrk1 4.27696660589573 0.859783570535183 0.851644486866588
Sult1a1 4.27658648105652 0.842650081901699 0.855166132958608
Adam17 4.27024547518082 0.72749141991858 0.779060378916625
Tmem176a 4.26522081408392 0.789641524379277 0.565683326204679
Ripk1 4.24254078946489 0.789775272286867 0.80279542982031
Rgs2 4.23761374073176 0.805145972390538 0.857210635006616
Birc3 4.23619874333614 0.77034708049415 0.800147407087194
Elf1 4.23126158065488 0.767758678150481 0.864394600959433
Tsc22d3 4.22816958409934 0.714224530445841 0.779345129908259
Atp7a 4.22285994873469 0.7455025470599 0.71372351014417
Lamp2 4.21915047353251 0.584690519304592 0.707444800383305
Nfkbia 4.1944886112834 0.809842161653975 0.858979887613787
Pygl 4.19314523468519 0.911232433916958 0.826821934075336
Hcls1 4.19077530091434 0.916332219694458 0.901789669699936
Arrb2 4.18611432523738 0.774084573870183 0.766235916560156
Pald1 4.18456460308271 0.809931447838081 0.817641952238771
Slc15a4 4.17791692829125 0.758708075607455 0.824626609940694
Chst7 4.17551668071496 0.778445702923354 0.538018333948941
Myo7a 4.17354019689064 0.813670767727832 0.803152322131239
Parp14 4.167153130857 0.857606293032865 0.851258180529916
Ptgr1 4.16298699237689 0.715450952838625 0.683553864974375
H2-D1|H2-L 4.16190120344451 0.201175423257918 0.188875733439522
Arhgap4 4.15876747975305 0.868801709424034 0.854834423077507
Ceacam2|Ceacam1 4.15866828126645 0.889089051210555 0.88538528600078
Rps6ka1 4.14796070010966 0.727162710961093 0.688488732587249
Tubb6 4.14501511567913 0.881203623074498 0.896435759345804
Litaf 4.14261675237302 0.44032479826554 0.149827240063584
Casp1 4.13804048291576 0.797177383408292 0.80866265304042
Snx5 4.13803713957264 0.633205573166485 0.667045046266352
Diaph2 4.1346890305596 0.665480219173211 0.410231723697496
Ugt1a2|Ugt1a9|Ugt1a10|Ugt1a1|Ugt1a6b|Ugt1a5|Ugt1a7c|Ugt1a6a 4.13468140500464 0.939555943874614 0.913405823762289
Lilr4b|Lilrb4a 4.13175854687543 0.946014379488105 0.915487852470316
Cep152 4.12883289270635 0.920474328760777 0.894531719297608
Gpsm3 4.12870889986601 0.934811445473044 0.929613940057061
1810011O10Rik 4.12312707075176 0.898541011809307 0.855019481310755
Tapbp 4.12278004585246 0.818328830837754 0.842814298114461
Cd177 4.11294361700376 0.885218121231595 0.859481154455863
Ctsa 4.10868430167296 0.858868724010815 0.857735123893646
Btk 4.107819950595 0.860343345541391 0.865135218639659
Dusp1 4.09823760492222 0.659116441679653 0.705470153579115
Scamp2 4.09668778787013 0.817342981854806 0.859987265906382
Tlr3 4.07725827973912 0.718514446848949 0.786027785021528
Naalad2 4.07431324413607 0.832618338586866 0.811203168014137
Slc25a37 4.07388500137856 0.75959074074607 0.780837392551849
Pmaip1 4.06643683283288 0.855933123313281 0.819059966855573
Il17ra 4.05899009738823 0.752176073832041 0.797919214847787
Mef2c 4.05405826703707 0.103779481804719 0.0446549361952866
Serinc3 4.05381727478192 0.397139435979773 -0.0228311993871567
Ptpn18 4.05379155980535 0.903929245911327 0.889219139607619
Zfx|Zfa-ps 4.05278801901306 0.671241597918366 0.667487226159817
Rhog 4.049293642933 0.459968921133838 0.00342519410652123
Sqrdl 4.03716583691221 0.789926130115449 0.827469390285817
Uba7 4.01983586425479 0.879459176909081 0.873292929485068
H2-M3 4.01779321571744 0.688650074205973 0.752860358712422
H2-D1|H2-L 4.01776166356564 0.189025747366383 0.31621633061862
Wipf1 4.00352941102855 0.434708515797067 -0.0180555323969986
Igtp 4.00287159018625 0.851507052980586 0.871678267627161
Ebi3 4.00029849986539 0.891056002444716 0.883622178470261
Tmcc3 3.99938861079639 0.651086324637218 0.0421246859988702
H2-L|H2-D1 3.98686759720258 0.179283806639818 0.330256619520065
Mlph 3.98613068862121 0.506265085008994 0.687576726441744
Fam111a 3.98254766279086 0.883097314906193 0.722352038205478
H2-D1|H2-L 3.98123619392097 0.194191410523952 0.25792260784857
Fcrl1 3.97841226766312 0.924859290715232 0.924673191776787
Rab3il1 3.97708803807329 0.839198228878418 0.824916468706103
Cxcl16 3.97446112959227 0.908632058530123 0.888532622698166
Fam91a1 3.96727332962071 0.622193199839144 0.698736589303517
Hpgds 3.96697026744948 0.91226286712126 0.906466000743905
Hacd4 3.95618251661891 0.790460157134382 0.740325531561571
Snap23 3.94707062426585 0.346464221003857 0.0379350831430045
Pdk1 3.94697996076103 0.690798758467299 0.574827883900934
Runx1 3.94182659821801 0.902792196082106 0.876670280875733
Sirpa 3.93989672525498 0.671051839544553 0.726128910689309
Scarb2 3.93613642675787 0.521501939909273 0.246251079604347
Plxdc1 3.93564475936964 -0.248666887456422 0.0646875814458077
Tmed5 3.92366919750043 0.581167870826863 0.503489378471897
Ints6l 3.92362219064804 0.336241604276814 0.228988452279667
Glipr1 3.92176561090725 0.912795363543215 0.910703053785289
Dock2 3.91779096193659 0.883428781101789 0.888168257479315
Tgif1 3.91416675663697 0.890244569479438 0.888285009946451
Adgrg1 3.91371434946845 0.821085469253502 0.830185542236298
Fos 3.91333236979736 0.304127299757274 0.230721394359683
Dnajb1 3.90666600604819 0.848356199129472 0.857150636997471
Plcl2 3.90513524867923 0.776779102942906 0.874861279219223
Sgpl1 3.90240082760559 0.781571703659695 0.801841915199096
Snord22 3.89727294614735 0.858005790209771 0.803049232354574
Tspo 3.89561312715125 0.471459750243657 0.455169634667922
Asxl1 3.89041787211727 0.776660934654507 0.666823888388221
Naglu 3.87830542553622 0.834560771028363 0.857050088724995
Cd33 3.87378976736454 0.734349646078019 0.723107234831992
Slc2a5 3.87298568061468 0.8195412420886 0.809172490355977
Nupr1 3.86619322224172 0.297611743928181 0.280164395604618
Tmem140 3.86560022388134 0.878946731992232 0.874888378474334
Prkcd 3.85683341140509 0.24034405210791 0.208616704958475
Gdap10 3.85243684901601 0.626033664271014 0.409067344038628
Trpv2 3.84641955212712 0.839060574426653 0.842263496235483
Maff 3.84626772206952 0.889006070731278 0.882057204486274
Snord47 3.84540941453941 0.174962506556732 -0.317398262989867
Rrbp1 3.84375535210464 0.655227062753033 0.644270785234884
Morc3 3.83871589698764 0.682734820126554 0.68665025874193
Vrk2 3.83721398068987 0.70628892067435 0.716054690835675
Rnasel 3.83643959922238 0.735647972421249 0.306582568626775
Sppl2a 3.8358083627406 0.729266502687407 0.818686020520013
Lrp1 3.8332702923318 0.639025900697086 0.700113014312573
Mylip 3.82730043346998 0.613023303000566 0.744647686908802
Adrb2 3.82168484340297 0.820838138406069 0.807797211978501
Gcnt1 3.81956394269516 0.864675611746042 0.817855826876471
Slc7a8 3.8178332762874 0.646275434768954 0.630937699018187
Prkd3 3.8172154287358 0.412906338452642 0.273492463086042
Rps9 3.81104620819713 -0.0237550803327585 -0.108046647454422
Parp9 3.81013721609017 0.630909973269305 0.6430618254938
Myo1g 3.80830473545026 0.833696753092519 0.670357999992966
Abcg2 3.80597313798033 0.626387161400343 0.497799465890096
Gbp3 3.79976459690868 0.921685034224166 0.889862614160041
D17H6S56E-5 3.79281518003541 0.905602770096541 0.84162813158449
Ppfia4 3.79254319262215 0.725477734625534 0.776423888752813
Rgl2 3.7864516526358 0.546060581577301 0.487525931211029
Ugt1a1|Ugt1a10|Ugt1a5|Ugt1a6b|Ugt1a2|Ugt1a9|Ugt1a7c|Ugt1a6a 3.78466141403276 0.830805419556493 0.832481808514869
Cables1 3.77684834638537 0.670064673932485 0.115836321878105
Parp12 3.77227177292986 0.640474069185739 0.682664462585876
Marcksl1 3.76833078067389 0.100200559929126 0.0451164654010545
Tbxas1 3.76799902136787 0.865696781460631 0.873017230175324
Nr4a1 3.76433755206041 0.711917036318335 0.768863265502841
Lims1 3.7628041146455 0.556464807478407 0.631276642715093
Mlxip 3.7542766887183 0.751650393828534 0.743801544348496
Ptger3 3.75342983425381 0.920504055135832 0.876008459330886
Plxnb2 3.75314269752265 0.706128042403162 0.801367972722968
Hps4 3.74915319128965 0.760400607445703 0.756777957464735
Gna15 3.7462616424146 0.913144971651087 0.912510559983851
Lrba 3.74062363919349 0.564982534841764 0.515823135038707
Myh9 3.73770754201839 0.554628277113735 0.217827211713579
Gns 3.73732196007581 0.812821713742734 0.808967470837804
Npnt 3.73708821676506 0.365104042253834 0.138998265204036
Tmem176b 3.73272186464123 0.581307967748054 0.390467010202122
Rgs19 3.73083883339887 0.763370958436825 0.75787792432738
Lpcat3 3.72816282343619 0.674754351432115 0.67736095249784
Cytip 3.72487436883592 0.726102758904928 0.631521696107181
Phxr1 3.72206317199546 0.662932806713827 0.594621618635901
Gbp7 3.7183165109959 0.816346997266715 0.787806989789474
Rreb1 3.71244736153865 -0.0037704356608662 -0.302512808393045
Oaf 3.70640709035323 0.813101498993932 0.842218409408657
Ifih1 3.70435574712122 0.788062667984454 0.793647448707226
Dock8 3.70231483982868 0.876851940786535 0.871216284605327
Lgals3bp 3.7017261158895 0.856706095805153 0.838533666471434
Slc25a45 3.69584254892398 0.656665497583115 0.708681416760176
Acss1 3.69335403053817 0.588957362570476 0.151350168139776
Rnaset2b|Rnaset2a 3.69197977058107 0.587491284200917 0.629893843142358
Hspa5 3.68979800842856 0.459241094073867 0.547819701755583
Stt3a 3.68948287280042 0.62846639075024 0.657463321821276
Nrip1 3.68540117874513 0.62232332826174 0.650912390311362
Tnf 3.68167081246679 0.854553502243855 0.853840669883945
Calcrl 3.67204302572259 0.69810038114798 0.382021226730735
Pbxip1 3.67194617704405 0.712554827488533 0.535396138956085
Arsg 3.67102722595275 0.526205807142295 -0.113585413317681
Arhgap9 3.66025346494013 0.844265495730735 0.811722322942172
Tuba1c 3.65719507370902 0.744875263429872 0.695584659930015
Ctsd 3.65367842718465 0.763372137090209 0.760741187321224
Stard8 3.6509913032206 0.722801925233093 0.590264166463871
Asph 3.64192616640431 -0.265744818544492 -0.181699182934762
Smim3 3.64032458678349 0.867977200611844 0.835511617521292
Clec4a2|Clec4b1 3.63871504320221 0.884247521675031 0.856370483534019
Per1 3.63682578838491 0.824753432272975 0.824613467484197
Ncf1 3.63667784517125 0.895516524611181 0.887060724594998
Lst1 3.63402217625407 0.792082017395157 0.846753755517931
Pik3cd 3.63292532082409 0.908604887175877 0.914883235752458
Psmb9 3.63192477495712 0.895681682911209 0.884345224166159
Mfap3 3.63154991002659 0.413950756689515 0.350978281466734
Ehd4 3.63068720952113 0.7910800579278 0.777197904627678
Erap1 3.62776027053214 0.823896300436019 0.792284307709101
Rp2 3.62573795127912 0.762697010555224 0.719709184366918
Pag1 3.62285463604191 0.669895458196022 0.709199754196183
Tmem63a 3.6153536081209 0.48502770113244 -0.0681406239139979
Vasp 3.60586004074719 0.531906589761374 0.439627371014381
Lgals3 3.60379686704866 0.540799770378106 0.517324931618071
H2-Oa 3.5979096306855 0.918067874485743 0.909893308924802
Cd2ap 3.58946365924216 0.761354690373898 0.757634171600939
Ptk2b 3.58539793273954 0.687868664786963 0.468452101786285
Tnfrsf1a 3.57587332122836 0.762297395931231 0.580522795986305
Twf2 3.57539232353074 0.773130998185661 0.81900769586323
Ssfa2 3.57106538082174 0.697207139791597 0.736480691564346
Hps3 3.55590988509462 0.705710917431284 0.816819190061191
Tjp1 3.55526480480957 0.478610547074083 0.52605714931094
Rnaset2a|Rnaset2b 3.55476768249274 0.607866506649885 0.643125851420772
Stk26 3.55234716659383 0.874056191192166 0.801564098438404
Ifi35 3.54114290223126 0.846782599275268 0.893707535130917
Stk17b 3.54108482507074 -0.235087279976704 0.140749149355921
BC028528 3.53992502995421 0.717208891811907 0.47025240044851
Npc2 3.52817884515027 0.561759198718481 0.418882752520657
Bco2 3.52691347418579 0.747088531871628 0.736357541541502
AW112010 3.52377558795277 0.854521143065083 0.852292414312735
Apobec1 3.52148580788538 0.688633510427306 0.714328950629396
Sox4 3.52074766781218 0.584857734024656 0.29054336072798
Vamp3 3.51968790557393 0.336876215729072 0.0449114527974257
Cd79b 3.51639841330624 0.903148492136083 0.873202017174607
2810474O19Rik 3.51481485531935 0.575924119523342 0.297412555736987
Clk1 3.51082430881008 0.641438791654266 0.659199913997586
Tpst2 3.50557810452955 0.794620105478761 0.798313462018261
Cd164 3.50337935163237 0.581231136952643 0.571533084732767
Cd82 3.49793801367302 0.531717235332254 0.00313114559712176
Slc46a1 3.49045973344111 0.709585692040326 0.799442919628924
Rsad2 3.48566222704354 0.695801646366084 0.682037570369676
P4ha1 3.48180880128022 0.761663803208929 0.620198482527102
Eloa 3.47191653451759 0.806925540456457 0.811033521660764
Fmnl3 3.47095061791397 0.810926513640362 0.791237257128306
Rbm26 3.46987877737794 0.473045901886319 0.422392495293168
Mical1 3.46515752661245 0.638584310522239 0.6617052248915
Rhob 3.46162844808054 0.322310703912974 -0.0127923897188185
Slc16a7 3.45653909354091 0.673886858496105 0.684398161510423
Tgfa 3.4473112904475 0.494716202655259 -0.0220996978225605
Rac2 3.44646331238576 0.742128706740141 0.713318135769972
Ptbp1 3.44447848715724 0.783975851125953 0.80568654534587
Selenop 3.43938893893028 0.238643451067713 0.276439551997581
Mknk1 3.43906435842693 0.666747396073405 0.712766986000392
Srgap2 3.43071140388949 0.0571142434137148 0.363866937029076
Hp 3.42563519264841 0.890586151906747 0.711869471759309
Dhrs3 3.42498628674563 0.413577592098268 0.681798450683854
Pmepa1 3.42445788132237 0.586493340012934 0.578929573116834
Sgk3 3.41985781967646 0.535238225657312 0.143303761386496
Ifitm6 3.41581511731853 0.895517650065869 0.814779496304053
Dnttip2 3.4074458666749 0.605006308418719 0.218851802095719
Was 3.40660611138496 0.847538793110455 0.8260507279132
Gimap6 3.39017968440353 0.865737709551039 0.854557837072261
Gm8801|Ppp1r10 3.38835637789047 0.840158936956517 0.843891932180979
Rnf130 3.38643112059203 0.557594243146311 0.521233359994257
Rcbtb2 3.38344846791882 0.526142988165634 0.474734410738222
Cln3 3.36722013109573 0.683267798090744 0.669321403710759
Trib1 3.3648757944997 0.611767563805025 0.625421125247339
Rela 3.35730015701382 0.698127810121043 0.772512211269575
Pttg1ip 3.35551865762851 0.420684083329373 0.501551621762897
Bid 3.35006586698957 0.799591984769131 0.751421416309897
Traf5 3.34328183146334 0.868780962500561 0.842757454602263
Mmp2 3.33294183603779 0.727691589058801 0.254955996245258
Rbl1 3.328379680804 0.705315710375469 0.421591462927802
Cd302 3.32611855708375 0.440584127409039 0.340842820490824
Dok1 3.32236496870867 0.874207862157096 0.856968696573455
Trim34a 3.32229477726333 0.828831458009857 0.809984602848274
Phxr4 3.31919886480583 0.78498687169098 0.758396941497144
H2-Ab1 3.31781986793064 0.709179715615111 0.671118874292145
Slc37a2 3.31676805373028 0.876995816670037 0.885793999852049
Mrc2 3.29840197942988 0.68525868629598 0.539375204720149
Zfa-ps|Zfx 3.28897353954613 0.656067349333604 0.660191358583106
Clec5a 3.28331608034362 0.905523418428046 0.886863237783066
Casp7 3.27555149880567 0.703376357975444 0.416964818142738
Tlr6 3.26981214183967 0.85983313868865 0.842002418044301
Fem1b 3.26487217006395 0.495156409213043 0.153245547294082
Ptger4 3.23459544704094 0.72850771918054 0.574230137608406
Col6a3 3.21022601910341 0.669733138766229 0.634487815912675
Rbm5 3.20900329388004 -0.174661857876905 -0.231175949114652
Parp10 3.20010196140882 0.830770076008497 0.830775042673151
Myo1b 3.19369169522925 0.365483780254433 0.276555098297265
Tmem100 3.17977154394959 0.670180701218248 0.273441342360152
Tmc6 3.1672688392725 0.777995434906015 0.677252848568338
Eif4ebp1 3.16122158084419 0.639458714229072 0.638387684454672
Mcm3 3.13345919175798 0.707921274721737 0.706604998763551
Relb 3.13068179374373 0.773482184781084 0.797081793663554
Smagp 3.11778026740721 0.848523913750928 0.809865240498596
Isg20 3.11372854373648 0.884990857172267 0.867194631914388
Calhm2 3.10089605421065 0.911534565902441 0.887304764245657
Nfam1 3.08644655687359 0.893194452991536 0.883203839671544
Il1b 3.08416666164138 0.7110178762067 0.639994743010594
Il4ra 3.07469400249064 0.571524906754032 0.521809135885418
Irf9 3.04878127188407 0.873362364727011 0.82720984155792
Tgfb1 3.04662078543768 0.683433832032746 0.625359376449421
Socs6 3.04423425694347 0.666129637369527 0.722379479536473
Batf3 3.01207346345745 0.856652673733452 0.850356112292921
Hlx 3.00997327716378 0.886452402547336 0.877065176720435
Wls 2.99968988736341 -0.0748887290693939 -0.149196942917735
Tap1 2.9882862251789 0.779914528075166 0.682329513022631
Map4k4 2.97808605460995 0.296638263083031 0.0185560608273955
Gmfg 2.96951416110304 0.809949004334204 0.744606596804263
Cmtm8 2.94847713614836 0.372525938195568 -0.0908625295260954
Ptprj 2.93153906242916 0.623688088167997 0.579247177076552
Rasa4 2.92017195596445 0.486846740103245 0.403338965259428
Pf4 2.90639222187875 0.87668908710745 0.804940607222176
Abcd2 2.90286031415826 0.302585229941045 0.124091883092589
Ms4a6c 2.89163489768156 0.784159911589894 0.766349194995727
Irgm2 2.86451288265665 0.811931743324344 0.808279538119709
Swap70 2.83952932563144 0.838465632094301 0.788592938795162
Lpl 2.83031645518528 0.78277476772391 0.774985285047187
Tnfsf13b 2.81273785618919 0.854864286770636 0.832375914467814
Smpdl3b 2.80886917961103 0.870232114193602 0.843865690014981
Myc 2.75687297658523 0.768971623681469 0.793025543126931
2510039O18Rik 2.71199341605168 0.583964609988503 0.42174199569488
Mpo 2.65957165947399 0.742949035954022 0.435560504850254
Emp3 2.64141121069393 0.853456733136656 0.863910563287154
Tor3a 2.61332659457025 0.678557870942365 0.627427011808626
Srpk3 2.6055614259262 0.85907858755167 0.836250962552528
Tmod3 2.60283283530648 0.479665373389299 0.148183907193865
Ifitm3 2.55753256579961 0.384307644791276 0.389806534484412
Sh3tc1 2.54251524448394 0.807969726826084 0.820158389997409
Acaa1a|Acaa1b 2.50303298913439 0.451102895107776 0.191211729463639
Slc29a1 2.49423679003274 0.452885995600328 0.446693749824408
Bicd2 2.48120977225118 0.590203191010983 0.474306683963714
Parp8 2.46437635523123 0.58793015677468 0.421930469727355
Gpr137b|Gpr137b-ps 2.39713008997608 0.491277724772391 0.450901894011501
Ltbr 2.28169562709923 0.630509168387662 0.654231583957246
Phf20l1 2.27073613047919 0.493666478108102 -0.0785204253556641
Map3k1 2.24985109302443 0.789143979052624 0.737877765725677
Tnip2 2.24920013202046 0.76605334141587 0.729194977259979
Tmem168 2.231393900716 0.597126829309367 0.585073910116529
Cyp4f13 2.21419643006427 0.731961651656391 0.748851656260016
Il21r 2.21263046604458 0.779906313177085 0.716320021946891
Sft2d2 2.20772361486098 0.447854753900473 0.16605108255059
Dab2 2.20645071302242 0.63822028496975 0.295611439711656
Retsat 2.18131794867045 0.577851451414423 0.529728341531214
