Slc1a6 6.18573230198865 0.675433505293519 0.58031012796099
Pcp2 5.91767573794123 0.650369536208509 0.61976190940907
Nrk 5.77214859590798 0.588344758849457 0.507231410997563
Il22|Iltifb 5.44646108924085 0.536453446566781 0.661896338044617
Ppp1r17 5.35009117782679 0.762205486440252 0.835590753742182
Itpka 5.34181649512091 0.817645095238341 0.841428628749813
Smpx 5.21472088351811 0.765335809151439 0.748934018363319
Ptprr 5.21183186081482 0.835981296297047 0.842894135604576
B3gnt5 5.14621045121767 0.628558188952303 0.607315897631103
Grik1 5.14583828838028 0.69725585971513 0.572666137089376
Krt25 5.11465419310066 0.836400413452466 0.791804261320221
Atp2a3 5.09090848653844 0.766245573905678 0.763891884269742
Trpc3 5.00915708413126 0.758181672181939 0.723970346946018
Plxdc1 4.99157139689181 0.631763117178997 0.0646875814458077
Prkcg 4.98733575067085 0.549211979475713 0.475434506028941
Bcl11a 4.93798661823525 0.782926775153197 0.8024123228804
Lmo7 4.9158574099644 0.701208753383437 0.733516632867463
Snhg11 4.88392136094921 0.29429920398943 0.114966853150075
Fam174b 4.81510061378588 0.820075042820021 0.839916348958439
Tpm2 4.80111139763929 0.549823831176084 0.276496335125714
Ebf1 4.78820175103715 0.762685167352137 0.732261319564296
Kalrn 4.74357430219657 0.616842672581966 0.576959904588641
Slc32a1 4.72485715651303 0.249182788000628 -0.209320910477799
Col18a1 4.68498299664826 0.584272021170962 0.43195521194801
Sycp1 4.62477634580833 0.801511091174528 0.776800005026687
Washc2 4.551557077399 0.588034319642499 0.549455175278671
Stk17b 4.53440887516626 0.733533286805834 0.140749149355921
Cck 4.47386834674537 0.740233494399899 0.756422475866084
Ryr1 4.47287573756745 0.544052520452451 0.337528268831076
Doc2b 4.43150662509041 0.714801610621878 0.674257152057211
Spag5 4.42607156628709 0.487085618192189 -0.274101211683306
Casq2 4.41429886910263 0.730887095890178 0.616968233318474
Cacna2d2 4.34010847567043 0.57638568769936 0.542848301679296
Gng13 4.33588872092035 0.6483474423075 0.757739163517913
Calb1 4.25750045537817 0.589734855268273 0.663131861727095
Tuba8 4.24927843079439 0.683919053254382 0.616792132516618
Igfbp3 4.18816168685984 0.633440233474092 0.578348753193965
Kcnma1 4.16318230616566 0.24205786472776 -0.0495009634800088
Dgkg 4.14495359006779 0.746595418101367 0.602946858843106
Rgs8 4.13891856078772 0.563295963354742 0.665748927800863
Eps8l2 4.0798685167538 0.701178198139446 0.658426772134797
Rasl11b 4.06717970754684 0.615371400002099 0.544464917886761
Car8 4.03852546575467 0.492306516598109 0.594493277350337
Cacna1g 3.97944741940891 0.554861229704525 0.437218160356779
Icmt 3.96127422249753 0.776034362973448 0.747619055484996
Slc5a1 3.95126776949553 0.836123267795793 0.823195349286765
Asph 3.9419989855571 0.640031263331246 -0.181699182934762
Homer3 3.92473987155749 0.653613142748156 0.556549343911359
Kcnip1 3.84365853146678 0.685755848029355 0.621908160213411
Ebf2 3.83858777486057 0.725758676642363 0.66584678572579
Arhgap20 3.77816811280743 0.331603340066806 0.101436804246977
Tgfb2 3.76472897770055 0.682268147326923 0.63099345540427
Lhx5 3.76075668908481 0.693607281639654 0.705409112512941
Hdc 3.74131164964821 0.483960076586697 0.122839832233292
Stac 3.70606506575976 0.818342456013181 0.755807487130575
Cpeb1 3.68332832157339 0.457232656752389 0.12002839905641
Tm6sf1 3.67544158879381 0.483443282181615 0.102128177176711
Gria1 3.6384204198033 0.224505926970185 -0.0459892483065755
Grid2 3.57265510666207 0.506331083789372 0.399184124216987
Thy1 3.56417130817192 0.625071487919187 0.258707038295389
Kitl 3.5200233276768 0.458656770581248 0.158345181548004
Adamts4 3.51623275116213 0.229513911350342 0.17528005342217
Car7 3.46199449353911 0.656094748301992 0.505692255743391
Tspan2 3.4515271506325 0.417173949292986 0.531247322984913
Fgf11 3.40606008142382 0.440655755878075 0.321303406318111
Ptpn2 3.40030075535542 0.778534810167878 0.729533771237275
Epha5 3.39567214470604 0.445090152850508 0.217375400742258
Itpr1 3.39196962198806 0.482016952018046 0.368099115367399
Pvalb 3.38181788827567 0.373272979913513 0.0941537916132021
Fam117a 3.3712956488641 0.662087358675226 0.61164497485349
Prkg1 3.36344661281809 0.523092688763536 -0.0165653355377487
Kcnab1 3.36303589709668 0.560803233724747 0.413226663581198
Ugt8a 3.33872556890434 0.282285198913691 -0.253058393058455
Nefh 3.33240069649424 0.591870088555858 0.44919118603372
Ebf3 3.16881159041422 0.722384390451136 -0.126682403682731
Igf1 3.1465361894217 0.549580878425018 0.291345218596805
Slc41a3 3.12549469951868 0.572521905941181 0.213345654297475
Vav3 3.06185394900333 0.33964248239137 0.0168524818025417
Gipc2 3.00003278332002 0.654401406275044 0.528764487839478
Igfbp6 2.92172258943459 0.67158193329918 0.605701975162305
Gabbr1 2.9008070582719 0.499726851868555 0.221472117147333
Grip1 2.8934661231868 0.472166907385164 -0.0532808801793303
Syt2 2.83921528009644 0.258424932051493 0.0494563352196435
Rhod 2.77622412219261 0.723855000095051 0.342217004248914
Bean1 2.63335909616836 0.739862358708597 0.455192619507185
Atl2 2.59129222730618 0.311102018419325 -0.298637586791779
Ccdc85a 2.54018433021628 0.641119245188381 0.467688281012951
Alpk2 2.41418415504166 0.395513061716917 0.132414804969458
Dlx4 2.38647565030553 0.703108207841553 0.56809907831493
Pcdh20 2.32870980584665 0.238823475856613 -0.246963064111432
Medag 2.31078935726054 0.568290933456768 0.152987236424991
Cntn6 2.24772511984455 0.201913421029788 -0.262179232847225
Cacna1a 2.20973222928239 0.231054191593216 -0.195430932634698
Rps17 2.17152914755477 0.319196138995549 -0.36734924018444
Lgr5 2.08108022234226 0.345997314912569 0.0640602205117006
