Cyp4f15 6.31915695479609 0.860174712295092 0.840614428986309
Ezr 6.04717266151857 0.805579913793901 0.841603048098154
Slco1c1 5.9826300285806 0.779669556360984 0.760559792547276
AI464131 5.88239062224672 0.84377784168311 0.873111388533711
F3 5.84417768410716 0.732808625244485 0.722398737542403
Bcan 5.8396747771002 0.6222449559044 0.74587796908394
Cth 5.73512349764482 0.824027914671366 0.815472595985684
Acsbg1 5.71838426603279 0.823122078599013 0.847992649544217
Grin2c 5.68545650377549 0.706068177952703 0.716179811388927
Slc1a3 5.57069380216622 0.694549232447165 0.698254125988597
Pla2g7 5.56921065596599 0.721768535942258 0.747916127494964
Slc7a10 5.5493089506134 0.806351473013527 0.811577826107605
Tnfrsf19 5.51692491621357 0.826015395287208 0.841180265281879
Cldn10 5.4922433809673 0.793024786801537 0.725824710776182
Id4 5.39632403136625 0.561162989739629 0.51011396077996
Cyp7b1 5.35616042071814 0.781558549744977 0.815459345245038
Elovl2 5.32340161865431 0.846532584869553 0.8581038674056
Htra1 5.30331525751764 0.59337708286137 0.6221943064331
Scara3 5.27011965062216 0.757213023975609 0.78826019010128
Slc1a2 5.17979999840231 0.525081338120331 0.435342888414688
Cyr61 5.16060913691099 0.878582348156904 0.857814268177357
Pdgfrb 5.15811633352746 0.526466861981093 0.437108651725583
Cyp4f14 5.1375452911472 0.848774687140919 0.85868424702626
Wwtr1 5.13164534765085 0.781083448175613 0.756883370360999
Ccdc80 5.11178763163272 0.820451808176387 0.8137219097349
Lhx2 5.09254809683964 0.670289459529669 0.610056775433524
Slc15a2 5.09030943603057 0.831315273251702 0.840802630605082
Slc38a3 5.08642283853124 0.749358860459323 0.725997510489504
Gjb6 5.03249556144126 0.710392626247453 0.734174711121178
Tlcd1 5.02400409122035 0.650143132349507 0.674059456340447
Dio2 5.01923194229696 0.569871456465664 0.545221280399009
Aqp4 4.98559095058749 0.630687448981288 0.609882603373067
Fmo1 4.96602055001938 0.735519913847473 0.732893383173691
Mertk 4.95904419727106 0.686115338469094 0.023616097947432
Aldh1l1 4.95542581002891 0.835085201566435 0.846832595979502
Mlc1 4.94865667401857 0.584091952593581 0.570191559018631
Prodh 4.94084833819278 0.788206633638245 0.767657275081613
Gabrb1 4.91536956704481 0.0689469455566739 0.38524210525882
Vcam1 4.86641590096126 0.686443705710912 0.729503777174409
Cyp2d22 4.83542493087785 0.818174932038027 0.834154105430177
Sox2 4.80381137553311 0.382970250009119 0.256502273046404
Fjx1 4.77878162671351 0.795526476632724 0.863193164930019
Egfr 4.76796011055522 0.818617630009076 0.775336941754331
Msmo1 4.74409561218352 0.514136202139337 0.409538333554596
Igfbp2 4.69597551543164 0.736783325907476 0.728149975294568
Slc1a4 4.69478581417349 0.206118104639706 0.274922062415132
Ptprz1 4.68787515053175 0.529946676691589 0.704572742276582
Emp2 4.68508685801781 0.791156027044192 0.768738163196783
Hsd11b1 4.67570779934583 0.796910859551868 0.81540526434882
Ttpa 4.66449201892236 0.81842949630269 0.772369804703734
Eva1a 4.66014983720745 0.689967835977421 0.738089793192592
Gldc 4.65579414704874 0.734056012699249 0.734069209013029
Fgfr3 4.65301790314768 0.726335360246683 0.775379111267642
Itih5 4.6520086673224 0.727667143609734 0.739068067728589
Rlbp1 4.64508525156988 0.47120011850747 0.15172412401797
Slc14a1 4.63380705291515 0.822807984068907 0.814784058229655
Gpr37l1 4.63251504164197 0.562282041945324 0.732762038858991
Dclk1 4.61022069152604 0.495402490906597 0.536613238562455
Entpd2 4.60976561027753 0.727145175751002 0.754260109780311
Scrg1 4.58829388177101 0.341837063411614 0.111733237102384
Tril 4.55034618315734 0.75580452910039 0.805661431824548
Acsl6 4.54507160537971 0.606465005949818 0.683267406202443
Ccnd2 4.53375210576598 0.660449753205768 0.592529320250839
Col4a5 4.48544559989586 0.779340350245302 0.780108493992729
Cyp2j9 4.48222136880936 0.583684385154627 0.715988047172526
Gli2 4.48067658645564 0.80578900347475 0.758762905145804
Timp3 4.44993879205671 0.632758366902917 0.619538659143053
Axl 4.44827474961906 0.691560647607782 0.655271115291767
Xist 4.43466217374547 0.426804152567599 0.043416087245151
Gabrg1 4.43261596573818 0.624186210026531 0.674375188226294
Atp1a2 4.42481136310844 0.482869980896544 0.532457804627888
Fam181b 4.39885648322987 0.614429115236235 0.512384561825193
Phkg1 4.39865323673793 0.837148015153613 0.813472871204969
Igfbp5 4.39214402620789 0.181905073608615 0.433224260667929
Slc4a4 4.37929376228793 0.3774398599787 0.345466125857536
Abhd3 4.36967411397675 0.56830392174378 0.744549369080257
Ncan 4.36446221168071 0.580137442155536 0.683157630309486
Fzd2 4.36182324179588 0.758753196196397 0.771336094294079
Id3 4.35564119258795 0.585315146991413 0.455377769249416
Cbs 4.35370735155325 0.745907758059464 0.725846175582477
Sorcs2 4.34778814745726 0.778586687918179 0.77393023981352
Adhfe1 4.34601018943679 0.685688770527283 0.712392385421288
S1pr1 4.31722483538933 0.657223085598046 0.639142779831834
Ndp 4.30593126810403 0.701643797398898 0.631657444709025
Gdf10 4.29493901582974 0.85273525501972 0.855440653419848
Klf15 4.29429314973625 0.628284306294742 0.617413540250173
Ntsr2 4.2525748860292 0.710664749170966 0.728514178056241
Amot 4.24802003038153 0.516489306780411 0.652548332542668
Lrig1 4.2339142532808 0.587319435295199 0.557672944508317
Fabp7 4.21477199549673 0.319295221702389 0.176965330793772
Atp1b2 4.20990742971494 0.251918144860467 0.402226548622266
Lcat 4.20915852464466 0.818094825004665 0.817798000719923
Oaf 4.20395943569094 0.734164514540218 0.798924010593506
Lmcd1 4.19654004330494 0.660357708788279 0.549617195775667
Cd38 4.19052328534883 0.809714094815018 0.780459374967831
Nat8f4 4.13516426255743 0.776666108844973 0.7743439980923
Gpm6b 4.13157224535818 0.333997051284086 0.32781385650888
Smpdl3a 4.13057711876832 0.748180824117531 0.784626748348411
Foxg1 4.12099769662637 0.295623775177482 0.100317791044696
Kcnk1 4.11543087528841 0.620417278342467 0.644915996151621
Pygb 4.07597708217807 0.563231685234605 0.646615317198644
Tmem47 4.05272438162091 0.425956535700623 0.681938900541392
Car8 4.0398640129534 0.410158180163903 0.14790114510697
Slc41a1 4.03335816814502 0.841159903178528 0.840299627842986
Btbd17 4.02921443662382 0.817718241070709 0.835369592906767
Dkk3 4.01325894460985 0.339619501288085 0.462198636072281
Plpp3 4.01258070791813 0.659161853460049 0.77862411729553
Pbxip1 3.99096595300155 0.750502086086998 0.721219446308713
Cspg5 3.98595634925997 0.678691573474811 0.593614008319116
Lpp 3.98562086514149 0.817299560044392 0.688921781759529
Prdx6 3.97752076351217 0.588647771167071 0.656137061832776
Cxcl14 3.97553730238024 0.547460791390781 0.475071717175078
Kcnn2 3.96910638779329 0.73858249918622 0.747589637589565
Igdcc4 3.94985035248422 0.177423593131273 0.508143778925185
Klf4 3.93415955862812 0.508362204426096 0.471143080807738
Clu 3.92912925888779 0.711884538786112 0.779868403562126
Fermt2 3.92193518903892 0.410202008126406 0.811227120619852
Papss2 3.89984062875486 0.795716848601091 0.734481894347144
Hapln1 3.89799911394141 0.646026741579922 0.616606468674956
Ngef 3.89345163136587 0.520181911566519 0.48285851949803
Wnt7a 3.88346803014976 0.709749175868144 0.632285444728108
Pdzph1 3.88296098497818 0.774955375850236 0.682707232270952
Sema4a 3.86632001037219 0.612528210577597 0.596289559446054
Aox1 3.85978222587892 0.686708279128936 0.605375541847262
Abca1 3.8362964022071 0.646403028836459 0.131832799862662
Tlr3 3.83576773390398 0.579168150742644 0.613259345282609
Vegfa 3.83335956354675 0.796909646165114 0.777011506505045
Ptger4 3.82756038053676 0.694017576120867 -0.098625333861336
Gas1 3.81866142018942 0.541657724055209 0.433439958017736
Itga6 3.81542522401809 0.65912111713196 -0.12839271730186
Tgfb2 3.81465802969059 0.579683764159734 0.531139044641126
Prkd1 3.81061520243124 0.690157300796931 0.678488085136365
Dtna 3.79029875000721 0.700006213022376 0.753944914766565
Ghr 3.79013972440409 -0.112571379805719 -0.0686713877697754
Scg3 3.77944897042295 0.636646897368434 0.70189447900473
Ephx2 3.77442613786584 0.775292581904949 0.775965356955259
Gp1bb 3.77405783486608 0.420158046102333 0.194689243449329
Trps1 3.76248367713993 0.66755907559705 0.731756000175544
Fstl1 3.75953403507147 0.336448666405238 0.282973057872584
Acss1 3.75592194000004 0.696347837722758 0.681042353164821
Pdk4 3.75577915548424 0.579424558132109 0.598105321891196
Dag1 3.7448920240639 0.695310540652079 0.731516346368485
Add3 3.73344929002111 0.586044818666652 0.705446716413169
Gpld1 3.72070923094728 0.41520177542453 0.68796300168449
Notch1 3.71690578371778 0.763881065612388 0.764811788641146
Fkbp10 3.68904596375808 0.827476587781655 0.815042389668298
Heph 3.6873591182341 0.676675866727445 0.620743909084962
Fmn2 3.6558307913074 -0.0521864819198051 0.159910240905516
Lxn 3.63669312036236 0.670251991780683 0.5819732157194
Fads2 3.63545133509013 0.695778946714057 0.711203768732584
Pygm 3.62594035737178 0.682743903905466 0.611005874305225
Ptpn13 3.61576970783557 0.619726810221374 0.427017109987406
Fgfr1 3.61466441440152 0.536142762081706 0.632160973618595
Sept8 3.59849907349544 0.446439078255917 0.25469801136639
Oplah 3.59344742827793 0.760685048195537 0.87251183449592
Gpr19 3.57893117590756 0.656561732095055 0.672198568447485
Cyp2j6 3.5745142222359 0.353718647916404 0.221059383223496
Itgb5 3.55957858745952 0.548287424600415 0.734332201174804
Ppp1r3c 3.55581013061325 0.711869221437758 0.735501062017654
Gadd45g 3.54403980615211 0.542474068249364 0.218724521790695
Gramd3 3.54368317042844 0.318349804957076 0.0798885210836513
Mfrp|C1qtnf5 3.53953393477944 0.638306520383741 0.603779979861133
Nfib 3.52841862462724 0.489312204458825 0.561297984701541
Gpx8 3.52548533209411 0.553007736545563 0.406774942759366
Acaa2 3.52175276483448 0.775204040688996 0.759579913207556
Vcl 3.51548268953089 0.773407369466914 0.789918147184621
Adcy2 3.51443031989982 0.385699241636356 0.635806162636511
Mgst1 3.51109347904104 0.640104078003715 0.570170569396731
Tmem51 3.50527955046089 0.623988065695789 0.657131822864043
Lgi4 3.49907230072724 0.790971723653196 0.769179698693768
Gstm5 3.49663086396653 0.283151500495868 0.58577965125712
Gng12 3.48482523875398 0.33606420881856 -0.00906727997896324
Aldh1a1 3.48254614856753 -0.137880156915692 0.168623529108253
Acot1 3.47697781297499 0.303857061433312 -0.061021936594642
Fos 3.47117690853018 0.395306645969266 0.418594029460351
Sox9 3.47084511174492 0.782885283076243 0.741089269013008
Phka1 3.46069233687566 0.573606369341034 0.596423836845545
Ppic 3.46019358916853 0.689116450517277 0.612885860889392
Tenm3 3.45666869916698 0.741112991173491 0.73525950286692
Mmp14 3.45316678166913 0.69109041579454 0.650674483266838
Txnip 3.4512160829002 0.484842620422443 0.534275457018026
Nrarp 3.44238872832283 0.615651045210195 0.482462120109468
Kctd5 3.429362701941 0.493980094377377 0.539004667372079
Ddit4l 3.4102139487661 0.586645538188245 0.335282366034117
Myo6 3.40896295439808 0.501967404493682 0.540338316099749
Adgrg1 3.40673563968202 0.683705902163282 0.382063240950214
Fxyd1 3.40506552092404 0.634414490542449 0.647679486553746
Celsr1 3.4044912123917 0.824732524618978 0.807271619677941
Prelp 3.40306956937803 0.709461225249995 0.625263395073292
Sparcl1 3.40048925106403 0.654143434182406 0.712794482305595
Aass 3.38944336616829 0.701662054383615 0.633672580266948
Asph 3.38127283367785 0.501067964817571 0.204044268100301
Mboat2 3.37216358104513 0.391020210426942 0.335989641001681
Tspan7 3.37175674930206 0.440974986679661 0.336929213556614
Nkain4 3.36479352791407 0.650808595637735 0.57779170699844
Bcar3 3.36399487613542 0.751974324450379 0.758263246538132
Cers1|Gdf1 3.36160423200494 0.561957368409953 0.600503360344671
Abat 3.34968649058235 0.549928170409047 0.548260556351105
Ppara 3.34185866270409 0.841608263359 0.79916449531982
Sox5 3.33216899025253 0.605587955364568 0.594333789117626
Astn1 3.32963291005884 0.0850093206968078 0.356898087784747
Mfge8 3.32604164030145 0.623212286022247 0.626661091435354
Itga7 3.29644357446506 0.797580993107959 0.764908639547949
Tnc 3.27578069802824 0.674687014980657 0.600874926054201
Fgd6 3.25011739443649 0.80444199477762 0.771131705161557
Rgs5 3.18002774855365 0.0375819064181113 -0.0524906246062805
Rftn2 3.14427460136715 0.606827897195791 0.580449122026446
Cd44 3.05786413627031 0.600322313698127 0.549631264022627
Tfcp2l1 3.02914940949476 0.72831887034854 0.678973992147633
Arx 3.02607462331517 0.546222367912648 0.485665082660312
Prkcdbp 2.97176866384053 0.44144676158135 0.0881222362600027
Fbln1 2.95474292266481 0.561510967689484 0.462082258252849
Fzd4 2.9433325869112 0.744406110808391 0.546550058082081
Pax6 2.85911912334086 0.765588005081326 0.744010544387134
St6galnac5 2.85018209754024 0.519909473091907 0.456790454019765
Cuedc1 2.84485409128426 0.524575410593027 0.346476393628038
Rorb 2.79009622846242 0.663436526676872 0.66529100068182
P4ha2 2.69440018597714 0.120930388138012 0.0657206795809263
Serhl 2.69201829932853 0.694539410463915 0.748078323088421
Gcat 2.67669198757073 0.333847511883663 0.0088207523378987
Arhgap18 2.61657445336303 0.599152023595518 -0.161090717500903
Clcn2 2.59008773104281 0.594065042354094 0.462834049063183
Gdpd2 2.5795245499207 0.312773377562155 0.236810427831919
Suclg2 2.53272828713955 0.609632901198142 0.160146644714179
Gabra2 2.49785146256246 0.427797610541084 0.346233049625399
Pou3f4 2.38971760322485 0.238523821546336 0.165332753855704
Prrx1 2.35419781782916 0.509800625623808 0.200274669157894
A2m 2.30967041574245 0.70662640521944 0.634237605016387
Vasn 2.14026183487308 0.438377663595572 0.391389096458822
