Gad1 9.48514372567787 0.698744467098846 -0.016946969335337
Pvalb 8.63019011786402 0.858821005864742 0.485643775077586
Cox6a2 8.12393954215234 0.881735413263903 0.777915452035379
Pcp4l1 7.43035046065387 0.522653532463259 -0.00921338387207852
Tac1 7.29560141227549 0.691097121546603 -0.131455945675477
Snap25 7.27683480516366 -0.376612724419553 -0.0920426172567901
Atp1a3 7.26143860331183 -0.0964417642284404 -0.0142112992081376
Nrsn2 7.22608640421142 0.00459686606794971 0.000332837361253308
Syt1 7.17098483591838 -0.364056465127554 -0.0961381845938692
Stmn2 7.00974499274732 -0.355499887609069 -0.409080166538928
Rab3b 6.73747502087747 0.245184683403037 0.120308336466063
Nxph1 6.709340417734 0.600982979358755 -0.153014308622048
Gm13629 6.49595049154445 0.635355252890248 0.637507427280571
Galntl6 6.46080827360374 0.408981743796082 -0.198101294693326
Gabrg2 6.4299517743269 -0.227246820098475 0.0712198393479677
Serpini1 6.38384794716539 0.0157864286344952 -0.163675331494169
Gabrd 6.36255652346638 0.13947053553955 0.268629751905514
Cplx1 6.31111169864355 0.240648359746079 0.476780715510593
Tmem130 6.21023021545959 -0.238461438040089 0.186078300099446
Kcnc2 6.18147273550052 0.497122078630496 0.0421199809885432
Fabp3 6.13137952299492 -0.210502591578941 0.271871794038843
Cpne6 5.95088634289428 -0.174718740454381 -0.129340455686218
Crhbp 5.93534975592767 0.770147228306333 0.539877211958834
Sncb 5.92904314102932 -0.232876465087788 0.137205683053683
Gad2 5.8944788904151 0.747422645347141 0.181640121214429
Nrip3 5.87440043490301 0.0307967579554828 -0.04534572269481
Pthlh 5.72833290289419 0.647112533053474 0.216227060680687
Tuba8 5.72819114360136 0.358436529168594 -0.335155980206925
Elavl2 5.68327636540666 0.255252435036523 -0.365464413108091
Fam84a 5.59507668797723 0.195470330569825 0.0308889659379701
Gabra1 5.59354286163783 0.0249610175822968 0.221089952770767
Atp6v1g2 5.52650440567778 -0.337816420612282 -0.00986800082210431
Gm15881 5.51014596847649 0.379599130107616 -0.413845949487522
Vsnl1 5.49952713137406 -0.265101520407753 -0.297448724767388
Kcns3 5.49046571914573 0.730544529609826 0.218756716396622
Cartpt 5.4260591924026 0.913693378221482 0.671226218559598
Scg2 5.42508895955452 0.0346321434282464 -0.335568500645494
Lin7b 5.40965401613085 -0.221278717759139 -0.379228554905616
Rab3a 5.39302494138239 -0.350098596513608 -0.117344322085252
Chd3os 5.38508711281284 -0.179889025471161 -0.489523211327486
Akr1c18 5.37937989839974 0.723372623937585 -0.406411519072925
Rpp25 5.37111775582782 0.613071601203643 -0.447772707478406
Gpr83 5.30726130046626 0.354727480620658 -0.330692034203718
Cort 5.26601619015202 0.753288672754122 0.139533019320142
Sult4a1 5.24732574278492 -0.354946632024842 -0.413866072125364
Ckmt1 5.23872962744893 -0.348034984628231 -0.176299026119656
Plcxd3 5.23592252661054 0.0980491164366385 0.104215742425501
Snhg11 5.20867199441497 -0.293390753757322 -0.342401436047976
Hpca 5.10793603754893 -0.0999070456553025 -0.349140910730244
Dusp14 5.10165635338912 -0.18392777824941 -0.131668177213336
Cadps 5.09355884822103 0.0564252688911362 -0.34628848510086
Cacng3 5.06673578627288 0.00218464021532663 0.00562400107866798
Dlx5 5.06494961644725 0.788736529002877 0.0978946585055939
Npy 5.06137933720637 0.362342353370068 -0.2294639210278
Ndrg4 5.04319913454641 -0.166197101203304 0.302608169969922
Meg3 5.02591463396236 -0.308712877646801 0.275181935943774
Btbd11 4.98614912767592 0.652647905645203 -0.396553348579553
Nrsn1 4.96768057598042 -0.227414117973138 -0.109003740152086
Got1 4.96173700344399 -0.0679746956289475 0.474116856874308
Tmem132c 4.93037191064316 0.779732674405511 0.478839869047196
Bend6 4.92383870078768 0.171168506121367 0.398084658424573
Kcnc1 4.88652306796457 0.602898938207716 0.351077886629604
Pdlim3 4.88464475045549 0.690313828161984 -0.0692048085626748
Serp2 4.83301673873508 0.0819410256998715 0.458302645820273
Dlx6os1 4.81432132689536 0.784483914703522 0.347555744738528
Lhx6 4.81431927750429 0.793000127957235 -0.338816380448403
Cntnap4 4.7994281380144 0.470753926697498 -0.224757387524582
Zc2hc1a 4.79319275607171 -0.335512433004364 0.180928881362292
Golga7b 4.76850808901565 -0.00644628578424549 -0.311590492889872
BC030500 4.73565261143269 0.319633002654913 -0.418419513239989
Clvs1 4.68025450615313 -0.127206051385135 -0.365036520581268
Gpr176 4.66901661490861 0.746027234026284 0.618176705617687
Clstn3 4.66560816439883 -0.205783118328859 -0.436533513953538
Kcnmb2 4.66220808562417 0.846299481719071 0.36917665397394
Ankrd45 4.66200073752173 -0.21041263934122 0.0945196057901054
Nefl 4.64751394128028 -0.13729332984558 -0.104056376094026
Fgf12 4.62773243277022 0.122055736724608 0.585433816613878
Gm1604b 4.61461981674955 0.67110412908342 0.170697988704091
Kcnab3 4.59719421147474 0.31627026538167 0.166792876307788
Ngf 4.58138528401903 0.821598233513998 0.647687750909039
Kcnip4 4.58128154014997 -0.0391728919317336 -0.254236202832878
Gm9866 4.57452374140256 -0.260421895839465 -0.292161121167953
Spryd3 4.55647160620278 -0.30775282698036 -0.417836973741994
Eno2 4.54752735777793 -0.33727072643622 -0.0761822993271952
A530058N18Rik 4.54091027622305 0.697594218412423 -0.317512460899534
Syt13 4.53373930557189 -0.197362036904773 -0.140187017841119
Gdap1l1 4.52769856960699 -0.22850689453609 -0.498799567354335
Scn1a 4.52476263529819 0.290353043617666 0.493729013820146
Tmem151b 4.49872888887263 0.220875087636472 0.355929719144278
Rbp4 4.4858839050724 0.401303347240032 -0.382834834553587
Clstn2 4.48138333477982 -0.0733055779513286 -0.0483708109299884
Kcnip1 4.47163864411411 0.642550275102526 0.174469516637536
Dync1i1 4.45298725232832 -0.18827542486646 0.381511180578546
Fgf9 4.45160821431424 0.428038774973535 0.521440794765491
Pnoc 4.44882852339275 0.745704069297749 0.499092762981933
Grin2b 4.44243789552542 -0.224971389888933 -0.513110409455316
Bex2 4.42453414341584 -0.346883984040791 0.377885148473368
Gdap1 4.4237980907274 -0.294712818161251 0.198364278854111
Ralyl 4.40704420842963 -0.222194783206743 -0.281498524304441
Syp 4.40600693863102 -0.340356301296343 0.104505464269407
Nap1l2 4.39045514212867 -0.285463521947623 -0.271183014787003
Rbfox1 4.38261701943968 -0.239839924298772 -0.0310960784620844
Slc38a1 4.37679622883258 0.378346482563737 0.500153292664938
Prmt8 4.36858782195506 -0.220547044248146 -0.450189668949479
Mal2 4.36741908259986 -0.0168430652384875 -0.383879499896096
Vstm2a 4.36216040042307 0.0942250263743397 0.0364111317475711
Fam19a2 4.35905133453592 0.107465168545465 0.0326627154094162
Slitrk4 4.34990461133585 -0.2915333203101 -0.397054358723269
Zfp385b 4.33146008624712 -0.0810592358465272 -0.126675495819074
Ramp3 4.33018120480495 0.0307400521982159 -0.0830952242957394
Rbms3 4.31750025606642 0.701714887309852 0.309399154566411
Ephx4 4.31442195874671 -0.250186641573522 0.163402149151276
Chac1 4.30762741653575 0.340147070524744 -0.374018016341094
Slc24a2 4.29638710728607 0.085335752128401 0.0531289344611295
Mpped1 4.29581478202394 -0.242757738411118 -0.0221344082933626
Scn2b 4.2956769457 -0.313172894105439 -0.524755654254941
Stac2 4.29438637442172 0.296334332203214 -0.585823229403827
Kcnk3 4.28381077960822 0.534707008461459 0.523042213887601
Kcnab1 4.27632278032281 0.126162983515398 -0.299743179503643
Kcnip2 4.27425155590813 0.54024868798023 0.483508327889656
Cenpa 4.27183678881737 0.656205826509402 0.497298532948832
AI593442 4.26756344954293 -0.152931443495783 -0.0571027640575277
A330076H08Rik 4.2534960940796 -0.164548215882629 -0.249630507747269
Zfp804a 4.23536791321629 0.667170764396465 0.614971244512326
Syt4 4.23154271715576 -0.216394424202239 0.177091166905824
Nrip2 4.22348347119417 0.462326322634268 0.00291357732777101
Nsg2 4.215040362155 -0.309015441887108 -0.347907371001675
Pcdhac2 4.20397286838748 0.419729709683062 0.467220483270767
Clec2l 4.17945261845775 0.224939425040283 0.424618091883381
Ipw 4.1791236075682 -0.294871830031855 -0.368744266974346
Fam81a 4.17517620014191 -0.244995085513122 -0.0794729916396063
Lhfpl5 4.1589752480546 0.42814937271917 -0.323671442208706
Elmod1 4.15720504888373 0.0444008979149136 0.298728744812823
Ypel4 4.15479057253602 -0.0117908042670799 -0.2381061112264
Rab27b 4.14942647552135 0.0254601728761479 -0.0758641684568145
Gpr22 4.13748259374311 -0.233105186926525 0.0278433755435259
Stmn3 4.10126527591375 -0.213909446372099 -0.1203934721119
Hs3st1 4.09859089242347 0.120269478031086 -0.164678261225582
Atp1b1 4.09470182053939 0.0376024830959878 0.0600131763202758
Resp18 4.09070647612434 -0.319032987008746 -0.0411285765428483
Wif1 4.08445836287077 0.920634548832549 0.463290450567622
Efna5 4.07940201520824 -0.092274403472478 0.299107555235985
Fam135b 4.07305816571025 -0.10988122206432 0.209037423694648
Pnck 4.06162108616625 -0.262598507319121 -0.0104439962730708
Tceal6 4.05714829537095 -0.308073975860376 -0.328762597310498
Rit2 4.05129657170808 -0.31490839450783 -0.267055638676957
Zmat4 4.04916844253265 -0.045779438380811 -0.134774774260779
Cd164l2 4.03710640860392 0.547649311126506 0.169365644848337
Rnf208 4.01969977496651 -0.202468262591274 0.0445083342166718
2700090O03Rik 4.01592051425719 -0.192288871488118 0.0289278865627053
Ankrd29 4.0142447932255 0.462701256517848 0.19407026263774
Gng13 3.99691203899912 -0.0834331502388622 -0.474388495931341
Car7 3.98972297881901 -0.216311699121245 0.0617978924465629
Bcl11a 3.98925629663177 -0.0870561601064755 0.437203661104694
Dlgap2 3.98719178382292 -0.0546317279588961 -0.310858279750528
Fkbp1b 3.98509060906233 -0.0825316824808375 -0.320984981641046
Cnnm1 3.98448804277864 -0.139846846342766 -0.327778003659878
Gabrb2 3.97989996896557 -0.0514295426109277 0.139561418674455
Ubash3b 3.9786701704798 0.541749900507559 -0.417291795853098
Gria1 3.97516037013528 0.0916697353958055 0.297796324103564
Arhgap15 3.97156052860347 -0.0726937834776586 -0.0836620317740796
Chgb 3.95827282230319 -0.224930457126859 -0.272540258720652
Snrpn 3.93193838599521 -0.321284118679749 -0.10453179959214
2900055J20Rik 3.92594379075126 -0.217281597898169 -0.169038674310513
Lynx1 3.92077009554338 -0.0508858037803743 -0.0405161030148575
Phyhip 3.91684119541888 -0.00449538164795572 -0.275594797535302
Snora74a 3.90312791155219 0.426394633091009 0.127098436278372
Col19a1 3.89112536260255 0.450526251333984 -0.296572435908081
Tmem178 3.88525520478537 -0.0576303967120743 -0.351799791761895
Nefh 3.87201554264064 0.48127347307992 -0.0824393467507673
Prss23 3.86993189258553 0.410727337264676 -0.16307597670782
Rab3c 3.86721691058357 -0.168704088212547 -0.0753902625322017
Snurf 3.86459866156408 -0.313731102845235 -0.207037841809471
Lrrc38 3.86188448371257 0.942714014801116 0.607505735331063
Hapln4 3.85866359482141 0.269909368044197 -0.222430935079023
Kcnab2 3.84804601398867 0.173392420878641 0.152145557890823
Lmo3 3.83972171593738 -0.157311922666985 -0.371565984089267
Slc30a3 3.83349426402155 -0.0623692612510357 -0.231971956920583
Chga 3.83299470541453 -0.250434904600202 -0.264284701727128
Erbb4 3.82932517948148 0.762398557013064 0.246222147986387
Cdr1 3.8217178430428 -0.0967491856609601 0.0129850340954133
Mkx 3.81506875468133 0.259682037913827 -0.183920151102082
Camk2b 3.80465693789394 -0.0638946475443598 -0.253920735622792
Asns 3.80228572813039 -0.0125120322593202 -0.384918758634136
Zwint 3.78829277886496 -0.283818899823006 -0.0933969645795568
Akain1 3.7719900978049 0.820385620835264 0.0114962743649866
Syngr3 3.75968808111638 -0.347997028184016 -0.336484356896904
Ostn 3.75925605599834 0.896076626906537 0.315989697940661
Slc12a5 3.73288961533287 -0.219538264830907 -0.381709547657044
Sel1l3 3.73211933109185 -0.151305108356618 -0.340219832148094
Cend1 3.7218707453745 0.00929713677458404 -0.163031100458818
Rab6b 3.72140247301345 -0.268409849906902 -0.180348835321207
Tm6sf1 3.72087332855068 0.47704788713596 0.0941227146597103
Cck 3.71987855268452 -0.114706136913975 0.129606935757386
Pip5kl1 3.71523169579231 0.323373241523023 0.232765253168759
Etl4 3.71487916683252 0.164048633359542 -0.567282573371167
Dlx1as 3.70923484441862 0.75882539293806 -0.276362020442461
Vamp1 3.70795653655134 0.568964908416941 -0.00421306703246791
Cdh9 3.68282955675781 0.317158108740891 0.33966201215466
AF357425 3.68201252879716 -0.218008992935473 -0.418509772009851
Nek7 3.67562987958709 0.611890695337174 0.0611892862054214
Thy1 3.67453192568991 -0.261312028186994 -0.363511056831524
Kif5c 3.6682467036475 -0.15621363206045 0.0066628049494552
Cdh12 3.66283160675581 -0.122075248729282 -0.324550428308664
Trpc4 3.66250972850966 0.289583381813599 0.223116072765489
St3gal6 3.66103249048239 0.309378869678463 0.26083747552161
Mustn1 3.65121066680535 0.666915093125548 0.400912655556263
St8sia4 3.64618184635172 0.641173139732503 0.157265725160422
Tcap 3.64575796936536 0.710127699568661 0.628394716179441
Hrasls 3.64389832092546 -0.21173587044258 -0.0841762464969772
Auh 3.59703562298404 0.192288799423997 0.345420543931481
Mgat4c 3.5915805228055 0.338921922412995 -0.487205371595847
Ncs1 3.58900719773289 -0.165842970615585 -0.362938953874611
Syn2 3.58387746364703 -0.282897962851013 -0.175066990766326
Adssl1 3.5814302781665 0.608471855645726 0.340053697310674
Ube2ql1 3.5677036299274 -0.261964812184373 0.059794499826796
Mafb 3.56209954856722 0.615547668972614 0.100359196352611
Btbd3 3.55798299926447 0.350811300748739 0.199143439923488
Esrrg 3.54605932183377 0.322727658524897 0.205167524225652
Abhd11os 3.54353493336052 0.856786726917033 0.486695542231933
Prkar1b 3.53951275479979 -0.353643412368439 -0.0132470140352007
Zcchc12 3.53802712109585 0.153546155071832 -0.324877069426567
Cygb 3.52707945832593 0.272062225767794 -0.435040354984741
Hcn1 3.5170580362169 0.46481972060439 0.144008048373086
Gng3 3.51230734526481 -0.405097688703765 -0.468782372317184
A230073K19Rik 3.51157037159976 -0.209328460896731 -0.327452107320795
Adm 3.51130439105657 0.442934306172936 -0.0151196110031099
Tmem25 3.50671454307943 0.169902060202384 0.578851024675788
Svop 3.50346713210942 -0.164046840101949 -0.27306530629929
Ywhag 3.49454537980322 -0.320869508199531 -0.478769499410673
Mme 3.48615749301592 0.829817129570863 0.400267103347615
Pla2g7 3.48557442380282 0.392826888975957 -0.404569049992353
Dbpht2 3.47775097475312 -0.111002730635081 0.147919700673257
Cyb561 3.47104474236599 -0.0912133202803771 -0.303591768237101
Slc35f3 3.46927668224289 0.197808164338505 0.298260842286467
Opcml 3.46434690658995 -0.34144766807389 -0.295462680798218
Slc6a17 3.4540366680234 -0.15946268424717 -0.273392772544269
Parm1 3.43353172779872 0.246932251941001 -0.409471870578697
Reep1 3.41798819430118 -0.28140471874902 -0.444660105669267
Cgref1 3.41759792897138 0.376675628687935 0.0108047154951297
Kcnh7 3.41068470218648 -0.202326158895932 -0.143379865742522
Cds1 3.40777869594975 -0.215448600979598 -0.331931516606941
Syn1 3.40503136510568 -0.175948555922911 -0.318334564413005
Pnma2 3.39997337171449 -0.23005596041619 -0.312426676624038
Dusp10 3.39706706645176 0.686649086694181 -0.203906529015197
Ankrd34b 3.39174948821529 0.595896807259085 0.466696606715005
Nxph2 3.37976011443619 0.656459435103753 -0.326032870048853
Mdh1 3.37662717887911 0.222388282922829 0.647100107230383
Kcna1 3.37019821103676 0.127737047088657 -0.313999802461498
Inpp5j 3.36319437581112 0.69849491560476 0.649165632364726
Rian 3.35856912126118 -0.269283900326289 0.229761268348537
Ptpre 3.34822812278952 0.307780469595949 0.14893851616749
Kcnma1 3.33388524766007 -0.226811453737869 -0.331170685853866
Lysmd4 3.33077285222749 -0.154352637956701 -0.294536202064114
Dnm1 3.32770031914186 -0.200030739986817 -0.163967369676397
Ptgs1 3.32656673171109 0.491070793419988 -0.297617936007416
Kcnj11 3.32500135334961 -0.0590819823593119 -0.121058638302456
Ina 3.32474356850629 -0.140338754927679 -0.00781453974448538
Btn2a2 3.2255166543495 0.881723744992465 0.522584449489343
Rell2 3.1851592051534 0.132012871703599 -0.457981257877203
Vwc2 3.15179698227656 0.798169493923 0.0495431086413313
Atrnl1 3.14062575887013 0.0475823989963164 0.195576107405884
Mybpc1 3.04194917513684 0.848478230639555 0.134841705284345
2610318N02Rik 2.99300298925676 0.785837801228204 -0.212061291657269
Eepd1 2.96172157427184 0.164441723750667 0.0865809646376146
Hrh3 2.94080419550752 0.263461344110908 0.16748049867524
Slc32a1 2.91674547992155 0.80915215130392 -0.406019441600059
Grhl3 2.89816517703997 0.651347420801857 -0.475759598319699
Htr2a 2.89626530964901 0.0617480333880673 0.0370706399559842
Unc5d 2.89426948660151 0.00695219643763707 -0.08421944859864
AI854703 2.8873907502582 0.213867460986913 -0.162367989692671
Cdca7 2.88156954259819 0.74084253079984 -0.501874122887988
Gpnmb 2.86868635620287 0.933462814085962 0.58638805541001
BC030867 2.85414213973946 0.763923338962182 -0.266861678678685
Adamts8 2.83270114310569 0.713900297639999 -0.23377279421043
Drd1 2.79055411896313 0.227779769649544 0.0555186183917878
Fam210b 2.76663569440215 0.675576958229052 0.196777675919532
Coro6 2.76048881712416 0.457461589118401 -0.275657809345164
Ch25h 2.69927383327967 0.751357890101255 -0.263637862529769
Slit2 2.69772764234103 0.386172791321521 0.28533078547609
Sp9 2.68763124167626 0.88442091069571 0.1545600332913
Cntn5 2.68509568609588 0.0443567263195902 0.038042518783644
Flt3 2.60730558965139 0.793911725379726 0.549556675074277
Adcy8 2.58820691123993 -0.00768901301654717 0.0247691358711291
Trpc3 2.58681262582935 0.226578974168525 0.0234770428206313
Chrm2 2.55571252535281 0.136777803490084 -0.15428874921822
Ankrd34c 2.49794506882013 0.0706506603513486 -0.0266326252183104
