Col19a1 6.25386955212458 0.19926686613856 0.138288959785994
Pde1a 6.1300117253156 0.356852452552533 0.205705723555809
Sst 6.11237592469702 0.429347349489916 0.488482129529501
Npy 5.96363642155153 0.284390778606791 0.0739326762818236
Reln 5.88611286608758 0.424486148564967 0.329032742961776
Moxd1 5.28677350352571 0.493350498612594 0.283656083018769
Slc32a1 5.14262075862374 -0.031529714927942 0.25069076149053
Calb1 5.07051221678458 0.280097090886294 0.157823139628447
Calb2 5.02301689655248 0.727284428677081 0.559271878357922
AF357355 5.01190172489725 0.214094054364355 -0.0342188368263775
Meg3 4.90434399250781 -0.00245885054689885 0.321406975011182
Lgals1 4.84223105171849 0.343193935952899 0.303013584287275
Lhx6 4.76906751853867 0.249009391769276 0.0960352067556162
Cacna2d3 4.56504712938257 0.442617243127921 0.514099565435965
Man1a 4.52370117317371 0.443631440585119 0.248461909596317
Cntnap2 4.3895106895429 -0.0777121237082717 0.525902822415293
Gria1 4.36593760261323 0.0816520158432298 0.0398145290395827
Gap43 4.34631801830061 0.169306796985132 -0.0886635255056885
Dgkg 4.20384267536781 0.446314200791006 0.587162094105436
Igf1 4.19195697423319 0.426171785655524 0.402768976548089
Gad2 4.18868911895034 0.28809411138977 0.252380589516089
Snhg11 4.13353876581812 -0.0794186011313074 0.159503355128951
Trpc6 4.12062806771773 0.908885975415952 0.863677934963922
Rab3b 4.00832891637889 0.254211948949995 0.245100581372361
Dlx1 3.97149872375748 0.201975486273932 -0.0514268037646551
Arx 3.95282390303915 0.0065278012016701 0.278232983821933
Gad1 3.87374767652126 -0.227207392280181 -0.123250219456437
Klf5 3.87363548355869 0.544594054154876 0.509693801296239
Scn2a 3.81431984544462 0.228548929903393 0.0694465682169493
Grik1 3.74977294947915 -0.00789467819976601 -0.138382231477089
Cdh13 3.74322786687053 0.390456155176957 0.36570910886364
Rpp25 3.7304651208662 0.181966033429482 0.333482712688552
Utrn 3.71980154434764 0.460309057140072 0.549567490232995
Rgs8 3.69616329661788 0.311070950945908 0.384932701178969
Scg2 3.68399416736744 -0.0341474693373144 -0.019900415105524
Clmp 3.63676560601102 0.0663232617976559 -0.0985189255897388
Resp18 3.60079421957708 0.0699755280996344 -0.133586595443569
Scn1a 3.55662103119519 -0.0918561241068904 0.0322189454467128
Timp3 3.52194762693563 0.338157933801159 0.333223004183796
Slc8a1 3.5214018589452 0.0770621009943173 0.0701117736858144
Synpr 3.50954639772886 0.321507031928842 0.262555711135942
Cplx2 3.50569009728216 0.273505664015796 0.235302224511306
Cdh8 3.50437210778372 0.531358427884293 0.427593318070265
Olfm3 3.49380467030482 0.285574345890973 0.242615069779313
Cdh4 3.46871758645422 0.65242397358025 0.571710620488266
Rbp4 3.4066512183752 0.124870982068225 0.418817165910828
Nefl 3.38372755917501 -0.19940531743968 -0.146934194704071
Fndc1 3.36012857338136 0.554338212512634 0.295123911145569
Nppc 3.33106350586304 0.847512798067649 0.879938913585563
Slc27a2 3.32912135455863 0.342552474954098 0.0582024187854058
Cacng5 3.32538398256366 0.523472818054314 0.587148643850115
Nnmt 3.23085155365006 0.586518296492754 0.301416413116082
Pcsk5 2.94514248405828 0.719770204782352 0.467376007196049
Dlx5 2.82368357302423 0.211395200422389 0.0440085107169598
