Vip 7.02021184639526 0.748949060393563 0.588847914839235
Cadps2 6.1314404739555 0.424881192600567 0.684609377427502
Lamp5 6.07525626784297 0.429525849853653 0.0767999089640853
Cxcl14 5.92547919102028 0.312553806103269 0.182676171608654
Npy 5.74126192711753 0.37583737022887 0.0739326762818236
Reln 5.59276782438781 0.523681993239141 0.329032742961776
Tac2 5.56512346194797 0.842154079834478 0.708719148652247
Cck 5.41656665601887 0.332563714289856 0.314331715895165
Kit 5.26619707619416 0.783789277361279 0.750493890537659
Col19a1 5.2225696614575 0.202114624720662 0.138288959785994
Cntnap2 5.16215341619322 0.0738912263661723 0.235125881480293
Pnoc 5.13162382370472 0.637680792210077 0.623501039586229
Slc32a1 5.07699941910276 0.0821584421743818 0.25069076149053
Nov 5.0029446001821 0.339686718664524 -0.0357194080336555
Gad2 4.86390294039724 0.507211454682505 0.44196601950802
Igf1 4.84976732328632 0.620503475476624 0.402768976548089
Parm1 4.81599433039777 0.241777858321426 0.0907674133459631
Htr3a 4.74254198196768 0.849117798044708 0.860990604896299
Dlx1as 4.70138540652811 0.314940244688122 0.186628113993452
AF357355 4.4494239608569 0.246453248243176 -0.0342188368263775
Sln 4.44353955309979 0.887369419091021 0.75829296524436
Snhg11 4.4027174021451 0.0754232596512657 0.239965431288886
Sncg 4.38675614060412 0.85230665698359 0.644489555954231
Rgs8 4.34791988675793 0.525859996105899 0.384932701178969
Meg3 4.34133402253853 0.0328619840205144 -0.114175417877674
Gad1 4.27491322948 -0.0635444053380389 0.192419745280217
Rgs10 4.10732320211291 0.621620350524751 0.697240568625633
Wnt5a 4.0985518854478 0.75481843700602 0.615139892535158
Pde1a 4.06007068061002 0.288526323505686 0.247064479487133
Kctd12 3.9928117517649 0.514155500552988 0.34676248740448
Nectin3 3.9677584146001 0.608628725408071 0.658289641656616
Scn2a 3.94732775109602 0.368296775515361 0.0694465682169493
Scg2 3.90308855327934 0.113217997685763 0.00525060377078829
Snca 3.86803110986573 0.276776189708313 -0.100303662832869
Fxyd6 3.85637114971057 0.407713844106299 0.343626781584411
Cplx3 3.80120323429062 0.795851641930611 0.795237062724257
Kcnc1 3.78326638895401 0.202349255835316 0.0873252170335873
Cplx2 3.78285513385134 0.431820058331012 0.235302224511306
Dlx1 3.73781696836964 0.266693430569019 -0.0514268037646551
Sorcs3 3.70045218323149 0.840191928815011 0.850765897902393
Calb1 3.69469098418283 0.162786254750593 0.0225323493994027
Sst 3.66523619457599 0.161717511377075 -0.0519100498807884
Grik1 3.63309644589225 0.0807215130283189 -0.0804454356263293
Resp18 3.61742548252912 0.181100251926468 -0.133586595443569
Cnr1 3.61332767621039 0.8281893899777 0.718813408373931
Gabra1 3.58907404826858 -0.139746438442422 0.0750548145999432
Col14a1 3.57845223790206 0.817856934489189 0.720220705549064
Grip1 3.55437089999073 0.226100557008439 0.179959646122413
Pcdh20 3.54594503383356 0.470347023365316 0.398707030868984
Pcp4 3.54240907673793 0.0330749254583639 -0.0210506620782299
Clmp 3.4932366679574 0.158004491776255 -0.0985189255897388
Tenm1 3.47335877234488 0.295590173957823 0.0935675233444234
Kcnn2 3.47247957084326 0.391276546476707 0.0867772902477134
Penk 3.46104501471524 0.396489417376625 0.0686592646752271
Gap43 3.46068525287101 0.162341404129235 0.119167375881571
Magi1 3.32545246001635 0.223668035282396 -0.0578068569932637
Rph3a 3.17385274800756 0.377760973490333 -0.217792531718636
Kcnq5 2.91331046105547 0.294283368763986 0.0672332962422722
Alk 2.76977264795639 0.237971217433201 -0.104149324029366
Qpct 2.64788306064667 0.252847495523663 -0.0333683771056082
Tnnt1 2.54799798164289 0.655227733640172 0.411730333876271
Dlx2 2.46276334074625 0.503469041268894 0.452599460393567
Abca8a 2.20008530930178 0.352328061242025 0.122228752608885
