Aqp4 7.38341512164282 0.812854235400641 0.883748625533659
Dio2 7.00642980807958 0.789341309091808 0.787471722733219
Mlc1 6.93019525295914 0.826115445621853 0.825378370026054
Slco1c1 6.92257090614687 0.875615708717865 0.87299018999373
Bcan 6.74871082211548 0.676242013527526 0.745927732045758
Gjb6 6.74792170773077 0.774143364575369 0.734317573133935
Atp1a2 6.62923569937876 0.809643936210297 0.869750555250992
Htra1 6.62719957837577 0.619631470472614 0.622722836961478
Scara3 6.6240959757996 0.833385604513607 0.788206465049001
Slc7a10 6.54489781203138 0.875866033884764 0.852061872672263
Slc1a3 6.50249455589814 0.841644270437855 0.807293456785459
Gpr37l1 6.50232148667813 0.562180310484843 0.733083747780239
Slc15a2 6.47133664984727 0.797951476603439 0.90179859901141
Fgfr3 6.43624100248779 0.817687887355086 0.802723370783223
Acsbg1 6.4347636063304 0.871160128315298 0.848146629069874
Cyp4f15 6.42907543640862 0.870985914565808 0.878396240699784
AI464131 6.40169744577368 0.872928018902568 0.873227347698636
Tlcd1 6.30135883239065 0.778681987694734 0.744216793632352
F3 6.27850275821497 0.810427859762682 0.722474428275171
Tril 6.21903015869164 0.747223594764086 0.806142741710318
Ntsr2 6.17658590365213 0.7700216580207 0.728002606316933
Mertk 6.14135986562977 0.774821081525206 0.0261893883636564
Plpp3 6.13391452396743 0.649673262094021 0.811978819760046
Aldh1l1 6.10427886318223 0.84163606742481 0.846807638617003
Tnfrsf19 6.07356894762853 0.882390253223801 0.883201807792334
Grin2c 5.93864872164058 0.888498396288694 0.881565621875166
Cldn10 5.93682709033469 0.833880691420691 0.725881227177818
Ptprz1 5.87943909554386 0.837287504280913 0.861591437147945
Itih3 5.74638020730448 0.503854834621512 0.183021296056439
Ezr 5.73290810538578 0.879541969804726 0.880660169033498
Cyp2d22 5.72117265659381 0.861037720864525 0.859198077982984
Pla2g7 5.71711552302445 0.797054403124077 0.76681796750778
S1pr1 5.70689819839284 0.826535158658047 0.758346552535745
Cyp2j9 5.70189467602104 0.712331845387462 0.716019828295686
Sparcl1 5.69915786921843 0.702740923533257 0.805923548495651
Vcam1 5.68804554329567 0.750344567055615 0.735221645514732
Slc38a3 5.67934056774768 0.804440835966082 0.859169094456355
Lhx2 5.64572975575056 0.721698777868733 0.610148485900611
Itih5 5.61736071362815 0.732459471320062 0.76119937279555
Scrg1 5.5952363970709 0.477364343048225 0.112704087755725
Timp3 5.55959431078712 0.853649213188623 0.858542409884712
Timp4 5.5471660087674 0.573055428706913 0.324236408148064
Pdgfrb 5.54390407642347 0.852892214437113 0.800023446873359
Slc1a2 5.5155239447429 0.727560350715239 0.715811655248828
Adhfe1 5.50841512151187 0.780308481366261 0.712598130426396
Fzd2 5.48384390776386 0.843319856823304 0.802411547201338
Cyp4f14 5.46634887593459 0.866463973329341 0.858832994772507
Fmo1 5.44579157508389 0.890054672790763 0.883333123416696
Elovl2 5.43365197362394 0.865175109053256 0.86953099495067
Pbxip1 5.43209439761898 0.815816389831813 0.720814282442406
Ccdc80 5.3871052474092 0.81812317945251 0.855445840559201
Fabp7 5.37325172683775 0.529852217236003 0.177649719014433
Gldc 5.32067528345242 0.806696632922219 0.734191753881614
Ccn1 5.30243734163701 0.89605417365182 0.857742276936229
Prom1 5.28568235311266 0.524963125798841 0.280166162214014
Hsd11b1 5.25086344635287 0.824050183496324 0.876369198052101
Prodh 5.23494236786341 0.874618671949465 0.848159221691957
Xist 5.22503391993799 0.61071142885715 0.0438292083858103
Slc14a1 5.22185774311228 0.885686962856779 0.81487755164395
Tlr3 5.21262692352897 0.781935221310728 0.858261417080183
Gja1 5.2104417611493 0.628296762969857 0.553656114820993
Entpd2 5.1898583902777 0.844100324974152 0.865129830504083
Wwtr1 5.18826684979203 0.788672021648889 0.756990704355561
Igfbp2 5.17933174707048 0.842462575960783 0.777569344984925
Emp2 5.16366453835138 0.874151726821987 0.831637440077007
Eva1a 5.16150862220284 0.746574593499574 0.738276592709824
Axl 5.13716310600821 0.874093436895185 0.80705582270249
Cbs 5.12873537943447 0.890323289230996 0.872145789365819
Ttpa 5.07492309609261 0.821182498190373 0.772672191450678
Itga6 5.07303786670636 0.788683265560722 -0.124700103526212
Aldh1a1 5.0446011190829 0.62911994067861 0.639670000542177
Kcnj10 5.02784263198286 0.445933212084155 0.460499408511415
Car8 5.02649141448469 0.602391499961092 0.147790851630843
Ntrk2 5.02125568416335 0.696662939819494 0.728940262777291
Igfbp5 5.0116886380754 0.785835266740507 0.814430312467074
Lrig1 4.9335404196849 0.692544669898567 0.721465009421995
Phkg1 4.92788909336866 0.873969065253883 0.813405923972753
Nfib 4.91354767013028 0.591779212966349 0.707978953257414
Rlbp1 4.8981532193551 0.567391898659845 0.151462428712924
Nrarp 4.83613419745687 0.677598598007678 0.482849134485129
Gpm6b 4.82421605016973 0.170919118808927 0.257411148277759
Gdf10 4.82268883132359 0.852193057872876 0.851991350680946
Mfge8 4.81720745179489 0.786745257492872 0.776185206189974
Dclk1 4.80961430916265 0.758966388861949 0.697295984322277
Ncan 4.80235487943043 0.688866905625851 0.819342830919435
Cd38 4.79431428764447 0.86327593701499 0.780415940143321
Egfr 4.79395896015186 0.922853386962765 0.892406721288342
Fjx1 4.7923891016259 0.820520599806851 0.861646585736094
Myo6 4.78838417329222 0.69525126472563 0.540453592895223
Cth 4.78202040773281 0.812587894528519 0.815719197888649
Gas1 4.78088797508543 0.589057570378373 0.433860113387943
Atp1b2 4.77774515836465 0.774169037436627 0.765441939397806
Slc1a4 4.76630434051368 0.813243994587271 0.801654458798648
Ndp 4.74749172892289 0.708804234262455 0.631767424613954
Lcat 4.74563700135048 0.880680561752174 0.858793961130153
Oaf 4.73834939352561 0.730343103057624 0.798644918569623
Gabrg1 4.72960421323669 0.757275721536093 0.756990714669715
Asrgl1 4.69187377657732 0.431597564047715 0.290279942573485
Gprc5b 4.69169808498718 0.614632840599667 0.726868800397743
Scg3 4.69132119512799 0.779925047005985 0.917076158833647
Abca1 4.66348134225654 0.699121853255345 0.134537026901349
Papss2 4.65838994018536 0.821554525316643 0.734667449623514
Fam181b 4.65144283870153 0.676748486874883 0.51287461459383
Scd1 4.64920014956584 0.495716393986813 0.364739874341661
Klf4 4.6292086857209 0.653587751307768 0.471210838394412
Id3 4.6287327772565 0.701303401922523 0.455648052233081
Slc4a4 4.62535063017225 0.406431074829568 0.644567537222002
Clu 4.61896808178199 0.820735994132405 0.7798997051574
Acss1 4.59290129620117 0.682951206929973 0.68089049441288
Fads2 4.58470600845064 0.826015599761158 0.84631677585485
Antxr1 4.57200584442928 0.641199251159735 0.819460475563837
Ppp1r3c 4.5514237414983 0.686065555085411 0.735751623222543
Col4a5 4.55110738530703 0.95975574437211 0.938717393801813
Igdcc4 4.5358616385663 0.735280281614943 0.743135159352219
Sdc4 4.50513351994377 0.772913961239565 0.757489124014108
Mmd2 4.50308546208395 0.477229817298501 0.520948834756598
Pdk4 4.49872482484865 0.685963424046841 0.59812531115307
Gli2 4.47892424932868 0.773249831172449 0.758859490315648
Fxyd1 4.47745826850279 0.76288533969416 0.660596061160108
Dkk3 4.47357310208985 0.745235339712694 0.74418483988371
Fermt2 4.465433869225 0.459713404340357 0.811857104378506
Sorcs2 4.44296991397109 0.605355398938539 0.782278284128799
Lmcd1 4.41915165937226 0.748844660512693 0.54919992736903
Apoe 4.41914195105603 0.553473052638866 0.666574378143419
Fgfr2 4.40923703305484 0.433852822675453 0.224298672133077
Itgb5 4.40635943734008 0.657000657635746 0.73439783258758
Appl2 4.4033543387827 0.619317976558906 0.830199670253211
Phka1 4.39959034127367 0.764879959683455 0.875128869026012
Sox2 4.39139502330929 0.44340943093818 0.2568584868296
Nhsl1 4.3818181124493 0.783739829477552 0.724558055450522
Notch1 4.3802298347519 0.756662178820218 0.764167174464022
Hapln1 4.37910381110416 0.766135342250925 0.758635480881868
Serpinh1 4.37850476029171 0.683706410488653 0.609044213058367
Cspg5 4.36933467475741 0.752570022841893 0.594014793965842
Acsl6 4.36901005154518 0.828790330980235 0.83016356117573
Smpdl3a 4.35213430208613 0.785763569856429 0.856539361347333
Rapgef3 4.32426415587165 0.468094049088302 0.335395972496605
Fkbp10 4.28360482811577 0.918662522945734 0.899516779543883
Nkain4 4.27211009653388 0.682488543070763 0.578598975017792
Btbd17 4.26311819462807 0.879135840675936 0.848551679387617
Slc9a3r1 4.23577556146459 0.631051237441844 0.646284895513653
Amot 4.22266347366159 0.82308543230915 0.846687299692518
Gpld1 4.21099371221778 0.801979416533067 0.808736437227135
Tgfb2 4.20552903923525 0.805863729877854 0.759769377982896
Cyp4v3 4.20306193603788 0.688467036611602 0.610980030295918
Ak4 4.19093588811287 0.692517140184928 0.633055515335075
Ptpn13 4.18134376540284 0.623289983169075 0.426598513895313
Cyp7b1 4.18119456486317 0.806902302495557 0.815562645959806
Vegfa 4.17185642026115 0.83477067218157 0.804576416132566
Wnt7a 4.1654002571769 0.640223436781099 0.632391831925148
Dtna 4.15454205207599 0.773379943374839 0.804227769190381
Sept8 4.15185941202904 0.552225248780394 0.255090336416462
Fos 4.13696489174656 0.485557471028132 0.415423328180705
Stk17b 4.12820047905118 0.654427358231879 -0.0309181338982068
S100b 4.12792654397943 0.361552019783799 0.122987472536489
Ednrb 4.12720801904543 0.778722995454584 0.520434038689209
Gstm1 4.125653873077 0.669085744305029 0.54981590680719
Mgst1 4.12382232105049 0.60992669226007 0.57022102100166
Selenbp1|Selenbp2 4.11343242612201 0.664201894050504 0.746311436738478
Efemp1 4.11119487177429 0.703548100706287 0.399241132194746
Slc6a1 4.10993587642445 0.689888722280327 0.799476991875667
Rhbdf1 4.07526444810533 0.675357822914231 0.744347241411024
Pygb 4.07250644200864 0.855571336060268 0.869773255614445
Cxcl14 4.06832941402909 0.580756658887583 0.0453055591727088
Nr2f1 4.06347433850072 0.525751630725735 0.391243459300347
Kcnn2 4.05647047211003 0.826901336077356 0.798804047092218
Gabrb1 4.05567978109416 0.680237051092544 0.79820869662197
Car2 4.05539026662726 0.340302518430668 0.00128426818812924
Tmem51 4.05242779774589 0.77288613982518 0.65718091844381
Heph 4.0388413841298 0.910936137035285 0.864086925561756
Txnip 4.02972506244724 0.628870946560073 0.53409481607691
Lpp 4.02405140926794 0.834272834132031 0.688617377779324
Id4 4.02019788631076 0.334142550209847 0.510556664812665
Farp1 4.01271565154778 0.676922701633744 0.687779800403579
Mfrp|C1qtnf5 4.00390135390754 0.707917716391298 0.760653565725895
Aldoc 3.99841377978158 0.589086358130381 0.519191494215067
Slc12a4 3.99433591604688 0.721019835127357 0.703455991387444
Sash1 3.99277418024221 0.661544849089924 0.787702825121012
Vcl 3.98803641365251 0.698928164132665 0.850607910471557
Cnn3 3.97814244845096 0.41540574754976 0.406596768592915
C4b|C4a 3.97011813087455 0.748845617022684 0.555585765469879
Ephx2 3.96289496097956 0.82254488627486 0.775884783448145
Notch2 3.94519550961537 0.615623351432717 -0.0431145382667697
Oplah 3.94360744658329 0.814924826462276 0.847992535533257
Mmp14 3.94196177303859 0.757717048162663 0.649927060941807
Slc41a1 3.94142607703306 0.747709418794466 0.753290726744092
Lxn 3.93949190835675 0.606484592484204 0.582155041406133
Lgi4 3.93449723345893 0.896787180732094 0.841493115620949
Hnrnpa2b1 3.92202891717847 0.671048342748011 0.024113012278018
Gramd3 3.91867557578098 0.444481904493245 0.0802855762880574
Glul 3.91413267666907 0.546623849904475 0.483954526692674
Pdlim4 3.91335398984104 0.653754542162955 -0.10726267715303
Abhd3 3.90938103788434 0.590664931603092 0.815388513410911
Cyp2j6 3.90698023652672 0.457100721037867 0.220474368610902
Ndrg2 3.90562434091545 0.571888113011288 0.508374393640426
Dag1 3.90486363362273 0.784733308532271 0.731620269442177
Aox1 3.89777741708265 0.875472691329187 0.68469098145912
Pygm 3.8943581188814 0.836922839072363 0.81667224647317
Gpam 3.89383272212013 0.768139423482098 0.840968110497017
Pdzph1 3.88822864356148 0.794941460165898 0.682676867270913
Galnt4 3.87341566024099 0.684953948117471 -0.0888496445825484
Zfp36l2 3.84650300393569 0.565220736521465 -0.0397896095159471
Hes5 3.83734108315603 0.266559697499338 0.269336182674246
Soat1 3.82402035498359 0.669643620300782 0.305472115319303
Adgrg1 3.81246740199281 0.753357457478179 0.381297856642244
Sox21 3.80760762200865 0.639073282793071 0.428564846108335
Snord47 3.80561131356984 0.63359470790533 -0.176266399212185
Rftn2 3.80369919779288 0.69009877067867 0.580022633254166
Sema4a 3.79998972068922 0.754758724193473 0.595987617290628
Msmo1 3.79937973639577 0.58338266641385 0.410188295635445
Ctsc 3.79289505622677 0.528407671732132 0.529832847727897
Ttyh1 3.78847325897449 0.28660686015497 0.275706769553271
Il33 3.78810734691725 0.467435638645189 0.108817894612257
Ppic 3.78382581674277 0.85694808009939 0.640887901708897
Aldh6a1 3.77659097208175 0.575353528073195 0.76723316164955
Psat1 3.77171354772551 0.341533176144186 0.0998992642256209
Srebf1 3.76458174531664 0.679610213270221 0.82717151806916
Crot 3.76044287489339 0.60285287789754 0.598351629663525
Fgf1 3.74655017708047 0.594842157058029 0.498727024079218
Pon2 3.74079550543493 0.511312074580536 0.559229481171783
Tjp2 3.74003026709056 0.426371568713563 0.298894276727576
Prkd1 3.73897858111334 0.643266887987597 0.67864565889689
Mt2 3.73863972761492 0.60951685634566 0.308782290398383
Tnfaip8 3.72784926255397 0.579823187023817 -0.0687511326400445
Gng12 3.72047172239111 0.40958471731173 -0.00783775289348381
Adcy2 3.7199119194739 0.647989493235896 0.384911137560296
2810459M11Rik 3.71698855221272 0.64439059633467 0.318754240791455
Naaa 3.71527876044002 0.733787414792236 0.692756615237975
Fgfr1 3.70878998173047 0.751437470234181 0.18551311778145
Metrn 3.69977012766842 0.611353476206255 0.304947926651721
Add3 3.69301053350281 0.742223862523699 0.705829514370196
Olig1 3.6896696923747 0.261718565166668 0.743600254624409
Efhd1 3.66667937319799 0.327652569311023 0.38748675074385
Ppara 3.66645035481413 0.849353578442214 0.799276126241346
Itpr2 3.66552846944076 0.581596005780606 0.125444356554589
Itprid2 3.66447201196574 0.580736462002556 0.159678465284474
Myo10 3.65845451925012 0.762433891279695 0.648873162901774
Smo 3.65830895258667 0.626726670331494 0.411357834583786
Vim 3.6539815025383 0.42256990456746 0.0738604009165216
Sox6 3.65174110626314 0.523450829985379 0.117995607184475
Kcnk1 3.64748254184993 0.5808340788929 0.645084723565735
S100a16 3.64705226645623 0.356008845682102 0.145495965397372
Agt 3.63231238899379 0.835120596196371 0.707083557754991
Acaa2 3.62086291093468 0.84881339984219 0.852495955243033
Gstk1 3.61849724756258 0.491478726809677 0.616503516821624
Ghr 3.61563586032957 0.744466191039404 0.710450565913291
Nat8f4 3.61487024788474 0.801588811145024 0.774272554907464
Eps8 3.61180022404597 0.61064850114814 0.32788556517269
Prelp 3.61067231368581 0.875818104474698 0.62483887499915
Selenbp1|Selenbp2 3.60631164498228 0.738573335535808 0.798058883221447
Smpd2 3.5998450828397 0.636047949330721 0.795528071005179
Tmem47 3.5902458499309 0.718052124245057 0.734182590864795
Kif1c 3.58035731761253 0.586750347779654 0.589613741459378
Pnpla7 3.57188664451018 0.686713161233824 0.453948081481576
Sox9 3.5697322090587 0.861118056282937 0.840866351991707
Plekhb1 3.56727589507271 0.30971017739788 0.544142483318154
Macf1 3.56413688301405 0.57038380682134 0.43380887181617
Klf15 3.55805004881405 0.671922818289312 0.617622827277866
Jun 3.55107811156792 0.491415702831562 0.407492586906477
Trps1 3.54638877181582 0.572206488569032 0.597722596170511
Sox5 3.53805927519896 0.718086324838446 0.594323950801034
Inhbb 3.53783739202667 0.658978452350013 0.321554331602304
Fads1 3.52455571914348 0.757282767103302 0.75852854448739
Zfp36l1 3.51780191401406 0.478069020762814 0.240107344389942
Spon1 3.51626498297277 0.614713981829386 0.554968617016335
Pdpn 3.5160482523185 0.635135395653932 0.404552205690492
Aass 3.50409392164291 0.883817874633756 0.804450685738106
S100a1 3.50092058505128 0.383547706824614 0.0427421537797832
Csgalnact1 3.49788792207766 0.638312850848844 0.58966471870632
Limch1 3.49282624970646 0.422892418952123 0.394387106951165
Rasa2 3.47823153856695 0.802283736867259 0.826824460569241
Celsr1 3.46361436199875 0.758669299840184 0.71729656892025
Gpt 3.44762025001624 0.693109639570892 0.738584020007306
Fgfrl1 3.44701846778998 0.707755295953534 0.592152786115701
Ccdc88a 3.42742027172879 0.740635770162251 0.774516955658186
Jam2 3.42447547220546 0.620345406157703 0.573135742514549
Gk 3.4201776140009 0.754791519558509 0.768163298279481
Tenm3 3.41434114848458 0.436501623397079 0.674072649513403
Prdx6 3.41166131379369 0.709930586978569 0.656825804103533
Dmd 3.40285904609137 0.70007501768549 0.627342908935563
Sptbn1 3.38469201803063 0.155531668121216 0.143724814032067
Pdgfc 3.3817499613186 0.491577888330288 0.299818840465675
Fgd6 3.37972658527721 0.860838494291694 0.7705441186567
Phlpp1 3.37488103158817 0.492071919292681 0.326652600917714
Agpat5 3.37427951935797 0.634637112590065 0.737166450827567
Swap70 3.36520495743921 0.746784431049979 0.193880719358242
Itga7 3.36465500809725 0.901488842917135 0.829077497406347
Rgs5 3.36222893355864 0.628400084336704 0.0525980790542998
Wnt7b 3.35807176341997 0.701020596453138 0.73918464061709
Gfap 3.35073287938645 0.653746878311608 0.427335576829427
Pax6 3.3376342354109 0.810165958112988 0.744023487542505
Col4a1 3.3342412149016 0.740075018520097 0.588419978686401
Tnc 3.29907287370453 0.877500793768637 0.694028401244492
Tfcp2l1 3.23081300637648 0.87809555223702 0.857023570596235
Rorb 3.21867002501484 0.800971211817056 0.770554160231219
Rdh5 3.19159295245656 0.792615678336301 0.735891528466972
Fzd4 3.15030015864236 0.742511475314704 0.543831054952889
Plod2 3.14356312355264 0.63471616113842 0.337875427397444
Lrp4 3.11875679096118 0.765992644830479 0.804610416030568
Serhl 3.0819518617549 0.658214272315367 0.722306919543469
Lamb2 3.06322999695664 0.830776302315426 0.770601719116414
Gjb2 3.0489279198789 0.836810780304317 0.810559169454128
Fbln1 3.00883198256669 0.86234696835236 0.870475695867164
Suclg2 2.96770127342569 0.665921708524254 0.154705569909139
Adora2b 2.95566072922214 0.761459386853309 0.695308296789542
Zfpm2 2.89482729261203 0.405853145859611 0.224136032638906
Acot1|Acot2 2.89263976948124 0.491566424124497 0.175273266024088
Gdpd2 2.80369132133898 0.899694853112389 0.837933443381173
Agl 2.76642906988787 0.70856497027034 0.56053745396565
Aldh1a7 2.76593430421342 0.679114156547474 0.450454008154847
A2m 2.70991213328498 0.855624104567636 0.634011997453123
Tor3a 2.67608484446934 0.715833340881854 -0.189967036375195
Prrx1 2.65908967978582 0.454612422126801 0.20026669389718
Arhgap18 2.52834970689928 0.701587274652941 -0.162287053575659
Col1a2 2.51630405027401 0.812584930889425 0.625774976319935
Lime1 2.51389275053688 0.679944740982121 0.228816069030172
Itsn1 2.49190671893781 0.55699723374883 0.542094003570001
Pou3f4 2.49184515118739 0.128748455231012 0.164931061859832
Spag1 2.40521275274278 0.766583088541533 0.780089970390903
Pcdh20 2.3720537356502 0.378559171608883 0.0732759845404236
Vasn 2.27984662338281 0.532929699180146 0.391781504500839
Pgghg 2.19333176146109 0.691886392643447 0.497036386281828
P4ha2 2.1379905911962 0.554787075083089 0.417675954083873
Loxl3 2.1228938764994 0.671008422204887 0.280776584750354
Palld 2.11701631138558 0.838640305882335 0.755573570253071
