Lhx8 7.53909277543651 0.790037382266896 0.799651984992965
Slc18a3 7.02771231547483 0.917088628421578 0.90670309629097
Isl1 6.47615870781842 0.110381450737584 0.0531136311593246
Resp18 5.94525571207992 0.774638806036867 0.776970713448178
Stmn2 5.89313182431829 0.535213313559407 0.695816936949586
Sncg 5.82603077209802 0.89843897774822 0.921442926887279
Uchl1 5.40259016179842 -0.102385079811487 0.0844904397408927
Ecel1 5.38480894661507 0.868814124718831 0.886036363000791
Trpc3 5.31954252418325 0.888726068820511 0.87670552286527
Popdc3 5.29138849621683 0.932879861176436 0.931956694264978
Ache 5.25660586435252 0.857762268872601 0.892767875367244
Zic1 5.25631549233342 0.726098179099836 0.705575911448026
Crabp2 5.21815571914605 0.850234110726487 0.827667155148781
Fabp3 5.12282296161857 0.156917206100991 0.286433226007567
Gap43 5.05078135413859 -0.265215686653694 -0.210063973899813
Mme 5.01099117818378 0.0570443376413743 0.132519041991218
Arhgdig 4.98712955428713 0.659620868332084 0.748351135491919
Elavl2 4.96445520699513 0.468405455991361 0.512806849479881
Atp1a3 4.90052652567921 -0.131235376526401 -0.103184912879468
Rit2 4.84214534230658 0.20735896894452 0.360585241461088
Slc6a15 4.82129828556965 0.418622206100288 0.490726005411963
Tmsb10 4.81305216937487 -0.112018537929437 -0.253625415727928
Nrip3 4.80234485630641 0.598698555632467 0.573346290244976
Rasd2 4.65725249633437 -0.318285564470803 -0.118666704427363
Serpinb1b 4.61288966183867 0.539737185163077 0.590997738787372
Rab3b 4.60385941870291 0.373711360561563 0.589961633892462
Fkbp1b 4.60074845164029 0.742716358330143 0.746743878135885
S100a10 4.56970847570473 0.227130391013293 0.323188926659878
Pcbd1 4.55180203379034 0.667400672535241 0.598282296503233
Pcp4 4.53990421999708 -0.433594204657685 0.225679364646407
Tacr3 4.48060627563212 0.875471521517225 0.857110396547174
Gdnf 4.46456679517292 0.701001015601851 0.67712911429265
Stmn3 4.46425194497147 0.278807681459495 0.70157011337159
Tspan17 4.45783908598141 0.516839947190326 0.270267903694614
Calb1 4.44839630454404 -0.302885885085541 -0.0743252384419926
Cacna2d3 4.43967087061616 -0.336511337698817 -0.118785931908879
Ttr 4.38838787741549 0.318987234734827 0.108752478274817
Gng13 4.35509965853586 0.0889409080956965 0.134107914553104
Lin7b 4.35476257263911 -0.259564310299706 0.213348277603752
Sln 4.34489239865687 0.924637302342829 0.901577403644595
Snrpn|Snurf 4.3297254033295 -0.00269558801431979 0.000487495871848739
Gpx3 4.32958207418421 0.858876577750434 0.850032702394565
Sult4a1 4.31908311203258 0.441081020642026 0.669001495094446
Map4 4.30590880260895 0.0621615205190607 0.574836589492758
Cxcl14 4.28104505849744 0.39110937209502 0.0453055591727088
Ly6h 4.27310705285877 0.442878774601123 0.570015729584334
Cyb561 4.27007439079538 0.0871030607697459 0.115711532353549
Mal2 4.24551707809777 -0.165865221345761 -0.0929421666862187
Cartpt 4.20818323489732 0.812280025260029 0.806733811133564
Gpr83 4.17837472704725 0.314706950708893 0.414259112613196
Cacnb3 4.17544226571008 0.26444889211093 0.689667868153497
Flywch2 4.14808346737872 0.627192558184496 0.662282235991707
Olfm1 4.08610675282865 0.496455922327525 0.328553253818406
Doc2b 4.07950112834069 -0.123951583456001 -0.10581334006612
Kcnq2 4.06740374439107 -0.355653671794033 -0.167085817261295
Cend1 4.05510459266794 0.395000902001979 0.619393464212251
Socs2 4.04845212468096 0.297994475284438 0.685217164428444
Lrrc3b 4.0483530840741 0.568443944270993 0.725350279969883
Hspb8 4.02982751205876 0.623972130308925 0.477520586866026
Syngr3 4.02566634457155 0.278846001014258 0.474272591888588
Hs6st2 4.02389797411442 -0.288001416122637 -0.236214694844795
Tesc 4.01378306274695 -0.257551082380805 0.436825501561813
Eef1a2 4.01234022143176 0.0897629396064715 0.404663120188298
Klhdc8a 3.94700645475997 0.61875366327044 0.582641466356993
Pkib 3.93961887833897 0.670229331492134 0.741408045460722
Caln1 3.9107657815294 -0.297567240154902 -0.163739287229928
Ngfr 3.89165163602501 0.91399942154137 0.906935566063914
Hspb1 3.88700636222155 0.77894795498741 0.683596938336803
Syt4 3.86712647043177 -0.223958677242371 -0.204455217877939
Eno2 3.85779640069515 -0.269222744796312 0.310355858020125
Gng2 3.85653006572455 0.733144425876454 0.762454672842527
Rgs4 3.85517659691867 -0.292958542771255 -0.120476212620968
Rnf227 3.84770517856121 -0.221820738232994 -0.0657673270694265
Gng3 3.82569163110711 -0.135289584838584 -0.114541993307688
Ptger2 3.81310934587931 0.780712436033281 0.745182942202207
Zic3 3.79412720840295 0.568107637503578 0.156061906092163
Selenow 3.79219414252132 0.0620898607053682 -0.0498423784957891
Cgref1 3.78917015654455 0.561554878474829 0.748132218474575
Kcnip4 3.78309077778203 0.101076752830428 0.539115998710189
Ina 3.70714575882725 -0.0694807810651172 -0.0054054573871424
Coprs 3.69140343006454 0.744417698499142 0.558785494517583
Slc5a7 3.68956292683841 0.799727358451077 0.753985280585489
S100a11 3.68807277994886 0.794740162826027 0.587640497621775
Snap25 3.66941812839657 -0.370419374256815 -0.0632579818702002
Tubb3 3.66272862191809 -0.211020439577851 -0.0964062980196046
Vamp2 3.66168197240663 0.0726025828280404 0.0100943751678227
Crabp1 3.630916865449 0.102559423884872 -0.00255830329128878
Gng4 3.6245941047689 0.663871054516854 0.710947567345619
Reep1 3.62182348254777 0.171403375995089 0.296837733423603
Grb10 3.60665742384145 -0.254484687747105 -0.124553006715252
Hopx 3.60344971054722 0.46801015325729 0.039205376532561
Mt3 3.57468600593046 0.570483417684075 0.349019037140139
1700037H04Rik 3.57407925820871 -0.273944737616273 -0.233704110458634
Dbndd1 3.57284627517665 0.669114101135937 0.66430042264021
Cplx1 3.56664268456924 -0.372239723025852 0.350842854546334
Asns 3.54539740411462 -0.356495419754299 0.231578324332868
2010204K13Rik 3.50792616296178 -0.352542485581668 -0.246173006928712
Vstm2a 3.50513981071456 0.264897647656576 0.28737781114354
Unc119 3.49894558173579 0.571775978900325 0.27388730849689
Atp6v1g2 3.4910505741169 -0.331171209362852 0.315307876290477
1110008P14Rik 3.48170769659476 0.716599642404791 0.620632181438429
Dync1i1 3.47855846617167 -0.0648065423141089 -0.0668905551892634
Ufsp1 3.47739301623096 0.841413888410136 0.865954893910599
Syp 3.47727522016972 -0.266033821357365 -0.135155809595613
Lhx6 3.46885088262906 0.640439724079366 0.625973435120129
Hebp2 3.45264498196878 0.603442452825631 0.495679199846424
Pde1a 3.45078328565163 0.108225301192911 0.055612948120179
Diras1 3.44943507439953 -0.179277501903704 -0.132545461382144
Necab2 3.44529150401688 -0.352265374311221 0.17280619724384
Cda 3.44339217774332 0.931912047473384 0.889951060617412
Cib2 3.42155236167962 0.759447196062377 0.731658100501621
Scn3b 3.41679289349428 -0.0202087295128178 -0.0802980634317653
Napb 3.41069836996221 -0.347273850302959 -0.244848083499591
Cd44 3.39814335638071 0.533848379184537 -0.0309703397628707
Pbx3 3.39522294144782 0.0164275815266384 -0.0304595478282203
Klc1 3.38434711702006 -0.334464318416571 0.0605858490224341
Dusp26 3.37643136669715 -0.332544386661892 -0.00571933409167626
2900011O08Rik 3.37412538131006 -0.192741530689058 0.493510847812469
Edil3 3.37045970590901 0.110373293836568 -0.202805405086402
Actl6b 3.36944607962066 -0.145116917589553 -0.0937749961746646
Fam241b 3.35606701679888 -0.090140053733316 0.232939437539153
Dll3 3.33857883676468 0.70734544419095 0.489804122531001
Nap1l2 3.32686873419947 -0.136015985487028 -0.0421998941829018
Syt1 3.32665032842359 -0.0728573264218426 -0.0432210805300711
Cabp1 3.24490370847853 0.081582029223866 0.0979136237112874
Gal 3.23153360842658 0.913426771624624 0.908717773164437
Susd2 3.17492729227923 0.779682427422584 0.740220070496145
Tubg2 3.16705847948071 0.0399704299179117 0.139690757747358
Mcub 3.15366358027465 0.654022637484437 0.727308465748623
Slc29a4 3.13853852167701 0.84526834976169 0.775114191576843
Tfr2 3.10986117378483 0.118523127350711 0.0256538824788813
Pcdha2|Pcdha9|Pcdha5|Pcdha6|Pcdhac1|Pcdha7|Pcdha11|Pcdhac2|Pcdha8|Pcdha4|Pcdha12|Pcdha1|Pcdha3|Pcdha10 3.06323943514986 -0.280626805599821 -0.254563356814414
Racgap1 2.94568270955677 0.574269508750339 0.360592603306501
Kcnj12 2.94131291635906 0.419366446926854 0.385656511899679
Gm5424|Ass1 2.90007560138826 0.476080631967189 0.683144582664827
Sh3bgrl2 2.87868921646529 0.466701823705333 0.488515976896404
Nrg3 2.8782093245795 -0.0410112563187589 -0.0646669450390966
Rhov 2.85413515830499 0.704337079352717 0.786459663001631
Sntg1 2.77459309478079 0.100073107353849 -0.0957099037352542
Ntng1 2.75679223883753 0.287483522149099 0.248708296082395
Ntsr1 2.7424834495475 0.684090456727352 0.676922989427549
Qpct 2.66114378814382 0.13021555997184 -0.0417955857301971
Fxyd2 2.65108484365586 -0.132138081572821 -0.13064570801494
Pcsk1 2.45059032709074 0.734552414377932 0.742190812287822
Zfp423 2.44404324225103 0.477843994712353 0.573106329308196
Oas1c 2.43173603297851 0.741260659036323 0.679038379179842
Csrp2 2.36149298834312 0.65446691528318 0.46585171515449
Pcdhac2|Pcdha7|Pcdhac1|Pcdha6|Pcdha5|Pcdha8|Pcdha12|Pcdha3|Pcdha1|Pcdha10|Pcdha2|Pcdha9|Pcdha11|Pcdha4 2.331086983248 -0.0126052427350002 0.231387638200889
Clstn2 2.29712998681787 0.824816884309264 0.78315042062593
