Tspan2 6.45421750746603 0.810108337737701 0.840566722166191
Mog 6.42822270089135 0.852353500914978 0.734482700001036
Ppp1r14a 6.17931710939056 0.825235590435904 0.848760848610998
Ugt8a 5.96193090218757 0.792950909346876 0.802510511018975
Mobp 5.89855023397085 0.667660790813086 0.727482869152515
Olig1 5.6304615983516 0.597898983503877 0.773403160142552
Mal 5.5312160648722 0.797885572287425 0.851914014047041
S1pr5 5.35018545171087 0.694507303325145 0.737385907291151
Cldn11 5.30464887572358 0.601999958609065 0.637534311775805
Grb14 5.13689906513755 0.789449478959142 0.865693035301639
Ptgds 5.09175912564895 0.681281131651511 0.178844469332167
Olig2 5.07942203879065 0.749443551402795 0.698661462896173
Efhd1 5.06567072278926 0.57717926621586 0.38748675074385
Sox10 5.04870558969767 0.864570316576926 0.851541664676307
Pdlim2 5.03764011005205 0.837725996452009 0.744082876887141
Evi2a 5.00640230089549 0.739280297497659 0.123793673495937
Gpr37 4.88321684944457 0.6113922712635 0.339781304561819
Fa2h 4.8764441787325 0.821485504152767 0.748988917369111
Ndrg1 4.7876430229818 0.69752338924092 0.734395012516364
Cryab 4.7682461572826 0.719067653435181 0.801181366004963
Scrg1 4.73094108031382 0.540241175065687 0.112704087755725
Aspa 4.70222241030257 0.750734179127518 0.684325720516442
Tmeff2 4.63007715120976 0.607218217363556 0.649639872924542
Trf 4.62336551129739 0.679044771096228 -0.09037688828102
Gsn 4.58917162660221 0.722486298601872 0.666851360972835
Mbp 4.54726283979376 0.670282569459728 0.754306764069856
Itih3 4.51316726969631 0.506687838938298 0.183021296056439
Plekhb1 4.49888612025929 0.545175496764155 0.544142483318154
Lpar1 4.49863649622523 0.777444755001265 0.766112527385552
Slc44a1 4.46703573813333 0.751092890502344 0.821768590422807
Pou3f1 4.40216682244965 -0.201704297200784 0.239965509686827
S100b 4.34167200825899 0.519397235847566 0.122987472536489
Mag 4.32837008467238 0.781693392848675 0.542380204506206
Ddc 4.31166465796317 0.773332801694334 0.762562397507756
S100a16 4.30980043284241 0.531728032438107 0.145495965397372
Pllp 4.27524222302236 0.820251545710742 0.797139613328588
Apod 4.26199955203869 0.701808491348949 0.606323998370772
Tmem163 4.25286790807166 0.735151616170628 0.538885227729357
Lims2 4.20179247493111 0.877446113296002 0.745248254274356
Gal3st1 4.19447178911345 0.81240578465207 0.734728547554275
Clic4 4.18564325252024 0.522312394491178 0.515080522834173
Anln 4.16230241205282 0.769165155018713 0.68478806101399
Fabp7 4.15692353696041 0.43574433109986 0.177649719014433
S100a1 4.1547904984094 0.531882201910628 0.0427421537797832
Kcnj10 4.1385031384832 0.495473353888497 0.460499408511415
Phldb1 4.13191248045413 0.785723353081472 0.776313267713527
Gpr37l1 4.09201096062436 0.430370533831195 0.733083747780239
Efs 4.07055781586742 0.523677789305122 0.0145779168707599
Trim59 4.06931438918092 0.765747435493508 0.806784452598102
Sgk2 4.03417274656458 0.795505806580196 0.697030151243812
Nkx2-2 4.02976903433178 0.689487268248858 0.628247461664321
Nkx6-2 3.93325735014598 0.732339036211796 0.73019476341944
Sh3gl3 3.91725242550937 0.203635306539016 0.284093033623696
Josd2 3.86393252615864 0.757870408281049 0.449294427054527
Plp1 3.85867288496369 0.719985296774602 0.781543280422838
Plekhf1 3.85559802523927 0.7527058869112 0.597535600674883
Adamts4 3.82245052784515 0.663136861395682 0.548064464917731
Prom1 3.81695288133318 0.456215969366638 0.280166162214014
Car2 3.80446908600501 0.422439121790819 0.00128426818812924
Sept4 3.76428544669615 0.708809658622897 0.765623684175878
Pla2g16 3.74687417618138 0.681223497752973 0.554792221022789
Nkain1 3.73380015553142 0.693786413512261 0.503723785817251
Gltp 3.71532075631169 0.714990453752861 0.813459152327626
Asrgl1 3.71142513082376 0.39637623738725 0.290279942573485
Thbs3 3.70039834827523 0.730175112052197 0.49757457888979
Elovl7 3.68565268135938 0.664252695435874 0.62536864721629
Tppp3 3.68026617220428 0.67123022820361 0.0106511364096899
Litaf 3.66820457964822 0.61101399940302 0.446164633416549
Gng11 3.65542393624951 0.793513691075714 0.751356598589223
Tmem98 3.65055789153516 0.729805821868519 0.679720679822789
Kcna1 3.64034973637993 -0.0211371369334606 0.427682269903942
Lrrn1 3.63110761440638 0.753576219241549 0.752337310380631
Gamt 3.63078243485808 0.780356593713431 0.725521674359548
Marcksl1 3.61296743311496 0.48668720320282 0.227792685188071
Slain1 3.59836739736639 0.697443494467986 0.814845399767076
Rhog 3.59692810644961 0.65634488798697 -0.0956691681287438
Bcan 3.57322173157588 0.483456968228893 0.733035145306302
Ninj2 3.57029028819354 0.807999633681771 0.746851603793176
Efnb3 3.56082164119715 0.363796037508959 0.588057913914088
Edil3 3.54714284436781 0.416044925319088 -0.202805405086402
C1ql3 3.53636197020444 0.45733714008654 0.464993781439807
Htra1 3.515382664367 0.311304414687531 0.319947610648716
Timp4 3.5067215970468 0.326796722051412 0.266110848614154
Plekhh1 3.50319815146324 0.626246562462516 0.558846285714112
Cdc42ep1 3.49029477502687 0.669544640952538 0.489913431552343
Jam3 3.40635040897049 0.704226385153466 0.514645888928842
Adssl1 3.37258921464235 0.764283838165755 0.675888964619331
Elovl1 3.36266004920824 0.572258912733571 0.269296156409433
Enpp2 3.36169316439739 0.691714558992476 0.378313946366046
Ctsk 3.33440589903191 0.812590240593573 0.710726579324493
Cd82 3.32893274279837 0.609575186698136 -0.0888061997125519
Rhpn2 3.23480336032139 0.590301793709017 0.36648838955686
Gjb1 3.19335248309733 0.788713342481135 0.537807556372906
Tnfaip6 3.11180803769154 0.72074629911726 0.443553559514261
Hapln2 3.09254235835134 0.718413425712356 0.403407759607289
Il1rap 3.07937788145133 0.701213460032713 0.390611541780254
Brca1 2.89981661999396 0.509039797631671 0.413117197003879
Cdkn1c 2.68582559505409 0.748506478820958 0.116735726186829
Bmp4 2.68147499635294 0.739613868735004 0.516208204617435
Mcam 2.67427188881539 0.759213651835338 0.444613801285372
Wfdc18 2.66056980282886 0.582338780107501 0.598231495183033
Lad1 2.62101925804962 0.687982469010156 0.188660740461909
Kazn 2.52803089874754 0.0109671569473329 0.0538157119373777
Ptprk 2.41289849484579 0.419718473784081 0.415805496140994
Dock5 2.32555463391231 0.586581236360856 0.378417969664285
Marcksl1|Marcksl1-ps4 2.28780442781439 0.585984558094197 -0.00884392328898694
