Slco1c1 7.32981227148804 0.783160032301903 0.760714045908182
Dio2 6.9673822194033 0.597995588133844 0.54511720716431
Slc1a3 6.93822566423546 0.705785689368755 0.698324342859486
Tnfrsf19 6.60998497745867 0.821370063371756 0.841263179133067
Mlc1 6.59918684166226 0.62755916771693 0.570335030777718
Slc7a10 6.45926551098898 0.79232092098595 0.811743575376596
Cyp4f15 6.41295768124516 0.875444775841476 0.840546828136223
Acsbg1 6.36778889145792 0.838940892444995 0.848146629069874
Vcam1 6.2875823900822 0.664281890345429 0.729639780221502
AI464131 6.27149691169245 0.853839228541422 0.873227347698636
F3 6.23533581469601 0.749808845262417 0.722474428275171
Tril 6.22902853297767 0.705110340909391 0.806142741710318
Slc15a2 6.20694177600183 0.786822919064812 0.840974963530928
Bcan 6.1855789921505 0.633855578390612 0.745927732045758
Fgfr3 6.14722111172272 0.670632387781828 0.775423851367906
Mertk 6.07769249199015 0.703507407974811 0.0261893883636564
Ezr 6.06447726137011 0.744442187586278 0.841725166426463
Scara3 6.04331738779939 0.764569278119303 0.788206465049001
Slc1a2 6.03936234062057 0.574950657933302 0.435495041385004
Foxg1 6.03258609340522 0.394284743528041 0.10027705199262
Gpr37l1 6.00837404128842 0.538403487628467 0.733083747780239
Lhx2 5.9967836789232 0.714054518630661 0.610148485900611
Grin2c 5.87858125069992 0.723689991506512 0.716263942804762
Xist 5.87834498181713 0.531974154264641 0.0438292083858103
Aldh1l1 5.79033983669509 0.829649391133569 0.846807638617003
Plpp3 5.78676062818888 0.624080567747691 0.778846345778169
Fzd2 5.76957314951983 0.761772526596791 0.771323280086366
S1pr1 5.76398079678424 0.658665627787938 0.639516520860364
Cth 5.75879009271249 0.833096796583707 0.815719197888649
Cldn10 5.75651094268483 0.813760907311134 0.725881227177818
Adhfe1 5.73704652567848 0.699893754309031 0.712598130426396
Elovl2 5.68320379150143 0.863331645388009 0.858165758214335
Ntsr2 5.67175456627234 0.658635884791409 0.728002606316933
Ptprz1 5.59467349401593 0.467928480383646 0.704948405919192
Gpm6b 5.57486142641191 0.374790647405185 0.327706582400241
Oaf 5.56926321881945 0.767927757236161 0.798644918569623
Ccn1 5.56054425694205 0.891235599269065 0.857742276936229
Aqp4 5.54780106355816 0.608655169511216 0.609733350182184
Atp1a2 5.50795513007848 0.421652373862629 0.533067219743394
Pdgfrb 5.49938567460671 0.581693360274537 0.437362412310218
Cyp2d22 5.46953597129454 0.79755729723173 0.834156706712046
Slc38a3 5.46345173138641 0.761231479408925 0.726120913308512
Gldc 5.4284696833177 0.74921646264874 0.734191753881614
Pla2g7 5.41267786384367 0.718184634744388 0.748024887333355
Gjb6 5.38345939662035 0.704942258692443 0.734317573133935
Ncan 5.37720034241712 0.563695604810156 0.683765659718539
Wwtr1 5.3709856719707 0.803637523444583 0.756990704355561
Cyp4f14 5.36430887132023 0.859317227859266 0.858832994772507
Mfge8 5.35088399997132 0.520215664637072 0.626842501308087
Cyp2j9 5.33715038687094 0.628985426066073 0.716019828295686
Ccdc80 5.2993320616509 0.814786973184492 0.813732133061766
Eva1a 5.28761162514654 0.731784955991566 0.738276592709824
Acss1 5.2721017498282 0.65116447990999 0.68089049441288
Fmo1 5.18633585218214 0.747436140140831 0.733062924793304
Htra1 5.12280490119857 0.515573197909212 0.622722836961478
Cbs 5.11182209606392 0.755743769633282 0.7259188510466
Itih5 5.10505228476121 0.703168104275599 0.73918884957296
Fjx1 5.07721483517429 0.770345531343107 0.863273194673217
Sox2 5.03121125583946 0.427307704574687 0.2568584868296
Emp2 5.02872412403009 0.788684391733713 0.7689709209876
Tlr3 5.02241302762235 0.612807671405009 0.613500097012706
Slc14a1 5.00908931050823 0.84246432125975 0.81487755164395
Nrarp 5.00764017336581 0.592878575302183 0.482849134485129
Axl 4.99978152096163 0.706071022901107 0.655573428784399
Tlcd1 4.98796166219002 0.695760123160187 0.674201218864763
Gdf10 4.98321512302654 0.853694474678761 0.855463173008637
Ttpa 4.9811513678098 0.82923342699753 0.772672191450678
Igfbp2 4.98090953292399 0.754839109331178 0.728248012641842
Prodh 4.96031660898132 0.798239033790018 0.767646958716964
Ttyh1 4.9488899493489 0.404086929277615 0.468711103638896
Phkg1 4.94377134838727 0.851210115077125 0.813405923972753
Myo6 4.93293059434364 0.460912864115742 0.540453592895223
Apoe 4.89375632272576 0.557039795909647 0.666574378143419
Scrg1 4.88628883505873 0.435236585695203 0.112704087755725
Hes5 4.79884299797359 0.3064600427776 0.269336182674246
Itih3 4.79688227442462 0.165890847996391 0.183021296056439
Egfr 4.79260325082689 0.844393452773222 0.775362133211993
Hapln1 4.77847637322463 0.703615345751061 0.616397379449466
Rlbp1 4.77387893728542 0.554489118956038 0.151462428712924
Selenbp1|Selenbp2 4.76877054955557 0.597681977721297 0.707398188952318
Id3 4.76842163452113 0.619516374938035 0.455648052233081
Prkd1 4.74828949016738 0.703127103834136 0.67864565889689
Dclk1 4.72367817720929 0.547142844647386 0.53694639935144
Slc9a3r1 4.71446432079918 0.534223239682454 0.646284895513653
Lrig1 4.69933033594544 0.639480385483802 0.557901101023254
Papss2 4.6954201015759 0.782816717986022 0.734667449623514
Notch1 4.69024043998147 0.708998796402377 0.764167174464022
Entpd2 4.6743457450307 0.738915103103956 0.754316260563407
Ntrk2 4.66076163463077 0.597858277891693 0.728940262777291
Cyp7b1 4.65773830471377 0.787591736021397 0.815562645959806
Fabp7 4.63902133245875 0.367602628981686 0.177649719014433
Hsd11b1 4.63811074562288 0.796400127563376 0.815615930306323
Gli2 4.60856226059524 0.811487566054082 0.758859490315648
Zfp36l2 4.60774659791817 0.544080076421841 -0.0397896095159471
Glul 4.59732422101246 0.406662348022336 0.483954526692674
Slc4a4 4.5663165065016 0.449622664100916 0.346056712828552
Ccnd2 4.54470988829264 0.677269058223962 0.592747707777418
Atp1b2 4.53868087450922 0.254990154664737 0.402763001051361
Lcat 4.53775384358103 0.834340821573852 0.81789719119493
Rhbdf1 4.53689609355063 0.504967769771243 0.430426390503547
Timp3 4.5366899197308 0.647386587949984 0.619897536680506
Pbxip1 4.53657596699866 0.753955854576358 0.720814282442406
Igfbp5 4.49983994728914 0.229158613376058 0.434177623272234
Ndp 4.49370703422799 0.731565228748717 0.631767424613954
Slc12a4 4.49173529868697 0.729947474025984 0.703455991387444
Rapgef3 4.45575931006528 -0.00950596314862105 0.0493475853390586
Itprid2 4.45145806304643 0.646573546414178 0.159678465284474
Cxcl14 4.43486725743325 0.586896141829436 0.475267304627807
Fkbp10 4.42655373439726 0.817294563219078 0.814961011595599
Col4a5 4.40798263274241 0.804004954897686 0.779928493373434
Sdc4 4.40459119018162 0.654093687145105 0.756074181812557
Abca1 4.39309365260412 0.667911812603921 0.134537026901349
Amot 4.38888680287397 0.542717728763626 0.653154020000125
Ctsc 4.36763795273043 0.529290782222354 0.529832847727897
Fgfr2 4.35759098533878 0.208903592614556 0.224298672133077
Nat8f4 4.32997567064039 0.793146225785757 0.774272554907464
Mmd2 4.3261434309082 0.34406438871564 0.520948834756598
Notch2 4.32379117663163 0.428324327271017 -0.0431145382667697
Sorcs2 4.323645831697 0.778417867431754 0.774122465958979
Lmcd1 4.31582443727707 0.680024882884859 0.54919992736903
Gpam 4.30776845150604 0.545833759446982 0.704868812122971
Cd38 4.2624215994372 0.812032541177159 0.780415940143321
Crot 4.24501262577113 0.592721996807295 0.598351629663525
Car8 4.23833226942094 0.493112949871389 0.147790851630843
Wnt7a 4.23358208058958 0.721539025785954 0.632391831925148
Sash1 4.2327084314007 0.576675394705625 0.78326788985884
Prom1 4.22715594237131 0.281953277874927 0.280166162214014
Slc41a1 4.22400760156108 0.853821447224739 0.840469942210889
Oplah 4.22299483487524 0.775867947301777 0.858733812414523
Ednrb 4.22190731499558 0.667937648935249 0.520434038689209
Itgb5 4.22066973839635 0.524212482258133 0.546831225308854
Nfib 4.20313688615059 0.502923944820154 0.561687463411276
Stk17b 4.19986539517959 0.563973154901854 -0.0309181338982068
Sept8 4.19342955659802 0.519118874938496 0.255090336416462
Klf4 4.17475930570817 0.515317894543671 0.471210838394412
Asrgl1 4.16306492205288 0.321328902879011 0.290279942573485
Arx 4.15725397570275 0.584594908102055 0.485772261528614
Timp4 4.14803661051831 0.385079416912911 0.324236408148064
Pdk4 4.12406439967232 0.626283188504141 0.59812531115307
Txnip 4.11505708903448 0.539262259165291 0.53409481607691
Zfp36l1 4.11029001638696 0.355056602681485 0.240107344389942
Galnt4 4.10906746277093 0.676726180583466 -0.0888496445825484
Lpp 4.08336687567344 0.837794008081879 0.688617377779324
Slc6a1 4.08165855825722 0.503153968095402 0.50982720140127
Gja1 4.08123614886554 0.249087607198368 0.511837404516982
Smpdl3a 4.07872554629932 0.768294441076666 0.784727613414484
Cbr3 4.07842302455098 0.536502920199912 0.285302631312132
Btbd17 4.07198441835065 0.825323692911905 0.835303885629113
Tjp2 4.0619511215162 0.438876126197349 0.298894276727576
Sox6 4.0609746658695 0.226142018257256 0.117995607184475
Pdlim4 4.04593034377759 0.630611278721585 -0.10726267715303
Rftn2 4.04430270125796 0.630404811333294 0.580022633254166
Itga6 4.03767175665163 0.673766048253443 -0.124700103526212
Trps1 4.03631937523047 0.698250131178181 0.731823877429972
Fads2 4.03620084367745 0.711092339861113 0.711694394047273
Pdzph1 4.02988763241988 0.801691800162404 0.682676867270913
Aox1 4.02306115688452 0.721061819364508 0.605231303132747
Gas1 4.01793205804371 0.60391762947861 0.433860113387943
Antxr1 4.0047322251853 0.622243613229474 0.703483600206241
Sox21 4.00371663572388 0.602592022568409 0.428564846108335
Fermt2 3.99202027287286 0.468485182825653 0.811857104378506
Cspg5 3.99173659270589 0.706913561490932 0.594014793965842
Ptpn13 3.99118679045817 0.626650158724371 0.426598513895313
Add3 3.98257180302747 0.629025265700507 0.705829514370196
Gpld1 3.97810958220797 0.403420492721108 0.688640290010261
Selenbp1|Selenbp2 3.96220623950061 0.714959331286975 0.788279036457111
Dtna 3.96206615170952 0.719603641814656 0.754114916884257
Heph 3.95429860862655 0.709681183851924 0.620572670650959
Appl2 3.94466210848762 0.529989087284429 0.564805193193446
Mmp14 3.93304753164647 0.71727059398554 0.649927060941807
Pygm 3.93135046476213 0.729188720532027 0.610993555483567
Fam181b 3.93093005177723 0.644876424926919 0.51287461459383
Reep3 3.92381985959804 0.0122063503198747 0.158575198262574
Ppp1r3c 3.91987961380333 0.7210164122209 0.735751623222543
Serpinh1 3.90797045038625 0.5008238843457 0.465032061371412
Dag1 3.90486363362273 0.686978704341502 0.731620269442177
Smox 3.88877795061257 0.390806858801121 0.498146154257842
Tnfaip8 3.87913600789911 0.518443655995714 -0.0687511326400445
Arap2 3.87852385867367 0.317950506672632 0.282415503192476
Ephx2 3.86421193199158 0.803073203907151 0.775884783448145
Cyp2j6 3.86314175538956 0.421845151634733 0.220474368610902
Tmem100 3.85927022988015 0.462909773097437 0.0974590490891886
Nkain4 3.85248796960522 0.663467479035838 0.578598975017792
Klf15 3.84248458364224 0.651497875751574 0.617622827277866
Il18 3.83987542224819 0.391265445661281 0.648888538704206
Gpx8 3.83137515403822 0.605912348596957 0.40611633808638
Vegfa 3.82193546779665 0.814222499541105 0.757535922565363
Farp1 3.81618332061496 0.527584589986738 0.500878641025168
Klhl5 3.81487003039074 0.388853544259203 0.0690668132570423
Ptch1 3.7982547953761 0.508971936321247 0.490891873442001
Acsl6 3.79532340161799 0.65201586325389 0.683765021416649
Itpr2 3.79275048250537 0.52310260374502 0.125444356554589
Mgst1 3.7917629685622 0.609917005065944 0.57022102100166
Aldh1a1 3.7832555103991 -0.11898095703549 0.167415409964574
Ngef 3.77317206022709 0.586742305750961 0.482825392099583
Mfrp|C1qtnf5 3.77062698742756 0.63508347995752 0.604154461349633
Cd44 3.76951765073898 0.634721258702229 0.549356365055534
Nde1 3.7558930761348 0.372389814170025 0.0728356395863586
Fxyd1 3.74747080275726 0.651895307009273 0.64810798074376
Nfe2l2 3.7273234321964 0.533084155992412 0.453204696832214
Pon2 3.72649592666122 0.44657297382569 0.559229481171783
Metrn 3.72567488588635 0.499281563557964 0.304947926651721
Smpd2 3.72282518876413 0.706263981773491 0.756456717943218
Sox5 3.71620998536521 0.657927706376689 0.594323950801034
Prdx6 3.71296240677291 0.632649479172655 0.656825804103533
Naaa 3.71179831777102 0.741670929603917 0.692756615237975
Kcnk1 3.71107538510502 0.643634418396755 0.645084723565735
Ndrg2 3.70415937335763 0.209822319017293 0.297889333751306
Phlpp1 3.6936150473265 0.472039640575204 0.326652600917714
Id4 3.6877594477062 0.475412836809573 0.510556664812665
Tgfb2 3.68517396847078 0.624726370724588 0.531263469616275
Sox9 3.67867758543351 0.802268186559395 0.741124656924877
Yap1 3.67004298598251 0.29160776001678 0.269288656186637
Slc1a4 3.66670791832802 0.282873482733844 0.276355060422032
Smo 3.64992957561755 0.471217230230358 0.411357834583786
Eps8 3.64716938291863 0.478852110153454 0.32788556517269
Lpcat3 3.63706815055298 0.543072767974671 0.370986664449744
Lgi4 3.63098201334926 0.785027642190392 0.769270741345011
Aldh6a1 3.62762287861921 0.634162542632039 0.766196560593685
Kcnn2 3.62254703550912 0.698955619410343 0.74782530461131
Prelp 3.62184283363052 0.746112463818175 0.62483887499915
Psat1 3.62121969543503 0.189392163499291 0.0998992642256209
Hip1 3.6196263528358 0.262280773523559 0.329892699173432
Itgav 3.61522056255249 0.345485463466768 0.526070649448238
Aass 3.61008576922219 0.740816437837424 0.633515533679174
Carmil1 3.60745949321822 0.583938545383695 0.508799072343809
Sparcl1 3.59982102652595 0.652795487942264 0.713392396678731
Tmem51 3.59547398217937 0.639246483268624 0.65718091844381
Phka1 3.59162734293306 0.574909947428613 0.596868706547675
Bcar3 3.58891607642825 0.777428787705618 0.758572051290971
Celsr1 3.58562618750823 0.848288184276036 0.783146026901813
Acot1 3.58188325471675 0.389041919875916 -0.0615653343210839
Zfyve21 3.57834943032391 0.410227214174209 0.356912998920361
Car2 3.57789526125615 0.18358175318519 0.00128426818812924
Kctd5 3.57438122505068 0.557870682264321 0.539425238475373
Smim3 3.57409818718389 0.489014368338624 -0.139194413983646
Pdlim5 3.57359558660013 0.662949212670812 0.689095577245787
Mgll 3.57190479851292 0.507728290300516 0.381633128920978
Vcl 3.56668088725699 0.783965816341025 0.790040055059899
Asph 3.55890799383239 0.519347731064268 0.205598381384253
Cyfip1 3.55408838121773 0.652067855429823 0.667101971450016
Ppara 3.55289839077655 0.856328014197933 0.799276126241346
Srebf1 3.54157650578892 0.733337515107384 0.656480012680269
Fads1 3.52255168226631 0.586790043527391 0.573746281026613
Ppic 3.5224708856537 0.717713381750878 0.606260326207146
C4b|C4a 3.51736351721015 0.400113168621449 0.281298176260665
Fgfrl1 3.51726349960838 0.684735922403336 0.592152786115701
Dock1 3.51088485704456 0.451623061858509 0.700167376680665
Kcnj10 3.50643402602261 0.343862141565347 0.460499408511415
Myo10 3.48662014366086 0.695155093975138 0.648873162901774
Acaa2 3.4836442151768 0.795044538965935 0.759858170714653
Cyp4v3 3.48358785716481 0.331798741467832 0.264748385407171
Soat1 3.47781529759941 0.576740263192833 0.305472115319303
Fmn2 3.47634980581227 0.0377096135945904 0.160880611075362
Suclg2 3.46990226110409 0.662602178405058 0.154705569909139
Il33 3.46778970097742 0.158931646786676 0.108817894612257
Ddit4l 3.46763028668179 0.634409243690287 0.335094267788676
Hnrnpa2b1 3.46489351593943 0.437962969156898 0.024113012278018
Epb41l2 3.4383319326788 0.363885584466158 0.345373091375369
Pax6 3.43815299369819 0.782889808391599 0.744023487542505
Gstk1 3.43490294756521 0.421726605263868 0.616503516821624
Adgrg1 3.42213622696894 0.718427565765079 0.381297856642244
Gramd3 3.40831885062869 0.401123047466885 0.0802855762880574
Gabrb1 3.39463876467602 0.0561935432220233 0.385885541410641
Mdfic 3.3923314603157 0.468136107915655 0.313406092796586
Mt2 3.39093339293951 0.39141493505486 0.308782290398383
Ccdc88a 3.37457556208848 0.684307195499438 0.688833236207511
Cmtm3 3.35963123194847 0.471258721587261 0.350685265855695
Tulp3 3.35519930268487 0.709196980842148 0.685993580821231
Pnpla7 3.35470340517664 0.663361787162606 0.453948081481576
Abhd3 3.34579748268749 0.556297138414027 0.744867898255838
Tspan7 3.34120657489411 0.501542796981594 0.219708146686816
Dusp1 3.33442233075631 0.586968046537514 0.349844153941768
Itga7 3.28094444431708 0.775291714660342 0.764714696150004
Fgd6 3.274553972337 0.822529932193556 0.7705441186567
Lrp4 3.25110374837153 0.635914592690162 0.61436531382172
Tfcp2l1 3.22551085980885 0.758373153484423 0.678656089490935
Efemp1 3.20456724481354 0.335925031320999 0.205958553115609
Tnc 3.124811170197 0.718001142981236 0.60059602685343
Rorb 3.10831298953476 0.673777220218534 0.664968540142059
Swap70 3.10292629567915 0.536166360097748 0.193880719358242
St6galnac5 3.0969785921434 0.588441536008679 0.456716086527563
Fbln1 3.02196483095556 0.625113694627858 0.461943407033664
Gfap 3.00459110209206 0.435812138833541 0.217556304447147
Vim 2.99834258559103 0.398879778490676 0.0738604009165216
Prrx1 2.96408604385034 0.586374468409714 0.20026669389718
Fzd4 2.90871201687284 0.772916606117665 0.543831054952889
Lamb2 2.87904355608193 0.641983539191163 0.57732400654394
Adora2b 2.83371381670981 0.33540507793672 0.135543419726153
Tor3a 2.75125115482149 0.652379633044736 -0.189967036375195
Serhl 2.69521144721393 0.676105849265364 0.748079539117632
Pou3f4 2.68797257442993 0.33320430167906 0.164529358808138
Tst 2.68634541168529 0.43166744708193 0.365723659353534
Crym 2.67520885955845 0.271320985724617 0.11895293148542
Arhgap18 2.58130903694486 0.654799418680336 -0.162287053575659
Rnft1 2.54262359630469 0.594730710685124 0.586831569403115
Gdpd2 2.4325266804231 0.286524067832613 0.236435467450184
A2m 2.43089966281234 0.713502477945534 0.462306540408427
Aldh1a7 2.24592610611984 0.100932543499664 -0.101277911924021
