Ccl3 8.94850915697205 0.896922905835397 0.875010278610411
C1qb 8.90185058330477 0.732896342321609 0.626093353635508
Xist 8.44145203580066 0.521698665742621 0.0438292083858103
S100a8 8.27645611128171 0.956707733897625 0.944805455535658
Gpr34 8.26523490783566 0.944866158479886 0.938427503613082
C1qc 8.17733651460617 0.848824621484178 0.855364296399817
Ptprc 8.123120804127 0.919830731720199 0.906843030275141
Atf3 8.10737937811807 0.848417057596508 0.830918790269464
Fcrls 7.79408588385502 0.804920341508669 0.865511649948365
Socs3 7.72053540778439 0.69941970919879 0.807573837512272
P2ry12 7.66865500361329 0.880674255931792 0.862550960007451
Ly86 7.63127373534524 0.793869959674712 0.863474152677733
Tmem119 7.60340933105127 0.847700412968438 0.840282746809428
Lcn2 7.56944086720386 0.912507816847982 0.907947148580474
Fcgr1 7.5316004893525 0.914609844558121 0.879459405437473
Vsir 7.4879315069262 0.798532189378203 0.817507082236361
S100a9 7.41179475739141 0.932292926450393 0.908065433468933
Ccr5 7.37787080976333 0.939468288957153 0.925192757077371
Cd53 7.36766896408748 0.831786431188057 0.752466026511967
Icam1 7.36423845971116 0.874771555584194 0.889251240730328
Itgb2 7.34061316986711 0.916933693390854 0.912997044650647
Fcgr3 7.2857577823217 0.900363697087576 0.888822813119328
Cd68 7.28068391531855 0.935330119045527 0.911576814556398
Olfml3 7.24607137795309 0.878270138816215 0.839004271571173
C1qa 7.23571945408524 0.855210997761608 0.849097534109836
Anxa3 7.23279999895646 0.88474966929702 0.86649215066228
Cfh 7.22878200111974 0.828868911018238 0.712295820061994
Fermt3 7.2195837374669 0.859972072703844 0.854448797829329
Nfkbiz 7.2049353838293 0.759123061192318 0.869118393769463
Klf2 7.20186682911744 0.863822389777723 0.769883444767211
Itgb5 7.18915518604877 0.580931128364903 0.832456606116307
Rnase4 7.15997054399621 0.835363959072431 0.807966165584019
Mpeg1 7.15622964550439 0.855779020881117 0.865615788465383
P2ry6 7.14556940783046 0.92886171185031 0.936669978424227
Il10ra 7.14140223865244 0.954760742743967 0.946180388417234
Chil3 7.14002498728904 0.881838539893219 0.853909068933641
Cx3cr1 7.13451340217548 0.816183038004237 0.828174534883049
Irf8 7.13124729857082 0.934574220703527 0.927837701705404
Ctsc 7.12879398195957 0.597997054665481 0.742271812483732
Lcp1 7.12672793162325 0.76302497059634 0.822900146558026
Tyrobp 7.11289471492166 0.870501936865703 0.86511844532371
Ctsh 7.08990417015585 0.863421587100242 0.835544766930327
Ptpn6 7.08717611587001 0.956116502044668 0.949760169456739
Fcgr2b 7.05824327608294 0.927436564750466 0.917168118258071
Naip5 6.97915277626796 0.901791012919053 0.876817387672749
Cd14 6.96500275010771 0.85062400667454 0.823798149930943
Il6ra 6.96285516553525 0.924884345593912 0.890291306841707
Ms4a6d 6.93118718451391 0.947760145745004 0.933252210439265
Hpgd 6.89928840981866 0.870721376014736 0.894011912281623
Cd86 6.88210439815461 0.944216411016599 0.926130644059926
Cxcl2 6.86296192263849 0.911717485658797 0.887347150467016
Ccl9 6.8440722365156 0.908021143369009 0.887334535765083
Ngp 6.83971979343277 0.837758980643522 0.800486878344184
Adgre1 6.80741103708352 0.726835639812596 0.87145012590578
Laptm5 6.80034342031157 0.506172533770177 0.431980823073142
Txnip 6.79734573413785 0.684163985730425 0.53409481607691
Rgs1 6.79482380146645 0.923154583126915 0.913783032329059
Hck 6.77538084459573 0.890465918254301 0.862914299305883
Klf4 6.74294914810942 0.57632577534971 0.630011299392605
Pld4 6.71608362409048 0.863820454744564 0.841357056848191
Fcer1g 6.70893349088777 0.83455027991809 0.824614769314253
Sla 6.69710900346457 0.928907893852977 0.91790632861484
Mertk 6.67257874077707 0.532686560538586 0.0261893883636564
Selplg 6.64659526813677 0.713851914012281 0.720849052724145
Lyz1 6.62049675896672 0.825687293559028 0.782750420154464
Camp 6.61916015756822 0.877007516539689 0.801836456613694
Ccl4 6.61108847269672 0.825427025080121 0.797287316493388
Bcl2a1b|Bcl2a1d|Bcl2a1a 6.59493239957542 0.915445587224904 0.90255554369856
Zfp36 6.59064247557003 0.759088350557418 0.793942399564921
Srgn 6.55890694821464 0.849413488717004 0.846516305089706
Ptgs1 6.55507781388837 0.763327291668391 0.535546514080042
Aif1 6.51985269872871 0.84848859845504 0.762409606538655
Csf1r 6.48543852852042 0.457825278667482 0.628127993233141
Ms4a6b 6.46383131242194 0.912577620223067 0.893641566109593
Havcr2 6.46263464885588 0.950233444056164 0.940605338662235
Vav1 6.4586462186605 0.950942891310844 0.933139744657544
F11r 6.45129718373556 0.907048148313243 0.865886799987199
Il1a 6.39000318019711 0.928547393345527 0.922074681523627
Tlr2 6.35085535838767 0.874067937896548 0.828039074863297
Naip2 6.3449624591165 0.95177747330869 0.943840456634284
Tlr7 6.34059995804666 0.908453245030804 0.883327317721423
Cyba 6.32962857687441 0.856259262530705 0.836822420217362
Gpr84 6.29227134475328 0.925154103043425 0.900539536156936
Slc15a3 6.25624531408832 0.953657141367707 0.934368395362971
C3ar1 6.24496741317323 0.841586476988207 0.832923346286571
Fli1 6.24300247681528 0.927248567335954 0.902090174836285
Plek 6.22949881509799 0.88534841236755 0.90483346690088
Egr2 6.21692647542451 0.808845761454126 0.854683975263568
Tgfbr2 6.21581385775055 0.843950051313835 0.845270536865745
Fosb 6.19292338685524 0.717675042199451 0.716245626208222
Pycard 6.17501085804295 0.887209136517532 0.909626848879343
Lpxn 6.17093778859978 0.879342409727844 0.853945018408267
H2-Aa 6.11307281763371 0.720364640377142 0.55701792504533
Blnk 6.10569798624516 0.901364700811939 0.898817554066467
Lyz1|Lyz2 6.09828700546967 0.823486949718362 0.776673258636435
Ier2 6.09250996340882 0.733739304619883 0.761337970588246
Ctss 6.09098362142769 0.605148711132249 0.752076159502698
Ccl12 6.08346852129077 0.956692967759281 0.950644450373355
Hba-a1|Hba-a2 6.07670903820574 0.754365663426588 0.741378805516258
Slc11a1 6.07585424582445 0.694033859267049 0.651846092069541
Nrros 6.070600827332 0.785202368091114 0.792080354658163
Ccl6 6.06937448738597 0.934104762109147 0.942534672436649
Fgd2 6.0692042027669 0.894591990992906 0.860458496649235
Dusp6 6.0316131127567 0.605385474690523 0.595104011435609
Inpp5d 6.00707401439572 0.882602027175777 0.850382339302957
Alox5ap 5.99144853130206 0.861717092098761 0.863003475908972
Ier5 5.93219430169336 0.718901692970669 0.760327660225567
Lcp2 5.9058157186547 0.94597282774871 0.943669338261785
Nckap1l 5.88092557258481 0.755973304723036 0.771479157107436
Ttr 5.86776372232386 0.469229518824906 0.316776354853328
Lair1 5.86155308988227 0.871834787975615 0.852552954421401
Evi2a 5.82680494343361 0.425661209825857 0.123793673495937
Arap3 5.81663694124217 0.926540653196516 0.910094327838513
Ccrl2 5.7972363595643 0.878588197400102 0.84598663057751
Rhoh 5.79312749088987 0.94670923454703 0.9347729186437
Pik3cg 5.79069015602909 0.919100244572526 0.898731506437892
Slc40a1 5.77788222172588 0.788277587154148 0.866373709575813
1700017B05Rik 5.77340706320658 0.838964757441799 0.868405679075243
Capn3 5.76595295870142 0.910872362043147 0.887690068814287
Golm1 5.75145435540438 0.833354695928812 0.897263658148445
Slc7a7 5.74263273102601 0.857632016624424 0.897030018993191
Tnfrsf1b 5.74126294510872 0.762669775154064 0.737559179229013
Ncf4 5.73506115861649 0.918586751026406 0.903452811083351
Fyb 5.73241252166985 0.921184442748805 0.893680491884961
Ctla2b 5.72817611938323 0.869918735797534 0.851889913863387
Entpd1 5.71892955378087 0.862104358297855 0.843388944041901
Rcsd1 5.70605628389684 0.800637530351748 0.780144279192095
Sash3 5.69614808870447 0.676412131696371 0.642894241425908
Junb 5.68465011843971 0.723792180037493 0.710325676330519
Tgfbr1 5.68134833195533 0.850721854732267 0.857965783571785
Crybb1 5.68067289841279 0.893433284141383 0.861152047486372
Tm6sf1 5.64880108138154 0.721662243678396 0.813798629635654
Zfp36l1 5.63581487045798 0.370920246095159 0.321053198039929
Ugt1a2|Ugt1a9|Ugt1a10|Ugt1a6a|Ugt1a5|Ugt1a6b|Ugt1a1|Ugt1a7c 5.63424153348048 0.722072744536238 0.796400702011751
Pros1 5.62987958702768 0.760892084443623 0.71872321527708
Cd48 5.62695733539823 0.927362200212752 0.913473318214485
Map3k8 5.61373371414007 0.954675622098325 0.944718327523361
Tlr1 5.61290291908507 0.954173784079245 0.942972009087337
Dapp1 5.56906096872055 0.76678700723419 0.7316654390012
Stab1 5.56046566273566 0.899255874955365 0.863186646275213
Alas2 5.54900334248195 0.8385214259338 0.815788424313297
Cd34 5.53682107412782 0.788313018646212 0.780985632471422
Rgs10 5.51698128809496 0.781180305597974 0.851709466808873
Kctd12 5.50654531051269 0.777756608404508 0.785278356355154
Cmtm6 5.4799867495854 0.664007227481104 0.738642195181318
Slc16a6 5.44540501486874 0.828660799108187 0.813117152081023
Btg2 5.44387898844417 0.721192964928034 0.302019874538366
Ets1 5.44012733268798 0.866353481389662 0.798932163578278
Akna 5.43650132440262 0.855230596060736 0.910062558306999
Syngr2 5.42014278965168 0.543979730229067 0.678839470206685
Ltf 5.38505452388539 0.695616012888021 0.68933239212516
Mlxipl 5.37759630639617 0.622572816252082 0.619049006631193
Cd37 5.3723734414011 0.755014834453509 0.751498906549431
Rab20 5.36148958208569 0.882494915440819 0.823035733235841
Chil4|Chil3 5.3575501218986 0.814851122212249 0.740050725099717
Edem1 5.34520747127355 0.783295835103527 0.767918324079887
Cysltr1 5.34118613635803 0.928923008065184 0.924403411688516
Il16 5.33851856358487 0.880406943855568 0.83462050859691
Adrb1 5.32763069908514 0.697152390324529 0.795676353205937
Adap2 5.32728012154519 0.886774661594681 0.895856531846093
Cttnbp2nl 5.32353762019978 0.737706020565593 0.690724502982249
Clec4a2 5.3182065893214 0.926443599260836 0.905516640980893
Ankrd44 5.30712194641067 0.737041407424421 0.774227736142258
Spata13 5.30578103526257 0.750263010694668 0.822731914118561
Ncf2 5.2861757275393 0.876769545474452 0.821566928619307
Csf3r 5.28042583592804 0.764814029865069 0.660752043494533
H2-T23|H2-T-ps 5.27963423876114 0.748505924218249 0.755580169097825
Arhgap17 5.27804267279628 0.741342307595143 0.814797078135117
Mafb 5.24039143189618 0.904568968318082 0.898816567803819
Ggta1 5.23386929759771 0.784517080675407 0.742119145974757
Otulinl 5.2027752522124 0.859931530682742 0.854832081916039
Tcn2 5.19821121386721 0.626560137858529 0.799334857245979
Frrs1 5.19537934944768 0.646655757844771 0.58919990543273
Tmem173 5.1856297551515 0.814897401863424 0.749852994922644
Casp4 5.1779133905733 0.869539704909681 0.841870371281753
Hba-a1|Hba-a2 5.17737574147713 0.612108983675203 0.584534962386967
Tlr4 5.17455675442624 0.856620921529935 0.833931682619817
Hbb-bs|Hbb-bt|Hbb-b1|Hbb-b2 5.16897538936675 0.612638330685781 0.583924665058648
Zfp36l2 5.12757906804435 0.409614335262352 -0.0397896095159471
Hk2 5.11263752457396 0.839715367325488 0.836401319333504
Syk 5.09914023436941 0.874580768286822 0.843984743320586
Spint1 5.09633672099084 0.788962872074604 0.805560093180092
Cd300c2 5.08246010429082 0.787585090012671 0.746466648606486
Lyl1 5.07341988981569 0.90555301569533 0.901198449232415
Cd300a 5.06789114047094 0.827223184569209 0.797868338805999
Cmtm7 5.06493037925283 0.898005797810753 0.884812951828916
Trem2 5.04972139839089 0.839913060411172 0.79962819457314
Nfe2l2 5.02968894033338 0.515802142663116 0.453204696832214
Srsf7 5.02326142340194 0.736001571608286 0.66856877761714
H2-Q9|H2-Q7|H2-K1 5.01933390451256 0.828917601199056 0.795500590853421
Anxa1 5.01490730059963 0.325326779205373 0.0916818690569805
Casp8 5.01442899219585 0.837720986488026 0.795032515662953
Tpp2 5.01438159549712 0.816313701187744 0.733933028598939
Clcf1 5.00652180986552 0.930357784341738 0.915833316528596
Themis2 4.99349630536926 0.874845089454162 0.819667523458926
Arhgap45 4.98429045753148 0.838085313243758 0.789580473023445
Hspa1b 4.9785385195683 0.465166380784899 0.452262978230158
Hhex 4.97223348800326 0.78383200215317 0.766926625786468
Unc93b1 4.96899472995173 0.844113824512949 0.784428331790422
Klf6 4.96368211618526 0.767022294229151 0.706917324178809
Gusb 4.95218702685831 0.669504570324179 0.783390853831904
Adcy7 4.91338499767961 0.47303643672168 0.406793107735415
Xlr4b|Xlr4c|Xlr4a 4.90560082495639 0.856355996564738 0.758267229411362
Pla2g15 4.90059520442086 0.845011871298736 0.88804322785226
Fes 4.8977202091134 0.915980939483283 0.91822632595817
Hba-a1|Hba-a2 4.88305412197805 0.53533405893678 0.495255872691648
Adamts1 4.88077261486961 0.599211328898843 0.721258540470738
Cd83 4.87261364092439 0.731036770705057 0.845325431496175
Lrrfip1 4.85431512603523 0.754836303622885 0.768638722666259
Grn 4.8511728581239 0.718116156881302 0.800641837265229
Tnfaip2 4.84389388181136 0.847681941022299 0.835131463283493
B4galt1 4.82826340676292 0.644702032228324 0.640016849057475
Stat6 4.82229544228126 0.739559997022605 0.821483000769591
Pald1 4.80756823113091 0.709260884839529 0.764893883652874
Csf2rb2 4.8069482294267 0.47377460285932 0.124660237839465
Trim47 4.80572696698646 0.866826351011421 0.882941304948152
Abhd15 4.7979714304253 0.803313608324082 0.802691227703944
Ier3 4.79714575300524 0.738261840775308 0.83011387947447
Pon3 4.79467715648413 0.921361440231686 0.910700314388156
Sipa1 4.77845298970689 0.888217511585306 0.891753976749627
Ppp1r15a 4.77731516302742 0.790616416317439 0.769972582969436
Hvcn1 4.77557073392758 0.935392580005749 0.92552093896227
Irf5 4.76141389163749 0.819127296155024 0.785628787643911
Lyn 4.75907144303644 0.852960427108486 0.886297495897344
H2-K1|H2-D1 4.7573570895656 0.575329248678077 0.538827231906372
Abcc3 4.74922310334614 0.812248997043701 0.803312316164048
Klk8 4.7466629587243 0.908429717918253 0.894054630982484
Mcl1 4.74552586330166 0.682054987355226 0.755348597793926
Vamp8 4.742595852141 0.662116879055931 0.723195666338738
Serpine1 4.74079179537277 0.774702134619655 0.772473803756492
0610040J01Rik 4.73662723478042 0.617992806158708 0.418756621518981
Plxdc2 4.7346121973883 0.603045491359724 0.597768185984805
Rreb1 4.73279754942442 -0.0175452935145243 -0.0103038808606938
Epb41l2 4.71662754183288 0.404182203301132 0.63651975349556
Rps6ka1 4.70882947507106 0.72187095560699 0.678696401071155
Tgfbi 4.69989506048114 0.696251156146066 0.661911986857993
Lrba 4.64918889625436 0.730709798999352 0.739576065225961
Abca1 4.64876281961758 0.483323084738609 0.134537026901349
Notch2 4.64680708849203 0.271609097362346 -0.0431145382667697
H2-L|H2-D1 4.64337851783966 0.799639614955723 0.767797222031011
Il13ra1 4.63713495030495 0.64813100969284 0.550413574552872
Cebpd 4.63598716623958 0.476717468616103 0.45065287968563
Ccnl1 4.63243138420495 0.597852841272696 0.60564315682348
Slc29a3 4.63076418991539 0.593948067980288 0.544499143390683
H2-D1|H2-L 4.62839064815574 0.734340120387259 0.707316936896556
Sh2b2 4.62813286352308 0.884270343194341 0.83455325094322
Tor4a 4.62553403686044 0.789734653309073 0.787894892783252
Pag1 4.62322240772881 0.65544317558654 0.830757448823823
Slamf9 4.62286342478047 0.646972343405136 0.601498835952409
Trim30a|Trim30e-ps1|Trim30d 4.60089735715345 0.422605157855825 0.175295068911382
Elk3 4.60048147984987 0.769888044865787 0.777628378042196
Parvg 4.59590146809837 0.739105646817356 0.679667425411187
H2-D1|H2-L 4.59571971119215 0.744631539762618 0.707796442936603
Trim30a 4.584824773551 0.90477478524343 0.889480299318717
Ctc1 4.58254096417582 0.814599631470689 0.754750704144568
Zfhx3 4.57287327677118 0.223934038199893 0.142679534225248
Il6 4.56328294646387 0.928863936614269 0.870859115857809
Pdgfb 4.5580902635701 0.775369806407999 0.723963242660202
Tec 4.55725247835596 0.62080034594217 0.560727870932865
Hfe 4.5531414330829 0.758635423499681 0.693190338536353
Igsf6 4.54826973986375 0.906041236661291 0.863178885643969
Phyhd1 4.54763668308929 0.719151142564948 0.722017233311674
Samsn1 4.54092918906444 0.929825458154642 0.904656819978584
Pld1 4.53069628612989 0.647245632192362 0.794539732732298
Mylip 4.51962303061047 0.677470686439707 0.627117917975272
Ang 4.50726391295366 0.934532287795777 0.911354231605335
Npl 4.50706110737401 0.667664300914427 0.700004523370205
Cxcl10 4.50560421814633 0.829102999109394 0.69856176833123
Cd9 4.50186736450853 0.183591624453405 -0.198812014371934
H2-D1|H2-L 4.49459813164488 0.810336840335207 0.75846323307839
Pla2g4a 4.49311247409951 0.598994492730435 0.265679578354155
Lrmp 4.49026774792408 0.920535348709819 0.911187157286941
Afp 4.48473664565661 0.895347948132126 0.859130269380647
Jun 4.48263663828602 0.490504198605575 0.407492586906477
Plxnb2 4.47904816804621 0.60205273648806 0.702591554700873
Rbm39 4.47830543575729 0.533286135557759 0.533302736117914
Scamp2 4.47391432451414 0.609239434610915 0.715696763220685
Sparc 4.46412521894253 -0.0451983754761222 -0.0595837855726374
Spi1 4.46389363489281 0.89768851804891 0.86614258708437
H2-K1 4.45763338567073 0.777577212145735 0.571151271462752
Tgm2 4.45722338687962 0.513173207304138 0.463783861585056
Siglecf 4.455400836372 0.926554121558241 0.920681244818601
Arpc1b 4.45437128922986 0.589505166064256 0.11048556736705
Elf1 4.43888497649891 0.605790322162202 0.648389017927976
Ceacam1|Ceacam2 4.42852318381215 0.793959574545139 0.741432445258905
Asph 4.42764714796151 0.468493741654407 0.205598381384253
Trim12a 4.42758112165318 0.92478558496357 0.903565730163519
Il7r 4.42607800936135 0.733948894067871 0.666864536778689
Coro1a 4.42109543961536 0.513832803067487 0.610566650947906
Lag3 4.4120722322078 0.812909482065735 0.75963234220116
Gas5 4.40602810465035 0.553162330044683 0.579511280860838
Rel 4.40573861180345 0.880746743584842 0.859367502737949
Myd88 4.4043243717053 0.830507036593664 0.772810248276022
Arhgdib 4.39875394922581 0.643045831325785 0.629942607529582
Slc39a8 4.39647587252946 0.639582980951648 0.49901549480571
Birc3 4.38811446943451 0.852579083710046 0.827321517006486
Stk17b 4.38613656692246 0.396513058323828 -0.0309181338982068
Rrad 4.37817138582096 0.857893933294781 0.856899685860046
Usp2 4.37457750240658 0.564799069018907 0.756668195445876
Cebpb 4.37306742616779 0.763133600951501 0.76081120587738
Ifi30 4.36786939207808 0.780027208873013 0.831363718374554
Cebpa 4.36611918623336 0.854222926616749 0.87501448082935
Clic1 4.35477575483314 0.743593381979117 0.821677629712346
Tnfaip8 4.35306888319619 0.378230488247656 -0.0687511326400445
Mfng 4.34815657854208 0.789593482597389 0.770999205022974
Cyfip1 4.34371472340036 0.540873757254738 0.667101971450016
Hexb 4.3411102116444 0.730396342494913 0.646654250941112
Tspan14 4.33588623808208 0.346799897791154 0.410817272224325
Runx1 4.32709803825635 0.906253801606009 0.867231600254319
Ccl2 4.32405435015837 0.910582038139949 0.892805729097114
Litaf 4.31226065124897 0.317545116965373 0.446164633416549
Clec7a 4.30798070237732 0.763663949351232 0.736036604710514
Ifngr1 4.30659914372431 0.820112119468806 0.809631382697536
Gmip 4.30584685030776 0.792953694642734 0.734060215258623
Adam17 4.304949777158 0.424426655036109 0.503749337160444
Dusp1 4.30459629778432 0.532446184113262 0.349844153941768
Mlph 4.29198273956273 0.731359431339171 0.648364235719871
Cd52 4.29195302380474 0.853886607600325 0.80938176017582
Nrip1 4.28388053288475 0.763583708157177 0.849405322435473
Nfkbia 4.28384659950135 0.722284777909278 0.740443446254942
Ptbp3 4.28205789111347 0.610399693634727 0.72421970086545
H2-DMa 4.27536349621361 0.82090418305458 0.874694619548639
Rela 4.26080682001205 0.612714379584136 0.691315995201326
Lpcat3 4.25797639784535 0.433332426711928 0.370986664449744
Ptpn18 4.25428041570431 0.815924148367047 0.7772185049695
Prkcd 4.25384709452813 0.685874620004568 0.688708725514112
Nr4a1 4.24246658012572 0.457771565834706 0.552232491626676
Itpr2 4.23923700081021 0.37396333416239 0.125444356554589
Cklf 4.2325988140219 0.633654922526444 0.748925563337602
Pnpla7 4.22824037597303 0.55813182595455 0.453948081481576
Sult1a1 4.22435484116617 0.508079772025107 0.148317382320863
Casp1 4.2163128776639 0.891586516381473 0.903381979588528
Cyp4v3 4.21469253972786 0.291587715365952 0.383405637632348
Chst7 4.21067874587312 0.653164420848112 0.649251307858187
Serinc3 4.20750164041165 0.609205030345672 0.369666526075178
Arrb2 4.20735714711191 0.755037075822375 0.768393578102364
Hspa1a 4.2058848616769 0.616720133734056 0.583085555598923
Lgals9 4.20048068930399 0.900845059185413 0.897192596246349
Pxn 4.18144373720628 0.361839265094632 0.398268165544461
Klf10 4.17928298894339 0.680331515900792 0.677383815791468
Itga6 4.16888761653966 0.472333714589069 -0.124700103526212
Slc25a45 4.16674836467306 0.449860434789667 0.322237551840374
Ly96 4.1645933317335 0.847291460365157 0.816256406848215
Parp14 4.16273980760843 0.717308799493553 0.682184116286333
Mrc1 4.16216559881417 0.828678558610233 0.759170397655094
Il17ra 4.16114118097372 0.731578577379307 0.710240166105616
Ripk1 4.15868349845534 0.6088745592495 0.610578688933626
Lrrk1 4.15006486373704 0.839839765268612 0.794920330552972
Gpsm3 4.14480426464243 0.871967773898761 0.87155371136147
Ceacam2|Ceacam1 4.14472960179281 0.802425419745015 0.792306759052264
Cep152 4.13992386980686 0.844087069957286 0.817513234654921
Hpgds 4.13867929413929 0.81669573868258 0.793869597281263
Rassf5 4.1285084222763 0.653367452298927 0.796791295751529
Hcls1 4.12826329311735 0.932443607853601 0.895025134409734
Tifa 4.12781992815816 0.717931344707674 0.825896335508585
Rin2 4.12408498317612 0.626703986180645 0.6446135270599
Arhgap4 4.11290306637903 0.870981046493808 0.803511815518886
Pdlim4 4.09905166231928 0.431425827794846 -0.10726267715303
H2-Q7|H2-Q9 4.09392369831049 0.779359560727667 0.68879456734831
Lilr4b|Lilrb4a 4.09232520005555 0.883045332455338 0.856148998127117
B2m 4.08968014750391 0.613745916478284 0.571479053777188
Fcrl1 4.08335768066112 0.853246716907013 0.771842287139646
Lmo2 4.07942054274164 0.717832157117132 0.804215642214501
Cxcl16 4.07871045844712 0.897365465753025 0.873154727339641
Cmtm3 4.07616477595611 0.414628439705245 0.359412207355567
Btk 4.06806712964605 0.748156056319382 0.694335665978374
Msn 4.06211551674354 0.660328771493415 0.684115375264613
Sgpl1 4.05920784572651 0.525411792778881 0.675218489090254
Il10rb 4.05774433082886 0.73814919239729 0.743412690374508
Parp9 4.05677643055342 0.60568056253708 0.552267165983235
Prkab1 4.05406726806611 0.775415384602522 0.713931452405055
Mef2a 4.05398578788311 0.712654001324741 0.617114622196715
Mef2c 4.05214545175259 0.353862288429684 0.168394127071087
Egr1 4.05206042235334 0.498414170495813 0.556657133250373
Myo1g 4.04821280218968 0.817813871151382 0.759454743064151
Tgif1 4.03953919435766 0.881724181807003 0.853234422200012
Tob2 4.03720131546429 0.562535740648128 0.746918701070787
Plcg2 4.03337399557613 0.565976138940148 0.528040982509983
Tmcc3 4.03075415888145 0.731120967795334 0.533104613879965
Naalad2 4.03027041309844 0.671447614968572 0.615226647758547
Cd177 4.01619345150099 0.858527509775614 0.786647624317944
Myh9 4.01041562854931 0.601136612647093 0.407943551139456
Ugt1a7c|Ugt1a6a|Ugt1a2|Ugt1a6b|Ugt1a9|Ugt1a5|Ugt1a10|Ugt1a1 4.00623874969057 0.830452972905738 0.819080942357532
Jmjd1c 4.00596091370939 0.700194779415663 0.753644554087085
Pmaip1 4.00185975737716 0.933434480254831 0.923093063169517
Rbm26 3.99638977325695 0.723142829777589 0.670076666145012
Uba7 3.99562124824552 0.888287129962398 0.851368067500101
Cd33 3.99208123706569 0.719518408308818 0.683479206664861
Rab3il1 3.98965855980503 0.737062960531469 0.586514854899057
Slc2a5 3.98561571247564 0.505781537488213 0.335770167060867
Galnt4 3.98230184459276 0.45713909114585 -0.0888496445825484
Gna15 3.96944604883665 0.866925772926023 0.799277548511693
Snx5 3.9482859800907 0.604748216223741 0.678821802397736
Dock2 3.94629893674918 0.725614947075976 0.664850218839359
Parp12 3.94378800931282 0.467664969861879 0.423930618896923
Adrb2 3.93963824135308 0.77823565449066 0.673083666971878
Ugt1a7c|Ugt1a10|Ugt1a2|Ugt1a6b|Ugt1a9|Ugt1a1|Ugt1a5|Ugt1a6a 3.93211489629453 0.656352849867016 0.670144410937881
Zfx|Zfa-ps 3.91935702256903 0.779038278679141 0.780882275826841
Zeb2 3.91273239616846 0.230548514579779 0.255007560150247
Slc25a37 3.91237295498205 0.661202432014892 0.513064859331455
Diaph2 3.90732738277138 0.458465409495054 0.440766002553684
Tsc22d3 3.89966394667483 0.634730215594836 0.687236910718014
Plekho1 3.8914645162318 0.774444280741488 0.788235215860598
Glipr1 3.89078061836053 0.807733918649736 0.66674149667527
Man2b1 3.88889101710628 0.749457411154158 0.677482272613863
Tmed5 3.88779385623341 0.526756404470023 0.284702529007432
Apobec1 3.88516169107362 0.493937028770938 0.43671341660728
Herpud1 3.88124724271384 0.728839326409905 0.883073164859804
Gcnt1 3.87757010206102 0.915102945290066 0.880324663096584
Plekha2 3.875978509165 0.223379865390521 0.152598260663507
Tubb6 3.87472238030261 0.842343029327998 0.881782173576879
Zfp110 3.8746314499018 0.450391595004308 0.649779795192234
Tcirg1 3.87292602436835 0.69117439094868 0.643821146604065
Sirpa 3.86735475691274 0.595059399067271 0.675461524839095
Lgmn 3.86415014535802 0.603393020006875 0.75538821184546
D17H6S56E-5 3.86100758103224 0.859742401511126 0.780121337555546
Myo7a 3.84824400432564 0.687515197813519 0.704544491077552
Dock8 3.83435062191719 0.788175534491746 0.715599256358476
Itprid2 3.82533409428026 0.402327610265947 0.159678465284474
Vrk2 3.82139868795672 0.742525509336709 0.69549244351462
Tnf 3.82137861754716 0.769233040368997 0.698481798419087
Rbl1 3.81220889214694 0.652339021868697 0.441093516327229
Ebi3 3.81147047105691 0.79122749749125 0.717817092354899
Gem 3.81059077272446 0.489791010929237 -0.0428587386634424
Tmem140 3.80304107535919 0.603939375575058 0.692141497870633
Rnf19b 3.79677410706781 0.685579304487648 0.524697896523365
Trf 3.79659842392923 0.193329569162977 -0.09037688828102
Per1 3.77516264215947 0.619950545535422 0.627109920222351
Hps4 3.76919576612727 0.741732250471084 0.692983378602262
H2-Oa 3.76679801054182 0.886505108846847 0.84108801377394
Ctsz 3.76206575814046 0.543288723837419 0.828921071951649
Dhrs3 3.76147297973696 0.595340848210418 0.359202952261275
Tbxas1 3.75855125043064 0.866940607486387 0.831953408472255
Ncf1 3.7554254705795 0.880917133326109 0.829569742706289
Bach1 3.74449898443955 0.68991588807639 0.806395760482104
Arhgap9 3.74070055858951 0.810581379195197 0.763221554577508
Fam111a 3.7360537967908 0.832787445226895 0.699300212943908
Srgap2 3.73358177157438 0.828660856053152 0.808751391901984
Resf1 3.73021290798856 0.594457329302016 0.514040255831611
Lgals3 3.72978605412096 0.745404396630263 0.48078304706377
Fam91a1 3.72322263472415 0.558492418254205 0.762069804571303
Pnp2|Pnp 3.72240293552273 0.421520612219876 0.717571443896628
Glul 3.7223052484552 0.105820046342227 0.483954526692674
Sgk1 3.72184748936088 0.430038612382517 0.245624872193521
Wsb1 3.71773456674273 0.10300709043095 0.336773455319757
Igtp 3.70901052970998 0.615487980083424 0.541453892562647
Rnasel 3.70287004199311 0.443546194846681 0.256710909365894
Sertad1 3.69580565401114 0.745024117729805 0.759443887973034
Ptbp1 3.69523282550498 0.622834173189738 0.514292176793496
Tcim 3.68769821510173 0.635188635705219 0.245549962192037
Snord22 3.67870518363838 0.739827292378191 0.747652135155631
Psmb9 3.67771778886601 0.82780371680745 0.786011022403701
Cytip 3.66976780577374 0.702638959749948 0.658347669922626
Tgif2 3.66543681615967 0.802625464248971 0.752933031114124
Mlxip 3.66110979896488 0.824809366595049 0.808565592704474
Gimap6 3.65371007649198 0.837483866040273 0.821848339991418
Fos 3.65236394199094 0.307308614003245 0.397663788507443
Clec4b1|Clec4a2 3.65172938570018 0.898616688407583 0.880996989895352
Lamp2 3.65160672824152 0.289075446697154 0.13123191019055
Tmem63a 3.64770664854093 0.128218637032764 -0.0975183256489013
Ppfia4 3.64598211885098 0.763552383062844 0.763599969213437
H2-DMb2|H2-DMb1 3.64280327351126 0.723265244698516 0.684316270262678
Sesn1 3.63512522727523 0.598934221659103 0.727376456909311
Rac2 3.6305576145072 0.501943346405075 0.341409016438203
Ltc4s 3.62472771836436 0.663808738721295 0.553910762406403
BC028528 3.62035681144833 0.630119063257509 0.296661843788185
Prkd3 3.60971360468479 0.125964942190184 -0.155128712744896
Sfpq 3.60894324993108 0.424453293481984 0.394372143807983
Phxr1 3.60253747379462 0.601920414927147 0.52809726857359
Plcl2 3.5964132407313 0.686459170396945 0.787063193759785
Ints6l 3.58970622891942 0.365221798618736 0.363364157930972
Tlr3 3.58037436127956 0.249101464907708 0.314253156845029
Asxl1 3.57932585405188 0.763086739788446 0.80341841094421
Cables1 3.56634147780172 0.546121240181879 0.570082140732402
Atp7a 3.56560055097276 0.558507449428329 0.629419390041384
Rhog 3.55593281089655 0.246554764118316 -0.0956691681287438
Slc37a2 3.55010663968208 0.838594596696484 0.825429629351333
Skap2 3.54569065178947 0.775320337765977 0.770129321353477
Cd79b 3.51779046549853 0.868100272369841 0.838915609895455
Nfatc1 3.51720414364781 0.771315830033813 0.75321495159068
Plxdc1 3.51493358024091 0.357347472044537 0.691490330725459
Hp 3.51438853951304 0.851748411328528 0.763558515769939
Slc46a3 3.50830633332697 0.778602662294617 0.775143415158904
Ftl1|Mir692-2|Mir692-3 3.50765184876821 0.515333271584009 0.386635058772273
Btg1 3.50015360137439 0.449692066737178 0.781962160378033
Sqor 3.49596355472747 0.745666128142046 0.726946918035479
Vasp 3.49414150332807 0.766737069433116 0.687160285506359
Sppl2a 3.48602045256543 0.488940826144408 0.631511726706061
Mcm3 3.48371952653061 0.749076307013678 0.72368498800329
Ifitm6 3.48340716024743 0.770373930371612 0.655635990656243
Plk3 3.47870340121339 0.58698563072506 0.31595241466277
Cln3 3.46863246516434 0.446320551151212 0.549921350237961
Pik3cd 3.46583673596043 0.812526402820426 0.800023909770847
Slc7a8 3.46249957578596 0.738480838618092 0.735279572813097
Reep3 3.46231926425618 -0.226666156024518 -0.118153589258345
Dnajb1 3.45953822275203 0.685260074333848 0.832812602697087
Acss1 3.45635888522824 0.208669542799957 0.19101637815828
Ptgr1 3.45607091025334 0.645401905391611 0.765239153352995
Naglu 3.4543362601133 0.747270881098437 0.814074881687475
Rcbtb2 3.45107639180783 0.632403524507518 0.593817060985219
Casp7 3.45058987982428 0.522441384004627 0.0390400474179801
AW112010 3.44993698918726 0.814335927386817 0.757745402090522
Mknk1 3.44287782723325 0.537402659033035 0.474295110578858
Calcrl 3.44253623300201 0.528116857922374 0.090445464157904
Stard8 3.44091479576832 0.456972700407433 0.0592476810424324
Ets2 3.43451702975343 0.62130528044327 0.537652466298833
H2-Ab1 3.43396493793697 0.777348314377926 0.639214100328447
Rp2 3.42046123447848 0.842201763660303 0.820370686261358
Zfx|Zfa-ps 3.42019254376177 0.784404823667053 0.770972999432078
Clec5a 3.4194023355238 0.819540431615985 0.772400314282846
Rsad2 3.41775264652568 0.321184924374092 0.229507034699865
Tpst2 3.40019211947292 0.665382419951246 0.814376567990135
Trib1 3.40010861696488 0.700399179172626 0.584834877267795
Trim34a 3.39808294172282 0.692160654620594 0.610302072210863
Snx20 3.39317309758085 0.753979018061634 0.614613468681945
Man1a 3.38457051484349 0.529652339035669 0.248470045884262
Traf5 3.38153339817879 0.814486144651688 0.751195426775988
Fmnl3 3.3605486046372 0.822230575297778 0.777962642660014
Gbp7 3.35927361042151 0.617728192092216 0.318783171697342
Vps37b 3.34575075056966 0.491461808107863 0.411866563334357
Cdkn1a 3.34371453237454 0.639245195202806 0.628363727710872
Tmem37 3.3381280062515 0.62674543629476 0.516018926567023
Cks2 3.3372210423255 0.502861348639291 0.126543943405615
Dok1 3.33431190894596 0.783447520482018 0.738398459071721
Erap1 3.3330587722664 0.693272971451603 0.633822422530596
Ifrd1 3.33206082984457 0.250621272609478 0.252519884886922
Tap1 3.32872813812607 0.726606632953422 0.724211993986736
Phxr4 3.29875977765166 0.0200169930066451 -0.263303882419942
Ifih1 3.29707626574528 0.718666114765399 0.68282190518128
Was 3.29188221302574 0.751383403863914 0.716724254498329
Gbp3 3.28556990172569 0.613629165196359 0.197688377819953
Rasa4 3.25469465234156 0.797826655693247 0.737878069699408
Il1b 3.24446143023019 0.766987321959321 0.671609900648088
Npnt 3.22795559743285 0.625797915446439 0.579417985853949
Ceacam1|Ceacam2 3.22350828513252 0.893135704006614 0.854546007478846
Myo1b 3.22215295544288 0.670760503340312 0.653970759150286
Tgfb1 3.21296797869912 0.845351038222282 0.769309849854972
Naip6 3.21181182731791 0.35798243267055 0.161232816883146
Ms4a6c 3.21133466516249 0.710352784011672 0.597711946180952
Smagp 3.20406102078441 0.857475804959258 0.829226208271812
Il4ra 3.18458560654845 0.804033752276454 0.744135038302212
Nfkbie 3.18104558555529 0.792033150712837 0.709695613664964
Arsg 3.17307716950391 0.430246260327286 -0.13454317901363
Bco2 3.16834146175818 0.588595384193294 0.676458782742597
Calhm2 3.1534623901868 0.865271873491652 0.822921612261127
Snap23 3.14993408673576 0.0862735123864519 -0.191035716606133
Cflar 3.12083395974239 0.461744126498327 0.55075684457911
Parp10 3.11365940367266 0.7634549852807 0.680868662453434
Nfam1 3.11159469980479 0.755576126354035 0.699800285663575
Ptprj 3.11028119241984 0.661511846975188 0.506391563092717
Hlx 3.09653193625391 0.702978252634848 0.587185588775207
Tlr6 3.08581392265551 0.724360269928209 0.655673594734025
Mrc2 3.03753717311435 0.503751872978994 0.280465348530476
Mpo 3.03156939452376 0.493482175187128 0.303544259389735
Gdap10 3.02763600740343 0.0328426807095887 -0.174863464967654
Irgm2 2.9744636052596 0.597552379905542 0.468471881822807
Pf4 2.94169528752585 0.802599150057708 0.587958817596617
Batf3 2.93613912693803 0.645713493647566 0.47212724263666
Gmfg 2.92353156140613 0.804340006114035 0.722249210575965
Tmc6 2.90196236910885 0.777348715509697 0.760202015860069
Plaur 2.88824149118534 0.619465754051378 0.540623133220323
Isg20 2.86940607974933 0.719653508922995 0.628548347229934
Irf9 2.85756596368237 0.777722127623212 0.792342799295709
Myc 2.69830462909698 0.768752488682605 0.836613395073022
Sh3tc1 2.65556179764723 0.571746233363585 0.424871152281964
Emp3 2.64055465273858 0.788428013457707 0.730344116274289
Lsp1 2.58908137647897 0.713699450247969 0.685271582442677
Smpdl3b 2.57940723015189 0.678352145281078 0.792081319671928
Map3k1 2.56448636467231 0.673278067570656 0.533624925019659
Nrm 2.54695746510708 0.378191628643701 0.269176505051848
Sftpc 2.50887436080988 0.478648446485986 0.275534800791808
Arhgef2 2.44360695003534 -0.098216351326975 -0.18274702436097
Srpk3 2.44093073025309 0.578778441428895 0.304828228240171
Kansl1l 2.40259238496953 0.390292850594018 0.233592739398647
Tnfsf13b 2.394846541678 0.652025271565694 0.405752339349374
Rgl1 2.38971839130928 0.564454335126582 0.606567557764613
Casp6 2.35722728827166 0.409206627012311 -0.0129498218409768
Dusp2 2.33960123833673 0.203393020273468 -0.13016988825465
Ifitm3 2.33409746472441 0.252524677008164 -0.118774610174719
Il21r 2.31019367618837 0.839892053429781 0.774032690204033
Gpr137b-ps|Gpr137b 2.30253356672646 0.39740153054821 0.185357464488346
Ceacam2|Ceacam1 2.25460912146006 0.578525025667504 0.510308320982023
