Dbh 7.54213469317223 0.896626148815876 0.876078491092503
Calca 7.19631342261624 0.675136677494945 -0.0467999238210405
Th 7.14967821808248 0.0579970260312592 -0.0736640727548439
Calcr 6.32264124038897 0.846352424696679 0.887278094504716
Gal 6.31148331993406 0.759270590279305 0.822310603851917
Chodl 6.13152158101582 0.747091879326109 0.209936484462869
Baiap3 5.72379671529092 0.484969937002167 0.568271055221888
Phox2a 5.69026743198635 0.948727675084195 0.94510030204916
Ovgp1 5.39420632443871 0.578932345566937 0.604596466442045
Tfap2b 5.22035314522068 0.929204309911275 0.918773049412646
Asb4 5.15521803604915 0.467447095563088 0.566664660310594
AF357355 5.03085453127764 0.0892412011289051 -0.0247246489497569
Sncg 5.0182538653551 0.131878011805785 0.0387366308250499
Gpx3 4.66855123353109 0.585011705021307 0.763377418901759
Gch1 4.65117398469789 0.217608507292053 0.0559072527506075
Meg3 4.50947514386516 0.0155733904344432 0.0974720094327102
Susd2 4.48484955177066 0.329554298957408 0.479337229437987
Ache 4.36472693195838 0.435781759421108 0.548429858906232
Snhg11 4.21114152550931 -0.0843976981885719 0.494362431456469
Slc6a2 4.13192232000041 0.859969929206513 0.8339713481619
Vat1 4.04240835125167 0.50899965814909 0.516950444827671
Mcub 4.04061764694645 0.691752341874172 0.640520193704945
Cyb561 4.01370731028643 0.167401268926691 0.465472096844513
Chrna6 3.98873213038134 0.110539228292711 -0.00613557241260514
4930550L24Rik 3.97048970345299 0.857942173264759 0.828788857402775
Dlk1 3.92219152199213 0.0437438684915386 -0.137473530777177
Ngb 3.91135925781652 0.654247351849683 0.699561451790945
Cacng5 3.90762995169317 0.666289453221133 0.719023941254547
Rbp4 3.82376471038062 0.481639359027739 0.576193430279243
Mab21l1 3.80706963205009 0.690736137481481 0.705687765263064
Fkbp1b 3.79605937594287 0.331071770025681 0.257273317470723
Scn3b 3.78103461233608 0.0597972695738618 -0.0367317246558855
Maoa 3.77271071838073 0.78508408959504 0.858657476039727
Resp18 3.7440194623252 -0.00357291592574754 -0.0324436584223596
Rian 3.73053529214901 0.0100738548027658 -0.130687336554508
Sstr2 3.72758564852552 0.57135183646669 0.586313568149485
Cacna2d2 3.71683472948596 -0.120806631346131 0.170272997705182
Sptbn1 3.67454922217884 -0.226710370173294 0.0667879329745926
Rab3b 3.6619781035407 0.657170647628597 0.713459336161883
Cda 3.63440192380808 0.586937375258821 0.136625105188424
Serpinf1 3.62617453905887 0.567933518095323 0.522020046319544
Adgre1 3.61942759131873 0.647152381845636 0.759650144874467
Cntnap2 3.60796213964945 -0.153553249367958 0.0492394300444847
Stmn2 3.57324977028929 0.251447527897974 -0.0873497721246085
Rasgrf1 3.52253009852472 0.403398852849188 0.450146637993061
Grb10 3.51859627512926 -0.1670901923731 0.0889886723868291
L1cam 3.51068804703599 -0.0239026870734165 -0.210846697715235
Cdh13 3.48605253878433 0.610228543224618 0.628092944276359
Atp1a1 3.4249872497669 0.486933274817562 0.55353557540216
Stbd1 3.39353751987722 0.627225965414275 0.451020045222002
Chgb 3.36065891265054 -0.0356231650211798 0.453515299447719
Peg3 3.34639196099006 0.333375409029408 0.702238116991128
Asl 3.34440186830542 0.792892417293358 0.861295027039975
Kcnh2 3.34352850645586 0.370876230388775 0.492922581356482
Eya2 3.09313632485663 0.814056750607693 0.692217517663686
Trpc3 2.91330008586269 0.831520635932487 0.810344286083951
Gstm6 2.87783024560953 0.731035683563448 0.233432913234403
Stk26 2.82605769982553 0.582048927793357 -0.115196498069181
Pkp2 2.72418251601273 0.448125963250352 0.485556426110902
Hspb3 2.65532969220812 0.713069432234676 -0.0295778590474582
Pmfbp1 2.51133581232055 0.228697859657412 0.00534337099641452
Oasl2 2.47559093196161 0.683852681919931 0.706771442515664
Slc41a3 2.3340953355501 0.571120146597393 0.0110291656093509
H13 2.33282407478871 0.327813290233699 0.101381032428091
Alk 2.2626614919913 0.420824268334104 0.348914873366133
Pi16 2.18204994069616 0.366368790028181 0.140019376244142
