Mog 5.82641259069891 0.745894356119118 0.743776494466762
Mobp 5.82379934772033 -0.0391044799039035 0.024740385920358
Ppp1r14a 5.44946899325051 0.720497785080421 0.708562171759761
Mal 5.22399721970599 0.527194635333022 0.613476161848087
Ugt8a 5.07026087757624 0.618223173066138 0.706412355049149
Cldn11 4.96712468056127 0.401638824076918 0.372872025928646
Tspan2 4.92000208559776 0.678587026932255 0.67300430788608
Foxg1 4.88413839405752 0.274960178613894 0.10027705199262
Olig2 4.84004956477203 0.690521650993455 0.698661462896173
Fa2h 4.7388550253903 0.465853776146127 0.520908493734013
Pdlim2 4.73344981338774 0.787936692505041 0.744082876887141
Sox10 4.70729845141666 0.467717695965275 0.469853831126573
Gpr37 4.69931747632769 0.544101500386418 0.339781304561819
Olig1 4.54523135107637 0.475239489743914 0.773403160142552
Evi2a 4.45456717981623 0.587473884864164 0.123793673495937
S1pr5 4.42489952893752 0.542334412836405 0.468681403919934
Efhd1 4.27761839164301 0.484444715116919 0.38748675074385
Trim59 4.27322420713977 0.690480225480508 0.692994034476112
Gal3st1 4.26006172310968 0.762191367426413 0.664430754737325
Lpar1 4.25509917037359 0.290890226269591 0.317870894195674
Pllp 4.2341678690871 0.523959810061719 0.562042438456071
Mbp 4.22966543316822 -0.0652816270797836 0.127284333173968
Cd9 4.20158147080018 0.45360511355538 -0.198812014371934
Scrg1 4.02199351830165 0.463385154948011 0.112704087755725
Gab1 4.01772993434221 0.491409835125729 0.415327320881204
Pou3f1 4.01609228416828 0.423295275853817 0.403983778784235
Gsn 3.95792335396989 0.640055964673495 0.587263755987656
Aspa 3.92720921308277 0.680468595773286 0.658373874383023
Slain1 3.89910391988331 0.641392363872206 0.598093824272324
Mag 3.89310735158666 0.630193691872496 0.542380204506206
Sgk2 3.89014904831767 0.438823369827984 0.422002845085305
Anln 3.80599665407365 0.705569694580637 0.509189300027274
Apod 3.80437693750665 0.194057158776689 0.237266099794979
Plekhb1 3.8034159715898 -0.00688357747387533 0.349630376643696
Adamts4 3.79074216698631 0.343399547122369 0.209578065818951
Rab33a 3.76118159111335 0.617800701898647 0.600074656369415
Sox2 3.74404318142147 0.321311605228768 0.2568584868296
Lims2 3.74102560110057 0.720952927315887 0.666395298710371
Clic4 3.73457749987979 0.438727646200166 0.515080522834173
Gpm6b 3.7280121956008 0.245828271319986 0.327706582400241
S100a16 3.70065725416875 0.223649923046502 0.145495965397372
Elovl1 3.69564328080648 0.547125025452219 0.269296156409433
Thbs3 3.68738676418001 0.612890738773925 0.49757457888979
S100a1 3.67883680530773 0.397168789818407 0.0427421537797832
Gamt 3.6738030003825 0.767171943488265 0.669917361409899
Josd2 3.634675572172 0.697538918475456 0.478458907795507
Phldb1 3.62135587530629 0.654006845126616 0.614333581795272
Rab31 3.6167725872046 0.426491137633944 0.237256674681233
Gltp 3.61317466398411 0.588172959744476 0.632627083204801
Trf 3.60911277759762 0.370694045496041 -0.09037688828102
Gpr37l1 3.59806351523465 0.193427577765504 0.499454237046472
Ninj2 3.58324592297947 0.689019422655571 0.598135968892321
Itih3 3.56366933681645 -0.124194419774518 0.035553366351742
Efs 3.5515388456257 0.341289265676122 0.0145779168707599
Chn2 3.53570266348933 0.346660107834682 0.465261047582219
Pla2g16 3.52532598099984 0.587592949799303 0.554792221022789
Elovl7 3.5234213122525 0.598159736444853 0.107824721188446
Reep3 3.51585515619112 0.021797837511702 -0.118153589258345
Acot1 3.50020591962664 0.495279003968862 -0.0615653343210839
Brca1 3.49953111449232 0.60013284786936 0.413117197003879
Nkx2-2 3.49869894927541 0.60146722121287 0.565056239500442
Rhog 3.49368257563999 0.491806038310112 -0.0956691681287438
Ptgds 3.49118426577641 0.159162671705012 0.0915601049852156
Carhsp1 3.48540878035218 0.568410107100767 0.58529766356601
Litaf 3.46150094013836 0.45310570689332 0.446164633416549
Jam3 3.45344411298836 0.690351192386764 0.514645888928842
Fabp7 3.42269314258141 0.235409153211335 0.177649719014433
Nkx6-2 3.41976540683945 0.666635608505937 0.603625663486671
Prkd3 3.40966619147358 0.380756769050679 -0.155128712744896
Plp1 3.40854497038782 0.0606789964769554 0.505978284482366
Plekhh1 3.40381567270398 0.729622320161945 0.47212082113324
Adssl1 3.35500927496331 0.710688720533316 0.614062261572697
Sept4 3.33710051051349 0.542959601486547 0.543326985079421
Rffl 3.33533708115837 0.452731939156091 -0.0514476373775014
Car2 3.3269740806339 0.243685431609857 0.00128426818812924
Pdzrn3 3.1318040894 0.303786049474265 0.00398259701093229
Pdgfra 3.12512876657542 0.435729626430083 0.118634010777737
Ezh2 3.06443781884469 0.409287394490934 0.12639536082665
Gjb1 2.97938463687094 0.744686396930515 0.455839264296172
Tnfaip6 2.83377839714747 0.654110870061245 0.443553559514261
Rhpn2 2.7817770756351 0.494154924851381 0.36648838955686
Bmp4 2.59179484367085 0.558175805624174 0.393724044957843
Kazn 2.54020064325591 0.586941184551295 0.47728363528174
Ptp4a1 2.40505832326522 0.505180805696966 -0.0881388465740204
Tjap1 2.18589726271859 0.336207709591024 -0.0196984005321215
Pex5l 2.16360565281067 0.433539864440797 0.109949702849965
