Slc6a4 7.4267119087219 0.850770762025971 0.796771930973013
Fev 5.83151854528059 0.761420083898914 0.726860787994112
Hs6st2 5.69185573177727 0.435829498819361 0.638894162645521
Slc22a3 5.50113870050144 0.865310933053062 0.878115113412768
Gch1 5.04984533448382 0.111634209851687 0.0559072527506075
Tac1 4.81572064203825 0.533794224815726 0.627268026589514
Sncg 4.80142636869812 -0.0679847732794547 -0.0754332470465241
H2-Q1 4.60399422359736 0.824395457323711 0.757153661040596
2010204K13Rik 4.59141175568404 0.555968520059826 0.700272448663319
Klk1b27 4.41209741137163 0.600620153816296 0.174081304766435
Trh 4.36871329652848 0.603320947506624 0.577716984327302
Mal2 4.18311573140416 0.490799384758089 0.579629359581964
Ceacam10 4.17469661023494 0.874811015845538 0.885276442891777
Ctla2a 4.07850657891621 0.7456789532443 0.622814595951661
Gata3 4.04036989332768 0.872473490636194 0.836187729082432
Ttr 3.99076838402802 0.333370337802832 0.106976447512973
Kcnq2 3.94985682097066 -0.251213663077957 -0.254365902831376
Resp18 3.92793757196264 -0.134037913965403 -0.0324436584223596
Calb1 3.91018834166913 -0.195652261279935 -0.1621284345271
Cited1 3.84669892915386 0.746822626050281 0.737297372893708
Scg2 3.81166390599208 -0.00648742987649619 0.228910407618623
Sln 3.67786518993998 0.761193371885498 0.690693845282976
Ctla2b|Ctla2a 3.67480709874574 0.720849822423025 0.557402550774493
Rnf227 3.67455981001572 0.320122947032697 0.548779803154195
Myh7 3.66668792427263 0.445615244932362 0.262048218301945
Car10 3.62945653601858 0.305269480246345 0.296408304571416
Ddc 3.58118228842034 -0.206836482720051 -0.270227367809834
Htr5b 3.56887184655974 0.755350334693552 0.697108577421814
Ptger3 3.51855342184428 0.665845470665046 0.642238236029931
Gpx3 3.47634060669178 0.225991898488831 0.564875524314495
Stmn2 3.45206660353889 0.0667448694486418 -0.0873497721246085
Htr1a 3.41668714179335 0.670335171333225 0.575822261956796
Gata2 3.40651230728506 0.382779216900672 0.147746369541103
S100a10 3.39960290745283 0.186977988016063 -0.0491737586085292
Apol9a|Apol9b 3.39836757437662 0.799692118094145 0.808748987346282
Kcna5 3.36510557514989 0.523938019854698 0.0465978702458569
Rpp25 3.17321246517538 0.58710013032574 0.526860942651817
Crct1 3.00962545340663 0.868240665584013 0.88060362777015
Pcdhac1 2.70335665865775 0.75991493472699 0.680500261787409
Fxyd2 2.39420358804174 0.532896105925047 0.532169448423527
