228790
11977
14595
12013
11796
12363
20293
20296
20308
12774
53599
12524
12608
99100
60322
12984
13025
15945
66102
20310
13685
14127
14130
20321
14455
229900
80910
15162
15216
15284
15937
65972
70110
71586
16145
16172
16175
16190
16193
16391
108829
16822
17133
26410
171531
208104
69774
73656
68774
17874
17969
17970
17972
18035
18037
233571
671535
547253
80285
18626
12795
58801
19205
19332
74760
74213
19697
19698
74734
19766
12394
67742
18787
55942
23921
65221
207818
170625
20732
20963
21354
21817
24088
21899
170743
72512
21926
22019
22033
20128
14605
12257
67951
22323
22324
