209378
23943
18414
56376
17300
11982
108075
22288
19879
12828
27205
17064
11482
29875
21386
21824
14461
74144
19263
224796
21366
19737
16186
22371
13730
15220
50523
20680
66442
24047
214137
19285
18301
65964
15360
67647
54396
17112
268780
76566
60440
19663
20619
666468
80905
94094
20324
66395
21961
26360
18073
18074
208449
16779
241230
74090
97064
67268
107607
80880
22370
53608
18260
16842
105450
68178
214547
18127
22436
68632
105841
100198
109700
11856
20315
65962
18230
14615
12798
14872
13830
71406
99899
100039781
15953
213393
16598
22773
20668
209837
75736
244864
59308
71785
231287
19038
18671
14863
235527
16952
66864
217721
80721
12826
69524
209086
226040
12562
14013
22330
28250
12236
24058
20556
18830
71962
326618
11536
69068
21814
18596
19713
72275
53620
54135
13601
14257
209039
69698
94242
15507
71929
13614
72147
224792
319899
12741
353156
207818
217012
67664
11746
16542
23962
170757
19126
70059
13846
229699
18613
20195
381823
12380
75255
239691
80837
13805
16177
72022
14368
329416
56516
15896
26364
21946
72565
21939
20446
12925
236920
29817
317757
232237
21687
14254
237504
20878
14268
