110956
59044
12655
26920
27056
23900
14594
210998
13822
217203
14270
94212
74048
170791
26377
58805
76925
21356
105348
12514
12227
18826
23849
72318
226652
94279
67103
12010
329154
209630
93841
19889
18783
15163
52614
18707
67448
240869
63986
80281
64209
21452
16197
233186
15277
81910
14700
69918
232406
17084
171212
16477
54368
215632
80898
20375
68742
433375
17131
22177
75083
100182
16643
14159
26943
71827
140497
18591
81489
11906
58809
71521
14129
14537
68386
21355
16164
21788
16439
16414
63955
225020
11303
15000
216799
110355
19331
12957
14747
108670
23880
67844
70719
58861
66654
60504
27355
15936
21391
12519
12262
11491
74364
17948
67776
20305
26425
11690
17096
66812
216991
16768
21803
64138
234779
17951
50498
14824
70785
23845
217864
108101
320706
229499
106512
74376
110006
219140
171285
12628
98878
72549
67477
227612
16194
75444
109344
15939
20469
13040
328381
14999
67603
54199
12267
66566
269823
12905
75458
22717
22368
74131
19264
224109
227696
414101
70118
20852
319711
75612
100127111
269181
17906
216869
13733
18173
17533
12493
70045
106582
19224
27426
69069
74030
16859
77034
14071
192654
54353
80885
12960
72481
11810
27261
69757
332993
16409
105855
80719
105193
69769
114584
94176
56470
72136
231147
12495
78816
20302
387160
17872
20540
380712
13057
19696
18576
74211
54354
14972
17087
66139
19252
50778
21897
110958
214111
67220
23833
56532
12370
69834
70227
22751
27083
78317
12362
80891
19128
17698
77633
192187
402767
15979
15001
16456
18033
77727
