18025
67102
268512
21952
320587
70054
214944
319991
67149
67801
17196
14038
110391
77739
239827
69993
20358
76893
234094
18952
14618
77767
213469
74559
52009
12183
11486
58869
14912
211488
70747
67971
100504549
17433
320981
67469
14745
52639
66949
17153
118454
381352
78925
68743
78500
52502
227753
229285
68813
20496
98363
11484
229595
15245
72446
67739
13038
13361
320111
104252
53897
74201
18584
69297
319951
60344
240913
52840
22415
170799
654818
230678
192897
100502861
56356
101565
105439
103743
22239
338521
76484
320091
50915
97031
16554
67824
73261
233752
214112
105171
74626
66153
18417
17441
436090
19144
211945
225908
14854
68519
24017
100434
73940
66124
71878
263406
338367
77119
17136
216033
50905
208158
74268
74466
73989
50784
68458
242037
216853
16840
59092
14269
56173
213019
71007
233877
14709
64383
170952
240690
105522
26939
100503337
21827
28075
329064
27219
21351
230157
14431
94226
