30956
268860
52538
94180
216739
27360
76187
329828
107747
27494
69538
11761
216190
11829
98660
26362
29815
72014
12334
12411
67896
16007
12494
12505
58187
12759
12830
54381
107869
56448
74519
64385
106648
13123
13175
114874
13371
13405
13527
13649
54326
13731
12496
13850
232146
22350
14066
56473
13998
14182
14184
14221
14230
14261
56188
57265
14405
14560
14600
14623
104174
14633
14661
14732
14756
14813
12950
15200
15483
56741
16008
16011
16404
209378
16525
140492
16779
16816
243914
16870
210126
16206
228357
17304
170790
17387
17909
75541
13004
17986
215819
18128
18212
18217
102644
75475
23972
18508
18596
27273
69239
18679
18682
27226
18994
19013
19038
53412
116847
18760
19125
19283
110078
19309
13609
219151
20255
20971
68607
114644
108052
57738
20511
20512
55963
76257
98396
54403
53896
58807
57319
81840
20682
26942
13602
20787
23965
81879
21859
68385
192216
214359
29820
66873
83925
50500
22329
22330
22421
97064
