Slco1c1 7.3297706438432 0.783058449098406 0.760559792547276
Dio2 6.96910769365408 0.598047022042901 0.545221280399009
Slc1a3 6.94218560716999 0.705846567947836 0.698254125988597
Tnfrsf19 6.6137109880601 0.821358678584538 0.841180265281879
Mlc1 6.60069627638413 0.627524056769307 0.570191559018631
Slc7a10 6.46290433919048 0.792293677763192 0.811577826107605
Cyp4f15 6.41382620112095 0.875457356745649 0.840614428986309
Acsbg1 6.36750402573116 0.838832190282369 0.847992649544217
Vcam1 6.28671326101829 0.664230439695895 0.729503777174409
AI464131 6.27095000445233 0.853745326919436 0.873111388533711
F3 6.23449872078779 0.749724234111753 0.722398737542403
Tril 6.23143014919891 0.705073827721802 0.805661431824548
Slc15a2 6.2086576415459 0.786785493873084 0.840802630605082
Bcan 6.18859606628223 0.633942604165069 0.74587796908394
Fgfr3 6.15179581646803 0.670722367249778 0.775379111267642
Mertk 6.0793491998311 0.70346822449434 0.023616097947432
Ezr 6.06412953407233 0.744550153314482 0.841603048098154
Scara3 6.0423447960141 0.764528121997276 0.78826019010128
Slc1a2 6.03876893699721 0.57482728823903 0.435342888414688
Foxg1 6.03200024257436 0.394096168567432 0.100317791044696
Gpr37l1 6.00721819809042 0.537937725474845 0.732762038858991
Lhx2 5.99592929329716 0.713996642096683 0.610056775433524
Grin2c 5.87855093905058 0.723642552543088 0.716179811388927
Xist 5.87811941618094 0.531977943191448 0.043416087245151
Aldh1l1 5.78992308744778 0.829597171105171 0.846832595979502
Plpp3 5.78601056228062 0.62353239854797 0.77862411729553
Fzd2 5.76919739927067 0.76173690795182 0.771336094294079
S1pr1 5.76600605619991 0.65853740959919 0.639142779831834
Cth 5.75813763138039 0.83294430111744 0.815472595985684
Cldn10 5.75600477072209 0.813702878736591 0.725824710776182
Adhfe1 5.73633607980546 0.699719254890645 0.712392385421288
Elovl2 5.68241524613711 0.863251273930658 0.8581038674056
Ntsr2 5.67462749487436 0.65871363933753 0.728514178056241
Ptprz1 5.5939723039216 0.467367702034627 0.704572742276582
Gpm6b 5.57895536646157 0.374897454788457 0.32781385650888
Oaf 5.56844089609709 0.767901665115306 0.798924010593506
Cyr61 5.55990154516336 0.891202108396239 0.857814268177357
Aqp4 5.55232831795547 0.608847824668582 0.609882603373067
Atp1a2 5.51084246561268 0.421518187493342 0.532457804627888
Pdgfrb 5.49865482060295 0.58154623737858 0.437108651725583
Cyp2d22 5.46903949732583 0.797533008714007 0.834154105430177
Slc38a3 5.46385936017198 0.761129599119573 0.725997510489504
Gldc 5.42781469983618 0.749145122907502 0.734069209013029
Pla2g7 5.41547432369873 0.718226899948435 0.747916127494964
Gjb6 5.38244176884392 0.704807019582938 0.734174711121178
Ncan 5.37673203157005 0.563182838294691 0.683157630309486
Wwtr1 5.37075852096831 0.803570550433784 0.756883370360999
Cyp4f14 5.36325755718149 0.859251966688637 0.85868424702626
Mfge8 5.35426477047489 0.519893925461285 0.626661091435354
Cyp2j9 5.33710561324101 0.62887144511123 0.715988047172526
Ccdc80 5.29829589196373 0.814775281096114 0.8137219097349
Eva1a 5.28648890228589 0.731732083955743 0.738089793192592
Acss1 5.27171681581971 0.651165808718625 0.681042353164821
Fmo1 5.18663670357322 0.74732286328477 0.732893383173691
Htra1 5.1211918656968 0.515130949670169 0.6221943064331
Cbs 5.11114668467241 0.755685199708659 0.725846175582477
Itih5 5.10465749759938 0.703050034918636 0.739068067728589
Fjx1 5.0796736306745 0.770273307921424 0.863193164930019
Sox2 5.03001874434824 0.427176849542933 0.256502273046404
Emp2 5.0279406535455 0.788500032593464 0.768738163196783
Tlr3 5.02132933753876 0.612624001637168 0.613259345282609
Slc14a1 5.0084263568836 0.842417274763478 0.814784058229655
Nrarp 5.00798078219884 0.592548552477057 0.482462120109468
Axl 4.99933260811753 0.705853154822941 0.655271115291767
Tlcd1 4.98808165057974 0.695644184577149 0.674059456340447
Gdf10 4.98259796699475 0.853632627363011 0.855440653419848
Igfbp2 4.98133268579028 0.754769184647764 0.728149975294568
Ttpa 4.98029973587227 0.829099368805592 0.772369804703734
Prodh 4.9606655034864 0.798311597909573 0.767657275081613
Ttyh1 4.94806804006138 0.403964152025726 0.468699757007153
Phkg1 4.94317587196802 0.851217048257454 0.813472871204969
Myo6 4.93327341062661 0.46060631882426 0.540338316099749
Apoe 4.89190188587098 0.556691518164429 0.666250258051978
Scrg1 4.88526562278792 0.435090855827565 0.111733237102384
Itih3 4.79891992090513 0.166091534923581 0.183031662938551
Hes5 4.79854898293434 0.306113056182658 0.269068118860258
Egfr 4.79219624157673 0.844374642870754 0.775336941754331
Hapln1 4.77997924288364 0.703733607254682 0.616606468674956
Rlbp1 4.77359565758215 0.554481150881999 0.15172412401797
Selenbp1|Selenbp2 4.76847158538219 0.636210511923395 0.73000442003602
Id3 4.76737547379647 0.619377471458536 0.455377769249416
Prkd1 4.74778115401222 0.703027146417795 0.678488085136365
Dclk1 4.72313320431959 0.546935866005707 0.536613238562455
Slc9a3r1 4.71406923728454 0.533966834588609 0.645781696983549
Lrig1 4.69827844405082 0.639297762276397 0.557672944508317
Papss2 4.69524471964317 0.782704288412062 0.734481894347144
Notch1 4.68968004153592 0.709087974579698 0.764811788641146
Entpd2 4.67300653465471 0.738763654932435 0.754260109780311
Ntrk2 4.66353870202256 0.597535122916519 0.728654270938923
Cyp7b1 4.6573777056459 0.787542811292556 0.815459345245038
Fabp7 4.63794087220061 0.367353363429005 0.176965330793772
Hsd11b1 4.63714122411547 0.796154012942652 0.81540526434882
Gli2 4.6082947434369 0.811445721081396 0.758762905145804
Zfp36l2 4.60626498871426 0.543825069479402 -0.0438182143146671
Glul 4.59763847508971 0.406559090044496 0.48517509232173
Slc4a4 4.56668557975633 0.449224780496187 0.345466125857536
Ccnd2 4.54442712356946 0.677165426734402 0.592529320250839
Atp1b2 4.54118578657767 0.254684964460208 0.402226548622266
Pbxip1 4.5368013747483 0.754014575386414 0.721219446308713
Lcat 4.53655985391742 0.834183677866685 0.817798000719923
Rhbdf1 4.53604799062523 0.50476394306257 0.430095722201515
Timp3 4.53559333345487 0.647157953411474 0.619538659143053
Igfbp5 4.49847089154639 0.228464852217211 0.433224260667929
Ndp 4.49279196226183 0.731504459261662 0.631657444709025
Slc12a4 4.49087047395246 0.729884746581952 0.703454226373437
Rapgef3 4.45473101380282 -0.0100676929431372 0.0483607062239172
Ssfa2 4.45055252130677 0.646497587921193 0.159445505663991
Cxcl14 4.4333912728756 0.586683664133746 0.475071717175078
Fkbp10 4.4266027731185 0.817294478820713 0.815042389668298
Col4a5 4.40981361099818 0.80411111993871 0.780108493992729
Sdc4 4.40358119346226 0.653866122124396 0.755698444172829
Abca1 4.39264496625898 0.667837733859724 0.131832799862662
Amot 4.3879538397269 0.542266637874562 0.652548332542668
Ctsc 4.36706118901981 0.529201924312268 0.529792225537126
Fgfr2 4.35839117447837 0.208223834786094 0.223740682976029
Mmd2 4.33116822236831 0.344433274791968 0.523779668369458
Nat8f4 4.33063206501769 0.793128854294707 0.7743439980923
Notch2 4.32273792554921 0.42821873506554 -0.0435635125582493
Sorcs2 4.32240803452785 0.778382911166252 0.77393023981352
Lmcd1 4.31618682312414 0.680105178072803 0.549617195775667
Cd38 4.26220659476216 0.811998767643916 0.780459374967831
Crot 4.24566965816027 0.592729337393595 0.598034748457258
Car8 4.23708038931433 0.492986228342798 0.14790114510697
Sash1 4.23369390165259 0.575798054845739 0.78277597408774
Wnt7a 4.23303737785459 0.721453312655159 0.632285444728108
Slc41a1 4.22626376189075 0.85363880761906 0.840299627842986
Prom1 4.22605587435533 0.281441223348138 0.27979622418856
Oplah 4.22276442057787 0.775841556799002 0.858828043368833
Ednrb 4.22165287867699 0.667688468418079 0.520275299017579
Itgb5 4.2191893806119 0.524086579784468 0.546356335545938
Nfib 4.20187597479152 0.5026094848898 0.561297984701541
Stk17b 4.19828537837493 0.563653632097026 -0.0324488707098534
Sept8 4.1924970067152 0.519013223530482 0.25469801136639
Klf4 4.17384088765712 0.515344232956833 0.471143080807738
Asrgl1 4.16296327515204 0.320774254643465 0.287757514664353
Arx 4.15767249759646 0.584550650659668 0.485665082660312
Timp4 4.14680582603035 0.384534553205561 0.323149282830749
Pdk4 4.12348217468278 0.626098733524397 0.598105321891196
Txnip 4.11506385146185 0.539211454077754 0.534275457018026
Galnt4 4.10931376444188 0.676703330995962 -0.0862625467877269
Zfp36l1 4.1091673185088 0.354846343366196 0.240028076920446
Slc6a1 4.08676362916702 0.503148551095418 0.509635791767867
Lpp 4.08476022305127 0.837926810173149 0.688921781759529
Gja1 4.08204257450208 0.247833747376271 0.509894460054087
Smpdl3a 4.07828061447932 0.768295843234719 0.784626748348411
Cbr3 4.07776820231221 0.536450266669329 0.284774660080897
Btbd17 4.07149938792133 0.825293133018247 0.835369592906767
Tjp2 4.06116262431998 0.438624739461286 0.297222025537208
Sox6 4.06095768625325 0.226038094128593 0.118282586897786
Pdlim4 4.04556528517152 0.630519907189466 -0.107626616301089
Rftn2 4.04537383779472 0.630462638823478 0.580449122026446
Itga6 4.03709675237035 0.673729180911503 -0.12839271730186
Fads2 4.03609436562699 0.710761064281733 0.711203768732584
Trps1 4.03586459990614 0.698067077436821 0.731756000175544
Pdzph1 4.03173198853053 0.80170340555905 0.682707232270952
Aox1 4.0229773082557 0.721119121830597 0.605375541847262
Gas1 4.0172702403283 0.603718430588434 0.433439958017736
Sox21 4.00367400177433 0.602648762028282 0.428857404995959
Antxr1 4.00331401080354 0.622104330254373 0.703376443995226
Ptn 3.99657964245274 0.277428512999033 0.277416611984674
Fermt2 3.99493962140704 0.468341796692191 0.811227120619852
Cspg5 3.99192259102786 0.70673214939603 0.593614008319116
Ptpn13 3.9918387569898 0.626813532442288 0.427017109987406
Add3 3.98322903490386 0.628757752345283 0.705446716413169
Gpld1 3.97855308528514 0.402370273677831 0.68796300168449
Dtna 3.96147935831875 0.719665783856106 0.753944914766565
Selenbp1|Selenbp2 3.96126628889566 0.636210511923395 0.73000442003602
Heph 3.95595875799979 0.70982348905119 0.620743909084962
Appl2 3.94768515482586 0.529789024088911 0.564247357501802
Mmp14 3.93224192533226 0.717242850561841 0.650674483266838
Pygm 3.93172683409925 0.729134038776878 0.611005874305225
Fam181b 3.9301638709506 0.644705592759341 0.512384561825193
Reep3 3.92327272053093 0.0118518281299146 0.158091132025556
Ppp1r3c 3.9202718934993 0.720711827098691 0.735501062017654
Serpinh1 3.90776934196934 0.500637784454092 0.464784107773168
Dag1 3.90441550804954 0.686775037354894 0.731516346368485
Smox 3.88786174617293 0.390595700718306 0.497026410068514
Arap2 3.87981847339135 0.317511430670574 0.281808519728684
Tnfaip8 3.87869263772405 0.518402817237326 -0.0685184420173606
Cyp2j6 3.86409978030665 0.42198310026759 0.221059383223496
Ephx2 3.86349808391051 0.802936507724149 0.775965356955259
Tmem100 3.85947257321106 0.463019509125705 0.0977067168494742
Nkain4 3.8518312400868 0.663098613761125 0.57779170699844
Klf15 3.84175709036573 0.651344476395276 0.617413540250173
Il18 3.83946174780739 0.390651644200685 0.646414306435096
Gpx8 3.83234081799118 0.606055078852799 0.406774942759366
Vegfa 3.82186267699558 0.814200363870435 0.757508478266235
Farp1 3.81827793605621 0.527101092901709 0.500234988558191
Klhl5 3.81443752827515 0.388816827273191 0.0683075428960921
Ptch1 3.79880312214608 0.508460196242939 0.490399049962539
Acsl6 3.79560719287177 0.651686190513995 0.683267406202443
Mgst1 3.79184967042115 0.609965041131995 0.570170569396731
Itpr2 3.7916070017346 0.52292875140059 0.125989773983375
Aldh1a1 3.78451793159248 -0.119035525535164 0.168623529108253
Ngef 3.77263569618119 0.586647958232156 0.48285851949803
Mfrp|C1qtnf5 3.77231900084509 0.63475238035651 0.603779979861133
Cd44 3.77069496102949 0.634923964446521 0.549631264022627
Nde1 3.75573279225049 0.372490418314196 0.0725989889595206
Fxyd1 3.74611000786465 0.651511452135059 0.647679486553746
Nfe2l2 3.72654456284136 0.53292167098864 0.452443442925438
Pon2 3.72651266466102 0.44648262509528 0.558964520074876
Metrn 3.72584944832277 0.498794316446205 0.304457197700496
Smpd2 3.72297738629823 0.706355325078363 0.756377381710953
Sox5 3.7173049703833 0.657959498236899 0.594333789117626
Prdx6 3.71491104022642 0.632343297475791 0.656137061832776
Kcnk1 3.71238309053123 0.643539981462304 0.644915996151621
Naaa 3.71195800366262 0.741659070004752 0.692796287597442
Ndrg2 3.7062984693981 0.208720963213415 0.295978071105004
Phlpp1 3.69274015605586 0.471429014534417 0.3257105666492
Id4 3.69068555351231 0.475520089776805 0.51011396077996
Tgfb2 3.68451441572757 0.624613720505336 0.531139044641126
Sox9 3.67834046818472 0.802154622840844 0.741089269013008
Yap1 3.67055909070224 0.291477972144529 0.269234904340284
Slc1a4 3.66662661399342 0.282065839559481 0.274922062415132
Smo 3.64918006448164 0.471088861989159 0.413257042442724
Eps8 3.64744651160012 0.47844107967101 0.327457667331203
Lpcat3 3.6372501153841 0.542991900455795 0.368487033446007
Scd2 3.63191963226455 0.357387755457532 0.192917895557564
Lgi4 3.63008468545042 0.784927537994959 0.769179698693768
Aldh6a1 3.62834214031163 0.633594216195134 0.765790022572023
Prelp 3.62207843469288 0.746193584902487 0.625263395073292
Kcnn2 3.62120593000282 0.698890129501205 0.747589637589565
Psat1 3.62031024688219 0.189075658895197 0.0988967160612217
Hip1 3.61937101620135 0.262007457974792 0.329985589461602
Itgav 3.61524258791533 0.345023465744392 0.525219416037941
Aass 3.61155653174345 0.74094652480219 0.633672580266948
Carmil1 3.60641710035984 0.5838046003265 0.508927099122729
Sparcl1 3.59894916887735 0.652187297437292 0.712794482305595
Tcf4 3.59656931670131 0.294742481798197 0.424446650995156
Tmem51 3.59479587783306 0.639145416312535 0.657131822864043
Phka1 3.5916928422025 0.574638059188766 0.596423836845545
Bcar3 3.58866007480568 0.777242453278564 0.758263246538132
Celsr1 3.58694011557737 0.848330096919312 0.783128009620455
Car2 3.58298491230414 0.183642549712884 0.0011712971800959
Acot1 3.58267513093819 0.389131615130312 -0.061021936594642
Zfyve21 3.57969226344295 0.410435645889868 0.357722147528674
Kctd5 3.57430522589713 0.557769550448133 0.539004667372079
Smim3 3.57400913879491 0.489075836701809 -0.139425537719329
Pdlim5 3.57355493526237 0.662620590645056 0.688432379194045
Mgll 3.57209886678092 0.507438564005742 0.381023946658967
Vcl 3.5664302092517 0.783782033798034 0.789918147184621
Asph 3.55798295229208 0.519133972051784 0.204044268100301
Ppara 3.55492541899519 0.856334898738868 0.79916449531982
Cyfip1 3.55464351721271 0.651931872951963 0.665214244733654
Srebf1 3.54118292609139 0.73311340388578 0.656097895448312
Ppic 3.52346098928427 0.71784373007813 0.606770132361341
Fads1 3.52218956713818 0.586066766109868 0.572913809092681
Fgfrl1 3.51702670604731 0.684592612443339 0.592215900748409
C4a|C4b 3.51662650581924 0.399641181347183 0.280556878673865
Dock1 3.50975010726184 0.45140573689836 0.699517549977258
Kcnj10 3.50592623668363 0.343134165123816 0.458807731675594
Myo10 3.48599238800183 0.695166215437819 0.648946417759912
Acaa2 3.48419008840017 0.795026450812547 0.759579913207556
Cyp4v3 3.48180161227055 0.331506470576109 0.264148652245768
Soat1 3.47670386464942 0.576597034983189 0.306291326413034
Fmn2 3.47465080634328 0.037255738531277 0.159910240905516
Suclg2 3.47191818612641 0.66276079699558 0.160146644714179
Ddit4l 3.46826072970447 0.634447799143587 0.335282366034117
Il33 3.46741252529355 0.158488637509256 0.108539584370652
Hnrnpa2b1 3.46544195992715 0.437567020357489 0.0245561234797803
Pax6 3.44006861090166 0.782907288335283 0.744010544387134
Epb41l2 3.43852394676436 0.363620309211918 0.344604669055416
Gstk1 3.43340940164268 0.421391724709466 0.615561965897978
Adgrg1 3.42151524459289 0.718440459549551 0.382063240950214
Gramd3 3.40726159039929 0.400743364401393 0.0798885210836513
Gabrb1 3.39771861479882 0.0563980823628006 0.38524210525882
Mdfic 3.39344553553731 0.468476170108953 0.313766457176286
Mt2 3.39167690165602 0.390406494771402 0.308103218933042
Ccdc88a 3.37621711858904 0.684144311072259 0.688471807937183
Cmtm3 3.35979870731022 0.471383649780846 0.351183426865033
Tulp3 3.35570294505745 0.709203844023265 0.686081820159413
Pnpla7 3.35391998628935 0.663310434203008 0.454028729854378
Abhd3 3.34607300141123 0.555958297048665 0.744549369080257
Tspan7 3.34074191160241 0.501456557553558 0.219715538914647
Dusp1 3.33552906003001 0.586951520644853 0.348690815171587
Itga7 3.28087920967287 0.77542681797907 0.764908639547949
Fgd6 3.27557069770143 0.822651917614147 0.771131705161557
Lrp4 3.2523469194366 0.636025950437822 0.614554329813904
Tfcp2l1 3.22748101564122 0.758561221091192 0.678973992147633
Efemp1 3.20646722859175 0.336098026135914 0.206154424766418
Tnc 3.12580329261585 0.71815603548631 0.600874926054201
Rorb 3.10993442181929 0.674055571443282 0.66529100068182
Swap70 3.10439739945017 0.536571254420919 0.199442355226874
St6galnac5 3.09832106671685 0.588478045955601 0.456790454019765
Fbln1 3.02360398610365 0.625208054440634 0.462082258252849
Gfap 3.0054780134499 0.435850687766041 0.217687261426673
Vim 2.9988552679995 0.398943272124561 0.0776505957231112
Prrx1 2.96468292224624 0.586381525001497 0.200274669157894
Fzd4 2.91036602599689 0.773279012465162 0.546550058082081
Lamb2 2.88062021625546 0.642151396614966 0.577473769102199
Adora2b 2.83588416917162 0.335678876854707 0.136078637328007
Tor3a 2.75309322720855 0.652513295798619 -0.189135329545833
Serhl 2.69693641179702 0.676409597763508 0.748078323088421
Pou3f4 2.689336003035 0.333619080969414 0.165332753855704
Tst 2.68773629318016 0.431822363797444 0.365883587258292
Crym 2.67556179582391 0.271247541685686 0.119070509067858
Arhgap18 2.58281121761455 0.65514479309183 -0.161090717500903
Rnft1 2.5443171917494 0.594837597709687 0.586394659404335
Gdpd2 2.43387597160465 0.287069183459298 0.236810427831919
A2m 2.43292734421858 0.71383049818365 0.46278392397165
Aldh1a7 2.24741208293423 0.101046988337329 -0.101149146290638
