Ccl3 8.94871404935407 0.896911031682581 0.874965583428724
C1qb 8.89572844929967 0.732560934894371 0.625448023701326
Xist 8.43790289400786 0.521486710231762 0.043416087245151
S100a8 8.27306354078979 0.956673574366823 0.944772324906759
Gpr34 8.26222622138769 0.944843070892829 0.93840741522315
C1qc 8.17800578982382 0.848801604609227 0.855340219989704
Ptprc 8.11843381233433 0.919751247746908 0.906751586052005
Atf3 8.10217088437369 0.848217791815277 0.830764007673631
Fcrls 7.79491592542619 0.804919438425332 0.865502415801178
Socs3 7.71677883522025 0.699129946106763 0.807427989730807
P2ry12 7.66330453974521 0.880552875057292 0.86236366443333
Ly86 7.63104885085049 0.793836840308397 0.863415400313591
Tmem119 7.60290456171208 0.847720584080707 0.840278328664666
Lcn2 7.56607627841945 0.912445445382463 0.907870360042973
Fcgr1 7.5260087068275 0.914536245428432 0.879315103712133
Vsir 7.48530270311359 0.798364825797087 0.817506829988976
S100a9 7.40797167977452 0.932266149102566 0.908051279955081
Ccr5 7.3755075747993 0.939418571124407 0.925125227658584
Cd53 7.36304077495019 0.831513996257981 0.752022900548174
Icam1 7.36148529296507 0.874727727117617 0.889225151475047
Itgb2 7.33788914774328 0.916901325375169 0.91299437508211
Fcgr3 7.28126126940404 0.900312243289589 0.888795118583215
Cd68 7.27634548530419 0.935268938437121 0.911444553254431
Olfml3 7.24691268233182 0.878235156486881 0.838912598831446
C1qa 7.23714313546192 0.855271034270297 0.849168808809551
Anxa3 7.22870187910411 0.884666654177866 0.866445304725327
Cfh 7.22717854836251 0.828769634561888 0.7120821647572
Fermt3 7.2163830218811 0.859879620802642 0.854366273147326
Nfkbiz 7.20047342658439 0.758749944468094 0.868946319052621
Klf2 7.19893418779896 0.863708954268252 0.769704468031332
Itgb5 7.18562179469709 0.580754128184053 0.83172489091188
Mpeg1 7.15754335444213 0.855804235993482 0.865616310371509
Rnase4 7.15660379944093 0.835235975728592 0.807802047166032
P2ry6 7.14302320952348 0.9288204636727 0.936625778482229
Il10ra 7.13855102776291 0.954759947961202 0.946176356380483
Chil3 7.13800831798977 0.881794703176409 0.853855290200827
Cx3cr1 7.13109295450846 0.81604636658401 0.827990214610737
Irf8 7.1262876109709 0.934497368504702 0.927774580816601
Ctsc 7.12493020918075 0.597738080075812 0.741998073095641
Lcp1 7.1244417405326 0.762885543149508 0.822778027882635
Tyrobp 7.11000726649725 0.870397217638961 0.864966131181277
Ctsh 7.08621902270208 0.863331487553253 0.835442795873443
Ptpn6 7.08488095421956 0.956088168243193 0.949719617140474
Fcgr2b 7.05462137490016 0.927385851108475 0.917100047487162
Naip5 6.97662363871059 0.901728892073506 0.876749962801277
Cd14 6.96153012905194 0.850540962114412 0.823689483223966
Il6ra 6.95867323205867 0.924850778073673 0.890239670156536
Ms4a6d 6.92805792088152 0.947715614467078 0.933175492702546
Hpgd 6.89485633398002 0.870590458176312 0.893971569612856
Cd86 6.88009950096334 0.9441644876036 0.92605423006013
Cxcl2 6.8606898345598 0.911683245704752 0.887336454289424
Ccl9 6.84128789430321 0.907964502727307 0.887288761970235
Ngp 6.83579679929966 0.837673363554771 0.800372014038914
Adgre1 6.80409855629639 0.72674012157733 0.871430029769484
Txnip 6.79830602729867 0.684205049019851 0.534275457018026
Laptm5 6.7956745155185 0.50551697967727 0.430549918524157
Rgs1 6.79279704389324 0.923117774165966 0.913704339101885
Hck 6.77249817531214 0.89043371566127 0.862904157286228
Klf4 6.7394479734837 0.576147379329533 0.629645760718684
Pld4 6.71186846994836 0.863723218813564 0.841224784584513
Fcer1g 6.70446831124118 0.834397325891098 0.824378069626441
Sla 6.69178838128248 0.928826251747759 0.917819961561887
Mertk 6.66893628640777 0.532457127628385 0.023616097947432
Selplg 6.64434819194284 0.713619122883322 0.720484880074284
Camp 6.61558996708179 0.876940123524246 0.801717620949601
Lyz1 6.61463436245303 0.825436643380935 0.78240518612454
Ccl4 6.6059028294343 0.825305593043779 0.797155864425062
Zfp36 6.59137007591097 0.759142670798996 0.794312073401642
Bcl2a1a|Bcl2a1b|Bcl2a1d 6.58996476871251 0.91535864632032 0.902488054227698
Srgn 6.55379634706257 0.849253697663129 0.846318910816817
Ptgs1 6.55272188372032 0.763243330482718 0.5355030866188
Aif1 6.51679743346278 0.848323524497458 0.762083871341622
Csf1r 6.48542624922946 0.457154032794966 0.627279481981655
Ms4a6b 6.4615113536542 0.912530011011489 0.893598100563759
Havcr2 6.46083147054565 0.950216655803666 0.94057437930772
Vav1 6.45759857334184 0.95092971535143 0.933137916185804
F11r 6.44702202368367 0.907013912206701 0.865816219399022
Il1a 6.38865661060103 0.928515330161968 0.922041603079999
Tlr2 6.34854978358535 0.874023869915318 0.827987801730742
Naip2 6.34367730236176 0.951752321120896 0.943826557034747
Tlr7 6.33812336147556 0.908405356379287 0.883255991303354
Cyba 6.32682789357671 0.856116953733476 0.836618912110019
Gpr84 6.2895902795046 0.925135559418243 0.900547097591268
Slc15a3 6.25327551273132 0.953636345722607 0.934309287413246
Fli1 6.2424261427757 0.927239760446475 0.902077507809344
C3ar1 6.24171625007489 0.841513813408393 0.832886162480963
Plek 6.22580486899939 0.885324023358065 0.904785698167821
Egr2 6.21396183340759 0.808712972692248 0.854569551601761
Tgfbr2 6.21062466621655 0.843766390673717 0.844990245391401
Fosb 6.18930123739719 0.717400803402412 0.716156298176386
Pycard 6.17235753074544 0.887098995024765 0.909516575575799
Lpxn 6.1694310942448 0.879309267818575 0.853918087353126
H2-Aa 6.11106184481507 0.720216629328298 0.556747725940127
Blnk 6.1031059901665 0.901302790526563 0.898756224741526
Lyz2|Lyz1 6.09416906336679 0.823246125860305 0.776180382940758
Ctss 6.08968373213035 0.60479150761675 0.7516728920731
Ier2 6.08855182412153 0.733581772357509 0.761547761270482
Ccl12 6.08236224215474 0.95668341684208 0.950614433559972
Hba-a1|Hba-a2 6.07326403504363 0.754134681735402 0.741062847122194
Slc11a1 6.07250126513897 0.693781883311566 0.651480734004567
Ccl6 6.06872421860173 0.934103334748054 0.942572953172218
Fgd2 6.06642715398996 0.894579625399734 0.86045666469005
Nrros 6.0649650867971 0.784917719432769 0.791824786290472
Dusp6 6.02754518053695 0.605001443316333 0.594778117435366
Inpp5d 6.00236623542562 0.882520054982357 0.850213412572684
Alox5ap 5.98598815482029 0.86157238751273 0.862842233593254
Ier5 5.92849345317869 0.718583010003187 0.760044154980542
Lcp2 5.90457625866704 0.945929768372719 0.943598653963182
Nckap1l 5.87860857146613 0.755824800344042 0.771331195591793
Ttr 5.86564541695787 0.469064358126949 0.316585366486108
Lair1 5.86001274542657 0.871742313008809 0.852488648155638
Evi2a 5.82274851264869 0.425131018758435 0.122083941499024
Arap3 5.8154008299141 0.926524362119764 0.910050006965717
Ccrl2 5.79467343607913 0.878510584649421 0.845923790259253
Rhoh 5.79091246942794 0.946682164940085 0.934738411208348
Pik3cg 5.78994537120546 0.919081759462521 0.898706137048291
Slc40a1 5.77463091278483 0.788125528539768 0.866241131950816
1700017B05Rik 5.77088689326893 0.838823065757997 0.868393557699708
Capn3 5.76526359310444 0.910817448757467 0.887626932035289
Golm1 5.746747467395 0.83324490651172 0.897175220415006
Slc7a7 5.74045722877017 0.857636980052156 0.897009388442755
Tnfrsf1b 5.73811219394974 0.762473876599515 0.737200235291426
Ncf4 5.73345995483825 0.918554035881497 0.903441826522526
Fyb 5.72903234868001 0.921131071782525 0.89362625909963
Ctla2b 5.72712900624583 0.869874672344281 0.851839866495124
Entpd1 5.71594800988353 0.862055704258296 0.843395778658876
Rcsd1 5.70135135178506 0.800469792326529 0.779921366909029
Sash3 5.69288807155443 0.676151891049221 0.642593539576984
Tgfbr1 5.68246014509097 0.850770839126312 0.85794468421271
Junb 5.68167769381703 0.723571905805194 0.710290375201287
Crybb1 5.67515564827951 0.893337223467341 0.861028599659509
Tm6sf1 5.64563225142832 0.721477466450298 0.813661679650002
Ugt1a2|Ugt1a7c|Ugt1a6b|Ugt1a6a|Ugt1a9|Ugt1a1|Ugt1a10|Ugt1a5 5.63171688848073 0.721740474899049 0.796235103085656
Zfp36l1 5.63127154983602 0.370354640854149 0.319838572169749
Pros1 5.62625993879506 0.760546280560666 0.718331354149935
Cd48 5.62609493730033 0.927343797820408 0.913439246036274
Map3k8 5.61305736390102 0.954663222013399 0.944719361425179
Tlr1 5.61259202121092 0.954157215888238 0.942935206661479
Dapp1 5.56745132556068 0.766544898593569 0.731428075918814
Stab1 5.55838708327418 0.899215685793472 0.863125347481778
Alas2 5.54775625840238 0.838492092349943 0.815797530274247
Cd34 5.53583112913771 0.788253615276921 0.780953852741404
Rgs10 5.51077860279053 0.780918362241011 0.851420290159732
Kctd12 5.50167135179875 0.777521052437314 0.784972493366985
Cmtm6 5.47626889252741 0.663504095788567 0.738285743793166
Slc16a6 5.44280413301328 0.828553367435214 0.812988159030414
Btg2 5.44034161900781 0.721054132379565 0.301508566656002
Ets1 5.43856746129964 0.866267283830765 0.798717657551142
Akna 5.43510813406948 0.855114980265081 0.909971376627676
Syngr2 5.4168294493226 0.543451651476525 0.678299428842201
St3gal6 5.4053523314785 0.806064304596341 0.792268323049702
Ltf 5.38091195228228 0.695336180630152 0.688960431665638
Mlxipl 5.37619111280246 0.622337273373021 0.618845271841796
Cd37 5.36971554792662 0.754898448069451 0.751376208913459
Rab20 5.36022769709429 0.88242550971643 0.822872062649342
Chil3|Chil4 5.35555014058783 0.814862090530926 0.740089297731431
Edem1 5.34379048052931 0.783149176731141 0.767825289755816
Cysltr1 5.33956711481549 0.928893746014118 0.924365373758827
Il16 5.33680896197819 0.880381128736804 0.834616772567236
Adap2 5.32653718482656 0.88676408670313 0.89589017278028
Adrb1 5.32547292577688 0.69682117010711 0.795565561937144
Cttnbp2nl 5.32018620590746 0.737333069859012 0.690201256423659
Clec4a2 5.31737836912736 0.92642563799267 0.905481651875605
Ankrd44 5.30464390494661 0.736897036897103 0.77415610152197
Spata13 5.30269183236484 0.75009699651163 0.822541574232741
Ncf2 5.284046079146 0.876700883933815 0.821452301139409
Csf3r 5.27876571065979 0.764738727216575 0.660626059742128
Arhgap17 5.27582166936913 0.741058878899386 0.814221950493466
H2-T23|H2-T-ps 5.27464914920984 0.748140094277419 0.755081915805705
Mafb 5.23741636755023 0.90448871825729 0.898825051466887
Ggta1 5.23266332777047 0.784429799420214 0.741996856720129
Fam105a 5.20000291628509 0.859838384132671 0.854696269896252
Frrs1 5.19386079595461 0.646407735330911 0.589007455229009
Tcn2 5.19290435571469 0.626159246125162 0.799068040794858
Tmem173 5.18257961557953 0.814822572657943 0.749693963682884
Hba-a2|Hba-a1 5.17662238118542 0.571175705794369 0.54582217957584
Casp4 5.17621042192111 0.869482440595754 0.841795920940869
Tlr4 5.17357115574473 0.856577143946554 0.833893243030771
Hbb-b1|Hbb-b2|Hbb-bs|Hbb-bt 5.16796190840859 0.612090904245052 0.583030511225756
Zfp36l2 5.12148515967338 0.408859854658946 -0.0438182143146671
Hk2 5.10828525843157 0.839596470385623 0.836232522142562
Syk 5.09630701929164 0.87458142371639 0.843963002181993
Spint1 5.09472969825261 0.788898539006372 0.80546541886515
Cd300c2 5.07912255051903 0.787453212243783 0.746221590022922
Lyl1 5.07274285458703 0.905530112506493 0.901191051834884
Cd300a 5.0674367393836 0.827212722479628 0.797864357702
Cmtm7 5.06423514038599 0.898015568702121 0.884859426902135
Trem2 5.04609818516192 0.839826983814317 0.799454240283858
Nfe2l2 5.02687959590624 0.51556466044491 0.452443442925438
Srsf7 5.02228397313863 0.735832219841337 0.668273534190973
H2-K1|H2-Q9|H2-Q7 5.01688950230268 0.828793017775772 0.795361355342317
Casp8 5.01363639315398 0.83767101040739 0.794974407022506
Tpp2 5.01352207576287 0.816166583469557 0.733521750385064
Anxa1 5.01343579756594 0.32501525122669 0.0909543148847759
Clcf1 5.00466193118439 0.930312589301833 0.915799032402818
Themis2 4.99287598094071 0.874827736890026 0.819645227217916
Arhgap45 4.98243588998395 0.8380489371796 0.789484953639823
Hspa1b 4.97524512322614 0.464737448289664 0.451331534203058
Hhex 4.97115677458723 0.78376864797848 0.76685197354372
Unc93b1 4.9654090953662 0.84407570393472 0.784330861324893
Klf6 4.95866741188016 0.766592264137022 0.706257430098815
Gusb 4.94929350459022 0.669085026193233 0.783418768187215
Adcy7 4.90972784323741 0.472386788101458 0.405243001777243
Xlr4b|Xlr4a|Xlr4c 4.90406505610217 0.856260942412997 0.757904281076401
Pla2g15 4.89572540764196 0.844803558822555 0.887885531793003
Fes 4.89548329513719 0.915988970596863 0.918269745606731
Hba-a2|Hba-a1 4.88256437700478 0.571175705794369 0.54582217957584
Adamts1 4.87694697072681 0.598756240696256 0.720804605439319
Cd83 4.86905018084037 0.730903467346707 0.845116563166817
Lrrfip1 4.85236608151494 0.754589810898113 0.768529682154086
Grn 4.85089945295127 0.71816137119033 0.800431278605859
Tnfaip2 4.84211064723998 0.847563134375562 0.835036234614228
B4galt1 4.82615892890826 0.644368810480891 0.639633223908502
Stat6 4.82066875392828 0.739445461843463 0.821312877864025
Trim47 4.80493946591189 0.866749782197961 0.882931645007043
Pald1 4.80492459067389 0.708993506859797 0.764589318597646
Csf2rb2 4.80483720968857 0.473577427414315 0.124213304372801
Abhd15 4.79695932560124 0.803321065122607 0.802681386589946
Ier3 4.79440403667464 0.738062394597605 0.829833737947902
Pon3 4.79277832822936 0.921333835504675 0.910653848974614
Sipa1 4.77520679489426 0.888141133981282 0.891727911367738
Hvcn1 4.77479687753046 0.935384139213391 0.925556651974156
Ppp1r15a 4.7727250641146 0.79041034387338 0.770078535783624
Irf5 4.76027488135035 0.819117755025516 0.785552634359777
Lyn 4.75722580274388 0.852782076294094 0.88629697451669
H2-K1|H2-D1 4.75410847780086 0.574553565304037 0.538659872599817
Abcc3 4.74837651348167 0.812218850782263 0.803332271340281
Klk8 4.74498171738636 0.90839349656448 0.894065317519132
Serpine1 4.74009847190918 0.774663458864744 0.772469276401093
Mcl1 4.73945051239916 0.68152547372023 0.754786911632478
Vamp8 4.73870053146168 0.661698766498442 0.723031421900338
0610040J01Rik 4.73407292517911 0.617563604157577 0.417867811944527
Rreb1 4.73170539087612 -0.0176601660906017 -0.00873457087364013
Plxdc2 4.72886974449548 0.602320027252855 0.59701178492877
Epb41l2 4.71216364338975 0.403406097517167 0.635034312601949
Rps6ka1 4.70319950140503 0.721457897112326 0.678098710018846
Tgfbi 4.69923033425038 0.696165211269385 0.661822243741346
Abca1 4.64545843439788 0.482981142640923 0.131832799862662
Lrba 4.64485248869593 0.730150564503233 0.739039615167681
Notch2 4.64387198862643 0.271331832606185 -0.0435635125582493
H2-D1|H2-L 4.64094699382737 0.770317002233165 0.741226369285981
Il13ra1 4.63621089720524 0.647966362607008 0.550150294986224
Cebpd 4.63378762836208 0.476437140752381 0.450852912095384
Ccnl1 4.62871793050796 0.597337817776412 0.60486701056394
Slc29a3 4.62835525740724 0.593598164442049 0.543906506479103
Sh2b2 4.62688230999511 0.884148802999383 0.834331520421962
H2-D1|H2-L 4.62522248987229 0.770317002233165 0.741226369285981
Tor4a 4.62400895789899 0.789637271621053 0.78791639529386
Slamf9 4.61972907320368 0.646628588471223 0.600928466403318
Pag1 4.61950800896285 0.655058482480769 0.83022630472362
Trim30d|Trim30e-ps1|Trim30a 4.59993817419814 0.42237327518223 0.174778373120494
Elk3 4.59837431203007 0.769813576224177 0.777284563967688
Parvg 4.59447298451763 0.739042298197671 0.679543106513591
H2-L|H2-D1 4.59205646963741 0.744454092421293 0.707632400494705
Trim30a 4.58283711259175 0.904704490342076 0.88939019128995
Ctc1 4.57926981906247 0.814568992244628 0.754558352690748
Zfhx3 4.5704860880492 0.223235012226954 0.14075291558806
Il6 4.56072167453806 0.928803771687036 0.870682946136026
Tec 4.55609093262596 0.620729085148474 0.560546547178157
Pdgfb 4.55518325667126 0.775311249282599 0.723711256011854
Hfe 4.54951992011414 0.758546677566708 0.69293487069271
Igsf6 4.54589979980426 0.905990345156625 0.863104115575813
Phyhd1 4.54375204657998 0.718762009203168 0.722037066712868
Samsn1 4.53839961096459 0.929736959097017 0.904502243785012
Pld1 4.52873178050523 0.646987861095234 0.794462402615765
Mylip 4.51541310686213 0.676734833907473 0.626098854921702
Npl 4.5063858707415 0.66736290688881 0.699653960707303
Ang 4.50477571203795 0.934495942954291 0.911308693413026
Cxcl10 4.50461251105345 0.829058029038284 0.698499428715145
Cd9 4.49876864304064 0.183220359415864 -0.20040857485584
H2-D1|H2-L 4.49399465959917 0.770317002233165 0.741226369285981
Pla2g4a 4.49252521966602 0.598871711304366 0.265785279023491
Lrmp 4.48777332807249 0.920508429465728 0.911157972945649
Afp 4.48235982425755 0.895266798696621 0.859020847583768
Jun 4.47834821798314 0.489970048791768 0.404707302879475
Rbm39 4.47670760431149 0.532865904148982 0.53294972185286
Plxnb2 4.47558785846123 0.601914933421365 0.702560125132365
Scamp2 4.47213457857744 0.608895168516506 0.7155737725286
Spi1 4.4623121939859 0.897663575540201 0.866156133409175
Sparc 4.46090679204556 -0.0462812297914318 -0.0623114280993149
H2-K1 4.45603252056389 0.777353170926541 0.570739190218655
Tgm2 4.45394678391904 0.512679086613848 0.462958915403081
Siglecf 4.45315192957192 0.926524296059938 0.920658627604494
Arpc1b 4.45075705987562 0.589271910916405 0.110343180367653
Elf1 4.43659667375659 0.605224808722829 0.647953626575814
Ceacam2|Ceacam1 4.42612410759179 0.794650873680085 0.773097217974399
Trim12a 4.42479507982348 0.924737282594215 0.903517231450121
Asph 4.42462012431517 0.468136466215305 0.204044268100301
Il7r 4.42443434246968 0.733846538229336 0.666726681862827
Coro1a 4.41553688239575 0.513169221570586 0.609948706493806
Lag3 4.41090282736386 0.812852909402231 0.759580947955818
Gas5 4.40523903026725 0.552778950117593 0.579234766118862
Rel 4.40486120516533 0.880706722186597 0.859346420377097
Myd88 4.40329288980373 0.830423385513013 0.772782746862068
Arhgdib 4.39595397368182 0.64281844011169 0.629475821476247
Slc39a8 4.39415725093961 0.63926453969127 0.498678120717503
Birc3 4.38662250129504 0.852582294058503 0.827229757938838
Stk17b 4.38361897985653 0.39617306167352 -0.0324488707098534
Rrad 4.37725833830618 0.857914837292212 0.856946810752311
Usp2 4.37131826502312 0.564474406004134 0.756316924841759
Cebpb 4.3694436600283 0.762870396739529 0.76060622536153
Cebpa 4.36514458101919 0.854198664069126 0.874981085720788
Ifi30 4.36420579747041 0.780019566778471 0.83147470160415
Tnfaip8 4.35214714137631 0.378125242997375 -0.0685184420173606
Clic1 4.35042503767191 0.743279652568268 0.821660212656629
Mfng 4.34720175669538 0.789539133033108 0.770860353498733
Hexb 4.3407695478218 0.730266563866268 0.646331328259275
Cyfip1 4.33946197093731 0.540219790887264 0.665214244733654
Tspan14 4.33235133070877 0.346217486292099 0.410186478896844
Runx1 4.32501612995498 0.906167882067415 0.867100937826771
Ccl2 4.32285169822595 0.910560483042356 0.892781839184554
Litaf 4.30713311056539 0.316241381557696 0.443693772192225
Clec7a 4.3068230555086 0.763594923429318 0.735975015961589
Gmip 4.30422016036564 0.792965685867381 0.734001301317462
Dusp1 4.30399008010355 0.532276498906191 0.348690815171587
Adam17 4.3038864020312 0.424234248420189 0.503480885923154
Ifngr1 4.30317732899042 0.819823343739094 0.809412371220857
Mlph 4.29076516614317 0.73130211253824 0.648272789015794
Cd52 4.29011273985807 0.853773592991499 0.809218741559844
Nrip1 4.28202200576996 0.763407661089009 0.849483057112213
Ptbp3 4.27903363349147 0.60965437235673 0.723570813422266
Nfkbia 4.27845312229973 0.721798909908386 0.740459639088568
H2-DMa 4.27287286109281 0.820795253183406 0.874652864512932
Rela 4.25896924579502 0.612282519400234 0.690808598805135
Lpcat3 4.25566993358946 0.43293559273639 0.368487033446007
Ptpn18 4.25330088008175 0.815914325454836 0.777184579907332
Prkcd 4.25122525878336 0.685560324889896 0.688797133000079
Nr4a1 4.23962931772193 0.457160273062064 0.55125674601233
Itpr2 4.23759169905489 0.373779316336847 0.125989773983375
Cklf 4.22926835249861 0.63314957276189 0.748346411462709
Pnpla7 4.22686294739346 0.558046338550201 0.454028729854378
Sult1a1 4.22321878582722 0.507837724290056 0.148153281074568
Casp1 4.21412442295196 0.891497852825651 0.90330128642279
Cyp4v3 4.21110280043418 0.291008752631816 0.382201855238099
Chst7 4.20867843267465 0.652853721259572 0.649147471830705
Serinc3 4.20477525729773 0.609121806118937 0.369561885794836
Arrb2 4.20387982948556 0.754991041457429 0.768142700133339
Hspa1a 4.20286334312911 0.616499889254888 0.582822142158588
Lgals9 4.19975142292685 0.900876545840719 0.897232498563263
Pxn 4.17933034414439 0.360700459555653 0.39716112132977
Klf10 4.17779231370868 0.680084468542939 0.677137187719495
Itga6 4.16541072037644 0.472030665271022 -0.12839271730186
Slc25a45 4.16540344904808 0.44930245816665 0.321289122443169
Ly96 4.16290190459236 0.847152973192832 0.816066587454209
Parp14 4.16182724922371 0.717235176476328 0.68207221075031
Mrc1 4.15999283845959 0.828573722636282 0.75898732639586
Il17ra 4.15813343966835 0.731178001187575 0.709792878944159
Ripk1 4.1578129626287 0.608637934554026 0.610434377354206
Lrrk1 4.14808517539607 0.839707142744627 0.79460608017175
Gpsm3 4.14419789380919 0.872007167255913 0.871617375702541
Ceacam2|Ceacam1 4.1435948211518 0.794650873680085 0.773097217974399
Cep152 4.138687079926 0.843981598612476 0.817184412170687
Hpgds 4.13624290137857 0.816557465510806 0.793742852729496
Rassf5 4.12856463395302 0.653446212547662 0.796942596268184
Hcls1 4.12599939953915 0.932411269079754 0.895179488623793
Tifa 4.12435191794383 0.717447353539862 0.825687665070608
Rin2 4.1226764224291 0.626333905242414 0.644402352634606
Arhgap4 4.1116003297777 0.870933259997564 0.803467151876557
Pdlim4 4.09836971507397 0.431284763305888 -0.107626616301089
H2-Q7|H2-Q9 4.09215471951982 0.779234401930094 0.68841466127215
Lilr4b|Lilrb4a 4.08998182576775 0.882958998522702 0.856014239697847
B2m 4.08970530514981 0.61364461290209 0.571264363349846
Fcrl1 4.08180727240116 0.853200011115546 0.771777985312741
Cxcl16 4.07636196138 0.897302596890688 0.873088105435554
Cmtm3 4.07490263782567 0.414434621424655 0.360412130372395
Lmo2 4.07475890860951 0.717377803304411 0.803746816010765
Btk 4.06731795322962 0.748130915078529 0.694295153449904
Sgpl1 4.05903434883356 0.525056841152066 0.674196841431123
Msn 4.05886475351332 0.659855233771178 0.683825692490507
Il10rb 4.05567361591462 0.737965350196971 0.743304353010071
Parp9 4.05564193690453 0.605501299056982 0.55211870105345
Prkab1 4.05225994514363 0.775282999161474 0.713851449914471
Mef2c 4.05094258329656 0.35342578383394 0.167671283052158
Mef2a 4.05054883907035 0.712304263327416 0.616496580668851
Egr1 4.05054159999084 0.497629615016618 0.555638148513216
Myo1g 4.0457362342012 0.817703451318545 0.759349955985263
Tgif1 4.03706456733116 0.881606918711523 0.853101032190137
Tob2 4.03439178526554 0.562214498369899 0.74728206977533
Plcg2 4.03050932144662 0.565425510537852 0.527332368044548
Naalad2 4.02966917180594 0.671437671529439 0.615196190387861
Tmcc3 4.02958629110541 0.730973339307596 0.532731528637081
Cd177 4.01353381567861 0.858378708657935 0.786387403267038
Myh9 4.00976710080324 0.600924946479814 0.407727954684007
Ugt1a2|Ugt1a9|Ugt1a10|Ugt1a1|Ugt1a6b|Ugt1a5|Ugt1a7c|Ugt1a6a 4.00368898784255 0.830335300703766 0.818998242257466
Jmjd1c 4.00266047247439 0.699686732032514 0.753087598585713
Pmaip1 3.99928388114068 0.933385207984655 0.922962302276302
Rbm26 3.99550848219625 0.722707786611035 0.668977558032921
Uba7 3.99348222579727 0.88817883891977 0.851231420966414
Cd33 3.98979010066501 0.719302108541003 0.683178355535824
Rab3il1 3.98773236658902 0.737026402824413 0.586356515527939
Slc2a5 3.98487475671498 0.505534709025519 0.33520761825858
Galnt4 3.9806140861773 0.456892851008699 -0.0862625467877269
Gna15 3.96708928510055 0.866826231791371 0.799112144024648
Dock2 3.94395496708447 0.725411688717006 0.66457681384136
Snx5 3.94236166174935 0.604148045667999 0.678193829488984
Parp12 3.9423163796879 0.467180101383792 0.422840760864534
Adrb2 3.93674961121214 0.778058667452617 0.672789668526366
Ugt1a1|Ugt1a10|Ugt1a5|Ugt1a6b|Ugt1a2|Ugt1a9|Ugt1a7c|Ugt1a6a 3.93122662358446 0.656134157449865 0.669671935068351
Zfx|Zfa-ps 3.91685913626211 0.778854525327412 0.78078571599338
Slc25a37 3.90967561477838 0.660814802816835 0.512575958635036
Zeb2 3.90865875458376 0.229485265211617 0.253927647714903
Diaph2 3.90566176006268 0.457838396910334 0.440449215203104
Tsc22d3 3.89660755138213 0.634334514176711 0.687128799337793
Plekho1 3.8897261321704 0.774302412736346 0.788066034580518
Glipr1 3.88842212993643 0.807636004535661 0.666215261986559
Tmed5 3.88648848163962 0.526565035124771 0.28474799051526
Man2b1 3.8855017634679 0.74913884677697 0.676780720554934
Apobec1 3.88476786869699 0.493812405360885 0.436450284713381
Herpud1 3.87702470788014 0.728553980268881 0.882919188242223
Plekha2 3.87498734681569 0.222959882140462 0.150058165527655
Gcnt1 3.8744886028018 0.914992811020156 0.880168457430488
Tubb6 3.87361714424174 0.842246626045052 0.881782244265613
Zfp110 3.87297024829232 0.450040822487859 0.64912885178446
Tcirg1 3.87039132864918 0.690761145613873 0.64319356575803
Sirpa 3.86316970415532 0.594260789667377 0.673452449319169
Lgmn 3.86137704804394 0.603120044322944 0.754817110237683
D17H6S56E-5 3.85878211297346 0.859628284914283 0.779974211906259
Myo7a 3.84692836598976 0.687546555980493 0.704400388158652
Dock8 3.83234579046063 0.78811345145338 0.715525507824545
Ssfa2 3.82404477824734 0.402257910301801 0.159445505663991
Tnf 3.82022859280825 0.769262694002509 0.69840883232456
Vrk2 3.81924360321566 0.742223802280659 0.695245171423605
Ebi3 3.81006842048317 0.791198437956349 0.717724066851372
Rbl1 3.80989658566407 0.651831691901993 0.440152162650621
Gem 3.80766491524348 0.489432097656059 -0.0434942884069334
Tmem140 3.80046238764981 0.603729779928909 0.691825622748171
Rnf19b 3.79487576342277 0.685338261086705 0.524342258006725
Trf 3.79332040419495 0.192038767709208 -0.0912677242073283
Per1 3.77292248305942 0.619377140991909 0.626357073886586
H2-Oa 3.76407526576276 0.886447844229918 0.841015664106886
Hps4 3.76395112018522 0.741452070186489 0.692465691385308
Dhrs3 3.75912646873832 0.595130753679769 0.359647258867642
Ctsz 3.75907594142826 0.543097713056619 0.828783034372294
Tbxas1 3.75761750117808 0.866950305551595 0.831930304133101
Ncf1 3.75283657220151 0.880770692339625 0.829339404471351
Bach1 3.74191085102584 0.689465411223174 0.806125401643508
Arhgap9 3.73917068256889 0.810466133697483 0.762729789854804
Fam111a 3.73397408801642 0.832527068003502 0.698672050537225
Srgap2 3.73024722998718 0.828381714961311 0.808601195495113
2810474O19Rik 3.72928129617583 0.594207941838563 0.513684938038155
Lgals3 3.72788882881446 0.745209376769293 0.480134285385581
Fam91a1 3.72235131057674 0.55829766844064 0.762003833236604
Pnp|Pnp2 3.71926267830729 0.421308388112433 0.716726873651538
Sgk1 3.71892848103827 0.429499440304298 0.244141776976519
Glul 3.71888337836132 0.105259236615163 0.48517509232173
Wsb1 3.71375553012005 0.100851023055198 0.332773627463564
Igtp 3.7085010755626 0.615194174086004 0.541093537411998
Rnasel 3.70069309546526 0.443236337930049 0.256328314782655
Ptbp1 3.69343619142113 0.622294383039225 0.512764159168053
Sertad1 3.69319025002878 0.744742642641304 0.759101918828126
1810011O10Rik 3.68538066292294 0.634863794448547 0.244803155184718
Psmb9 3.67657113361656 0.827652061127704 0.785911085142458
Snord22 3.67579533325207 0.739443269724717 0.747003918737636
Cytip 3.6670775011211 0.702343674930881 0.658062850921678
Tgif2 3.66470981788934 0.802538966055002 0.752820619625142
Mlxip 3.65922599645255 0.824539259069166 0.808444740480553
Fos 3.65185362724044 0.306684921792833 0.396804145337738
Gimap6 3.65142879185965 0.837338824825504 0.821689227563879
Lamp2 3.64955854354061 0.288576570945632 0.127384404431192
Clec4a2|Clec4b1 3.64896022795681 0.898508926918475 0.880812196435236
Tmem63a 3.6444239685527 0.12675319929571 -0.0979142640358685
H2-DMb2|H2-DMb1 3.64069313635216 0.723142049076158 0.68408973554214
Sesn1 3.63440422871989 0.598574718814662 0.727068716853079
Rac2 3.62910393191914 0.501831171320749 0.340957548370832
Ltc4s 3.62361309314993 0.663786303775265 0.55384325737814
BC028528 3.61798795263203 0.629800975283723 0.296370649208761
Prkd3 3.60865315882123 0.125799156115962 -0.155987928564746
Sfpq 3.60610279819101 0.424178243405208 0.39433361190223
Phxr1 3.60157479479501 0.60178454609267 0.527893394217594
Plcl2 3.59311208573713 0.685851454228986 0.786518169201566
Ints6l 3.58443344987714 0.363064721315004 0.360309932687475
Tlr3 3.57863700405401 0.248781288353048 0.313731880370116
Asxl1 3.57799983818229 0.763156317032527 0.803429670627233
Atp7a 3.56455525924284 0.558525147356018 0.62920625807277
Cables1 3.56392839978831 0.545897347758558 0.569692128875427
Rhog 3.55213772823206 0.245792455253398 -0.0900373870533999
Slc37a2 3.54774491163388 0.838462002788317 0.825359681219632
Skap2 3.54191406304273 0.774921756471052 0.770185404238867
Nfatc1 3.51713570465858 0.771113240640223 0.753172111302284
Cd79b 3.51534418967146 0.867932626811167 0.838726608408507
Plxdc1 3.51219722130821 0.356943980206577 0.691131392598507
Hp 3.51208499315321 0.851633173126742 0.763165014637897
Slc46a3 3.50771386691994 0.778288111426874 0.775008171163994
Mir692-3|Mir692-2|Ftl1 3.50273361836991 0.514723547621505 0.385322128414015
Btg1 3.49598852551999 0.449090248158288 0.781635393282676
Sqrdl 3.49443097993369 0.745317356467322 0.726613610397791
Vasp 3.49273617448079 0.766438373160514 0.686884363228801
Sppl2a 3.48239993535724 0.488334922655556 0.630766504746626
Ifitm6 3.48159070551665 0.770230038646826 0.655387561575548
Mcm3 3.48132666127856 0.74863800076897 0.722837886467348
Plk3 3.47745068139833 0.586836932294846 0.315143668563012
Cln3 3.4679447371196 0.445856735119727 0.55022281083111
Pik3cd 3.46335990537029 0.812529355727433 0.800002792911475
Slc7a8 3.46094653195947 0.738488246077063 0.735093127018211
Reep3 3.45970319348983 -0.227257067922195 -0.119268836499372
Dnajb1 3.45611238626632 0.685107655567224 0.832712978193851
Ptgr1 3.45560488171304 0.645140578178754 0.765508212216184
Acss1 3.45539976680579 0.20848489714243 0.190585996001574
Naglu 3.45240928378398 0.747012328909391 0.813876600954315
Rcbtb2 3.45043268405127 0.632119907234886 0.593457514522923
Casp7 3.4486537819738 0.522068881662934 0.0386080424752211
AW112010 3.44727908588473 0.814143966006447 0.757552259875947
Mknk1 3.44106053316356 0.536820321349233 0.473731405964001
Stard8 3.44003223544912 0.456688041996084 0.0582449608474173
Calcrl 3.43977341096391 0.52772728954058 0.0898651710199407
Ets2 3.43158454863612 0.620841897743495 0.537307615802759
H2-Ab1 3.43111037911245 0.77703006674284 0.638511414524865
Zfa-ps|Zfx 3.41761584108087 0.784130334613127 0.770766723334918
Rp2 3.41751062207093 0.842047018743381 0.820189718788966
Clec5a 3.41674983860747 0.819282288039745 0.772113500751082
Rsad2 3.41660916354024 0.320643525533171 0.228652323566396
Trib1 3.40013297480769 0.700219127406772 0.584635595823321
Tpst2 3.39744062443015 0.664995668487441 0.81442471149183
Trim34a 3.39582927849372 0.691865138078755 0.610042855699969
Snx20 3.39158409633315 0.753850203034418 0.614475767547875
Man1a 3.38398157862679 0.529645328620845 0.248399879781027
Traf5 3.37918557144736 0.814333800834642 0.751142426926196
Fmnl3 3.35798972094099 0.822045309139874 0.777820302484474
Gbp7 3.35682705356375 0.61732983515639 0.316936611536916
Vps37b 3.34506645336758 0.491063434525323 0.411411963329631
Cdkn1a 3.33946361716473 0.638569091451033 0.627952110528323
Tmem37 3.33635602599218 0.62659450274753 0.515757912156176
Cks2 3.33581296852063 0.502701251992081 0.12605776689951
Dok1 3.33229968148457 0.783153860442923 0.738240805473407
Erap1 3.33056991554967 0.69286750683154 0.632822405285259
Ifrd1 3.32869988939502 0.249914429591218 0.25125267664336
Tap1 3.32643969710589 0.726343046658265 0.723750925295931
Phxr4 3.29637170316699 0.0193097303038319 -0.264173778694617
Ifih1 3.29452511852703 0.718301889751434 0.682461467220985
Was 3.28936838924348 0.751132717956409 0.716487040509677
Gbp3 3.28306445007411 0.613201656405366 0.196402495190063
Rasa4 3.25220265514966 0.797647737508706 0.737676473393572
Il1b 3.24194649098504 0.76684407587299 0.671381252538965
Npnt 3.22526392753056 0.625398872321415 0.578921424938188
Myo1b 3.21909335674797 0.670574614762264 0.65345916896722
Tgfb1 3.21031732902568 0.845224576807925 0.769073053211043
Naip6 3.20901770847024 0.357383549055745 0.159942623967739
Ms4a6c 3.20879664762396 0.710202463481887 0.597419324161148
Smagp 3.20184532078557 0.857341867028189 0.829073385783042
Il4ra 3.18240085129409 0.803870023980667 0.743863447282443
Nfkbie 3.17806771239599 0.791649624566238 0.708983678523823
Arsg 3.17040158371089 0.429847094547636 -0.13508894310526
Bco2 3.16657946024185 0.587880175198905 0.674991512679374
Calhm2 3.15079354596402 0.865148625487254 0.822842449334667
Snap23 3.14675090590241 0.0857610117957063 -0.19177575788238
Cflar 3.11810094088607 0.460976620799596 0.550237143449134
Parp10 3.11098960822097 0.763199873397365 0.680660726068902
Nfam1 3.10874926146141 0.755307859703509 0.699468559586978
Hlx 3.09357267928942 0.702714581236296 0.58682189932979
Tlr6 3.08284820914192 0.724055266797296 0.655492544244101
Mrc2 3.03497251462876 0.503446723446949 0.279940576884981
Mpo 3.03012848289468 0.493258746405274 0.303245967034198
Gdap10 3.02571092596413 0.0320651917293006 -0.175605493293307
Irgm2 2.97191552193685 0.597099801920259 0.467802257357378
Pf4 2.93911370990473 0.802347214181714 0.587299261527426
Batf3 2.93363773984817 0.645454275875679 0.471770311891831
Gmfg 2.92097908795066 0.804173539319196 0.72200339405796
Tmc6 2.89916878780938 0.777047319808834 0.7598115818415
Plaur 2.88565911030646 0.619047925458878 0.539906492111756
Isg20 2.86687491551705 0.71934780766991 0.628061083503631
Irf9 2.85510081777437 0.777489056984001 0.791887882303619
Myc 2.69529558395332 0.768423251684204 0.836247106327214
Sh3tc1 2.65308749246393 0.571387067355973 0.424466684891794
Emp3 2.63781779314616 0.78822796686329 0.730206751194728
Lsp1 2.58618945433841 0.7134566796125 0.685000880896343
Smpdl3b 2.57647661625888 0.677783774896252 0.791498206920445
Map3k1 2.56206348794547 0.672498007086083 0.531909400950175
Nrm 2.54433284532527 0.37711615693491 0.267984664923538
Sftpc 2.50610751796908 0.478141833391538 0.27457840037432
Arhgef2 2.44112366619264 -0.0992509018599681 -0.18454512405209
Srpk3 2.43815087521222 0.578597313246929 0.304890720417605
Kansl1l 2.39971099480606 0.389191791678644 0.229572890505895
Tnfsf13b 2.39215900186023 0.651666379767 0.400545244183976
Rgl1 2.38683941323711 0.563696132942135 0.605303510575636
Casp6 2.35465483837435 0.40806909082548 -0.0162116405794836
Dusp2 2.33638949748986 0.202528930924275 -0.131941752934398
Ifitm3 2.33125378854347 0.251962577234408 -0.118718646844368
Il21r 2.3075751053218 0.839792752090571 0.773828075405138
Gpr137b|Gpr137b-ps 2.29967121191997 0.264094592283349 0.172287476437574
Ceacam1|Ceacam2 2.25148991424922 0.196482382083685 0.210112487536378
