Dbh 7.54210626878138 0.896624240992371 0.876083072706778
Calca 7.19588527608639 0.67507795181857 -0.0478117321517456
Th 7.15012299340697 0.0577328882845801 -0.0741058802149248
Calcr 6.32294125153971 0.846329947847309 0.887253496873193
Gal 6.31037713387243 0.759259401304316 0.822485402269945
Chodl 6.13098012841883 0.747080360252097 0.210059798174354
Baiap3 5.722217248213 0.484599241823 0.567514458315442
Phox2a 5.68977893875609 0.948700699355885 0.945061853317278
Ovgp1 5.39500236841554 0.578882046290849 0.604518959775875
Tfap2b 5.21981800235634 0.929191040718074 0.918730661834765
Asb4 5.15546667174231 0.467343176854634 0.566338049452528
AF357355 5.02964763419975 0.0891823601870073 -0.0241983823198334
Sncg 5.0168967709322 0.131565091842272 0.0390418117095255
Gpx3 4.66582059213702 0.584777205502491 0.763047314527027
Gch1 4.65179848909711 0.217484027246356 0.0549064376313268
Meg3 4.50784721852517 0.0156230992798698 0.0988898947395071
Susd2 4.48409613256127 0.329305187403289 0.482905297594071
Ache 4.36393086906582 0.435481130631565 0.547619021494925
Snhg11 4.2094714272472 -0.0842275772920768 0.495915450175789
Slc6a2 4.12994745332501 0.859847066672108 0.833806991162968
Vat1 4.04098888516005 0.508444873960764 0.516025605542971
Mcub 4.04025695019379 0.69168100321396 0.639776923678889
Cyb561 4.01181958351684 0.16682432231264 0.464521129266864
Chrna6 3.9882110665585 0.110432390980341 -0.00583783424682691
4930550L24Rik 3.96921960619711 0.857854315022112 0.828669554914554
Dlk1 3.92112630013962 0.0434721549427293 -0.1380866554249
Ngb 3.91051461904641 0.654126511996624 0.699458599024136
Cacng5 3.90642749723231 0.666057180587123 0.718800619055623
Rbp4 3.82306307167362 0.481346300238762 0.57553574402899
Mab21l1 3.80512738580561 0.69052566661191 0.705009302396936
Fkbp1b 3.79390546128575 0.330516316286702 0.25432948039269
Scn3b 3.77942004025783 0.0592342649834692 -0.0376256762620871
Maoa 3.76930288467096 0.784829661233062 0.858465179043034
Resp18 3.74123697902307 -0.00409443168728917 -0.0300710948404703
Rian 3.73044079461102 0.0099447449042713 -0.130901180394092
Sstr2 3.72788257473252 0.571368198151166 0.586208718327491
Cacna2d2 3.7155775234395 -0.120640243785435 0.173704266291323
Sptbn1 3.67373927770611 -0.227125139607959 0.0669768714916893
Rab3b 3.66199342842174 0.657208219376033 0.71381379506371
Cda 3.63403738364706 0.586889369569481 0.13640592123436
Serpinf1 3.62658907446667 0.567973927717681 0.522339288971592
Adgre1 3.61850944839876 0.647175170254016 0.759717315165564
Cntnap2 3.60775324416808 -0.153466502851445 0.051126534734923
Stmn2 3.57182410584553 0.251246597818628 -0.0869378593431667
Grb10 3.5175091576174 -0.166955563400491 0.0915421140337687
L1cam 3.50956446978431 -0.0238378721402348 -0.209531903971693
Cdh13 3.48563663919467 0.609995521509258 0.627857395464909
Atp1a1 3.42231569387732 0.486445375094236 0.552990189513902
Stbd1 3.39162880022393 0.626930468773934 0.449017404224003
Chgb 3.36114155181913 -0.0361229071957738 0.452393047851205
Peg3 3.34497784253331 0.332134442973879 0.701592030445128
Asl 3.34362281511589 0.792889167395314 0.861336586137495
Kcnh2 3.34348988022109 0.370747092770236 0.492588665273264
Rasgrf1 3.32383695617573 0.134110182404842 0.247747794741773
Eya2 3.0913834834672 0.813958064651683 0.692080334118259
Trpc3 2.91134002115813 0.83134717333556 0.810155428413693
Gstm6 2.87539156988235 0.730757685366085 0.231883359362147
Stk26 2.82433400819748 0.58188312008447 -0.115094377920861
Pkp2 2.72140408002395 0.447531893304145 0.484846649414123
Hspb3 2.65253004260418 0.712918750088358 -0.0293364298605332
Pmfbp1 2.50930400748377 0.228106753671337 0.0041911956433673
Oasl2 2.47338498098292 0.683553188339483 0.706256247338041
Slc41a3 2.33159307309681 0.570780075456762 0.00852980489103656
Alk 2.25979269351185 0.42013990170817 0.348087125873291
Pi16 2.1794468592605 0.365920824839521 0.139296745365128
