Aqp4 8.01258595425723 0.766304049617618 0.883821070039165
Dio2 7.63745908393442 0.731512529887367 0.787741905742206
Mlc1 7.43526747412907 0.748264067016179 0.825176295642938
Gpm6b 7.29904781487467 0.188012122507484 0.32781385650888
Bcan 7.19762271788817 0.530219999181192 0.74587796908394
Gpr37l1 7.17180570483041 0.397855827832456 0.732762038858991
Atp1a2 7.11586066523442 0.752422692264238 0.869568149772906
Plpp3 7.00058202859968 0.570552520165443 0.811409116318443
Scara3 6.7877349702993 0.767674838866655 0.78826019010128
Tnfrsf19 6.75826389169407 0.850875975007888 0.883137539903969
Gjb6 6.74272806038402 0.689399052682182 0.734174711121178
Slco1c1 6.68819815561654 0.863007733900146 0.872970173978193
Ntsr2 6.65728802969662 0.657368108597589 0.728514178056241
Fgfr3 6.63581469638557 0.775344540012523 0.802643436225161
Htra1 6.6065079715986 0.466896182760928 0.6221943064331
AI464131 6.589843759474 0.821705167921009 0.873111388533711
Slc7a10 6.5561185598817 0.85051016631145 0.851797101965907
Aldh1l1 6.53892710748432 0.803948480776283 0.846832595979502
Acsbg1 6.51188706409564 0.822829841632644 0.847992649544217
Ptprz1 6.42157441304191 0.811164482798966 0.861614423135459
Cyp4f15 6.29097656062978 0.899584209619425 0.894524592459208
Tril 6.27925728501514 0.70135218685254 0.805661431824548
F3 6.24340570602636 0.721697045989198 0.722398737542403
Timp4 6.14894302100246 0.308056788415997 0.323149282830749
Sparcl1 6.11564423233545 0.645229199569997 0.805372812462862
Lhx2 6.11169696378236 0.58511858423312 0.610056775433524
Tlcd1 6.0895740181671 0.722605061569352 0.744261110495016
Cldn10 6.06335012016608 0.737816398021031 0.725824710776182
Grin2c 6.04230215732111 0.887971863474682 0.886052613603889
Itih3 5.97633199637867 0.12631757323417 0.183031662938551
Adhfe1 5.94792918762861 0.662782317925559 0.712392385421288
Fzd2 5.93993437535581 0.775791934013104 0.80244136315242
Igfbp5 5.92458667858507 0.793961203224388 0.822535469061064
Slc1a2 5.9023780581064 0.869097545154887 0.882902953600854
Lrig1 5.79659886020122 0.780600184522817 0.851209719407513
Fabp7 5.7951798831473 0.167328132842563 0.176965330793772
Slc1a3 5.79342983502321 0.771247389818106 0.807227800093745
Cyp4f14 5.77852388865235 0.8365283070656 0.85868424702626
Scrg1 5.77533055451679 0.0504038295166351 0.111733237102384
Elovl2 5.7581703040948 0.867511133449725 0.869360761140378
Mertk 5.68203535654254 0.576615316619738 0.023616097947432
Cyp2d22 5.62608253257887 0.858241689816097 0.859159500184344
Slc38a3 5.59179905539011 0.849545071103382 0.862929803572819
Slc15a2 5.56149049782335 0.82368299644409 0.920877267804802
Pdgfrb 5.53765171843132 0.820482833785029 0.799965435605529
Car2 5.52479407559053 -0.0250040505035129 0.0011712971800959
Ezr 5.52432193825648 0.848971794668075 0.88054974450058
Timp3 5.52059584926032 0.844604117569248 0.858483914208881
Nr2f1 5.48959285969054 0.313975345699994 0.390522708685509
Ttpa 5.3903336677544 0.764284985417461 0.772369804703734
Fmo1 5.3890868231962 0.887023964644283 0.883170428191991
Wwtr1 5.33559122205583 0.752194532906337 0.756883370360999
S1pr1 5.32312296296304 0.754850427074599 0.758084570794129
Gja1 5.31733719455163 0.429853765934081 0.552614598890637
Cbs 5.30925847484406 0.862000582955111 0.872131668726798
Gldc 5.25043901777967 0.72419086643584 0.734069209013029
Il33 5.21475265769545 0.214597372965928 0.108539584370652
Cth 5.20653332232939 0.810065345353149 0.815472595985684
Ncan 5.19791961072558 0.777346382382648 0.819650601018293
Kcnj10 5.1702781765459 0.13022960955174 0.458807731675594
Cyr61 5.16060913691099 0.892917426351983 0.857814268177357
Nrarp 5.11912406771275 0.512164048610161 0.482462120109468
Ccdc80 5.11178763163272 0.858901175942454 0.856081505706314
Dclk1 5.09402226455829 0.698181382107315 0.697266334030634
Slc14a1 5.0712349723995 0.823244124190234 0.814784058229655
Cyp2j9 5.0659426192734 0.613803929069027 0.715988047172526
Ntrk2 5.06467704972895 0.57847196165416 0.728654270938923
Pla2g7 5.04853697520572 0.765465441590658 0.766755016443729
Ttyh1 5.04444606694251 0.486998677998118 0.680882169421705
Pdk4 5.02414485156016 0.576673982841035 0.598105321891196
Sox2 4.99183914629654 0.207678850278645 0.256502273046404
Slc4a4 4.98657260938977 0.852421952694455 0.873639038788031
Prodh 4.98048266878002 0.851536367606721 0.848381221215723
Pbxip1 4.97971629318611 0.701010490566075 0.721219446308713
Papss2 4.94352854676783 0.733692980699975 0.734481894347144
Gdf10 4.93593240293528 0.857376347366446 0.86238014952221
Hsd11b1 4.9304172190363 0.877732748592808 0.876291129722887
Gabrb1 4.91536956704481 0.725251957106835 0.82096406115791
Igfbp2 4.914681945537 0.799851304066083 0.777587296242546
Fgfr2 4.89691725780668 0.205550658978846 0.223740682976029
Axl 4.89533213727719 0.820780042361279 0.806905573283577
Limch1 4.89505057777391 0.352105684823984 0.394008338193257
Emp2 4.88800151492718 0.845242655399126 0.831577988261558
Mfge8 4.86750686846587 0.727824546704523 0.776453128209076
Vcam1 4.86641590096126 0.695774655427403 0.735209874280494
Itih5 4.8656519465993 0.743872123388088 0.761088167317219
Rlbp1 4.86326343048238 0.219179646004472 0.15172412401797
Phkg1 4.85092214062107 0.830697420023777 0.813472871204969
Ndp 4.83625447556157 0.565301809504236 0.631657444709025
Id3 4.81404769279704 0.487311112381726 0.455377769249416
Tlr3 4.80910969428403 0.67312249481688 0.858371459801115
Egfr 4.79707382379401 0.924002818269624 0.893202178946941
Nhsl1 4.7790418108603 0.691494896729696 0.724383815448443
Fjx1 4.77878162671351 0.78588505241989 0.890565934547778
Aldh1a1 4.77673677354621 0.607652181046035 0.639269346929273
Entpd2 4.7331552535454 0.887169336882814 0.896412842269166
Fam181b 4.72228506770009 0.46370066636108 0.512384561825193
Myo6 4.70306786020363 0.566700057476166 0.540338316099749
Slc1a4 4.69478581417349 0.855864115856193 0.87532754628554
Itga6 4.69174289818791 0.634146467096824 -0.12839271730186
Hapln1 4.6890916978533 0.775731052878195 0.758786598523242
Ptpn13 4.68551752119364 0.431635192814609 0.427017109987406
Hes5 4.67656596042996 0.335360760755704 0.269068118860258
Asrgl1 4.66176521856214 0.102585051976644 0.287757514664353
Gli2 4.66040039285217 0.770765929142609 0.758762905145804
Eva1a 4.66014983720745 0.57811319920969 0.738089793192592
Prom1 4.64218512034962 0.252030753754759 0.27979622418856
Wnt7a 4.63863079509831 0.65801357531376 0.632285444728108
Fxyd1 4.61066362369637 0.684756247942374 0.660393183845603
Efhd1 4.60282881246857 0.0348122304847641 0.388459360248184
Car8 4.6027260556679 0.243175581872397 0.14790114510697
Prkd1 4.58349218177409 0.627293542192203 0.678488085136365
Plekhb1 4.57847637089959 0.0247373368135505 0.542035858310577
Trps1 4.5625882131538 0.671168366432507 0.731756000175544
Acsl6 4.54507160537971 0.762488189032674 0.82995352342455
Sorcs2 4.53711676974754 0.9026079103692 0.89978947218406
Col4a5 4.51343631634659 0.957090269014974 0.938864307216904
Cd38 4.48253658800394 0.833287827960808 0.780459374967831
Lcat 4.46242347477314 0.859917634857807 0.8586288051589
Cspg5 4.45357077127364 0.576467204725915 0.593614008319116
Lmcd1 4.43583360294333 0.561176875905162 0.549617195775667
Xist 4.43466217374547 0.181402719695627 0.043416087245151
Gabrg1 4.43261596573818 0.573304051845437 0.757034371575311
Vegfa 4.38523092589539 0.803270896891477 0.789416294370213
Olig1 4.37000831421786 0.10696415384572 0.776461144764042
Btbd17 4.35858788553862 0.861967893165076 0.848505534586669
Ephx2 4.35585277511721 0.761493489460119 0.775965356955259
Nfib 4.35549250086196 0.554601028587193 0.707717201294448
Rapgef3 4.35383690097901 0.25992396223046 0.334656524905923
Atp1b2 4.34234641972075 0.725026773985309 0.7656635668771
Clu 4.3215717654967 0.766223788594502 0.779868403562126
Sox6 4.31295837940996 0.208560630864066 0.118282586897786
Gprc5b 4.27483741812179 0.515195146421916 0.726771796754164
Fkbp10 4.26492692720566 0.885092470969248 0.899460547772398
Gas1 4.25412727525831 0.488772825383469 0.433439958017736
Cyp7b1 4.25253615128988 0.772923155209676 0.815459345245038
Amot 4.24802003038153 0.84362884648085 0.891958421261625
Ppp1r3c 4.2400766353769 0.65795520134783 0.735501062017654
Ednrb 4.23923920503282 0.586594248663305 0.520275299017579
S100a16 4.238236421065 -0.0198909239982038 0.146090766335559
Abca1 4.21715137773922 0.53899410604194 0.131832799862662
Oaf 4.20395943569094 0.685137573808294 0.798924010593506
Aox1 4.18617239063248 0.820111670537774 0.740436188001499
Nkain4 4.18380063644416 0.562712672008512 0.57779170699844
Klf15 4.17324142576445 0.532507656002941 0.617413540250173
Dtna 4.1662162415076 0.689501234996803 0.804306958227351
Tgfb2 4.15331637427042 0.765886342057268 0.759664650416476
Pdgfc 4.1424097764509 0.18986042985396 0.299537482334282
Fads2 4.13172786880864 0.823280123012948 0.846335873009285
Smpdl3a 4.13057711876832 0.848523474240364 0.856410920592703
Nat8f4 4.12351301097033 0.747824161578978 0.7743439980923
Efemp1 4.12103488797737 0.476136351530942 0.399513458666335
Kcnk1 4.11543087528841 0.59799037426561 0.644915996151621
Heph 4.11244888009445 0.873837755103452 0.864165013509311
Serpinh1 4.11157781212514 0.631936953980751 0.609302292534063
Mmd2 4.09996581832367 0.195984127078911 0.523779668369458
Ptger4 4.09830486712167 0.554756966677593 -0.098625333861336
Kcnn2 4.0979744591134 0.79455575973456 0.798795988448945
Aldoc 4.09491655574547 0.371480774284557 0.520275377811629
Slc41a1 4.09146127007621 0.841251199087153 0.847688213537219
Pygb 4.07597708217807 0.844743689168953 0.869417741520009
Scd1 4.06706537589868 0.238212238219227 0.363425028609129
Mt2 4.06491567685801 0.328397493223938 0.308103218933042
Dag1 4.06393899203518 0.763853402481745 0.731516346368485
Fermt2 4.06084590979263 0.256655204729418 0.811227120619852
Tmem47 4.05272438162091 0.659098012507882 0.733873812325582
Phlpp1 4.04627030888813 0.224738001245801 0.3257105666492
Sox21 4.04428730150896 0.484681652409124 0.428857404995959
Gramd3 4.04225666411968 0.12508490750289 0.0798885210836513
Ghr 4.0197119842296 0.73045846769644 0.710229176664688
Dkk3 4.01325894460985 0.725576116193285 0.744198902268391
Antxr1 3.99773747529696 0.671672432163549 0.819471457279681
Lpp 3.98562086514149 0.762679164707557 0.688921781759529
Sdc4 3.98445047687845 0.707757537996254 0.757350529451156
Rftn2 3.96848474325721 0.534858480289174 0.580449122026446
Macf1 3.96666511350433 0.543696364029354 0.435328931003112
Myo10 3.95826270826488 0.648288908655322 0.648946417759912
Igdcc4 3.94985035248422 0.691607479755651 0.742881987111353
Sox5 3.94718073117106 0.593699681585559 0.594333789117626
Metrn 3.94716158568769 0.348901710988574 0.304457197700496
Pdzph1 3.9442811010595 0.676052151427905 0.682707232270952
Bhlhe40 3.93630081655182 0.627577135254675 0.704990616748779
Klf4 3.93415955862812 0.315472604604047 0.471143080807738
Spon1 3.9088205211215 0.530857383455712 0.554603389348559
Ptch1 3.90827631362869 0.677752225324377 0.758969615693986
Yap1 3.90423834189769 0.706338016727032 0.744937954986877
2810459M11Rik 3.88148122336184 0.404527398835866 0.318675143349665
Ccdc88a 3.87326049704633 0.740994501734456 0.774538670815979
Ptn 3.85161903005799 0.290016116040373 0.351797663216632
Ndrg2 3.81360791684349 0.471077105373471 0.507898133513764
Id4 3.80655766356332 0.473264089070532 0.51011396077996
Scd2 3.79431930680245 0.233757274676292 0.192917895557564
Pygm 3.78459679436082 0.841615169495828 0.812623652739783
Scg3 3.77944897042295 0.78796401891899 0.93628832469588
Sash1 3.7732947083952 0.610595292977844 0.787113228992318
Ppara 3.77217862384154 0.801176743993518 0.79916449531982
Psat1 3.76939998832339 0.0160033836702655 0.0988967160612217
Lgi4 3.76109707017361 0.88262244562248 0.841551906223464
Fstl1 3.75953403507147 0.552055254457829 0.273386169092213
Acss1 3.75592194000004 0.554485471910845 0.681042353164821
Ccnd2 3.75542559600477 0.627751598892146 0.592529320250839
Gpld1 3.74717175529845 0.749236873830183 0.808615650369874
Sptbn1 3.73356279585076 0.601559565745497 0.53114277334321
Add3 3.73344929002111 0.62114645462883 0.705446716413169
Farp1 3.72832899126802 0.715639442743842 0.687749406305262
Phka1 3.72269334752934 0.838941201073415 0.875052914472279
Notch2 3.72039248190245 0.514349884158393 -0.0435635125582493
Notch1 3.71690578371778 0.703808112273989 0.764811788641146
Arap2 3.71266741794198 0.227335732773024 0.281808519728684
Lrp1 3.71170073395875 0.573326511081181 -0.154154108627708
Aldh6a1 3.70636577327951 0.594315862410181 0.766679105945631
S100b 3.70630324867021 -0.0690679277502219 0.124959396958816
C4a|C4b 3.70240198330411 0.753936216184753 0.555701143195219
Inhbb 3.69526792033427 0.403038680228807 0.321901698292856
Acaa2 3.68545791335782 0.856106033231027 0.882522679252495
Rora 3.67764302298744 0.837976915402328 0.831180533302165
S100a1 3.67659955631639 -0.011817896736883 0.0430599170682172
Mfrp|C1qtnf5 3.67213770265669 0.741982816356254 0.76044648223801
Sox9 3.66719349530818 0.85353420147023 0.839774884975317
Sema4a 3.66253766439867 0.654968224339179 0.596289559446054
Fmn2 3.6558307913074 0.753935719213588 0.774616919414802
Lxn 3.63669312036236 0.61552866204043 0.5819732157194
Slc6a1 3.62774395622167 0.554654272923632 0.798923159189307
Cyp4v3 3.62329954174184 0.601318114784326 0.610527089597412
Fgfr1 3.61466441440152 0.664483032529567 0.518400895309421
Celsr1 3.6063652170814 0.846139439180719 0.809214583546477
Hip1 3.60513192919979 0.142563711163329 0.329985589461602
Sept8 3.59849907349544 0.325226874350895 0.25469801136639
Syne1 3.59584291660874 0.680777395428864 0.693241661332097
Oplah 3.59344742827793 0.855163782332435 0.87251183449592
Gfap 3.59072442076248 0.512952907812567 0.442514358704626
Ppic 3.58672838940001 0.786305273820203 0.641332909329109
Itgb5 3.55957858745952 0.427608482906048 0.734332201174804
Hnrnpa2b1 3.55134543414224 0.481133495656204 0.0245561234797803
Itga7 3.54559098077404 0.867988881213154 0.859131203596166
Gpd2 3.54512726570165 0.557347301043889 0.592659055643547
Prelp 3.54431690401055 0.795297205450103 0.625263395073292
Ngef 3.53925423141859 0.465024391410789 0.48285851949803
Prdx6 3.53421228711706 0.6142302291614 0.656137061832776
Pax6 3.53394549122766 0.743982719041608 0.744010544387134
Stk17b 3.52586743900772 0.520719668807159 -0.0324488707098534
Vcl 3.51548268953089 0.792457014791965 0.850482647635368
Adcy2 3.51443031989982 0.539960828939594 0.599011122607285
Mgst1 3.51109347904104 0.537424798124467 0.570170569396731
Gpr37 3.51001738410089 0.0296038030071346 0.340074477451517
Tmem51 3.50527955046089 0.67570901598779 0.657131822864043
Aass 3.50113742185562 0.857088328432426 0.804387807125301
Ddit4l 3.49680755147377 0.415459448124288 0.335282366034117
Agt 3.49384083016037 0.758452787348285 0.714697877851662
Gng12 3.48482523875398 0.0439541724594474 -0.00906727997896324
Fos 3.47117690853018 0.321783490298251 0.418594029460351
Tnc 3.45917503367359 0.830646366798227 0.717519530309694
Acot1 3.45760547887432 -0.03580019998826 -0.061021936594642
Slc20a2 3.45519827896839 0.402536207272453 0.4347341530859
Mmp14 3.45316678166913 0.66710195888756 0.650674483266838
Txnip 3.4512160829002 0.365303259650084 0.534275457018026
Abhd3 3.44448559084441 0.698291103058369 0.814921285035687
Gpc4 3.44293832706928 0.730873472074539 0.718683332379641
Kctd5 3.429362701941 0.436135233215275 0.539004667372079
Tenm3 3.42489853922385 0.790597157617649 0.834678861416348
Cyp2j6 3.4072801273881 0.107843273490926 0.221059383223496
Adgrg1 3.40673563968202 0.622975999516328 0.382063240950214
Asph 3.38127283367785 0.461933905542073 0.204044268100301
Tspan7 3.37175674930206 0.585285304658082 0.367813556391047
Bcar3 3.36399487613542 0.785252740638305 0.8076786116458
Gk 3.34539443290162 0.793423074533958 0.768114004380777
Astn1 3.32963291005884 0.669764457155723 0.802222819077804
Csgalnact1 3.3275958581934 0.593513393701026 0.589925504380433
Rorb 3.30214961271832 0.780164717996915 0.770544428793091
Snord47 3.29893573108674 0.37162175952836 -0.175710667643384
Tfcp2l1 3.28307764900816 0.862462473889309 0.85387415089056
Fgd6 3.26715600127084 0.802996864947301 0.771131705161557
Clcn2 3.23050854541459 0.498767770125009 0.462834049063183
Rgs5 3.18002774855365 0.428068901983507 0.0938760773323691
Acot2|Acot1 3.14162167476137 0.135008213940549 0.175776370015335
Swap70 3.08166291594716 0.580619254167131 0.199442355226874
Pcdh20 3.02953035530753 0.171570351533686 0.0738798852180832
Fzd4 3.02158774531792 0.682403677908551 0.546550058082081
Zfpm2 2.98608728454396 0.25833999244335 0.224438092973338
Lamb2 2.96640288512261 0.806632869841865 0.771344664729871
Vim 2.95648928147366 0.387297559827638 0.0776505957231112
Fbln1 2.95474292266481 0.83803591554699 0.859966311593089
Prrx1 2.94907987510214 0.328798364883915 0.200274669157894
Plod2 2.93806398222245 0.398722001353366 0.337776777894664
Gjb2 2.92467961541568 0.81823220510127 0.810750708211648
Pou3f4 2.899146282536 0.770311171227218 0.757396353129375
Adora2b 2.88178831897041 0.713129252007377 0.695118475954484
St6galnac5 2.85365754257578 0.77610914329357 0.775749765709176
Gdpd2 2.82430444894829 0.863330938874651 0.834361758228956
Tst 2.76737658803789 0.557485196350811 0.532363258971928
Aldh1a7 2.73782059329336 0.53445665571387 0.450146755960778
Serhl 2.70185452426551 0.641727801843708 0.748078323088421
P4ha2 2.69440018597714 0.657750203655791 0.522219524309968
Arhgap18 2.68259950126917 0.580266347030111 -0.161090717500903
A2m 2.64351268134622 0.80009674682265 0.634237605016387
Col1a2 2.59553052013677 0.770326962641907 0.638890561878117
Suclg2 2.53272828713955 0.482159131846518 0.160146644714179
Gabra2 2.49785146256246 0.510102661957657 0.0521523979044392
Slc16a2 2.49249113184006 0.725210022462439 0.751850568396219
Pitpnc1 2.36248387619312 0.597442645083579 0.498108208206219
