Tspan2 7.14126903709001 0.814226527807317 0.845480084453052
Ppp1r14a 6.86222721619779 0.899130233303566 0.894951827959905
Mog 6.83890259982553 0.863526038189525 0.837537142937854
Ugt8a 6.50591636621728 0.811159258481088 0.813174271842229
Cldn11 6.31803001120814 0.860747700679402 0.839668733766787
Olig1 6.31729809961543 0.42051833060725 0.776461144764042
S1pr5 6.30760102357204 0.802887034421135 0.759243811934473
Mal 6.26006792291022 0.898149055227321 0.904995313097888
Mobp 6.19312299400078 0.853891083858702 0.789554529192562
Tmeff2 6.12508554353596 0.768100999933296 0.764289477208118
Efhd1 6.00414057493591 0.290445145078307 0.388459360248184
Grb14 5.98975498160398 0.815234771745173 0.90856059489871
Cryab 5.81793777207363 0.682955466487909 0.853447976904885
Sh3gl3 5.70462403144798 0.684083134839439 0.80638000127377
Trf 5.62270888630832 0.538260581519926 -0.0912677242073283
Aspa 5.61477447880633 0.653974902112719 0.68417747258489
Gpr37 5.58534042966616 0.340068157162987 0.340074477451517
Plekhb1 5.51429756771636 0.301706948046807 0.542035858310577
Olig2 5.49833957823813 0.627076379052975 0.698161855023154
Mbp 5.49346797131825 0.788078914137744 0.819232194677574
Gpm6b 5.44874567310563 0.188322181243603 0.32781385650888
Ndrg1 5.36075802751094 0.789457325634194 0.792583336526457
Fa2h 5.30973790294626 0.841763625684755 0.804129394659505
Car2 5.27063747204601 0.151429498200116 0.0011712971800959
Dusp26 5.21966749724733 0.535223437376425 0.162075325666218
Sox10 5.1559528287304 0.908768508693574 0.897333537571485
Lpar1 5.12669356837583 0.790542230564006 0.792273446613089
Ptgds 5.10539948726959 0.447265557196029 0.169249891288415
Evi2a 4.99744018363389 0.530638001967799 0.122083941499024
Sez6l2 4.99326970563583 0.553356402681812 -0.0436583630448829
Gsn 4.95326157958486 0.679471615271222 0.666446424282181
Stmn4 4.93188605084516 0.603292424231796 0.405903166800779
Pou3f1 4.93095877195279 0.876846567745862 0.870448557722861
Plp1 4.92937503453137 0.717548822690987 0.805286679492453
Scrg1 4.91277996555751 0.151175436223244 0.111733237102384
S100a16 4.9004020262891 0.19117473631139 0.146090766335559
Apod 4.86019824148745 0.67769803985214 0.60633824884296
Pdlim2 4.85524782764263 0.809653055736668 0.744524284168248
Anln 4.83640146206808 0.768630780362626 0.743165986985187
Slc44a1 4.82727042519447 0.727901616095908 0.821301697050406
Gpr37l1 4.76414582280236 0.251805595706485 0.732762038858991
Ddc 4.7502900417772 0.824517969854778 0.798908614300126
Mag 4.74291665646326 0.720584900322841 0.542118156611122
Itih3 4.7417618107761 0.15438782860389 0.183031662938551
Tmem163 4.73134896176071 0.700597615714723 0.503192073225642
Trim59 4.73081386688467 0.83666814737478 0.842587025520707
Fabp7 4.57916814965152 0.0573922360862249 0.176965330793772
Nkx2-2 4.5429171832891 0.627073914856081 0.628127796461976
Pllp 4.50982071772479 0.881811863088237 0.854024943952536
Edil3 4.45734195140503 0.479924077127432 -0.17249976453724
Rnf112 4.43753423164228 0.552178718551347 -0.183406619123649
Gal3st1 4.36844727233264 0.832801779506511 0.751466516609904
S100a1 4.32990796098058 0.12829096494113 0.0430599170682172
Phldb1 4.29377432749807 0.777109423758794 0.776437236116717
Kcnj10 4.28352903091572 0.202305768060039 0.458807731675594
Elovl7 4.27698835602856 0.679390181973296 0.625450245640949
Pcp4 4.27599104451751 0.264422309345194 0.265097185827439
Rab33a 4.27124628212005 0.679385718532234 0.742799225103115
Bcat1 4.24080944637044 0.590944121755839 0.00671887171298665
Ank3 4.22160726384265 0.606453381389535 0.339348752662658
Lims2 4.21091339526174 0.815672831758473 0.760287573469324
Slain1 4.20716216570725 0.769311063912493 0.818415148458416
Prkcz 4.19511495268667 0.558925538984262 -0.0144915354429849
Kcna1 4.17193061499945 0.765894542329423 0.629627256838963
Adamts4 4.12249932437894 0.680971234441102 0.582647511308732
Thbs3 4.1181714395388 0.52823531848238 0.497067833057062
Timp4 4.11125482578037 0.0910552446652595 0.323149282830749
Tmem98 4.10433821764155 0.671971040666178 0.679330416811213
Sgk2 4.10258959555086 0.797841886053131 0.697020116185706
Sytl2 4.09810021046235 0.515252818835588 -0.108110509854753
Sept4 4.0675094588817 0.678362301488507 0.764913253155426
Gamt 4.05920342514582 0.766501043494995 0.725366004236085
Josd2 4.03435795914265 0.706951121793576 0.537049135518599
Bcan 4.020238509317 0.279507926284912 0.74587796908394
Larp6 4.01680006109219 0.629814278034279 0.417386729522984
Plpp3 4.01070707723958 0.308872329081525 0.800821645867345
Efs 4.00723420834056 0.161126336915114 0.0147712996578795
Efnb3 3.96250527887961 0.697458153821598 0.525515372505932
Nkx6-2 3.95472618541839 0.778315023270647 0.738689353420186
C1ql3 3.94729613201558 0.612016468169467 0.643942425894308
Plekhf1 3.93986031385829 0.64016302109154 0.596925216059921
S100b 3.92293684363327 0.177752020049465 0.124959396958816
Clic4 3.91355295790115 0.423439815210424 0.517049759324162
Tubb4a 3.83889243603807 0.611088165540594 0.324816637564121
Acot7 3.82263166025911 0.470091872221231 -0.130405895798512
Lrrn1 3.79852254723662 0.705831087471874 0.752118177077962
Atp9a 3.78781857417475 0.465604492168822 -0.11913255668595
Nkain1 3.76929480481892 0.602798229288986 0.380114991815759
Il33 3.76109307030475 -0.0416024691360887 0.108539584370652
Brca1 3.75699027704667 0.418591036278808 0.413008014900029
Sox2 3.70686785441291 0.0899844364444413 0.256502273046404
Ninj2 3.70209981041207 0.831531629632366 0.778237056647705
Asrgl1 3.68341971881038 0.158869618956393 0.287757514664353
Plekhh1 3.64076213202975 0.734461041878273 0.583755446691537
Gng11 3.64038391159696 0.777935484718506 0.758559747998536
Gpr85 3.59053608368735 0.562181369775836 -0.160617389874212
Arhgef10 3.55860285257152 0.476810972018974 0.425081838475839
Tnni1 3.55655395237259 0.788037507837239 0.663100723956544
Mfsd6 3.54572821168087 0.470810976936953 -0.11284943440562
Fgfr2 3.52342423194983 0.13290889519981 0.223740682976029
Htra1 3.49760879286343 0.193688065161974 0.380945352645793
Tnfaip6 3.48834124520719 0.529246152836704 0.443528880457223
Ggct 3.44800589327994 0.587230582478487 0.7504941216821
Cdc42ep1 3.40971941023902 0.511069066109567 0.488490068273796
Dnm1 3.38257670760972 0.471303170949904 -0.105341749464297
Ptprd 3.3795291837108 0.113290657337161 0.102133328033951
Acot1 3.37587397022302 0.138172545235757 -0.061021936594642
Gjb1 3.35634992697623 0.722558488429893 0.566946674123715
Frmd5 3.34120820473713 0.677872669497376 0.526309213682337
Car14 3.33726180342308 0.705220185086075 0.536986462485045
Ctsk 3.28641807524915 0.815951084027809 0.710788520540922
Hapln2 3.22811564273253 0.651547065912801 0.42452189441127
Rhpn2 3.11088527669498 0.349523205820313 0.366601028299514
Pcolce2 3.10999230496569 0.706127169632347 0.48603314997772
Kazn 3.04735976572959 0.829915555621552 0.819851981056777
Cdk18 3.00958970635887 0.585245294945034 0.364306390505408
Csrp1 2.97752564013811 0.137081641075517 -0.0257095964613683
Bmp4 2.70546819987956 0.662057954045047 0.54495893522141
Wfdc18 2.66182804813517 0.749063996252673 0.646489593556996
Lad1 2.62378304572385 0.485352409205077 0.188983445152129
Mcam 2.59735759886115 0.561847621141169 0.413493906702331
Crtac1 2.57302906531397 0.465229525784163 -0.0253854406792941
Lamp5 2.57099668360196 0.415425025077292 0.100740465749459
Synpr 2.51279844151562 0.436339184187659 0.194695018262443
Pex5l 2.49033519347345 0.707289336114384 0.561200914186465
Dock5 2.34747952285151 0.566561933095754 0.35751708600851
Rprm 2.054329372392 0.390896871430062 0.141811686928475
